% function evaluation | noise-free fitness - Fopt (-5.494000000000e+01) | best noise-free fitness - Fopt | measured fitness | best measured fitness | x1 | x2...
1 +4.365972603e+07 +4.365972603e+07 +4.365967109e+07 +4.365967109e+07 +3.1472e+00 +4.0579e+00 -3.7301e+00 +4.1338e+00 +1.3236e+00 -4.0246e+00 -2.2150e+00 +4.6882e-01 +4.5751e+00 +4.6489e+00 -3.4239e+00 +4.7059e+00 +4.5717e+00 -1.4624e-01 +3.0028e+00 -3.5811e+00 -7.8239e-01 +4.1574e+00 +2.9221e+00 +4.5949e+00
2 +3.515916531e+07 +3.515916531e+07 +3.515911037e+07 +3.515911037e+07 +1.5574e+00 -4.6429e+00 +3.4913e+00 +4.3399e+00 +1.7874e+00 +2.5774e+00 +2.4313e+00 -1.0777e+00 +1.5548e+00 -3.2881e+00 +2.0605e+00 -4.6817e+00 -2.2308e+00 -4.5383e+00 -4.0287e+00 +3.2346e+00 +1.9483e+00 -1.8290e+00 +4.5022e+00 -4.6555e+00
3 +1.762089216e+07 +1.762089216e+07 +1.762083722e+07 +1.762083722e+07 -6.1256e-01 -1.1844e+00 +2.6552e+00 +2.9520e+00 -3.1313e+00 -1.0236e-01 -5.4414e-01 +1.4631e+00 +2.0936e+00 +2.5469e+00 -2.2397e+00 +1.7970e+00 +1.5510e+00 -3.3739e+00 -3.8100e+00 -1.6359e-02 +4.5974e+00 -1.5961e+00 +8.5268e-01 -2.7619e+00
4 +7.864035327e+06 +7.864035327e+06 +7.863980387e+06 +7.863980387e+06 +2.5127e+00 -2.4490e+00 +5.9571e-02 +1.9908e+00 +3.9090e+00 +4.5929e+00 +4.7216e-01 -3.6138e+00 -3.5071e+00 -2.4249e+00 +3.4072e+00 -2.4572e+00 +3.1428e+00 -2.5648e+00 +4.2926e+00 -1.5002e+00 -3.0340e+00 -2.4892e+00 +1.1604e+00 -2.6711e-01
13 +2.294550085e+06 +2.294550085e+06 +2.294495145e+06 +2.294495145e+06 -4.1448e+00 -2.3752e+00 +3.0101e+00 -4.7078e+00 +4.2885e+00 +2.3033e+00 -1.1391e-01 +7.8525e-01 -2.6272e+00 -4.1151e-01 +4.6309e+00 +4.6806e-01 +2.1136e-01 -2.6841e+00 -1.1102e-01 +1.2406e+00 +1.7914e+00 -1.0448e+00 -1.3256e+00 +4.8798e+00
159 +1.362804235e+06 +1.362804235e+06 +1.362749295e+06 +1.362749295e+06 -6.8930e-01 -2.1011e+00 -3.1872e+00 +7.7241e-01 +3.5296e+00 +2.3377e+00 -2.9246e+00 +1.2581e+00 -3.5123e+00 -1.4975e-01 +3.6194e+00 -2.8966e+00 -2.5155e+00 -3.2084e-01 +5.9416e-01 +2.1265e+00 +3.1468e+00 +7.2535e-02 +8.1377e-01 -1.2023e-01
215 +7.936245601e+05 +7.936245601e+05 +7.935696201e+05 +7.935696201e+05 -2.5988e+00 -5.5926e-01 -9.9978e-01 -1.2008e+00 +3.8257e+00 +2.7212e+00 -1.8233e+00 +5.9442e-01 +5.4894e-02 -5.2933e-01 -1.7078e-01 -1.6007e+00 +8.6512e-01 -1.7133e+00 -1.2021e-01 -3.2073e-01 +2.2120e+00 -7.9409e-01 -4.7857e-01 +2.4908e+00
271 +5.564709489e+05 +5.564709489e+05 +5.564160089e+05 +5.564160089e+05 +5.0713e-01 -2.3944e+00 +1.2961e+00 -8.3672e-01 +3.0637e+00 +3.3984e+00 +7.9014e-01 +1.8891e+00 -2.6329e+00 +2.1089e+00 +5.0000e+00 +3.2917e+00 -1.0023e+00 -3.4627e+00 +9.7267e-02 +2.2591e-01 +2.9809e+00 -1.6962e-01 -1.9246e+00 +4.6355e+00
508 +3.491830443e+05 +3.491830443e+05 +3.491281043e+05 +3.491281043e+05 -2.2741e+00 -3.7183e+00 +1.7607e+00 +7.4688e-01 +8.0245e-01 +4.5060e+00 +7.6951e-01 +1.4631e+00 -3.0551e+00 +3.4497e+00 +5.0000e+00 +1.9471e+00 -2.5421e+00 -2.8676e+00 -2.2159e-02 +1.0176e+00 +2.8157e+00 +3.9737e-01 -1.6847e+00 +4.7345e+00
612 +1.564163662e+05 +1.564163662e+05 +1.563614262e+05 +1.563614262e+05 -8.5835e-01 -2.4658e+00 +6.3397e-01 -6.9770e-02 +1.0596e+00 +2.6993e+00 +5.5209e-02 +3.9591e-01 -3.3979e+00 +3.3579e+00 +4.8357e+00 +1.9503e+00 -2.0802e+00 -2.5100e+00 -1.1915e+00 +2.3056e+00 +3.4429e+00 +1.0858e+00 -3.5712e-01 +3.7179e+00
1099 +8.989483498e+04 +8.989483498e+04 +8.983989498e+04 +8.983989498e+04 -1.6594e-01 -3.0890e+00 -2.9076e-02 +1.1349e+00 +1.0035e+00 +2.8613e+00 +1.5272e-01 +7.0682e-01 -2.8052e+00 +3.7147e+00 +5.0000e+00 +1.5600e+00 -2.5650e+00 -3.8918e+00 -9.8597e-01 +2.8142e+00 +3.8985e+00 +1.4126e+00 -8.8392e-01 +5.0000e+00
1963 +5.550161428e+04 +5.550161428e+04 +5.544667428e+04 +5.544667428e+04 -3.1541e-01 -2.3778e+00 +4.5510e-01 +1.0303e+00 -2.0806e-02 +1.9519e+00 +1.8710e-01 +1.3551e-01 -3.1222e+00 +4.3685e+00 +4.9237e+00 +1.1825e+00 -1.7159e+00 -3.6212e+00 -6.3873e-01 +3.3693e+00 +3.9521e+00 +1.0045e+00 -8.8030e-01 +4.5164e+00
2607 +3.875250380e+04 +3.875250380e+04 +3.869756380e+04 +3.869756380e+04 -5.7184e-01 -2.7687e+00 +6.2437e-02 +5.6254e-01 +8.4571e-01 +1.1751e+00 -7.6909e-02 -2.5893e-01 -3.0756e+00 +4.2003e+00 +5.0000e+00 +1.5946e+00 -7.3207e-01 -5.0000e+00 -5.3278e-01 +2.3481e+00 +3.0783e+00 +5.5966e-01 +1.4528e+00 +5.0000e+00
3350 +2.010054686e+04 +2.010054686e+04 +2.004560686e+04 +2.004560686e+04 -4.2922e-01 -2.6861e+00 -5.0280e-01 +7.7306e-01 +1.0072e+00 +1.5375e+00 -7.2823e-01 -2.3639e-01 -3.2744e+00 +3.7457e+00 +4.9862e+00 +1.0743e+00 -8.6673e-01 -4.9817e+00 -2.3067e-01 +1.8196e+00 +3.0881e+00 +2.0401e-01 +1.0887e+00 +5.0000e+00
4726 +1.579069379e+04 +1.579069379e+04 +1.573575379e+04 +1.573575379e+04 -7.7730e-01 -2.7488e+00 -4.7037e-01 +9.1084e-01 +9.5065e-01 +1.5791e+00 -7.9443e-01 -1.0142e+00 -3.3692e+00 +3.9239e+00 +4.9801e+00 +9.7650e-01 -8.0140e-01 -4.6480e+00 -6.8530e-01 +1.6136e+00 +3.0839e+00 -2.7303e-01 +8.8887e-01 +5.0000e+00
% function evaluation | noise-free fitness - Fopt (5.913000000000e+01) | best noise-free fitness - Fopt | measured fitness | best measured fitness | x1 | x2...
1 +3.315125516e+07 +3.315125516e+07 +3.315131429e+07 +3.315131429e+07 +3.1472e+00 +4.0579e+00 -3.7301e+00 +4.1338e+00 +1.3236e+00 -4.0246e+00 -2.2150e+00 +4.6882e-01 +4.5751e+00 +4.6489e+00 -3.4239e+00 +4.7059e+00 +4.5717e+00 -1.4624e-01 +3.0028e+00 -3.5811e+00 -7.8239e-01 +4.1574e+00 +2.9221e+00 +4.5949e+00
2 +1.427714921e+07 +1.427714921e+07 +1.427720834e+07 +1.427720834e+07 +1.5574e+00 -4.6429e+00 +3.4913e+00 +4.3399e+00 +1.7874e+00 +2.5774e+00 +2.4313e+00 -1.0777e+00 +1.5548e+00 -3.2881e+00 +2.0605e+00 -4.6817e+00 -2.2308e+00 -4.5383e+00 -4.0287e+00 +3.2346e+00 +1.9483e+00 -1.8290e+00 +4.5022e+00 -4.6555e+00
9 +7.470551881e+06 +7.470551881e+06 +7.470611011e+06 +7.470611011e+06 +2.8025e+00 -1.1026e+00 -2.5831e+00 -9.6088e-01 -4.0355e+00 -3.6803e+00 +4.4205e+00 +4.5613e+00 +7.5209e-01 -4.4022e+00 -2.6522e+00 -1.4684e+00 +3.2119e+00 -4.8460e+00 -4.5698e+00 -3.3101e+00 +1.4912e+00 +2.3172e+00 +1.4775e+00 -4.9076e-01
10 +4.839027534e+06 +4.839027534e+06 +4.839086664e+06 +4.839086664e+06 +4.7009e-01 -2.0368e+00 +2.4469e+00 -3.1104e+00 +1.8678e+00 -3.1649e+00 -1.3152e+00 +1.2562e+00 +2.8023e+00 -4.1887e+00 +4.2939e+00 +2.7571e+00 -1.3208e-01 -6.4141e-01 -5.3216e-01 -1.9365e+00 +8.5087e-02 +1.0772e-01 +3.1763e+00 +2.9483e+00
50 +3.715335835e+06 +3.715335835e+06 +3.715394965e+06 +3.715394965e+06 +1.4701e+00 -1.9188e+00 +1.4469e+00 -2.1104e+00 +8.6775e-01 -2.1649e+00 -3.1515e-01 +2.1464e+00 +3.6728e+00 -3.1887e+00 +3.6313e+00 +1.7571e+00 +8.6792e-01 +3.5859e-01 -1.5322e+00 -1.9255e+00 +1.0851e+00 -5.5591e-03 +2.7232e+00 +1.9483e+00
52 +2.422357331e+06 +2.422357331e+06 +2.422416461e+06 +2.422416461e+06 -1.7598e+00 +3.2338e+00 -1.5160e+00 -2.1518e+00 +3.0488e+00 +3.7975e+00 +1.8814e-01 -2.8888e+00 -1.4194e+00 +8.7198e-02 +1.2686e+00 -1.3779e+00 +2.0284e+00 +1.9833e+00 -3.7825e+00 -3.2446e+00 -1.0332e+00 -8.1222e-01 +2.4167e-01 -9.2142e-01
150 +1.129625082e+06 +1.129625082e+06 +1.129684212e+06 +1.129684212e+06 +1.4423e-01 +2.3502e+00 -1.1197e+00 -1.4525e+00 -2.6755e+00 +3.0765e-01 +4.8706e-01 +2.7474e+00 +1.6724e+00 +1.8524e-01 +2.1529e+00 -2.1005e+00 -1.8829e+00 -1.6371e+00 -2.1348e-01 -2.0482e+00 -2.0113e+00 -1.3858e+00 -1.5239e+00 -2.4503e+00
153 +9.765733499e+05 +9.765733499e+05 +9.766324799e+05 +9.766324799e+05 +5.2291e-01 +1.9285e+00 -2.6801e+00 +5.6214e-01 -2.6574e+00 -2.5047e+00 +4.5841e-01 -1.4188e+00 -3.5622e+00 -9.4506e-01 -1.5349e+00 -1.1093e+00 -2.5735e+00 +1.9130e+00 -4.1447e+00 -1.6140e+00 +3.2373e+00 +9.1372e-01 +1.1328e+00 -1.2381e+00
225 +5.750144328e+05 +5.750144328e+05 +5.750735628e+05 +5.750735628e+05 +4.7618e-01 +2.4303e+00 -4.1024e-01 +1.4517e+00 -1.9107e+00 +1.6950e+00 -1.1031e+00 -1.0039e+00 +7.3039e-02 +9.9298e-01 +1.9059e+00 -8.3696e-01 +2.0430e+00 +1.5022e+00 -1.3799e+00 -2.7125e+00 +3.8995e+00 +3.2917e-01 +5.6441e-01 -1.8654e+00
317 +3.457834233e+05 +3.457834233e+05 +3.458425533e+05 +3.458425533e+05 +7.8117e-01 +1.6293e+00 -9.4417e-01 +6.5812e-01 -2.2252e+00 +4.0972e-01 +2.9215e-01 +5.1536e-02 -5.9352e-01 -1.6807e-02 +1.0995e+00 +4.0116e-02 +1.0088e+00 +2.2055e+00 -3.0161e+00 -2.1961e+00 +4.7832e+00 +1.1001e+00 +3.4123e-01 -6.5888e-01
503 +2.259678562e+05 +2.259678562e+05 +2.260269862e+05 +2.260269862e+05 +9.5263e-01 +2.6865e+00 -1.2154e-01 +1.0330e+00 -2.9443e+00 +6.7072e-01 -2.6666e-01 -4.2414e-01 -1.3772e-01 +2.0947e-02 +1.3729e+00 +1.7575e-02 -3.8857e-01 +2.2387e+00 -3.4046e+00 -2.1390e+00 +2.8230e+00 +5.6894e-01 +4.0349e-01 -5.1289e-01
855 +1.559935096e+05 +1.559935096e+05 +1.560526396e+05 +1.560526396e+05 +8.4654e-01 +1.6318e+00 -1.5927e-01 +4.4683e-01 -2.9732e+00 +9.8485e-01 -8.1345e-01 -7.5107e-01 -8.6579e-01 +2.9948e-01 +2.3385e+00 +8.2438e-02 -9.4111e-02 +2.2614e+00 -3.0392e+00 -6.3429e-01 +4.0000e+00 +1.5749e+00 -5.0214e-01 -1.7365e-01
1196 +9.576425338e+04 +9.576425338e+04 +9.582338338e+04 +9.582338338e+04 +1.0102e+00 +2.1018e+00 +2.8805e-01 +1.3873e+00 -1.5611e+00 -5.3163e-01 -5.3727e-01 +1.7006e-01 -1.1176e+00 -3.6512e-01 +1.4756e+00 -1.8843e-01 +8.6419e-02 +1.0943e+00 -5.0000e+00 -9.6615e-01 +3.3146e+00 +1.2045e+00 +4.3380e-01 -5.9646e-01
2220 +6.199591653e+04 +6.199591653e+04 +6.205504653e+04 +6.205504653e+04 -9.0253e-02 +1.7017e+00 -9.1852e-02 +7.1212e-01 -2.2993e+00 +4.6381e-01 -1.2383e+00 -6.9704e-01 -1.3981e+00 -1.5210e-01 +2.1757e+00 -7.8705e-01 -8.1457e-01 +9.3064e-01 -4.0545e+00 -1.1851e-01 +3.3703e+00 +2.1613e+00 -2.8592e-02 -2.7274e-01
3087 +3.964444316e+04 +3.964444316e+04 +3.970357316e+04 +3.970357316e+04 -3.9424e-02 +1.6078e+00 +6.2719e-01 +7.2213e-01 -1.5372e+00 +5.7452e-01 -9.4165e-01 +2.5704e-01 -1.4739e+00 -3.3460e-02 +2.5248e+00 -6.6111e-01 -9.9433e-01 +1.3876e+00 -4.0012e+00 +4.3564e-01 +3.5643e+00 +2.1193e+00 -2.1048e-01 -7.7590e-01
4202 +2.458021713e+04 +2.458021713e+04 +2.463934713e+04 +2.463934713e+04 -6.1039e-02 +1.8644e+00 +8.7055e-01 +5.5582e-01 -1.0770e+00 +4.4626e-01 -8.9785e-01 +5.6537e-01 -1.9238e+00 -5.3138e-02 +2.4354e+00 -6.5406e-01 -1.1807e+00 +6.5684e-01 -3.7279e+00 -1.8489e-01 +3.2322e+00 +2.1781e+00 -2.2187e-01 -6.3534e-01
% function evaluation | noise-free fitness - Fopt (-4.915300000000e+02) | best noise-free fitness - Fopt | measured fitness | best measured fitness | x1 | x2...
1 +1.050060056e+07 +1.050060056e+07 +1.050010903e+07 +1.050010903e+07 +3.1472e+00 +4.0579e+00 -3.7301e+00 +4.1338e+00 +1.3236e+00 -4.0246e+00 -2.2150e+00 +4.6882e-01 +4.5751e+00 +4.6489e+00 -3.4239e+00 +4.7059e+00 +4.5717e+00 -1.4624e-01 +3.0028e+00 -3.5811e+00 -7.8239e-01 +4.1574e+00 +2.9221e+00 +4.5949e+00
3 +6.496938486e+06 +6.496938486e+06 +6.496446956e+06 +6.496446956e+06 -6.1256e-01 -1.1844e+00 +2.6552e+00 +2.9520e+00 -3.1313e+00 -1.0236e-01 -5.4414e-01 +1.4631e+00 +2.0936e+00 +2.5469e+00 -2.2397e+00 +1.7970e+00 +1.5510e+00 -3.3739e+00 -3.8100e+00 -1.6359e-02 +4.5974e+00 -1.5961e+00 +8.5268e-01 -2.7619e+00
14 +5.384259672e+06 +5.384259672e+06 +5.383768142e+06 +5.383768142e+06 -4.6226e+00 +3.8517e+00 +4.1329e+00 +2.9618e+00 -4.0129e+00 -2.3813e+00 -1.6464e+00 +1.7973e+00 -3.6345e+00 +2.2123e+00 -3.9324e+00 +1.5376e+00 -5.8261e-02 +2.7905e+00 +2.1504e+00 +4.0372e+00 +3.9092e+00 -1.6584e+00 +1.9875e+00 -3.0219e+00
24 +3.264180867e+06 +3.264180867e+06 +3.263689337e+06 +3.263689337e+06 -3.2413e+00 +2.2176e+00 -2.6514e-01 -3.4728e+00 -1.5888e+00 +1.0739e+00 -3.0825e+00 +2.3843e+00 -2.5715e+00 +4.1742e+00 -2.3094e+00 +2.6550e+00 -3.1134e+00 -2.1250e+00 -4.0889e+00 +7.6209e-01 +1.8336e+00 +4.6593e-01 -7.4271e-01 +1.4444e+00
87 +2.442695558e+06 +2.442695558e+06 +2.442204028e+06 +2.442204028e+06 +1.3140e-01 +2.9806e+00 -3.9537e+00 +1.2515e+00 +2.1730e+00 +4.9698e+00 -5.2046e-01 +1.1487e+00 -2.6350e+00 +4.0007e+00 -1.5684e-01 +3.1065e+00 -3.5111e+00 -2.3551e+00 -3.3357e+00 -5.0000e+00 +2.2747e+00 +2.9019e+00 -5.0140e-01 +2.9327e-01
127 +1.548805255e+06 +1.548805255e+06 +1.548313725e+06 +1.548313725e+06 -1.9335e+00 +2.6190e+00 -3.0619e+00 +7.4910e-01 +1.2812e+00 +3.8965e+00 -2.2387e+00 +9.9783e-01 -2.8433e+00 +4.8925e+00 -1.3648e+00 +2.2147e+00 -3.8050e+00 -2.3490e+00 -3.1494e+00 -3.6393e+00 +2.2389e+00 +1.4314e+00 -1.3932e+00 -1.5505e+00
196 +9.193672400e+05 +9.193672400e+05 +9.188757100e+05 +9.188757100e+05 -4.0967e-01 +2.8730e+00 -1.7944e+00 -9.0646e-01 +4.6192e-01 -2.2289e+00 +6.2808e-01 +9.9410e-01 +2.0589e+00 -2.8184e+00 +3.8358e+00 +1.3563e+00 +1.0692e+00 +4.3802e+00 -3.1215e+00 -1.6582e+00 -1.2964e+00 +1.8873e+00 +1.9859e+00 -3.1039e+00
317 +6.096598692e+05 +6.096598692e+05 +6.091683392e+05 +6.091683392e+05 -8.2838e-01 +2.0392e+00 -4.3295e-01 +2.5016e-02 +2.1960e+00 +4.6012e-01 -1.8975e-01 +5.1536e-02 -1.3355e+00 -1.0982e-01 +1.9655e+00 +4.0116e-02 -1.7132e-01 +1.9506e+00 -3.3814e+00 -2.9013e+00 +8.7204e-01 +1.4993e+00 +3.4123e-01 -8.7398e-01
373 +3.340032260e+05 +3.340032260e+05 +3.335116960e+05 +3.335116960e+05 -1.2151e+00 +1.5819e+00 -2.0727e-01 -2.0000e+00 +1.3150e+00 +6.6856e-01 +7.0781e-01 -2.6968e-01 -1.3467e+00 -1.5544e-01 +1.7553e+00 +6.3933e-01 +4.9876e-01 +3.6521e-01 -4.3246e+00 -2.3736e+00 +5.7133e-01 +1.2745e+00 +8.9781e-01 -1.2018e-01
499 +1.787975666e+05 +1.787975666e+05 +1.783060366e+05 +1.783060366e+05 -1.7781e+00 +8.9097e-01 -4.0476e-01 -1.1451e+00 +1.0780e+00 +1.0447e+00 +8.7826e-01 +2.4767e-01 -3.8721e-01 +1.7878e-01 +2.3008e+00 -3.0760e-02 +1.6928e-01 +2.8976e-01 -3.3469e+00 -3.5919e+00 -1.0493e-01 +2.3666e+00 -7.8787e-01 +1.4019e+00
561 +1.300077948e+05 +1.300077948e+05 +1.295162648e+05 +1.295162648e+05 -2.3006e+00 +7.0910e-01 +1.0092e+00 -1.9400e+00 +2.4356e+00 +8.6417e-01 -8.5201e-02 -7.9215e-01 -9.9058e-01 -4.9880e-01 +3.3183e+00 +1.9589e-01 -1.4957e+00 +1.7159e+00 -3.9445e+00 -2.6335e+00 -1.4708e+00 +2.7698e+00 +1.7324e-01 +1.3861e+00
965 +5.919351229e+04 +5.919351229e+04 +5.870198229e+04 +5.870198229e+04 -2.4071e+00 +3.8502e-01 -6.1382e-01 -1.4304e+00 +1.7718e+00 +1.2298e+00 +9.9837e-01 +3.4949e-02 -6.6853e-01 +3.6994e-01 +3.3669e+00 -8.4740e-01 +1.4007e-01 +1.0077e+00 -4.1948e+00 -3.2491e+00 -5.7011e-01 +2.0611e+00 -1.3909e+00 +1.1874e+00
1442 +3.165909711e+04 +3.165909711e+04 +3.116756711e+04 +3.116756711e+04 -2.5581e+00 -2.8695e-01 -1.1054e+00 -1.3510e+00 +2.0875e+00 +1.2549e+00 +1.1569e+00 +3.5635e-02 -9.1995e-01 +7.8860e-01 +3.1778e+00 -3.6791e-01 +1.0586e-01 +1.0439e+00 -4.2005e+00 -3.0781e+00 -6.2152e-01 +2.4228e+00 -1.6521e+00 +9.9793e-01
2476 +2.510565511e+04 +2.510565511e+04 +2.461412511e+04 +2.461412511e+04 -2.6006e+00 -3.0387e-01 -1.4728e+00 -1.4038e+00 +2.1168e+00 +7.8457e-01 +1.0098e+00 +4.6675e-01 -7.3204e-01 +4.6840e-01 +3.1297e+00 -4.7362e-01 -4.2436e-01 +1.0776e+00 -4.3552e+00 -3.3241e+00 -4.7423e-01 +2.4469e+00 -2.1683e+00 +6.5491e-01
% function evaluation | noise-free fitness - Fopt (-1.702000000000e+02) | best noise-free fitness - Fopt | measured fitness | best measured fitness | x1 | x2...
1 +1.054260054e+07 +1.054260054e+07 +1.054243034e+07 +1.054243034e+07 +3.1472e+00 +4.0579e+00 -3.7301e+00 +4.1338e+00 +1.3236e+00 -4.0246e+00 -2.2150e+00 +4.6882e-01 +4.5751e+00 +4.6489e+00 -3.4239e+00 +4.7059e+00 +4.5717e+00 -1.4624e-01 +3.0028e+00 -3.5811e+00 -7.8239e-01 +4.1574e+00 +2.9221e+00 +4.5949e+00
11 +8.537552540e+06 +8.537552540e+06 +8.537382340e+06 +8.537382340e+06 +1.4432e+00 -1.2139e+00 +3.1158e+00 +3.2826e-01 -1.4927e+00 +4.3900e+00 +3.7594e+00 +5.0156e-01 +1.2248e+00 +8.7045e-01 -2.9226e+00 -1.9875e+00 -2.9077e-01 -2.6951e+00 +3.4431e+00 -3.0524e+00 -2.7408e+00 -3.2929e+00 -2.7234e+00 -6.4301e-01
19 +5.350646490e+06 +5.350646490e+06 +5.350476290e+06 +5.350476290e+06 -4.6740e+00 +6.1200e-01 +3.8187e+00 +1.6918e+00 -3.0957e+00 -1.3108e+00 -3.9274e-01 +4.8164e+00 -3.4360e+00 +3.5552e+00 +1.4476e+00 -1.2373e+00 -3.0908e+00 -7.1747e-01 -1.7978e-01 -3.7939e+00 +8.9507e-01 -2.7381e+00 -1.1538e+00 +8.2986e-01
35 +2.214271268e+06 +2.214271268e+06 +2.214101068e+06 +2.214101068e+06 +2.3784e+00 -4.3660e+00 +3.6044e+00 +4.3441e+00 +4.8440e+00 +3.5894e+00 +2.8556e+00 +1.3377e-01 -3.2240e+00 -1.0141e+00 -3.6607e+00 -4.6911e+00 +4.3914e+00 -1.9869e+00 -2.0447e+00 -1.6706e+00 -3.2932e-01 +1.4820e+00 -4.7477e+00 +3.4221e+00
241 +8.875946237e+05 +8.875946237e+05 +8.874244237e+05 +8.874244237e+05 +9.7976e-01 -7.5789e-01 -7.3013e-01 +2.9346e+00 +3.8474e+00 -9.7768e-01 -1.8181e+00 +1.0034e+00 +1.0518e+00 +2.6525e+00 -5.0000e+00 +1.4082e+00 +3.1013e+00 -1.5313e+00 +1.3648e-01 -1.4905e+00 +4.9010e-01 +7.7932e-01 -7.7927e-02 +2.6583e+00
429 +4.776872584e+05 +4.776872584e+05 +4.775170584e+05 +4.775170584e+05 +1.1541e+00 -1.5251e+00 +3.2799e-01 +1.7680e+00 +3.1752e+00 +1.1215e-01 -9.3338e-01 +2.3970e+00 -2.2260e+00 +1.4312e+00 -2.0350e+00 -4.4236e-01 +8.6738e-01 -2.2216e+00 +4.2367e-01 -1.6441e+00 -7.3808e-01 +5.3531e-01 -1.3802e+00 +8.8006e-01
526 +3.032106954e+05 +3.032106954e+05 +3.030404954e+05 +3.030404954e+05 +2.2569e+00 -1.7079e+00 +2.3177e+00 +1.5333e+00 +3.6314e+00 -7.4087e-01 -1.0213e+00 +1.5611e+00 -1.1079e+00 +2.4114e+00 -2.1455e+00 +8.9420e-01 +1.4633e+00 -1.4302e+00 +1.7089e+00 -2.4024e+00 -2.0017e+00 +5.1126e-01 -1.5063e+00 +3.4458e-01
646 +2.397361010e+05 +2.397361010e+05 +2.395659010e+05 +2.395659010e+05 +2.0180e+00 -1.9826e+00 +2.3177e+00 +1.9003e+00 +3.6314e+00 -7.4087e-01 -1.0213e+00 +1.5611e+00 -2.1850e+00 +2.5658e+00 -2.1455e+00 +1.0786e+00 +1.0673e+00 -1.4302e+00 +1.2272e+00 -2.5236e+00 -2.0017e+00 +1.0231e+00 -1.5063e+00 +3.4458e-01
1039 +1.088184795e+05 +1.088184795e+05 +1.086482795e+05 +1.086482795e+05 +1.4070e+00 -1.6827e+00 +5.7197e-01 +2.8488e+00 +3.4153e+00 +3.0927e-01 -1.6751e-01 +3.0759e+00 -2.1868e+00 +2.6106e+00 -5.9912e-01 +3.3661e-01 +5.3810e-01 -1.0283e+00 -2.5998e-01 -2.4249e+00 -1.3724e+00 +1.7005e+00 -1.4844e+00 -1.4916e-02
1479 +7.016227832e+04 +7.016227832e+04 +6.999207832e+04 +6.999207832e+04 +6.7286e-01 -1.9228e+00 +1.0334e+00 +3.0604e+00 +4.3523e+00 -4.1276e-01 +8.4392e-01 +1.7005e+00 -2.4409e+00 +2.2737e+00 -5.1636e-01 +5.4723e-01 +2.6179e-02 -1.1047e+00 -4.0620e-01 -2.7059e+00 -1.1590e+00 +1.6426e+00 -1.5099e+00 -4.5307e-01
2205 +4.343550231e+04 +4.343550231e+04 +4.326530231e+04 +4.326530231e+04 +3.1938e-01 -3.2992e+00 +8.3238e-01 +2.2381e+00 +3.9760e+00 -9.8410e-01 -1.4549e-01 +5.3936e-01 -2.1147e+00 +2.3842e+00 -7.1967e-01 +5.7657e-01 +4.1138e-02 -2.3941e-01 -1.3288e+00 -2.2962e+00 -9.8061e-01 +1.1193e+00 -1.5769e+00 -1.6720e-01
3898 +3.949965464e+04 +3.949965464e+04 +3.932945464e+04 +3.932945464e+04 -1.7430e-01 -3.3325e+00 +9.2338e-01 +2.0398e+00 +4.1971e+00 -1.5387e+00 -4.5959e-01 +1.9112e-01 -2.1082e+00 +2.1396e+00 -6.7862e-01 +1.6602e-01 -1.5694e-02 +2.0135e-03 -1.3941e+00 -2.1510e+00 -1.0569e+00 +1.2092e+00 -1.9584e+00 +1.6068e-01
4480 +2.484317782e+04 +2.484317782e+04 +2.467297782e+04 +2.467297782e+04 -3.7658e-01 -3.1232e+00 +1.0003e+00 +2.2860e+00 +4.2841e+00 -1.9513e+00 -2.1933e-01 -3.0836e-01 -3.0599e+00 +2.2124e+00 -7.5124e-01 +3.0936e-01 -3.1721e-02 -2.8862e-01 -1.5774e+00 -2.2938e+00 -8.0917e-01 +1.5345e+00 -1.4067e+00 -1.1472e-02
% function evaluation | noise-free fitness - Fopt (-4.697500000000e+02) | best noise-free fitness - Fopt | measured fitness | best measured fitness | x1 | x2...
1 +1.383077742e+07 +1.383077742e+07 +1.383030767e+07 +1.383030767e+07 +3.1472e+00 +4.0579e+00 -3.7301e+00 +4.1338e+00 +1.3236e+00 -4.0246e+00 -2.2150e+00 +4.6882e-01 +4.5751e+00 +4.6489e+00 -3.4239e+00 +4.7059e+00 +4.5717e+00 -1.4624e-01 +3.0028e+00 -3.5811e+00 -7.8239e-01 +4.1574e+00 +2.9221e+00 +4.5949e+00
3 +5.814932429e+06 +5.814932429e+06 +5.814462679e+06 +5.814462679e+06 -6.1256e-01 -1.1844e+00 +2.6552e+00 +2.9520e+00 -3.1313e+00 -1.0236e-01 -5.4414e-01 +1.4631e+00 +2.0936e+00 +2.5469e+00 -2.2397e+00 +1.7970e+00 +1.5510e+00 -3.3739e+00 -3.8100e+00 -1.6359e-02 +4.5974e+00 -1.5961e+00 +8.5268e-01 -2.7619e+00
25 +3.172156965e+06 +3.172156965e+06 +3.171687215e+06 +3.171687215e+06 +1.4762e+00 +1.7902e+00 +1.3579e+00 +4.4517e+00 -2.9107e+00 +2.0928e+00 -2.6377e+00 -3.8060e+00 +1.0730e+00 -4.9862e-01 -4.1275e-01 +1.6194e+00 +2.7029e+00 -1.4978e+00 +1.6201e+00 -8.3841e-01 +3.4193e+00 +3.3292e+00 -2.4356e+00 +1.1346e+00
65 +2.217698177e+06 +2.217698177e+06 +2.217228427e+06 +2.217228427e+06 +2.2749e+00 +1.8787e+00 +1.7690e+00 +4.5899e+00 -3.7641e+00 +1.9966e+00 -2.3744e+00 -3.7679e+00 +8.4320e-01 +2.8822e-01 +1.8041e-01 +2.2478e+00 +2.4734e+00 -1.3301e+00 +2.2907e+00 -5.8111e-02 +3.7225e+00 +2.8014e+00 -2.1587e+00 +3.6430e-01
223 +1.144593999e+06 +1.144593999e+06 +1.144124249e+06 +1.144124249e+06 -7.2558e-01 -1.7596e+00 +2.3471e+00 +4.0000e+00 -3.8060e+00 +2.9582e+00 -1.0261e+00 -3.3070e+00 +3.5159e+00 +6.2359e-02 +1.1599e+00 -1.9885e+00 +2.6245e+00 -5.0677e-01 +2.3316e+00 -2.9840e-01 +9.9121e-01 +3.0145e+00 -1.7120e+00 -2.0839e+00
364 +5.771356181e+05 +5.771356181e+05 +5.766658681e+05 +5.766658681e+05 -2.4592e-01 -7.4257e-01 +3.0115e+00 +2.2144e+00 -5.7838e-01 +3.8765e+00 -1.2500e+00 -6.1894e-01 +1.4929e+00 -8.4671e-01 +1.0928e+00 -1.4572e+00 +4.6978e+00 -1.8712e+00 +7.5883e-01 -2.9947e-01 +2.3085e-01 +5.1084e-01 -2.2536e-01 -1.6657e+00
452 +3.333325708e+05 +3.333325708e+05 +3.328628208e+05 +3.328628208e+05 +1.6389e-01 -1.5138e-01 +3.1429e+00 +2.3649e+00 -1.9512e+00 +2.4677e+00 -1.5130e+00 -1.6238e+00 +3.0958e+00 +2.1186e+00 -1.8099e+00 -3.7788e-01 +1.8814e+00 -3.0665e+00 +1.2175e+00 -2.4528e-01 +2.4114e+00 +3.2753e+00 -1.7315e+00 -2.1939e-01
464 +2.301072626e+05 +2.301072626e+05 +2.296375126e+05 +2.296375126e+05 +1.4378e-01 +6.2773e-01 +3.0238e+00 +1.3639e+00 -2.6381e+00 +2.3101e+00 -8.6238e-01 -2.8112e+00 +2.0463e+00 +8.6775e-01 -4.6774e-01 -4.1898e-01 +2.7817e+00 -1.1580e+00 -7.3403e-01 +7.4726e-01 +1.7528e+00 +3.2107e+00 -5.0034e-01 -4.8214e-01
1267 +1.397986469e+05 +1.397986469e+05 +1.393288969e+05 +1.393288969e+05 +5.0875e-02 +9.8625e-01 +2.4366e+00 +2.4862e-01 -2.7494e+00 +2.4711e+00 -7.4065e-01 -2.6285e+00 +1.5714e+00 +1.1377e+00 -8.5105e-01 +2.3090e-01 +4.0110e+00 -1.2244e+00 -1.6362e+00 +2.6389e-01 +9.2699e-01 +3.7976e+00 +1.1629e+00 -9.3014e-01
2368 +9.566652722e+04 +9.566652722e+04 +9.519677722e+04 +9.519677722e+04 -6.4601e-01 +5.6444e-01 +2.6965e+00 +3.8489e-01 -2.6408e+00 +2.8403e+00 -5.6163e-01 -2.3119e+00 +2.3157e+00 +1.1077e+00 -1.0328e+00 +4.9507e-01 +3.5313e+00 -6.7571e-01 -8.3672e-02 +5.4986e-01 +1.9376e+00 +3.2316e+00 +2.1847e-01 -1.2103e+00
4069 +6.086459293e+04 +6.086459293e+04 +6.039484293e+04 +6.039484293e+04 -5.0762e-02 +8.3589e-02 +3.6802e+00 -5.0605e-01 -2.2180e+00 +2.4338e+00 +1.5481e+00 -3.0964e+00 +1.8785e+00 +1.7576e+00 -1.0676e+00 +9.9087e-01 +3.7074e+00 -4.1598e-01 -1.5580e-01 -6.4383e-01 +1.5001e+00 +3.1292e+00 +5.8128e-01 -1.0359e+00
4921 +3.793230302e+04 +3.793230302e+04 +3.746255302e+04 +3.746255302e+04 -2.9074e-01 -2.8189e-01 +3.6237e+00 +4.3846e-01 -1.4689e+00 +2.3630e+00 +2.4723e+00 -2.8589e+00 +1.6818e+00 +1.2728e+00 -1.2517e+00 +9.7090e-01 +3.6748e+00 -8.0923e-02 -5.7615e-01 -1.0862e+00 +5.1506e-01 +3.1481e+00 -8.8411e-02 -1.9670e+00
% function evaluation | noise-free fitness - Fopt (-1.280000000000e+01) | best noise-free fitness - Fopt | measured fitness | best measured fitness | x1 | x2...
1 +9.636821231e+06 +9.636821231e+06 +9.636808431e+06 +9.636808431e+06 +3.1472e+00 +4.0579e+00 -3.7301e+00 +4.1338e+00 +1.3236e+00 -4.0246e+00 -2.2150e+00 +4.6882e-01 +4.5751e+00 +4.6489e+00 -3.4239e+00 +4.7059e+00 +4.5717e+00 -1.4624e-01 +3.0028e+00 -3.5811e+00 -7.8239e-01 +4.1574e+00 +2.9221e+00 +4.5949e+00
21 +3.702973382e+06 +3.702973382e+06 +3.702960582e+06 +3.702960582e+06 -7.7114e-01 -4.0577e+00 +9.8524e-01 -2.9076e-01 +1.9595e+00 +1.9989e+00 +1.3853e+00 -4.6640e+00 -4.3119e+00 -1.8040e+00 +3.0864e-01 +1.5445e+00 -9.2381e-01 +3.1998e+00 +2.1836e+00 +4.6865e+00 +3.1334e-01 -1.7485e+00 -3.9437e+00 +1.1096e+00
61 +1.993874468e+06 +1.993874468e+06 +1.993861668e+06 +1.993861668e+06 -1.7711e+00 -3.1135e+00 +1.9852e+00 +7.0924e-01 +1.2550e+00 +2.9989e+00 +9.3701e-01 -4.1489e+00 -3.3119e+00 -1.2878e+00 +1.3086e+00 +5.4446e-01 -8.4477e-01 +2.1998e+00 +1.1836e+00 +3.6865e+00 -6.8666e-01 -7.4854e-01 -3.1830e+00 +1.0959e-01
101 +1.008200541e+06 +1.008200541e+06 +1.008187741e+06 +1.008187741e+06 -1.1321e+00 -3.1135e+00 +1.9852e+00 -1.3995e+00 +1.2825e+00 +2.9989e+00 +1.3257e-01 -4.1489e+00 -3.3119e+00 -1.2878e+00 +2.2495e-01 +5.4446e-01 +1.4631e+00 +2.5942e+00 +2.5430e+00 +1.4006e+00 -6.8666e-01 -7.4854e-01 -3.1830e+00 -9.6774e-01
205 +8.576386801e+05 +8.576386801e+05 +8.576258801e+05 +8.576258801e+05 -1.6465e+00 +3.0829e-01 +2.7735e+00 -1.4414e+00 +1.1719e+00 +8.1162e-01 +1.5720e+00 -4.6271e-01 -7.6054e-01 -1.1683e+00 -1.2415e+00 -3.0000e+00 +1.7196e+00 +1.7917e+00 +2.8593e+00 -7.0094e-01 -1.7106e+00 -1.1297e+00 -2.7534e+00 -6.2877e-01
305 +4.618048854e+05 +4.618048854e+05 +4.617920854e+05 +4.617920854e+05 -1.9586e+00 -1.3796e+00 +2.0969e+00 +8.4827e-01 +9.7804e-01 +2.7643e+00 +1.0870e+00 -3.5833e+00 -2.2049e+00 -1.0764e+00 +1.8990e+00 -1.4599e+00 +4.4127e-01 +2.0035e+00 +3.4214e+00 +2.0565e+00 -5.8071e-01 -6.7083e-01 -2.9852e+00 -1.4057e+00
364 +3.542107540e+05 +3.542107540e+05 +3.541979540e+05 +3.541979540e+05 -1.7551e+00 -2.2433e+00 +2.3406e+00 +6.3479e-01 +1.2387e+00 +1.6109e+00 -2.7715e-01 -3.2879e+00 -2.0245e+00 -2.3206e+00 +2.7247e+00 -1.1086e+00 +1.2041e-01 +2.0835e+00 +1.9732e+00 +2.1737e+00 -1.5244e+00 -1.5578e+00 -3.0453e+00 -1.0525e+00
398 +2.433596872e+05 +2.433596872e+05 +2.433468872e+05 +2.433468872e+05 -9.9027e-01 -1.7355e+00 +2.4249e+00 +5.3754e-01 +2.0102e+00 +1.3283e-01 +4.9195e-01 -2.9520e+00 -3.1816e+00 -2.2053e+00 +1.7722e+00 -2.7445e-01 -4.6103e-02 +2.7320e+00 +2.5343e+00 +5.1731e-01 -1.5655e+00 +3.5278e-02 -3.3775e+00 -2.1326e+00
571 +1.178060554e+05 +1.178060554e+05 +1.177932554e+05 +1.177932554e+05 -1.0624e+00 -1.8810e+00 -4.1103e-01 +1.0316e+00 +2.2160e+00 +4.1901e-01 +5.8846e-01 -1.4479e+00 -4.0171e+00 -5.8359e-01 +2.0904e+00 -8.0592e-01 +1.8422e+00 +2.5435e+00 +5.0000e+00 +9.4764e-01 -2.2717e+00 -2.7659e-01 -2.7658e+00 -1.7324e+00
829 +9.966605871e+04 +9.966605871e+04 +9.965325871e+04 +9.965325871e+04 +2.6210e-01 -1.6128e+00 +5.0478e-01 +8.9663e-01 +2.8549e+00 -8.4798e-01 -2.1116e+00 -2.4347e+00 -3.4573e+00 -1.1330e+00 +3.6003e+00 -1.3145e+00 +1.1245e+00 +1.7939e+00 +3.4721e+00 +1.7513e-01 -3.0480e+00 +1.0954e-01 -3.3399e+00 -1.8714e+00
1273 +5.283822219e+04 +5.283822219e+04 +5.282542219e+04 +5.282542219e+04 +3.2356e-01 -1.2530e+00 -6.3193e-01 +6.9910e-01 +2.6100e+00 -1.3106e+00 -3.2139e-02 -1.6638e+00 -2.0023e+00 -1.7489e+00 +1.6887e+00 -1.0930e+00 +2.1744e+00 +1.0280e+00 +3.2899e+00 +1.2568e+00 -2.4730e+00 -2.4684e-01 -3.0499e+00 -1.7434e+00
1345 +3.605318746e+04 +3.605318746e+04 +3.604038746e+04 +3.604038746e+04 -3.3722e-01 -1.7254e+00 -9.5191e-01 +6.9655e-01 +2.9086e+00 -7.0500e-01 +2.4988e-01 -1.4590e+00 -1.6013e+00 -2.1760e+00 +8.0844e-01 -2.6936e-01 +2.2824e+00 +8.9184e-01 +2.5870e+00 +1.2262e+00 -1.9327e+00 -1.2292e+00 -2.9792e+00 -2.1936e+00
1966 +2.284324119e+04 +2.284324119e+04 +2.283044119e+04 +2.283044119e+04 -1.8739e-01 -1.6176e+00 -1.2603e+00 +7.0463e-01 +2.5152e+00 -1.0261e+00 +1.1661e-01 -1.7347e+00 -1.2263e+00 -3.1174e+00 +5.4629e-01 -6.2111e-01 +2.4071e+00 +9.5982e-01 +2.4670e+00 +1.3661e+00 -1.9028e+00 -2.0001e+00 -2.5504e+00 -3.0279e+00
2675 +1.421304914e+04 +1.421304914e+04 +1.420024914e+04 +1.420024914e+04 -7.8262e-02 -1.1765e+00 -8.4349e-01 +7.8761e-01 +2.2698e+00 -1.1316e+00 +3.2274e-01 -1.8860e+00 -1.4936e+00 -3.2656e+00 +7.1318e-01 -6.9494e-01 +1.9953e+00 +9.5352e-01 +2.7555e+00 +1.0866e+00 -2.1059e+00 -1.8535e+00 -2.7322e+00 -2.8782e+00
4542 +9.976733742e+03 +9.976733742e+03 +9.963933742e+03 +9.963933742e+03 -4.9074e-02 -8.3131e-01 -6.3044e-01 +7.9275e-01 +2.4206e+00 -1.3444e+00 +2.9004e-01 -1.8884e+00 -1.3783e+00 -3.3776e+00 +8.9799e-01 -7.8433e-01 +2.0876e+00 +1.0466e+00 +2.7432e+00 +1.0562e+00 -1.9189e+00 -1.7208e+00 -3.0029e+00 -2.6468e+00
% function evaluation | noise-free fitness - Fopt (-3.856900000000e+02) | best noise-free fitness - Fopt | measured fitness | best measured fitness | x1 | x2...
1 +9.952144171e+07 +9.952144171e+07 +9.952105602e+07 +9.952105602e+07 +3.1472e+00 +4.0579e+00 -3.7301e+00 +4.1338e+00 +1.3236e+00 -4.0246e+00 -2.2150e+00 +4.6882e-01 +4.5751e+00 +4.6489e+00 -3.4239e+00 +4.7059e+00 +4.5717e+00 -1.4624e-01 +3.0028e+00 -3.5811e+00 -7.8239e-01 +4.1574e+00 +2.9221e+00 +4.5949e+00
2 +3.734210365e+07 +3.734210365e+07 +3.734171796e+07 +3.734171796e+07 +1.5574e+00 -4.6429e+00 +3.4913e+00 +4.3399e+00 +1.7874e+00 +2.5774e+00 +2.4313e+00 -1.0777e+00 +1.5548e+00 -3.2881e+00 +2.0605e+00 -4.6817e+00 -2.2308e+00 -4.5383e+00 -4.0287e+00 +3.2346e+00 +1.9483e+00 -1.8290e+00 +4.5022e+00 -4.6555e+00
8 +1.740264034e+07 +1.740264034e+07 +1.740225465e+07 +1.740225465e+07 +3.5303e+00 +1.2206e+00 -1.4905e+00 +1.3250e-01 -9.8192e-01 -4.2403e+00 -2.6008e+00 -3.7668e+00 -3.1609e+00 -2.6005e+00 -8.2733e-01 -4.5035e+00 +4.0272e+00 +4.4479e+00 -9.1359e-02 -1.0747e-01 -1.6228e+00 +4.0005e+00 -1.3075e+00 -3.8880e+00
10 +1.442943366e+07 +1.442943366e+07 +1.442904797e+07 +1.442904797e+07 +4.7009e-01 -2.0368e+00 +2.4469e+00 -3.1104e+00 +1.8678e+00 -3.1649e+00 -1.3152e+00 +1.2562e+00 +2.8023e+00 -4.1887e+00 +4.2939e+00 +2.7571e+00 -1.3208e-01 -6.4141e-01 -5.3216e-01 -1.9365e+00 +8.5087e-02 +1.0772e-01 +3.1763e+00 +2.9483e+00
13 +3.364511456e+06 +3.364511456e+06 +3.364125766e+06 +3.364125766e+06 -4.1448e+00 -2.3752e+00 +3.0101e+00 -4.7078e+00 +4.2885e+00 +2.3033e+00 -1.1391e-01 +7.8525e-01 -2.6272e+00 -4.1151e-01 +4.6309e+00 +4.6806e-01 +2.1136e-01 -2.6841e+00 -1.1102e-01 +1.2406e+00 +1.7914e+00 -1.0448e+00 -1.3256e+00 +4.8798e+00
69 +2.027886198e+06 +2.027886198e+06 +2.027500508e+06 +2.027500508e+06 +2.2172e+00 -1.7008e+00 +2.8777e+00 -8.8170e-02 +2.0086e+00 -3.2085e-02 +2.0851e+00 +1.5508e+00 -2.2260e+00 -2.8969e+00 +1.9041e+00 +3.4930e+00 -1.9881e+00 +2.7126e+00 -4.8961e-01 +4.0642e+00 +2.7388e+00 -2.3275e+00 +2.6198e+00 +3.8987e+00
149 +1.103500371e+06 +1.103500371e+06 +1.103114681e+06 +1.103114681e+06 +1.3254e+00 -2.5926e+00 +1.9859e+00 +8.0363e-01 +1.3999e+00 +8.5972e-01 +1.1933e+00 +6.5897e-01 -3.1178e+00 -2.9477e+00 +1.0123e+00 +2.6012e+00 -2.2233e+00 +3.6044e+00 -3.7908e-01 +4.7146e+00 +2.7837e+00 -1.4357e+00 +1.7280e+00 +3.0069e+00
248 +5.357697249e+05 +5.357697249e+05 +5.353840349e+05 +5.353840349e+05 +4.5759e-01 -2.1093e+00 +1.5095e+00 -2.6342e-01 +2.0181e+00 -1.1156e+00 +3.8164e-01 -2.0867e+00 -3.3844e+00 -3.3662e+00 +2.0350e+00 -1.5035e+00 +1.3097e+00 +1.6957e+00 -1.0914e+00 +2.8925e+00 +1.3772e+00 +1.0005e+00 -4.2738e-01 -5.4309e-01
453 +2.986556599e+05 +2.986556599e+05 +2.982699699e+05 +2.982699699e+05 +1.2375e+00 -3.1661e+00 +2.1549e+00 -1.0000e+00 +4.0202e+00 -1.8062e+00 -3.2195e-01 -1.1046e+00 -1.3663e+00 -3.7074e+00 +3.7503e+00 +2.8949e-01 -4.4500e-01 +3.3114e+00 -2.0028e+00 +2.4939e+00 +1.7071e+00 +1.5770e+00 -1.3729e-02 -1.8170e-02
558 +2.273545089e+05 +2.273545089e+05 +2.269688189e+05 +2.269688189e+05 +2.1023e+00 -3.9619e+00 +1.4617e+00 +1.7622e-01 +4.8463e+00 -2.9140e-01 +4.6293e-02 +1.3008e-01 -2.2521e+00 -4.4322e+00 +3.5101e+00 +1.1286e+00 -1.4285e+00 +4.1958e+00 -1.3591e+00 +2.6154e+00 +1.8164e+00 +1.4252e+00 -1.3308e-02 -8.7394e-01
679 +1.244255911e+05 +1.244255911e+05 +1.240399011e+05 +1.240399011e+05 +1.8593e+00 -3.5619e+00 +2.3237e+00 +3.7672e-01 +4.3049e+00 -4.5003e-01 -1.9098e-01 -3.2712e-01 -1.5354e+00 -3.8850e+00 +5.0000e+00 +4.3821e-01 -1.4626e+00 +4.1325e+00 -1.2322e+00 +2.9374e+00 +1.8756e+00 +1.0226e+00 +4.3975e-01 -8.6920e-01
819 +9.772316043e+04 +9.772316043e+04 +9.733747043e+04 +9.733747043e+04 +2.2647e+00 -3.7307e+00 +2.3318e+00 +8.9744e-01 +4.7701e+00 -1.8487e+00 -7.4694e-01 -6.7095e-01 -1.4929e+00 -3.6248e+00 +4.6381e+00 +3.8443e-01 -1.5320e+00 +4.7635e+00 -7.4892e-01 +3.1095e+00 +1.3726e+00 +1.6061e+00 +1.5195e+00 -4.5475e-01
2190 +4.681226817e+04 +4.681226817e+04 +4.642657817e+04 +4.642657817e+04 +2.9566e+00 -4.0245e+00 +1.8098e+00 -5.7689e-01 +4.4920e+00 -2.0443e+00 -1.6785e+00 +1.6971e+00 -1.2096e+00 -3.1408e+00 +5.0000e+00 +3.7230e-01 -3.3782e+00 +3.1002e+00 -1.2849e+00 +2.0146e+00 -5.7876e-02 +2.0872e+00 +1.4263e+00 -1.0338e+00
3273 +3.928957530e+04 +3.928957530e+04 +3.890388530e+04 +3.890388530e+04 +2.8413e+00 -3.7747e+00 +1.7435e+00 -5.5193e-01 +4.5165e+00 -1.9070e+00 -1.4319e+00 +1.0410e+00 -1.5063e+00 -2.8383e+00 +4.7934e+00 +2.3618e-01 -2.7878e+00 +2.9349e+00 -1.3081e+00 +2.4313e+00 +4.5549e-01 +1.8484e+00 +1.4776e+00 -6.7724e-01
% function evaluation | noise-free fitness - Fopt (4.000000000000e+01) | best noise-free fitness - Fopt | measured fitness | best measured fitness | x1 | x2...
1 +4.396923181e+07 +4.396923181e+07 +4.396927181e+07 +4.396927181e+07 +3.1472e+00 +4.0579e+00 -3.7301e+00 +4.1338e+00 +1.3236e+00 -4.0246e+00 -2.2150e+00 +4.6882e-01 +4.5751e+00 +4.6489e+00 -3.4239e+00 +4.7059e+00 +4.5717e+00 -1.4624e-01 +3.0028e+00 -3.5811e+00 -7.8239e-01 +4.1574e+00 +2.9221e+00 +4.5949e+00
2 +1.429609796e+07 +1.429609796e+07 +1.429613796e+07 +1.429613796e+07 +1.5574e+00 -4.6429e+00 +3.4913e+00 +4.3399e+00 +1.7874e+00 +2.5774e+00 +2.4313e+00 -1.0777e+00 +1.5548e+00 -3.2881e+00 +2.0605e+00 -4.6817e+00 -2.2308e+00 -4.5383e+00 -4.0287e+00 +3.2346e+00 +1.9483e+00 -1.8290e+00 +4.5022e+00 -4.6555e+00
4 +8.003710829e+06 +8.003710829e+06 +8.003750829e+06 +8.003750829e+06 +2.5127e+00 -2.4490e+00 +5.9571e-02 +1.9908e+00 +3.9090e+00 +4.5929e+00 +4.7216e-01 -3.6138e+00 -3.5071e+00 -2.4249e+00 +3.4072e+00 -2.4572e+00 +3.1428e+00 -2.5648e+00 +4.2926e+00 -1.5002e+00 -3.0340e+00 -2.4892e+00 +1.1604e+00 -2.6711e-01
7 +5.837777519e+06 +5.837777519e+06 +5.837817519e+06 +5.837817519e+06 -3.9335e+00 +4.6190e+00 -4.9537e+00 +2.7491e+00 +3.1730e+00 +3.6869e+00 -4.1556e+00 -1.0022e+00 -2.4013e+00 +3.0007e+00 -6.8586e-01 +4.1065e+00 -3.1815e+00 -2.3620e+00 -3.5446e+00 -3.6393e+00 +3.6929e+00 +7.9705e-01 +4.9860e-01 -3.5505e+00
16 +3.978557931e+06 +3.978557931e+06 +3.978597931e+06 +3.978597931e+06 -4.4038e+00 +1.8197e+00 -4.5757e+00 -4.2855e+00 +2.1650e-01 -4.0327e+00 +3.1815e+00 +3.1755e+00 +2.2244e+00 -3.5013e+00 +1.5961e+00 +1.8595e-01 +4.7297e+00 +1.4899e+00 +3.0033e+00 -4.6202e-01 -6.7608e-01 +3.2531e+00 -4.1653e+00 -3.6683e+00
21 +1.536709227e+06 +1.536709227e+06 +1.536749227e+06 +1.536749227e+06 -7.7114e-01 -4.0577e+00 +9.8524e-01 -2.9076e-01 +1.9595e+00 +1.9989e+00 +1.3853e+00 -4.6640e+00 -4.3119e+00 -1.8040e+00 +3.0864e-01 +1.5445e+00 -9.2381e-01 +3.1998e+00 +2.1836e+00 +4.6865e+00 +3.1334e-01 -1.7485e+00 -3.9437e+00 +1.1096e+00
131 +8.124843584e+05 +8.124843584e+05 +8.125243584e+05 +8.125243584e+05 +5.1482e-01 -2.8926e+00 +1.1158e+00 -7.2700e-01 +5.0727e-01 +2.3900e+00 +1.7594e+00 +5.0156e-01 -7.7525e-01 -1.1296e+00 -9.2258e-01 -3.5406e-01 -1.9997e+00 -6.9512e-01 +2.4028e+00 -1.0524e+00 -1.5386e+00 -1.2929e+00 -2.7234e+00 +1.3570e+00
208 +6.126780701e+05 +6.126780701e+05 +6.127180701e+05 +6.127180701e+05 +9.0841e-01 -1.7794e+00 -5.4160e-01 -3.1427e-01 +1.4768e+00 -1.2403e+00 +3.9916e-01 -2.7668e+00 -2.9317e+00 -1.9779e+00 +1.7523e+00 -2.3504e+00 +1.0272e+00 +1.4479e+00 +2.9086e+00 +3.3601e-01 +2.1323e-01 +1.0005e+00 -1.2608e+00 -8.8797e-01
267 +3.486464394e+05 +3.486464394e+05 +3.486864394e+05 +3.486864394e+05 -1.8136e+00 -1.9201e+00 -1.6769e+00 -3.1564e-01 +3.0311e+00 +2.8096e-01 +3.6854e+00 -5.4618e-01 -5.0000e+00 -1.5704e+00 +6.9018e-01 -4.8729e+00 -1.6888e+00 -8.0733e-01 +4.2671e+00 +2.0929e+00 -1.5611e+00 -4.7568e-01 -1.6794e+00 +2.4559e+00
508 +2.164687001e+05 +2.164687001e+05 +2.165087001e+05 +2.165087001e+05 -2.2655e+00 +9.6436e-02 -1.9225e+00 -7.7086e-01 +2.2053e+00 +7.4099e-01 +3.2259e+00 -1.5464e-01 -3.8845e+00 +2.7999e-01 -7.7883e-01 -3.2944e+00 -2.2307e+00 -2.0407e-01 +2.6788e+00 +1.5791e+00 -2.3940e+00 -1.3185e+00 -7.9595e-01 +3.1750e+00
580 +1.482100028e+05 +1.482100028e+05 +1.482500028e+05 +1.482500028e+05 -2.9532e+00 -1.4431e+00 -1.6032e+00 -1.9060e+00 +2.7518e+00 +4.0498e+00 -7.5427e-01 -1.0180e+00 -3.8756e+00 -3.4486e-01 -1.0414e-01 -2.0366e+00 -3.3826e+00 -1.2878e-01 +4.1462e+00 +1.0152e+00 +3.9303e-02 -2.3443e+00 -1.2534e+00 +2.3883e+00
1302 +9.252355445e+04 +9.252355445e+04 +9.256355445e+04 +9.256355445e+04 -3.0165e+00 -9.2571e-01 -1.0261e+00 -1.5467e+00 +3.4013e+00 +2.9799e+00 -1.9703e-02 -9.7392e-01 -3.8888e+00 -2.5933e-01 +3.0950e-01 -2.0172e+00 -3.3472e+00 -1.5921e-01 +2.3640e+00 +1.1123e+00 -6.5841e-01 -2.2831e+00 -5.8266e-01 +2.2453e+00
1944 +5.248274513e+04 +5.248274513e+04 +5.252274513e+04 +5.252274513e+04 -1.1985e+00 -2.0984e+00 -1.2671e+00 -1.0571e+00 +3.4355e+00 +8.6069e-01 +7.0211e-01 -9.0786e-01 -3.3454e+00 -1.5456e+00 +3.7736e-01 -1.0302e+00 -1.1131e+00 +8.3590e-01 +1.5305e+00 +8.8686e-01 -3.9075e-01 -3.1106e+00 -2.4157e+00 +2.5036e+00
2760 +3.921727310e+04 +3.921727310e+04 +3.925727310e+04 +3.925727310e+04 -3.6959e-02 -2.9500e+00 -9.3497e-01 -8.6808e-01 +2.9400e+00 +5.0325e-01 -3.0141e-01 -1.8798e-01 -3.2378e+00 -1.9075e+00 +3.7674e-01 -1.7136e+00 -1.4496e+00 +3.7272e-01 +2.1035e+00 +2.5064e-01 -2.2439e-01 -2.7872e+00 -2.8115e+00 +2.4488e+00
3496 +1.612961163e+04 +1.612961163e+04 +1.616961163e+04 +1.616961163e+04 +8.9018e-01 -3.1022e+00 -1.7355e+00 -7.4674e-01 +3.5696e+00 +8.3223e-01 -5.2629e-01 +1.1484e-01 -2.3707e+00 -2.0346e+00 -2.7534e-01 -1.3852e+00 -1.3087e+00 +5.7503e-01 +1.1989e+00 -5.0733e-01 -5.5029e-02 -3.7050e+00 -2.6341e+00 +2.6403e+00
4141 +1.556793982e+04 +1.556793982e+04 +1.560793982e+04 +1.560793982e+04 +1.0118e+00 -3.0731e+00 -1.7513e+00 -7.6920e-01 +3.5459e+00 +8.2109e-01 -4.6886e-01 +1.0944e-01 -2.3824e+00 -2.0341e+00 -3.1226e-01 -1.3771e+00 -1.2385e+00 +6.1210e-01 +1.2074e+00 -5.3437e-01 -1.2658e-02 -3.7380e+00 -2.7348e+00 +2.6478e+00
4847 +9.891973124e+03 +9.891973124e+03 +9.931973124e+03 +9.931973124e+03 +8.3174e-01 -3.1193e+00 -1.6448e+00 -8.4150e-01 +3.5457e+00 +7.4948e-01 -2.3447e-01 +1.1262e-01 -2.3911e+00 -2.1097e+00 -2.7547e-01 -1.3583e+00 -1.3377e+00 +6.2590e-01 +1.1469e+00 -2.5427e-01 -9.0257e-02 -3.5917e+00 -2.9058e+00 +2.5636e+00
% function evaluation | noise-free fitness - Fopt (1.142600000000e+02) | best noise-free fitness - Fopt | measured fitness | best measured fitness | x1 | x2...
1 +6.439659874e+07 +6.439659874e+07 +6.439671300e+07 +6.439671300e+07 +3.1472e+00 +4.0579e+00 -3.7301e+00 +4.1338e+00 +1.3236e+00 -4.0246e+00 -2.2150e+00 +4.6882e-01 +4.5751e+00 +4.6489e+00 -3.4239e+00 +4.7059e+00 +4.5717e+00 -1.4624e-01 +3.0028e+00 -3.5811e+00 -7.8239e-01 +4.1574e+00 +2.9221e+00 +4.5949e+00
2 +1.500257639e+07 +1.500257639e+07 +1.500269065e+07 +1.500269065e+07 +1.5574e+00 -4.6429e+00 +3.4913e+00 +4.3399e+00 +1.7874e+00 +2.5774e+00 +2.4313e+00 -1.0777e+00 +1.5548e+00 -3.2881e+00 +2.0605e+00 -4.6817e+00 -2.2308e+00 -4.5383e+00 -4.0287e+00 +3.2346e+00 +1.9483e+00 -1.8290e+00 +4.5022e+00 -4.6555e+00
3 +6.220442391e+06 +6.220442391e+06 +6.220556651e+06 +6.220556651e+06 -6.1256e-01 -1.1844e+00 +2.6552e+00 +2.9520e+00 -3.1313e+00 -1.0236e-01 -5.4414e-01 +1.4631e+00 +2.0936e+00 +2.5469e+00 -2.2397e+00 +1.7970e+00 +1.5510e+00 -3.3739e+00 -3.8100e+00 -1.6359e-02 +4.5974e+00 -1.5961e+00 +8.5268e-01 -2.7619e+00
43 +3.612450575e+06 +3.612450575e+06 +3.612564835e+06 +3.612564835e+06 -1.0557e+00 -6.9273e-01 +2.3009e+00 +1.9520e+00 -2.1313e+00 +8.9764e-01 +4.5586e-01 +1.1293e+00 +1.0936e+00 +1.5469e+00 -3.2397e+00 +7.9703e-01 +5.5098e-01 -3.3002e+00 -2.8100e+00 -1.0164e+00 +3.5974e+00 -2.4255e+00 -1.4732e-01 -1.7619e+00
83 +1.979165322e+06 +1.979165322e+06 +1.979279582e+06 +1.979279582e+06 -9.8748e-01 -4.8622e-01 +2.3009e+00 +1.9520e+00 -2.1313e+00 +8.9764e-01 +4.5586e-01 +1.1293e+00 +1.0936e+00 -1.3372e+00 -3.2397e+00 -1.6484e-01 +5.5098e-01 -3.0247e+00 -2.8100e+00 +7.0441e-01 +2.7597e+00 -2.4255e+00 -1.4732e-01 -1.7619e+00
129 +1.502264867e+06 +1.502264867e+06 +1.502379127e+06 +1.502379127e+06 +8.4028e-01 -1.7351e+00 -2.1471e+00 -2.9285e-01 -2.4734e+00 -1.6803e+00 +2.5244e+00 +2.5613e+00 -4.0822e-01 -2.4022e+00 -3.5456e+00 -3.7596e-02 +3.4146e+00 -2.8460e+00 -2.5698e+00 -1.5155e+00 +7.9712e-01 +3.1722e-01 -5.2254e-01 -1.2154e+00
209 +9.550738547e+05 +9.550738547e+05 +9.551881147e+05 +9.551881147e+05 -1.5972e-01 -2.3708e+00 -1.1471e+00 +7.0715e-01 -1.4734e+00 -6.8027e-01 +3.1442e+00 +1.5613e+00 -1.4082e+00 -1.4022e+00 -2.5456e+00 +9.6240e-01 +2.4146e+00 -1.8532e+00 -1.5698e+00 -5.1547e-01 -2.0288e-01 -6.8278e-01 -9.2391e-01 -8.5796e-01
215 +4.526558970e+05 +4.526558970e+05 +4.527701570e+05 +4.527701570e+05 -3.6946e+00 -5.5926e-01 +3.0002e+00 +8.0906e-01 +1.0472e+00 +2.0987e+00 +4.0750e+00 +5.9442e-01 +5.4894e-02 +1.3552e+00 -1.4768e+00 +3.9932e-01 +8.6512e-01 -1.7133e+00 +2.3500e+00 -1.3248e+00 +1.7868e+00 -8.7306e-01 -7.8434e-01 -4.9254e-01
300 +2.558135745e+05 +2.558135745e+05 +2.559278345e+05 +2.559278345e+05 -4.3668e+00 -7.1517e-01 +4.2342e+00 +6.8726e-01 -2.6518e-01 +2.4752e+00 +2.0763e+00 +9.3923e-01 -1.5749e+00 +7.7690e-02 +9.5022e-01 +2.1959e-01 +6.4110e-01 -2.8934e+00 +1.4913e+00 -7.7487e-01 -2.4146e-01 -1.1899e-02 -9.0189e-01 +3.6307e-01
375 +2.415269145e+05 +2.415269145e+05 +2.416411745e+05 +2.416411745e+05 -4.6828e+00 -4.3467e-01 +3.6782e+00 +1.4636e+00 +3.3280e-01 +2.2233e+00 +3.9504e+00 +7.1901e-01 -1.8205e+00 +2.0329e-01 -1.4414e-03 +3.9556e-01 +4.1042e-01 -1.1124e+00 +1.7448e+00 -8.1441e-01 +2.5621e-01 -1.3843e+00 -1.1640e-01 +3.1488e-01
513 +1.495019899e+05 +1.495019899e+05 +1.496162499e+05 +1.496162499e+05 -3.0218e+00 -2.5217e-01 +1.4283e+00 +1.7757e+00 +8.2190e-01 +1.4953e+00 +3.0712e+00 +1.2025e+00 -4.8401e-01 +5.9319e-01 -1.5673e-01 +2.6635e+00 +1.4265e+00 -1.4188e+00 +1.5357e+00 -1.0355e+00 +1.3826e+00 +6.8018e-01 -1.2437e+00 +6.5996e-01
906 +9.557181399e+04 +9.557181399e+04 +9.568607399e+04 +9.568607399e+04 -3.6019e+00 -1.3806e+00 +1.8086e+00 +1.5315e+00 -4.1358e-02 +3.7237e+00 +1.9551e+00 +1.3470e+00 -4.1709e-02 -3.7915e-01 +6.6228e-01 +3.9463e-01 +4.7445e-01 -2.4286e+00 +1.6977e+00 -2.6445e+00 +2.3372e+00 -1.0238e+00 -1.8511e+00 -1.0319e+00
994 +6.283605163e+04 +6.283605163e+04 +6.295031163e+04 +6.295031163e+04 -3.4839e+00 -6.0627e-01 +1.4962e+00 +1.2090e+00 -4.9436e-02 +3.2574e+00 +1.8995e+00 +2.4462e+00 -4.6297e-01 -3.0743e-01 -7.3543e-01 +6.6465e-01 -1.0855e-01 -2.0848e+00 +2.8202e+00 -2.0805e+00 +1.5772e+00 -7.7544e-01 -1.4374e+00 -8.2732e-01
1863 +3.776023166e+04 +3.776023166e+04 +3.787449166e+04 +3.787449166e+04 -3.2975e+00 -1.6864e+00 +1.8524e+00 +2.1540e+00 -1.5558e-01 +3.1807e+00 +2.8980e+00 +2.4727e+00 -1.4292e-01 -3.2899e-01 +3.7613e-01 +1.2237e+00 +1.4138e-01 -2.3784e+00 +1.9608e+00 -2.6275e+00 +1.6174e+00 -9.2135e-01 -1.0474e+00 -1.4175e-01
2960 +2.068547048e+04 +2.068547048e+04 +2.079973048e+04 +2.079973048e+04 -2.2445e+00 -4.3198e-01 +2.1495e+00 +9.9440e-01 -4.8600e-01 +3.7669e+00 +2.5999e+00 +1.6349e-01 -1.7308e+00 -2.8771e-01 +1.2529e+00 +9.8599e-01 +4.7957e-01 -3.1100e+00 +6.8874e-01 -2.2254e+00 +1.5968e+00 +1.0011e+00 -7.3020e-01 -1.3675e+00
3997 +1.525421643e+04 +1.525421643e+04 +1.536847643e+04 +1.536847643e+04 -2.5625e+00 -7.6699e-01 +2.1055e+00 +1.1399e+00 -4.5889e-01 +3.9970e+00 +3.0693e+00 +8.5788e-01 -1.3308e+00 -3.5233e-01 +1.2170e+00 +1.1126e+00 +2.9688e-01 -3.2340e+00 +1.1722e+00 -2.4911e+00 +1.3219e+00 +9.0759e-01 -7.4027e-01 -9.1442e-01
% function evaluation | noise-free fitness - Fopt (1.393000000000e+01) | best noise-free fitness - Fopt | measured fitness | best measured fitness | x1 | x2...
1 +7.557321338e+06 +7.557321338e+06 +7.557335268e+06 +7.557335268e+06 +3.1472e+00 +4.0579e+00 -3.7301e+00 +4.1338e+00 +1.3236e+00 -4.0246e+00 -2.2150e+00 +4.6882e-01 +4.5751e+00 +4.6489e+00 -3.4239e+00 +4.7059e+00 +4.5717e+00 -1.4624e-01 +3.0028e+00 -3.5811e+00 -7.8239e-01 +4.1574e+00 +2.9221e+00 +4.5949e+00
9 +3.431842246e+06 +3.431842246e+06 +3.431856176e+06 +3.431856176e+06 +2.8025e+00 -1.1026e+00 -2.5831e+00 -9.6088e-01 -4.0355e+00 -3.6803e+00 +4.4205e+00 +4.5613e+00 +7.5209e-01 -4.4022e+00 -2.6522e+00 -1.4684e+00 +3.2119e+00 -4.8460e+00 -4.5698e+00 -3.3101e+00 +1.4912e+00 +2.3172e+00 +1.4775e+00 -4.9076e-01
102 +2.304983428e+06 +2.304983428e+06 +2.304997358e+06 +2.304997358e+06 +3.5987e+00 -1.7655e+00 -3.0918e+00 -2.8975e+00 -4.5860e+00 -3.1899e+00 -1.5069e+00 +8.5852e-01 +5.5386e-01 +2.7537e+00 +1.1805e+00 -2.2341e-01 +3.7709e-01 +3.1250e+00 -1.0114e+00 +2.1245e+00 -1.1094e+00 +1.0180e+00 +2.8820e+00 -3.9390e+00
205 +1.581538319e+06 +1.581538319e+06 +1.581552249e+06 +1.581552249e+06 +1.5166e+00 +1.0466e+00 -4.2358e-01 -3.5491e-01 +1.1719e+00 -3.1778e+00 -4.2800e-01 +1.5373e+00 +1.7102e+00 +1.6782e+00 -1.2415e+00 -1.4605e+00 -8.4552e-01 +7.8887e-01 +1.3401e+00 -7.0094e-01 -1.9060e+00 -5.5171e-01 -1.8810e+00 -2.6288e+00
278 +9.118323738e+05 +9.118323738e+05 +9.118463038e+05 +9.118463038e+05 +3.4318e+00 -8.3052e-01 -3.9812e+00 -2.4825e+00 -1.5828e+00 -3.8672e+00 -1.4328e+00 -3.3418e-02 -1.0663e+00 -9.2633e-01 -1.0171e+00 -6.5357e-01 +1.9539e+00 -4.2383e-01 +1.7961e+00 -3.2078e+00 -3.7931e-01 -1.1978e+00 +4.4654e+00 +8.0191e-01
289 +5.298753231e+05 +5.298753231e+05 +5.298892531e+05 +5.298892531e+05 +2.6089e+00 +1.6632e-01 -2.4793e+00 -9.6088e-01 -3.9411e+00 -1.6335e+00 +4.2051e-01 +5.6135e-01 -6.4621e-01 -1.7047e+00 +1.6538e-01 +1.8096e+00 +1.4999e+00 -8.4597e-01 -5.6976e-01 -9.4244e-01 -1.0530e+00 -1.5723e+00 +2.1063e+00 -3.2431e+00
327 +3.078813489e+05 +3.078813489e+05 +3.078952789e+05 +3.078952789e+05 -1.3109e+00 +9.9468e-01 -9.8959e-01 -5.1945e-01 -6.2839e-01 +9.8016e-02 -9.1926e-01 +2.5669e+00 +7.8078e-01 +6.4076e-01 +2.4483e-03 +6.3209e-01 +8.1847e-01 +1.0863e+00 +1.0681e-01 -7.8581e-01 -1.1294e+00 -4.5659e-01 +5.0000e+00 -1.8966e+00
364 +7.829332350e+04 +7.829332350e+04 +7.830725350e+04 +7.830725350e+04 +7.7621e-01 +1.2619e+00 -6.8091e-01 -1.4246e-01 -1.0910e+00 -4.0709e-01 -2.1714e+00 +1.3463e+00 -5.7524e-02 -9.4771e-01 -6.2624e-01 +9.5612e-01 -8.6081e-01 +1.9539e+00 -4.2107e-01 -6.5564e-02 -9.0655e-01 -7.9220e-01 +4.4661e+00 -2.6550e+00
1899 +5.774262697e+04 +5.774262697e+04 +5.775655697e+04 +5.775655697e+04 +2.1857e-01 +3.2661e-01 +2.3323e-01 +7.6084e-02 -1.6251e+00 -2.4534e-01 -2.0851e+00 +1.5438e+00 -3.6230e-01 -4.7724e-01 -2.8315e-01 -1.9492e-01 -2.6792e-01 +1.4999e+00 +3.1627e-01 -2.9388e-01 -4.3722e-01 -2.1688e-01 +4.6984e+00 -2.1002e+00
3827 +3.833579849e+04 +3.833579849e+04 +3.834972849e+04 +3.834972849e+04 +5.0224e-01 +1.6570e+00 +4.4632e-01 +2.4606e-01 -1.1623e+00 -5.0643e-01 -1.8904e+00 +1.3465e+00 -7.1569e-01 -6.1845e-01 +3.2390e-01 +1.9844e-01 -4.3913e-01 +2.1710e+00 +1.4027e+00 -1.3495e-01 -1.6917e-01 -4.2281e-01 +5.0000e+00 -2.4731e+00
% function evaluation | noise-free fitness - Fopt (-3.175000000000e+01) | best noise-free fitness - Fopt | measured fitness | best measured fitness | x1 | x2...
1 +2.540212284e+07 +2.540212284e+07 +2.540209109e+07 +2.540209109e+07 +3.1472e+00 +4.0579e+00 -3.7301e+00 +4.1338e+00 +1.3236e+00 -4.0246e+00 -2.2150e+00 +4.6882e-01 +4.5751e+00 +4.6489e+00 -3.4239e+00 +4.7059e+00 +4.5717e+00 -1.4624e-01 +3.0028e+00 -3.5811e+00 -7.8239e-01 +4.1574e+00 +2.9221e+00 +4.5949e+00
3 +1.284910317e+07 +1.284910317e+07 +1.284907142e+07 +1.284907142e+07 -6.1256e-01 -1.1844e+00 +2.6552e+00 +2.9520e+00 -3.1313e+00 -1.0236e-01 -5.4414e-01 +1.4631e+00 +2.0936e+00 +2.5469e+00 -2.2397e+00 +1.7970e+00 +1.5510e+00 -3.3739e+00 -3.8100e+00 -1.6359e-02 +4.5974e+00 -1.5961e+00 +8.5268e-01 -2.7619e+00
10 +5.376950474e+06 +5.376950474e+06 +5.376918724e+06 +5.376918724e+06 +4.7009e-01 -2.0368e+00 +2.4469e+00 -3.1104e+00 +1.8678e+00 -3.1649e+00 -1.3152e+00 +1.2562e+00 +2.8023e+00 -4.1887e+00 +4.2939e+00 +2.7571e+00 -1.3208e-01 -6.4141e-01 -5.3216e-01 -1.9365e+00 +8.5087e-02 +1.0772e-01 +3.1763e+00 +2.9483e+00
80 +3.525427501e+06 +3.525427501e+06 +3.525395751e+06 +3.525395751e+06 +1.3793e+00 -2.8467e-01 -3.4792e-02 -3.3841e+00 +1.8018e+00 -6.2416e-01 +2.0787e+00 +2.6898e+00 -4.8043e+00 -2.7211e+00 +1.4954e+00 +8.5229e-01 +2.9048e+00 +1.9896e+00 +1.8787e+00 -4.3877e+00 -3.2711e+00 -4.6819e+00 +1.9835e+00 +3.4301e+00
149 +2.379586174e+06 +2.379586174e+06 +2.379554424e+06 +2.379554424e+06 +2.4107e+00 +2.8057e-01 +4.1961e+00 +4.2437e-01 +2.6911e+00 +5.0966e-01 +2.7636e+00 +3.4125e+00 -1.2260e+00 -2.8398e+00 +9.0407e-01 +4.7335e+00 -6.5436e-02 -2.8736e-01 +7.6325e-01 +2.4156e+00 +1.7129e+00 -1.3275e+00 +1.6198e+00 +3.0728e+00
312 +1.381428086e+06 +1.381428086e+06 +1.381396336e+06 +1.381396336e+06 +2.5782e+00 -1.8736e+00 +1.4673e+00 -5.7201e-01 -1.7373e-01 +1.9199e+00 +6.8110e-01 +5.0000e+00 -9.2479e-02 +1.7006e+00 +1.6292e+00 +4.4625e+00 +1.2841e+00 -2.3879e+00 -8.3017e-01 -2.9890e+00 -3.7289e-01 -1.2395e+00 +8.2671e-02 +1.0346e+00
454 +9.580964329e+05 +9.580964329e+05 +9.580646829e+05 +9.580646829e+05 +1.3774e+00 -2.1483e+00 +2.6668e+00 -2.2754e+00 +6.6212e-01 -5.4414e-01 +1.7101e+00 +5.0000e+00 +4.6317e-01 +2.9770e-01 +1.9780e+00 +3.7465e+00 +1.0377e+00 -3.0312e+00 +3.2281e-01 -1.9406e+00 -1.2609e+00 +4.2078e-01 -2.9983e-01 +2.9781e+00
828 +6.245794635e+05 +6.245794635e+05 +6.245477135e+05 +6.245477135e+05 +2.7204e+00 -3.2314e-02 +3.2276e+00 -1.1838e+00 +1.4142e+00 -7.3734e-01 +1.3733e+00 +3.8046e+00 -4.3966e-01 -2.2237e+00 +1.8588e+00 +3.0122e+00 +7.4223e-02 -2.0385e+00 +1.2768e+00 -2.2614e+00 +1.4102e+00 -2.8117e-01 +7.2513e-01 +2.5014e+00
1098 +3.264323153e+05 +3.264323153e+05 +3.264005653e+05 +3.264005653e+05 +2.2685e+00 +1.0032e+00 +3.1602e+00 -1.3622e+00 +7.2618e-01 -7.8151e-01 +1.9518e+00 +3.2849e+00 -6.2032e-01 -1.6771e+00 +1.9090e+00 +2.9924e+00 +7.7090e-01 -2.5193e+00 -1.0046e+00 -1.3242e+00 +1.1577e+00 -5.5118e-01 +1.2390e+00 +2.1511e+00
1164 +2.474742963e+05 +2.474742963e+05 +2.474425463e+05 +2.474425463e+05 +2.2351e+00 +1.1172e+00 +3.1060e+00 -1.7613e+00 +6.7452e-01 -9.9340e-01 +1.3818e+00 +2.9273e+00 -9.3991e-01 -1.1814e+00 +1.3219e+00 +2.6091e+00 +2.0398e-01 -1.8376e+00 -1.0235e+00 -9.0359e-01 +6.0252e-03 -5.1190e-01 +1.3676e+00 +1.6485e+00
1746 +1.514575152e+05 +1.514575152e+05 +1.514257652e+05 +1.514257652e+05 +3.0788e+00 +1.1825e+00 +4.0995e+00 -1.3364e+00 +4.3217e-01 -4.1827e-01 +1.7552e+00 +3.6749e+00 -3.1649e-01 -1.7859e+00 +2.1538e+00 +2.2113e+00 -1.9581e-01 -1.1024e+00 -5.9334e-01 +7.2451e-01 -3.2531e-01 -8.7337e-01 +2.8124e+00 +1.4157e+00
2201 +7.979142605e+04 +7.979142605e+04 +7.975967605e+04 +7.975967605e+04 +3.1487e+00 +7.9875e-01 +4.2535e+00 -2.0861e+00 +1.4578e+00 -3.6923e-01 +1.8459e+00 +3.4720e+00 +6.4517e-01 -1.4812e+00 +1.3942e+00 +2.3864e+00 -4.6017e-01 -1.7929e+00 -1.0762e+00 +8.4831e-01 -5.7442e-01 -1.6647e+00 +3.8903e+00 +3.9619e-01
3006 +6.169469332e+04 +6.169469332e+04 +6.166294332e+04 +6.166294332e+04 +3.4865e+00 +8.0108e-01 +4.6235e+00 -1.8563e+00 +1.5267e+00 -2.5508e-01 +1.7659e+00 +3.3889e+00 +6.2769e-01 -1.3887e+00 +1.3536e+00 +3.1191e+00 -9.2198e-01 -1.8749e+00 -1.1897e+00 +8.0205e-01 -5.7869e-01 -1.4903e+00 +4.4189e+00 -4.6319e-01
4863 +3.975236144e+04 +3.975236144e+04 +3.972061144e+04 +3.972061144e+04 +4.2033e+00 +9.2603e-01 +4.7737e+00 -1.7437e+00 +1.3663e+00 -1.8129e-01 +1.5462e+00 +2.9174e+00 +8.7010e-01 -6.2048e-01 +1.2952e+00 +2.1535e+00 -1.0699e+00 -1.5364e+00 -6.5435e-01 +8.6686e-01 -1.2750e+00 -2.0599e+00 +4.6619e+00 -3.3509e-01
% function evaluation | noise-free fitness - Fopt (5.432000000000e+01) | best noise-free fitness - Fopt | measured fitness | best measured fitness | x1 | x2...
1 +2.207655140e+07 +2.207655140e+07 +2.207660572e+07 +2.207660572e+07 +3.1472e+00 +4.0579e+00 -3.7301e+00 +4.1338e+00 +1.3236e+00 -4.0246e+00 -2.2150e+00 +4.6882e-01 +4.5751e+00 +4.6489e+00 -3.4239e+00 +4.7059e+00 +4.5717e+00 -1.4624e-01 +3.0028e+00 -3.5811e+00 -7.8239e-01 +4.1574e+00 +2.9221e+00 +4.5949e+00
2 +1.466980316e+07 +1.466980316e+07 +1.466985748e+07 +1.466985748e+07 +1.5574e+00 -4.6429e+00 +3.4913e+00 +4.3399e+00 +1.7874e+00 +2.5774e+00 +2.4313e+00 -1.0777e+00 +1.5548e+00 -3.2881e+00 +2.0605e+00 -4.6817e+00 -2.2308e+00 -4.5383e+00 -4.0287e+00 +3.2346e+00 +1.9483e+00 -1.8290e+00 +4.5022e+00 -4.6555e+00
3 +6.656030848e+06 +6.656030848e+06 +6.656085168e+06 +6.656085168e+06 -6.1256e-01 -1.1844e+00 +2.6552e+00 +2.9520e+00 -3.1313e+00 -1.0236e-01 -5.4414e-01 +1.4631e+00 +2.0936e+00 +2.5469e+00 -2.2397e+00 +1.7970e+00 +1.5510e+00 -3.3739e+00 -3.8100e+00 -1.6359e-02 +4.5974e+00 -1.5961e+00 +8.5268e-01 -2.7619e+00
12 +1.544376727e+06 +1.544376727e+06 +1.544431047e+06 +1.544431047e+06 -1.8890e+00 +4.2338e+00 -6.9793e-01 -3.1518e+00 +4.0488e+00 +4.7975e+00 -6.1130e-01 -3.8888e+00 -2.4194e+00 -9.1280e-01 +9.4896e-01 -2.3779e+00 +1.0284e+00 +2.1122e+00 -2.7825e+00 -3.8258e+00 -2.0332e+00 -1.8122e+00 -7.5833e-01 +7.8583e-02
127 +9.030672147e+05 +9.030672147e+05 +9.031215347e+05 +9.031215347e+05 -1.9335e+00 +3.1512e+00 -2.9537e+00 +7.4910e-01 +4.0769e+00 +4.6628e+00 -2.1556e+00 -2.7695e+00 -2.6220e+00 +1.0007e+00 +1.1684e+00 +2.1065e+00 -1.1815e+00 -3.6197e-01 -2.2922e+00 -3.8946e+00 +1.6929e+00 -2.2957e-01 -1.5014e+00 -1.5505e+00
252 +5.478750406e+05 +5.478750406e+05 +5.479293606e+05 +5.479293606e+05 -4.6803e-01 +2.9578e+00 -2.5386e+00 -1.9702e+00 +3.9368e+00 +4.9180e+00 -1.5294e+00 -3.0408e+00 -3.3522e+00 +7.3390e-02 +3.9249e-01 -2.0644e+00 +1.2093e+00 +6.9149e-01 -2.9103e+00 -4.4990e+00 -7.0743e-01 -1.1158e+00 -9.1796e-01 -4.1750e-01
362 +1.218459056e+05 +1.218459056e+05 +1.219002256e+05 +1.219002256e+05 -2.0047e+00 +3.5712e-01 -1.3130e+00 -2.8345e-01 +4.3293e+00 +5.0000e+00 -2.4886e+00 -2.9128e+00 -3.4452e+00 +1.2518e+00 -2.0412e-01 -1.8919e-01 +1.5450e+00 +1.9446e-01 -1.9449e+00 -1.7654e+00 +9.8290e-01 +1.7932e-01 -4.9778e-01 +3.4446e-01
802 +5.828530869e+04 +5.828530869e+04 +5.833962869e+04 +5.833962869e+04 -2.0047e+00 +3.5712e-01 -1.3130e+00 -1.0685e+00 +4.2639e+00 +4.5746e+00 -1.9355e+00 -2.9687e+00 -3.5077e+00 +7.4784e-01 +7.9658e-01 +2.8771e-01 +1.5450e+00 +6.5304e-01 -1.8718e+00 -1.7654e+00 +9.7357e-01 -1.4845e-02 -7.3236e-01 -1.4291e-01
1737 +3.856501062e+04 +3.856501062e+04 +3.861933062e+04 +3.861933062e+04 -1.8485e+00 +6.8436e-01 -1.2235e+00 -8.1684e-01 +5.0000e+00 +5.0000e+00 -1.5933e+00 -2.8858e+00 -3.0507e+00 +2.7565e-01 +1.9860e+00 +1.1493e+00 +9.7177e-01 +1.3104e+00 -2.0669e+00 -2.0651e+00 +4.2880e-01 -1.9625e-01 -5.3871e-01 -2.3705e-01
2577 +2.330154677e+04 +2.330154677e+04 +2.335586677e+04 +2.335586677e+04 -1.7528e+00 +3.6206e-01 -1.2842e+00 -9.6954e-01 +5.0000e+00 +4.7174e+00 -1.2016e+00 -2.9220e+00 -3.0359e+00 +9.2377e-01 +2.5352e+00 +1.0253e+00 +1.8152e+00 +1.9172e+00 -2.4709e+00 -1.9532e+00 +4.6995e-01 +4.8515e-03 -5.7386e-01 -1.6631e-01
3273 +1.498420952e+04 +1.498420952e+04 +1.503852952e+04 +1.503852952e+04 -2.1509e+00 +2.8273e-02 -1.6976e+00 -1.7510e-01 +5.0000e+00 +4.9531e+00 -1.3340e+00 -2.8673e+00 -2.4482e+00 -2.8066e-01 +2.8180e+00 +1.0035e+00 +2.3931e+00 +1.2498e+00 -2.7230e+00 -1.9918e+00 -8.3817e-02 +1.0249e-01 -5.0664e-01 -4.5621e-01
% function evaluation | noise-free fitness - Fopt (4.052000000000e+01) | best noise-free fitness - Fopt | measured fitness | best measured fitness | x1 | x2...
1 +4.897365009e+07 +4.897365009e+07 +4.897369061e+07 +4.897369061e+07 +3.1472e+00 +4.0579e+00 -3.7301e+00 +4.1338e+00 +1.3236e+00 -4.0246e+00 -2.2150e+00 +4.6882e-01 +4.5751e+00 +4.6489e+00 -3.4239e+00 +4.7059e+00 +4.5717e+00 -1.4624e-01 +3.0028e+00 -3.5811e+00 -7.8239e-01 +4.1574e+00 +2.9221e+00 +4.5949e+00
3 +7.862877039e+06 +7.862877039e+06 +7.862917559e+06 +7.862917559e+06 -6.1256e-01 -1.1844e+00 +2.6552e+00 +2.9520e+00 -3.1313e+00 -1.0236e-01 -5.4414e-01 +1.4631e+00 +2.0936e+00 +2.5469e+00 -2.2397e+00 +1.7970e+00 +1.5510e+00 -3.3739e+00 -3.8100e+00 -1.6359e-02 +4.5974e+00 -1.5961e+00 +8.5268e-01 -2.7619e+00
11 +4.772291905e+06 +4.772291905e+06 +4.772332425e+06 +4.772332425e+06 +1.4432e+00 -1.2139e+00 +3.1158e+00 +3.2826e-01 -1.4927e+00 +4.3900e+00 +3.7594e+00 +5.0156e-01 +1.2248e+00 +8.7045e-01 -2.9226e+00 -1.9875e+00 -2.9077e-01 -2.6951e+00 +3.4431e+00 -3.0524e+00 -2.7408e+00 -3.2929e+00 -2.7234e+00 -6.4301e-01
18 +2.478683132e+06 +2.478683132e+06 +2.478723652e+06 +2.478723652e+06 +4.5163e+00 +4.2033e+00 -4.4732e+00 +2.3786e+00 -2.3088e+00 -7.7164e-01 +4.7871e-01 +4.4274e+00 -8.2256e-01 +4.8305e+00 -1.9855e+00 +2.0110e+00 +1.6634e+00 +3.9126e-01 +1.9811e+00 +1.6653e+00 -3.2187e+00 -3.7199e+00 +4.9908e+00 -3.2888e+00
101 +9.141643323e+05 +9.141643323e+05 +9.142048523e+05 +9.142048523e+05 +3.7883e-01 -3.0577e+00 -1.4763e-02 -1.3948e+00 +1.1645e+00 +1.8407e+00 -3.4074e-01 -3.6640e+00 -3.3119e+00 -8.0400e-01 -2.0297e+00 +2.2657e+00 +2.6341e+00 +2.5436e+00 +3.9581e+00 +1.5874e+00 -6.8666e-01 -1.7808e+00 -2.9437e+00 -8.3036e-01
221 +5.544964291e+05 +5.544964291e+05 +5.545369491e+05 +5.545369491e+05 +2.2886e-01 -2.7088e+00 -7.8791e-01 -1.2908e+00 +7.6918e-01 +1.6690e+00 -1.0298e+00 -2.9786e+00 -3.3375e+00 +4.5220e-01 -2.6914e+00 +3.2397e+00 +2.0762e+00 +2.3442e+00 +4.5941e+00 +1.6865e+00 -5.7846e-01 -1.7937e+00 -1.8239e+00 -1.6197e+00
287 +3.504213831e+05 +3.504213831e+05 +3.504619031e+05 +3.504619031e+05 +6.6528e-02 +1.1377e+00 -2.6885e+00 -8.1073e-01 +1.9714e-01 +2.9198e+00 -1.7521e-01 -3.0022e+00 -2.7435e+00 +1.0007e+00 -3.2594e+00 +6.4718e-01 +8.1847e-01 +1.6380e+00 +4.1949e-01 -1.2906e+00 -3.0708e-01 -3.0376e+00 -1.5014e+00 -1.6191e+00
565 +2.415626913e+05 +2.415626913e+05 +2.416032113e+05 +2.416032113e+05 -4.5591e-01 +2.1169e+00 -1.7472e+00 -5.4292e-01 -2.1415e-01 +1.4183e+00 +8.5186e-01 -1.4627e+00 -1.5907e+00 -1.4722e+00 -3.3472e+00 +1.6291e+00 +1.1721e+00 +2.0983e+00 +1.9214e+00 -2.5784e+00 -1.0819e+00 -2.9557e+00 -1.4429e+00 -1.2117e+00
1020 +1.447677589e+05 +1.447677589e+05 +1.448082789e+05 +1.448082789e+05 -6.3424e-01 +3.3131e+00 -1.6999e+00 -4.7648e-01 -1.0047e+00 +2.0583e+00 +8.5014e-01 -1.1691e+00 -2.6287e+00 -1.3916e+00 -4.0142e+00 +4.6120e-01 +6.3737e-01 +2.7915e+00 +1.6830e+00 -3.1330e+00 -7.5671e-01 -3.1811e+00 -2.3623e+00 -1.6206e+00
1229 +9.813607343e+04 +9.813607343e+04 +9.817659343e+04 +9.817659343e+04 +1.1367e+00 +1.3988e+00 -2.3442e+00 -1.5954e+00 -2.5519e-01 -8.9190e-01 +1.4374e+00 -1.4909e+00 -2.0280e+00 +1.9419e-01 -1.9782e+00 +2.4230e+00 +1.0629e+00 +1.3779e+00 +8.4617e-01 -1.7498e+00 -1.8336e+00 -2.1762e+00 -1.1941e+00 -9.4279e-01
1505 +6.283359151e+04 +6.283359151e+04 +6.287411151e+04 +6.287411151e+04 +6.6308e-01 +2.2160e+00 -3.5042e+00 -9.5467e-01 +2.4239e-01 -1.4143e+00 +1.1714e+00 -1.0696e+00 -1.9920e+00 +5.8581e-01 -2.0906e+00 +2.5188e+00 +3.2794e-01 +1.8871e+00 +1.6671e+00 -1.6441e+00 -2.4522e+00 -2.2548e+00 -1.7500e+00 -1.0932e+00
1705 +3.491180102e+04 +3.491180102e+04 +3.495232102e+04 +3.495232102e+04 +5.7381e-01 +2.2160e+00 -3.0967e+00 -9.5467e-01 -3.6311e-01 -1.5772e+00 +1.6250e+00 -7.0224e-01 -1.9920e+00 +2.1879e-01 -2.2983e+00 +2.2659e+00 +1.7419e-01 +2.6755e+00 +1.1092e+00 -1.9877e+00 -2.4522e+00 -2.2548e+00 -1.4307e+00 -1.0515e+00
3232 +2.145431899e+04 +2.145431899e+04 +2.149483899e+04 +2.149483899e+04 +3.7441e-01 +2.0823e+00 -2.9905e+00 -9.7958e-01 -4.7917e-01 -2.1443e+00 +1.5666e+00 -5.8787e-01 -2.0304e+00 +4.2652e-01 -2.0005e+00 +2.4979e+00 +3.6645e-01 +2.1955e+00 +2.1665e+00 -1.9307e+00 -2.2992e+00 -2.6930e+00 -1.1458e+00 -1.0733e+00
3829 +1.360845234e+04 +1.360845234e+04 +1.364897234e+04 +1.364897234e+04 +4.8276e-01 +2.1771e+00 -3.3417e+00 -4.9528e-01 -3.6371e-01 -3.1632e+00 +1.9223e+00 -9.5706e-01 -1.9982e+00 +4.3040e-01 -2.0544e+00 +2.9101e+00 +5.4796e-01 +2.7856e+00 +2.3654e+00 -1.7168e+00 -2.7743e+00 -2.8917e+00 -1.1923e+00 -9.2647e-01
4755 +9.713961128e+03 +9.713961128e+03 +9.754481128e+03 +9.754481128e+03 +4.0954e-01 +2.3284e+00 -3.6052e+00 -6.4242e-01 -3.7986e-01 -2.9337e+00 +1.9109e+00 -9.7124e-01 -2.0652e+00 +4.6842e-01 -2.5338e+00 +2.7921e+00 +4.1903e-01 +2.9841e+00 +2.1680e+00 -1.7541e+00 -3.0046e+00 -3.0456e+00 -1.0972e+00 -7.3673e-01
% function evaluation | noise-free fitness - Fopt (-1.184900000000e+02) | best noise-free fitness - Fopt | measured fitness | best measured fitness | x1 | x2...
1 +1.202450187e+08 +1.202450187e+08 +1.202449002e+08 +1.202449002e+08 +3.1472e+00 +4.0579e+00 -3.7301e+00 +4.1338e+00 +1.3236e+00 -4.0246e+00 -2.2150e+00 +4.6882e-01 +4.5751e+00 +4.6489e+00 -3.4239e+00 +4.7059e+00 +4.5717e+00 -1.4624e-01 +3.0028e+00 -3.5811e+00 -7.8239e-01 +4.1574e+00 +2.9221e+00 +4.5949e+00
2 +1.862017785e+07 +1.862017785e+07 +1.862005936e+07 +1.862005936e+07 +1.5574e+00 -4.6429e+00 +3.4913e+00 +4.3399e+00 +1.7874e+00 +2.5774e+00 +2.4313e+00 -1.0777e+00 +1.5548e+00 -3.2881e+00 +2.0605e+00 -4.6817e+00 -2.2308e+00 -4.5383e+00 -4.0287e+00 +3.2346e+00 +1.9483e+00 -1.8290e+00 +4.5022e+00 -4.6555e+00
4 +1.160029968e+07 +1.160029968e+07 +1.160018119e+07 +1.160018119e+07 +2.5127e+00 -2.4490e+00 +5.9571e-02 +1.9908e+00 +3.9090e+00 +4.5929e+00 +4.7216e-01 -3.6138e+00 -3.5071e+00 -2.4249e+00 +3.4072e+00 -2.4572e+00 +3.1428e+00 -2.5648e+00 +4.2926e+00 -1.5002e+00 -3.0340e+00 -2.4892e+00 +1.1604e+00 -2.6711e-01
17 +9.106210203e+06 +9.106210203e+06 +9.106091713e+06 +9.106091713e+06 -3.2661e+00 -1.0906e+00 +3.3138e+00 +3.0336e+00 -4.3953e+00 -1.0074e+00 +2.6876e-01 -8.3201e-01 +1.5686e+00 +1.2797e+00 -2.0802e+00 -6.8349e-01 -4.8451e+00 +4.8406e+00 -3.3283e+00 -3.9378e+00 -1.2759e+00 -3.0188e+00 -1.0312e-01 -1.6051e+00
26 +3.570936160e+06 +3.570936160e+06 +3.570817670e+06 +3.570817670e+06 +8.2249e-01 +4.0739e-01 +3.6994e+00 -2.3522e+00 -1.8193e+00 -3.8079e+00 +4.3983e+00 +1.4555e+00 -2.0537e-01 +1.3932e+00 +4.4716e-01 +1.4731e+00 +4.3886e-01 +2.2105e+00 +2.2495e-01 +4.9370e+00 -2.8132e+00 -3.9420e+00 -3.9030e+00 -4.3641e+00
211 +2.049931261e+06 +2.049931261e+06 +2.049812771e+06 +2.049812771e+06 +1.3436e+00 +1.5445e+00 +3.7748e+00 -1.3398e+00 -1.8682e+00 +3.3680e+00 +4.5370e+00 +2.6391e+00 -1.3711e+00 +5.6034e-01 -9.2533e-03 +7.3895e-01 +2.4803e-01 +3.3547e-03 +4.4309e-01 -5.2357e-02 -3.9446e+00 -3.8529e+00 -3.7234e+00 -3.6430e+00
282 +1.466933056e+06 +1.466933056e+06 +1.466814566e+06 +1.466814566e+06 -8.9622e-01 -6.4288e-01 +3.9778e+00 +1.4796e+00 -2.0963e+00 +2.5774e+00 +3.9029e+00 -5.5310e-01 -1.4099e+00 +1.1437e-01 -1.3091e+00 -7.9806e-01 +1.7692e+00 -5.3829e-01 -1.9157e-01 +5.0000e+00 +6.4680e-02 -3.7126e+00 +1.9039e+00 -3.0000e+00
291 +9.925755800e+05 +9.925755800e+05 +9.924570900e+05 +9.924570900e+05 +3.4358e-01 +1.2559e+00 +2.7748e+00 -3.3985e-01 -1.9003e+00 +2.3680e+00 +3.5370e+00 +1.6391e+00 -1.0576e+00 -4.3966e-01 -1.5516e-01 +1.3553e+00 +2.2852e-01 +9.9387e-01 -5.5691e-01 +9.4764e-01 -4.0374e+00 -3.4541e+00 -2.7234e+00 -4.6430e+00
531 +5.979671046e+05 +5.979671046e+05 +5.978486146e+05 +5.978486146e+05 -1.8197e+00 -4.0690e-02 +7.0706e-01 +1.9357e+00 -1.9439e+00 -4.9920e-01 +1.5836e+00 +2.3290e-01 -1.7805e+00 -9.4980e-01 -5.6412e-01 +2.0271e+00 -8.4538e-01 +4.3340e-02 -3.3803e+00 +3.2425e+00 -2.1180e+00 -2.8111e+00 +1.4386e-01 -3.8740e+00
618 +3.696106726e+05 +3.696106726e+05 +3.694921826e+05 +3.694921826e+05 -6.9956e-01 +6.0119e-01 +1.1922e+00 +3.3084e-01 -1.8905e+00 +1.1457e-01 +1.9719e+00 +9.2039e-02 -2.2685e+00 -5.6201e-01 +8.5784e-01 -1.1257e+00 -5.8871e-01 +7.6123e-01 -2.4036e+00 +2.9761e+00 -1.0877e+00 -2.8448e+00 +1.8686e-01 -2.9872e+00
859 +1.460186856e+05 +1.460186856e+05 +1.459001956e+05 +1.459001956e+05 -1.2812e+00 +2.6180e-01 +8.1617e-01 +6.5596e-01 -2.3217e+00 -9.1900e-02 +3.2365e-01 -6.9806e-02 -3.1237e+00 -2.2480e-01 -6.6655e-01 +6.2274e-01 -4.5467e-01 -8.4686e-01 -3.6240e+00 +2.3978e+00 -1.2473e+00 -3.7814e+00 -1.3774e+00 -1.6512e+00
1381 +8.667246967e+04 +8.667246967e+04 +8.655397967e+04 +8.655397967e+04 -1.5855e+00 -4.5334e-02 +1.1928e+00 +4.0602e-01 -2.1879e+00 -1.1798e-01 +4.0081e-01 -7.2918e-01 -3.4580e+00 -7.3762e-02 -1.9342e-01 +6.9287e-02 -5.9471e-01 -9.1318e-01 -4.4762e+00 +1.9649e+00 -1.1733e+00 -3.6709e+00 -2.6272e+00 -1.8491e+00
1898 +6.279688747e+04 +6.279688747e+04 +6.267839747e+04 +6.267839747e+04 -2.1109e+00 -9.8995e-02 +8.9545e-01 +7.3343e-01 -1.9927e+00 -8.9009e-01 -2.8556e-01 -1.0670e+00 -3.0897e+00 -1.0140e-01 -9.8258e-01 +6.2115e-01 -6.2951e-01 -8.7061e-01 -5.0000e+00 +2.4608e+00 -1.2832e+00 -3.1351e+00 -2.7366e+00 -1.1014e+00
2556 +3.730852017e+04 +3.730852017e+04 +3.719003017e+04 +3.719003017e+04 -1.6714e+00 -4.0596e-01 +1.0717e+00 +1.1772e+00 -2.5207e+00 -1.0848e-01 -1.2703e+00 -5.4636e-01 -3.1530e+00 +2.2542e-01 -4.4938e-01 +9.0667e-01 -1.6399e-01 -5.3517e-01 -4.9005e+00 +2.7553e+00 -8.7044e-01 -2.9550e+00 -2.4951e+00 -8.4639e-01
3804 +2.411687175e+04 +2.411687175e+04 +2.399838175e+04 +2.399838175e+04 -9.9823e-01 -7.0992e-01 +1.1283e+00 +8.4119e-01 -2.4476e+00 -3.6665e-01 -1.5251e+00 -5.7208e-01 -3.0496e+00 +2.1758e-01 -7.4994e-01 +1.2489e+00 -6.4833e-03 -1.6505e-01 -4.8315e+00 +2.5785e+00 -1.5017e+00 -3.3980e+00 -3.8625e+00 -9.0242e-01
% function evaluation | noise-free fitness - Fopt (2.810000000000e+01) | best noise-free fitness - Fopt | measured fitness | best measured fitness | x1 | x2...
1 +7.251312780e+07 +7.251312780e+07 +7.251315590e+07 +7.251315590e+07 +3.1472e+00 +4.0579e+00 -3.7301e+00 +4.1338e+00 +1.3236e+00 -4.0246e+00 -2.2150e+00 +4.6882e-01 +4.5751e+00 +4.6489e+00 -3.4239e+00 +4.7059e+00 +4.5717e+00 -1.4624e-01 +3.0028e+00 -3.5811e+00 -7.8239e-01 +4.1574e+00 +2.9221e+00 +4.5949e+00
2 +2.353128489e+07 +2.353128489e+07 +2.353131299e+07 +2.353131299e+07 +1.5574e+00 -4.6429e+00 +3.4913e+00 +4.3399e+00 +1.7874e+00 +2.5774e+00 +2.4313e+00 -1.0777e+00 +1.5548e+00 -3.2881e+00 +2.0605e+00 -4.6817e+00 -2.2308e+00 -4.5383e+00 -4.0287e+00 +3.2346e+00 +1.9483e+00 -1.8290e+00 +4.5022e+00 -4.6555e+00
3 +4.970367260e+06 +4.970367260e+06 +4.970395360e+06 +4.970395360e+06 -6.1256e-01 -1.1844e+00 +2.6552e+00 +2.9520e+00 -3.1313e+00 -1.0236e-01 -5.4414e-01 +1.4631e+00 +2.0936e+00 +2.5469e+00 -2.2397e+00 +1.7970e+00 +1.5510e+00 -3.3739e+00 -3.8100e+00 -1.6359e-02 +4.5974e+00 -1.5961e+00 +8.5268e-01 -2.7619e+00
26 +3.953958933e+06 +3.953958933e+06 +3.953987033e+06 +3.953987033e+06 +8.2249e-01 +4.0739e-01 +3.6994e+00 -2.3522e+00 -1.8193e+00 -3.8079e+00 +4.3983e+00 +1.4555e+00 -2.0537e-01 +1.3932e+00 +4.4716e-01 +1.4731e+00 +4.3886e-01 +2.2105e+00 +2.2495e-01 +4.9370e+00 -2.8132e+00 -3.9420e+00 -3.9030e+00 -4.3641e+00
85 +9.417351916e+05 +9.417351916e+05 +9.417632916e+05 +9.417632916e+05 -1.2834e+00 +4.7519e+00 +4.9763e+00 +4.9724e-01 +4.1719e+00 -2.1416e+00 +5.0000e+00 +1.9050e+00 -1.1955e+00 +1.6829e+00 -4.2415e+00 -3.0060e+00 +2.3325e+00 +1.1185e+00 +4.3401e+00 -3.7009e+00 +6.8824e-01 -2.5059e+00 -5.0000e+00 -8.9017e-01
203 +2.988962596e+05 +2.988962596e+05 +2.989243596e+05 +2.989243596e+05 -7.8241e-01 +1.5126e+00 +1.4295e+00 -4.8001e-02 -1.3127e-01 -2.2963e+00 +2.4559e+00 +2.8288e+00 -9.0635e-01 -3.1054e-02 -1.8812e+00 +4.6577e-01 +1.7643e+00 -3.7388e-01 -8.1002e-01 -4.1903e-01 +1.5974e+00 -2.4576e+00 -1.6198e+00 -1.7619e+00
289 +2.474696415e+05 +2.474696415e+05 +2.474977415e+05 +2.474977415e+05 -1.1975e+00 +2.2552e+00 -1.3483e-01 -6.7799e-01 -5.8622e-01 -1.3031e+00 +4.0000e+00 +2.3935e+00 -1.5989e+00 -4.0220e-01 -1.3876e+00 -1.4403e+00 +1.4832e+00 -8.4597e-01 -5.6976e-01 -4.0195e-01 +6.9773e-01 -1.6828e+00 -2.4381e+00 -2.2918e+00
581 +1.544042533e+05 +1.544042533e+05 +1.544323533e+05 +1.544323533e+05 -4.2722e-01 +1.1051e+00 +1.3439e-01 -6.7980e-02 -5.0292e-01 -1.8059e+00 +2.0887e+00 -9.8146e-02 -1.7251e+00 -3.8256e-01 -2.7839e+00 -1.3490e+00 +1.7899e+00 -2.8951e-01 +3.7288e-01 -8.7042e-01 -3.0588e-01 -1.7383e+00 -2.8033e+00 -2.2438e+00
865 +8.897221956e+04 +8.897221956e+04 +8.900031956e+04 +8.900031956e+04 -1.4182e+00 +2.8449e+00 -1.4787e+00 +8.3330e-01 +2.8318e-01 -2.2809e+00 +2.3139e+00 +1.5347e+00 -2.6247e+00 -6.8941e-01 -2.5068e+00 -2.0926e+00 +2.5850e+00 -7.0768e-01 +3.0667e-01 -1.4912e-01 +7.5595e-01 -2.0948e+00 -4.0170e+00 -1.1647e+00
1068 +4.698224044e+04 +4.698224044e+04 +4.701034044e+04 +4.701034044e+04 -8.4105e-01 +2.6085e+00 -1.2636e+00 -4.5600e-01 -3.3995e-01 -1.7705e+00 +1.8509e+00 +1.8547e+00 -1.7984e+00 +7.4381e-02 -2.9451e+00 -2.4103e+00 +2.1150e+00 -7.1230e-01 +6.7079e-01 -3.0090e-01 -6.9494e-02 -1.7404e+00 -2.4370e+00 -1.8812e+00
1630 +3.795922521e+04 +3.795922521e+04 +3.798732521e+04 +3.798732521e+04 -4.9876e-02 +1.1081e+00 -1.3199e+00 -8.3035e-02 +5.0415e-01 -1.5930e+00 +1.9929e+00 +1.7095e+00 -1.9643e+00 +2.3130e-01 -3.0903e+00 -2.9389e+00 +1.8542e+00 -1.0404e+00 -5.1918e-01 -7.9663e-01 -5.0467e-01 -1.1722e+00 -2.6491e+00 -1.3070e+00
2589 +2.380987589e+04 +2.380987589e+04 +2.383797589e+04 +2.383797589e+04 -3.4212e-02 +1.6160e+00 -1.4330e+00 -1.3549e-01 +2.2266e-01 -1.3214e+00 +1.9628e+00 +1.1665e+00 -2.0098e+00 -2.8795e-02 -2.6072e+00 -2.9269e+00 +1.6910e+00 -9.6535e-01 -1.8212e-01 -9.1114e-01 -1.0976e+00 -1.5864e+00 -2.7063e+00 -1.4038e+00
3036 +1.442959031e+04 +1.442959031e+04 +1.445769031e+04 +1.445769031e+04 +1.5109e-01 +9.3744e-01 -1.5487e+00 -1.3059e-01 +4.1984e-01 -1.3348e+00 +2.0095e+00 +1.7199e+00 -2.0178e+00 +3.4071e-01 -3.0302e+00 -3.1883e+00 +1.7850e+00 -9.4231e-01 -1.2061e+00 -1.2164e+00 -1.1579e+00 -9.6033e-01 -2.2919e+00 -7.3753e-01
3658 +9.812698040e+03 +9.812698040e+03 +9.840798040e+03 +9.840798040e+03 +3.7104e-02 +1.0179e+00 -9.9839e-01 -3.2831e-01 +5.0941e-01 -1.3474e+00 +2.0176e+00 +1.5968e+00 -2.1545e+00 +4.2128e-01 -3.2107e+00 -3.1388e+00 +1.7643e+00 -9.8067e-01 -1.1786e+00 -1.3226e+00 -1.0449e+00 -8.1136e-01 -2.1839e+00 -9.4742e-01
4570 +5.730653278e+03 +5.730653278e+03 +5.758753278e+03 +5.758753278e+03 +1.9785e-01 +5.3692e-01 -7.5149e-01 -1.8250e-01 +4.2791e-01 -1.3072e+00 +2.4087e+00 +1.2578e+00 -2.6988e+00 +4.7416e-01 -3.4452e+00 -3.2315e+00 +1.9923e+00 -5.8912e-01 -1.4842e+00 -1.6092e+00 -7.8566e-01 -5.7279e-01 -1.9165e+00 -7.9274e-01
