% function evaluation | noise-free fitness - Fopt (-5.494000000000e+01) | best noise-free fitness - Fopt | measured fitness | best measured fitness | x1 | x2...
1 +1.947071051e+07 +1.947071051e+07 +1.947065557e+07 +1.947065557e+07 +3.1472e+00 +4.0579e+00 -3.7301e+00 +4.1338e+00 +1.3236e+00 -4.0246e+00 -2.2150e+00 +4.6882e-01 +4.5751e+00 +4.6489e+00
2 +2.868513079e+06 +2.868513079e+06 +2.868458139e+06 +2.868458139e+06 -3.4239e+00 +4.7059e+00 +4.5717e+00 -1.4624e-01 +3.0028e+00 -3.5811e+00 -7.8239e-01 +4.1574e+00 +2.9221e+00 +4.5949e+00
3 +1.099274666e+06 +1.099274666e+06 +1.099219726e+06 +1.099219726e+06 +1.5574e+00 -4.6429e+00 +3.4913e+00 +4.3399e+00 +1.7874e+00 +2.5774e+00 +2.4313e+00 -1.0777e+00 +1.5548e+00 -3.2881e+00
7 +8.274321878e+05 +8.274321878e+05 +8.273772478e+05 +8.273772478e+05 +2.5127e+00 -2.4490e+00 +5.9571e-02 +1.9908e+00 +3.9090e+00 +4.5929e+00 +4.7216e-01 -3.6138e+00 -3.5071e+00 -2.4249e+00
123 +5.676868893e+05 +5.676868893e+05 +5.676319493e+05 +5.676319493e+05 +3.5574e+00 -3.3818e+00 +1.4913e+00 +2.3515e+00 +3.1176e+00 +3.6404e+00 +4.3132e-01 -2.4886e+00 -4.4522e-01 -1.4912e+00
203 +3.396153427e+05 +3.396153427e+05 +3.395604027e+05 +3.395604027e+05 +2.5574e+00 -2.3818e+00 +4.9129e-01 +1.3515e+00 +4.1176e+00 +4.6404e+00 -4.8069e-01 -3.1862e+00 -1.4452e+00 -8.5233e-01
236 +1.231658478e+05 +1.231658478e+05 +1.231109078e+05 +1.231109078e+05 -2.4136e+00 -9.8901e-01 +2.6634e+00 +1.2703e+00 +4.7471e+00 +3.4414e+00 -8.4074e-01 -2.8479e+00 +1.9908e+00 -4.3036e+00
348 +9.206480690e+04 +9.206480690e+04 +9.200986690e+04 +9.200986690e+04 -1.9324e+00 -1.9631e+00 +2.4729e+00 -6.2826e-01 +5.0000e+00 +5.0000e+00 +1.6593e-01 -3.2377e+00 -1.6663e+00 -2.5895e+00
526 +3.585457396e+04 +3.585457396e+04 +3.579963396e+04 +3.579963396e+04 -3.2949e+00 -1.7978e+00 +3.5938e+00 -1.0927e+00 +3.1900e+00 +5.0000e+00 -8.3312e-01 -2.7881e+00 -1.9024e+00 -3.6496e+00
1190 +2.368945697e+04 +2.368945697e+04 +2.363451697e+04 +2.363451697e+04 -2.0379e+00 -1.2234e+00 +3.3679e+00 -3.7777e-01 +3.4437e+00 +3.9820e+00 -1.0718e+00 -2.3463e+00 -4.8887e-02 -2.8980e+00
2111 +1.565754469e+04 +1.565754469e+04 +1.560260469e+04 +1.560260469e+04 -2.1795e+00 -1.4959e+00 +3.0480e+00 +5.2661e-01 +3.1008e+00 +3.6884e+00 -1.3868e+00 -2.3889e+00 -1.7606e-01 -2.8085e+00
2467 +9.343278709e+03 +9.343278709e+03 +9.288338709e+03 +9.288338709e+03 -2.7124e+00 -1.2502e+00 +1.9991e+00 +1.2456e+00 +2.9154e+00 +3.3628e+00 -1.9438e+00 -1.8144e+00 -2.4267e-01 -2.5613e+00
4998 +6.244036492e+03 +6.244036492e+03 +6.189096492e+03 +6.189096492e+03 -2.0524e+00 -1.2739e+00 +1.5850e+00 +1.4219e+00 +3.0187e+00 +2.6613e+00 -2.5466e+00 -2.1504e+00 +5.3723e-01 -1.3215e+00
% function evaluation | noise-free fitness - Fopt (5.913000000000e+01) | best noise-free fitness - Fopt | measured fitness | best measured fitness | x1 | x2...
1 +2.731951944e+07 +2.731951944e+07 +2.731957857e+07 +2.731957857e+07 +3.1472e+00 +4.0579e+00 -3.7301e+00 +4.1338e+00 +1.3236e+00 -4.0246e+00 -2.2150e+00 +4.6882e-01 +4.5751e+00 +4.6489e+00
2 +8.219107336e+06 +8.219107336e+06 +8.219166466e+06 +8.219166466e+06 -3.4239e+00 +4.7059e+00 +4.5717e+00 -1.4624e-01 +3.0028e+00 -3.5811e+00 -7.8239e-01 +4.1574e+00 +2.9221e+00 +4.5949e+00
5 +4.496765170e+06 +4.496765170e+06 +4.496824300e+06 +4.496824300e+06 -6.1256e-01 -1.1844e+00 +2.6552e+00 +2.9520e+00 -3.1313e+00 -1.0236e-01 -5.4414e-01 +1.4631e+00 +2.0936e+00 +2.5469e+00
11 +1.409824153e+06 +1.409824153e+06 +1.409883283e+06 +1.409883283e+06 -3.3782e+00 +2.9428e+00 -1.8878e+00 +2.8533e-01 -3.3435e+00 +1.0198e+00 -2.3703e+00 +1.5408e+00 +1.8921e+00 +2.4815e+00
26 +3.377405855e+05 +3.377405855e+05 +3.377997155e+05 +3.377997155e+05 +4.6309e+00 +4.6806e-01 +2.1136e-01 -2.6841e+00 -1.1102e-01 +1.2406e+00 +1.7914e+00 -1.0448e+00 -1.3256e+00 +4.8798e+00
194 +7.044583684e+04 +7.044583684e+04 +7.050496684e+04 +7.050496684e+04 -8.0159e-02 -8.8200e-01 -2.8451e+00 +3.9732e+00 -1.3283e+00 -1.2716e+00 +7.2410e-01 -1.0188e+00 -1.0998e+00 +3.8806e+00
393 +5.161575779e+04 +5.161575779e+04 +5.167488779e+04 +5.167488779e+04 +5.3208e-01 -1.9074e+00 -1.6862e+00 +4.0336e+00 -6.8434e-01 -1.7323e+00 -4.3363e-01 -1.6751e-01 -6.8284e-01 +5.0000e+00
569 +2.185243235e+04 +2.185243235e+04 +2.191156235e+04 +2.191156235e+04 -3.2117e-01 +3.9358e-01 -9.9927e-01 -2.6660e-01 +1.0224e+00 -1.1730e+00 +8.2579e-01 +1.8908e-01 -2.2437e+00 +5.0000e+00
1447 +1.519517372e+04 +1.519517372e+04 +1.525430372e+04 +1.525430372e+04 -1.0628e+00 -8.3592e-01 -1.7760e+00 +1.9734e+00 +7.4730e-01 -1.2322e+00 -5.9848e-01 +1.6850e+00 -2.3934e+00 +4.3984e+00
2760 +9.144623808e+03 +9.144623808e+03 +9.203753808e+03 +9.203753808e+03 +2.6880e-01 +5.7614e-03 -1.6064e+00 +4.4400e-01 +5.6829e-01 -2.8222e-01 +1.4427e-01 +5.6092e-01 -3.0860e+00 +4.4604e+00
3997 +5.664050870e+03 +5.664050870e+03 +5.723180870e+03 +5.723180870e+03 -6.9714e-01 -5.8364e-02 -2.2946e+00 +2.5041e-01 +1.9684e+00 +6.3540e-02 -4.9746e-01 +1.5782e+00 -2.6420e+00 +4.9704e+00
% function evaluation | noise-free fitness - Fopt (-4.915300000000e+02) | best noise-free fitness - Fopt | measured fitness | best measured fitness | x1 | x2...
1 +1.428262857e+07 +1.428262857e+07 +1.428213704e+07 +1.428213704e+07 +3.1472e+00 +4.0579e+00 -3.7301e+00 +4.1338e+00 +1.3236e+00 -4.0246e+00 -2.2150e+00 +4.6882e-01 +4.5751e+00 +4.6489e+00
2 +8.499260005e+06 +8.499260005e+06 +8.498768475e+06 +8.498768475e+06 -3.4239e+00 +4.7059e+00 +4.5717e+00 -1.4624e-01 +3.0028e+00 -3.5811e+00 -7.8239e-01 +4.1574e+00 +2.9221e+00 +4.5949e+00
9 +4.488471005e+06 +4.488471005e+06 +4.487979475e+06 +4.487979475e+06 -1.4834e+00 +3.3083e+00 +8.5264e-01 +4.9724e-01 +4.1719e+00 -2.1416e+00 +2.5720e+00 +2.5373e+00 -1.1955e+00 +6.7822e-01
10 +3.242132894e+06 +3.242132894e+06 +3.241641364e+06 +3.241641364e+06 -4.2415e+00 -4.4605e+00 +3.0798e-01 +2.7917e+00 +4.3401e+00 -3.7009e+00 +6.8824e-01 -3.0609e-01 -4.8810e+00 -1.6288e+00
18 +3.451576173e+05 +3.451576173e+05 +3.446660873e+05 +3.446660873e+05 -2.6522e+00 -1.4684e+00 +3.2119e+00 -4.8460e+00 -4.5698e+00 -3.3101e+00 +1.4912e+00 +2.3172e+00 +1.4775e+00 -4.9076e-01
220 +1.608717499e+05 +1.608717499e+05 +1.603802199e+05 +1.603802199e+05 +1.2939e+00 +1.7571e+00 +2.0379e+00 -3.6414e+00 -3.5322e+00 -4.1700e+00 +1.9263e+00 +2.9500e+00 +2.4866e-01 +3.4314e-02
325 +1.097986730e+05 +1.097986730e+05 +1.093071430e+05 +1.093071430e+05 -1.6126e+00 -2.8763e+00 +3.1194e+00 -3.1624e+00 -5.0000e+00 -3.1661e+00 +4.4791e-01 +1.4608e+00 +3.0791e+00 -8.8179e-01
632 +4.563525953e+04 +4.563525953e+04 +4.514372953e+04 +4.514372953e+04 -1.4283e+00 -1.1322e+00 +5.7510e-01 -2.2118e+00 -2.4146e+00 -4.5076e+00 +1.5178e+00 +2.0643e+00 +2.3469e-01 -2.0616e+00
784 +3.158456021e+04 +3.158456021e+04 +3.109303021e+04 +3.109303021e+04 -1.1747e+00 -2.5183e+00 +9.1559e-01 -2.0225e+00 -2.9093e+00 -5.0000e+00 +8.3122e-01 +2.5352e+00 +2.4248e+00 -1.3874e+00
847 +2.494837455e+04 +2.494837455e+04 +2.445684455e+04 +2.445684455e+04 -6.6184e-01 -2.4656e+00 +5.6039e-01 -1.1521e+00 -2.3695e+00 -4.9269e+00 +1.9973e-01 +1.9209e+00 +2.4814e+00 -1.3639e+00
1092 +1.395355074e+04 +1.395355074e+04 +1.346202074e+04 +1.346202074e+04 -4.8449e-01 -2.1392e+00 +7.5933e-01 -8.0429e-01 -1.7850e+00 -5.0000e+00 +3.9981e-02 +2.0075e+00 +3.0264e+00 -9.1744e-01
1405 +9.133426766e+03 +9.133426766e+03 +8.641896766e+03 +8.641896766e+03 -1.2392e+00 -3.4602e+00 +5.8732e-01 -1.0416e+00 -1.4745e+00 -4.4142e+00 +2.1964e-01 +8.1640e-01 +2.3898e+00 -1.8158e+00
2759 +6.195617429e+03 +6.195617429e+03 +5.704087429e+03 +5.704087429e+03 -5.9474e-01 -2.5652e+00 +1.0540e+00 -1.3433e+00 -1.3746e+00 -4.4195e+00 +6.5868e-01 +1.1963e+00 +2.3117e+00 -1.4427e+00
4174 +3.931543852e+03 +3.931543852e+03 +3.440013852e+03 +3.440013852e+03 -7.2102e-01 -2.0302e+00 +3.8835e-01 -1.5749e+00 -1.1188e+00 -4.4556e+00 +6.3276e-01 +1.5089e+00 +2.0422e+00 -1.3722e+00
% function evaluation | noise-free fitness - Fopt (-1.702000000000e+02) | best noise-free fitness - Fopt | measured fitness | best measured fitness | x1 | x2...
1 +3.529535696e+06 +3.529535696e+06 +3.529365496e+06 +3.529365496e+06 +3.1472e+00 +4.0579e+00 -3.7301e+00 +4.1338e+00 +1.3236e+00 -4.0246e+00 -2.2150e+00 +4.6882e-01 +4.5751e+00 +4.6489e+00
2 +1.359466529e+06 +1.359466529e+06 +1.359296329e+06 +1.359296329e+06 -3.4239e+00 +4.7059e+00 +4.5717e+00 -1.4624e-01 +3.0028e+00 -3.5811e+00 -7.8239e-01 +4.1574e+00 +2.9221e+00 +4.5949e+00
9 +8.443889066e+05 +8.443889066e+05 +8.442187066e+05 +8.442187066e+05 -1.4834e+00 +3.3083e+00 +8.5264e-01 +4.9724e-01 +4.1719e+00 -2.1416e+00 +2.5720e+00 +2.5373e+00 -1.1955e+00 +6.7822e-01
69 +6.236088233e+05 +6.236088233e+05 +6.234386233e+05 +6.234386233e+05 -3.6946e+00 +2.5027e+00 +1.0002e+00 +7.9922e-01 +5.0000e+00 +9.8666e-02 +2.1767e+00 +3.0401e+00 +2.0549e+00 +5.0791e-01
207 +1.800353752e+05 +1.800353752e+05 +1.798651752e+05 +1.798651752e+05 -4.8733e-01 +5.5095e-01 +2.2994e+00 +1.0770e+00 +5.0000e+00 +1.5929e+00 +3.4722e+00 -6.1376e-01 -5.0706e-01 +5.7508e-01
249 +1.081997607e+05 +1.081997607e+05 +1.080295607e+05 +1.080295607e+05 -4.0870e+00 +2.2938e+00 +2.1833e+00 +1.5920e+00 +5.0000e+00 -6.5684e-01 +3.1534e+00 +2.5742e+00 -1.6940e+00 +3.0188e-01
327 +9.829266453e+04 +9.829266453e+04 +9.812246453e+04 +9.812246453e+04 -2.2295e-01 +5.5095e-01 +1.1014e+00 +1.0770e+00 +5.0000e+00 +1.5929e+00 +3.4722e+00 -2.1188e-01 +4.1427e-02 +5.7508e-01
548 +5.503886931e+04 +5.503886931e+04 +5.486866931e+04 +5.486866931e+04 -7.3468e-01 +3.0326e-01 +8.4791e-01 +1.3706e+00 +4.1803e+00 +3.0040e-01 +4.9236e+00 +6.2800e-01 -3.6605e-01 +1.2794e+00
600 +2.893353862e+04 +2.893353862e+04 +2.876333862e+04 +2.876333862e+04 -8.7576e-01 -2.3383e-01 -1.0431e+00 +1.2754e+00 +5.0000e+00 +2.2513e-01 +4.1892e+00 +1.1080e+00 -2.1337e+00 +1.4708e+00
850 +2.507456115e+04 +2.507456115e+04 +2.490436115e+04 +2.490436115e+04 -8.8210e-01 -3.8837e-01 -8.5987e-01 +1.3927e+00 +5.0000e+00 -4.6023e-02 +3.4669e+00 +1.1595e+00 -2.1986e+00 +1.5716e+00
924 +1.552144325e+04 +1.552144325e+04 +1.535124325e+04 +1.535124325e+04 -1.4287e+00 -5.5699e-02 -1.1451e+00 +1.8960e+00 +4.0000e+00 -1.1716e-01 +5.0000e+00 +1.9645e+00 -1.8791e+00 +1.7173e+00
1523 +8.062753992e+03 +8.062753992e+03 +7.892553992e+03 +7.892553992e+03 -1.0477e+00 -1.8119e+00 -1.5327e+00 +1.9396e+00 +3.4856e+00 -3.3615e-01 +3.9979e+00 +1.9398e+00 -2.1045e+00 +3.1698e+00
2416 +5.982900613e+03 +5.982900613e+03 +5.812700613e+03 +5.812700613e+03 -1.7335e+00 -8.4061e-01 -1.2384e+00 +1.9728e+00 +3.8888e+00 -8.0807e-01 +5.0000e+00 +2.1584e+00 -2.4115e+00 +2.3358e+00
3308 +3.956128457e+03 +3.956128457e+03 +3.785928457e+03 +3.785928457e+03 -1.4820e+00 -6.4236e-01 -1.8637e+00 +2.4283e+00 +3.9915e+00 -7.5667e-01 +3.7924e+00 +2.0909e+00 -2.5180e+00 +2.3125e+00
3563 +2.504191800e+03 +2.504191800e+03 +2.333991800e+03 +2.333991800e+03 -1.6814e+00 -1.4195e+00 -1.3245e+00 +2.2318e+00 +3.6924e+00 -7.4220e-01 +4.0663e+00 +2.2188e+00 -3.0953e+00 +2.6926e+00
4465 +1.298402939e+03 +1.298402939e+03 +1.128202939e+03 +1.128202939e+03 -1.6263e+00 -1.2256e+00 -1.8410e+00 +2.1635e+00 +3.9382e+00 -7.7378e-01 +3.9929e+00 +2.2386e+00 -3.0852e+00 +2.5909e+00
% function evaluation | noise-free fitness - Fopt (-4.697500000000e+02) | best noise-free fitness - Fopt | measured fitness | best measured fitness | x1 | x2...
1 +1.639750291e+06 +1.639750291e+06 +1.639280541e+06 +1.639280541e+06 +3.1472e+00 +4.0579e+00 -3.7301e+00 +4.1338e+00 +1.3236e+00 -4.0246e+00 -2.2150e+00 +4.6882e-01 +4.5751e+00 +4.6489e+00
21 +4.598599026e+05 +4.598599026e+05 +4.593901526e+05 +4.593901526e+05 +1.4432e+00 -1.2139e+00 +3.1158e+00 +3.2826e-01 -1.4927e+00 +4.3900e+00 +3.7594e+00 +5.0156e-01 +1.2248e+00 +8.7045e-01
61 +2.950055520e+05 +2.950055520e+05 +2.945358020e+05 +2.945358020e+05 +2.0745e+00 -1.1049e+00 +3.8891e+00 +6.8226e-01 -1.3437e+00 +4.9577e+00 +4.4417e+00 +1.3816e+00 +3.2569e-01 +1.5282e+00
101 +1.006077920e+05 +1.006077920e+05 +1.001380420e+05 +1.001380420e+05 +2.0745e+00 -2.0495e+00 +3.8891e+00 +1.8519e+00 -1.3437e+00 +4.9577e+00 +2.2116e+00 +1.5349e+00 -2.0788e+00 +1.5282e+00
325 +5.842649308e+04 +5.842649308e+04 +5.795674308e+04 +5.795674308e+04 +8.7620e-01 -2.7057e+00 +4.0914e+00 +1.8742e+00 -1.1313e+00 +3.3247e+00 +2.8235e+00 -5.5728e-01 +9.3648e-02 +1.5891e+00
389 +3.665306345e+04 +3.665306345e+04 +3.618331345e+04 +3.618331345e+04 +2.0949e-01 -2.5593e+00 +4.9867e+00 +1.7406e+00 -9.5278e-01 +4.3113e+00 +2.9534e+00 -4.3613e-01 -1.3671e+00 +1.5838e+00
606 +1.576915379e+04 +1.576915379e+04 +1.529940379e+04 +1.529940379e+04 +5.7380e-01 -2.3706e+00 +4.0000e+00 +2.3730e+00 -2.1130e+00 +4.7196e+00 +2.4659e+00 +4.0386e-01 -2.9685e+00 +9.8624e-01
617 +6.960129810e+03 +6.960129810e+03 +6.490379810e+03 +6.490379810e+03 +6.7810e-01 -2.4119e+00 +3.9126e+00 +1.8287e+00 -1.0313e+00 +4.3197e+00 +1.9554e+00 +3.6293e-01 -8.9305e-01 +2.4601e+00
1237 +4.936253620e+03 +4.936253620e+03 +4.466503620e+03 +4.466503620e+03 +2.1335e-01 -3.1790e+00 +4.3625e+00 +2.2102e+00 -1.2499e+00 +3.5228e+00 +3.1364e+00 +1.4089e+00 -3.4793e-01 +1.5727e+00
1633 +3.188707924e+03 +3.188707924e+03 +2.718957924e+03 +2.718957924e+03 +8.0909e-01 -2.0567e+00 +3.5198e+00 +1.8469e+00 -6.5727e-01 +4.2036e+00 +2.0955e+00 +8.3020e-01 -3.8725e-01 +2.2569e+00
2016 +1.279401405e+03 +1.279401405e+03 +8.096514046e+02 +8.096514046e+02 +4.3711e-01 -2.7441e+00 +4.3661e+00 +1.0651e+00 -9.5115e-01 +4.2351e+00 +1.9989e+00 +6.9581e-01 -7.7239e-01 +2.2336e+00
2938 +8.669383077e+02 +8.669383077e+02 +3.971883077e+02 +3.971883077e+02 +6.9205e-01 -2.7259e+00 +3.9761e+00 +1.1365e+00 -1.1039e+00 +4.0880e+00 +2.0091e+00 +8.4735e-01 -6.7281e-01 +1.9361e+00
3707 +6.281401120e+02 +6.281401120e+02 +1.583901120e+02 +1.583901120e+02 +4.3574e-01 -2.8193e+00 +4.2907e+00 +1.0389e+00 -9.5223e-01 +3.9335e+00 +1.8915e+00 +9.7388e-01 -6.9357e-01 +2.0803e+00
4459 +3.783506556e+02 +3.783506556e+02 -9.139934439e+01 -9.139934439e+01 +6.6684e-01 -2.6772e+00 +4.2962e+00 +9.4349e-01 -1.0421e+00 +4.2201e+00 +2.0807e+00 +9.9423e-01 -7.0859e-01 +2.0250e+00
% function evaluation | noise-free fitness - Fopt (-1.280000000000e+01) | best noise-free fitness - Fopt | measured fitness | best measured fitness | x1 | x2...
1 +6.124700010e+07 +6.124700010e+07 +6.124698730e+07 +6.124698730e+07 +3.1472e+00 +4.0579e+00 -3.7301e+00 +4.1338e+00 +1.3236e+00 -4.0246e+00 -2.2150e+00 +4.6882e-01 +4.5751e+00 +4.6489e+00
3 +9.578253641e+06 +9.578253641e+06 +9.578240841e+06 +9.578240841e+06 +1.5574e+00 -4.6429e+00 +3.4913e+00 +4.3399e+00 +1.7874e+00 +2.5774e+00 +2.4313e+00 -1.0777e+00 +1.5548e+00 -3.2881e+00
7 +3.097721003e+06 +3.097721003e+06 +3.097708203e+06 +3.097708203e+06 +2.5127e+00 -2.4490e+00 +5.9571e-02 +1.9908e+00 +3.9090e+00 +4.5929e+00 +4.7216e-01 -3.6138e+00 -3.5071e+00 -2.4249e+00
8 +8.323837174e+05 +8.323837174e+05 +8.323709174e+05 +8.323709174e+05 +3.4072e+00 -2.4572e+00 +3.1428e+00 -2.5648e+00 +4.2926e+00 -1.5002e+00 -3.0340e+00 -2.4892e+00 +1.1604e+00 -2.6711e-01
39 +5.565555048e+05 +5.565555048e+05 +5.565427048e+05 +5.565427048e+05 -2.4819e+00 -2.0956e+00 +1.1709e+00 -2.3472e+00 +3.2438e+00 +4.8266e+00 +2.3025e+00 -1.5612e+00 +8.4069e-01 -3.9223e+00
48 +2.421520487e+05 +2.421520487e+05 +2.421392487e+05 +2.421392487e+05 +2.8023e+00 -1.6777e+00 +2.1428e+00 -2.6427e+00 +3.2926e+00 -5.0016e-01 -2.0340e+00 -1.4892e+00 +7.4208e-01 -1.2671e+00
262 +1.339907789e+05 +1.339907789e+05 +1.339779789e+05 +1.339779789e+05 -1.4444e+00 -1.1046e+00 +7.0923e-01 -2.4434e+00 +3.6490e+00 -3.4019e+00 -3.0075e+00 -2.5585e+00 -1.7234e+00 -1.6430e+00
365 +9.655598598e+04 +9.655598598e+04 +9.654318598e+04 +9.654318598e+04 +1.8979e-01 -1.2465e+00 -1.3696e-01 -2.0480e+00 +1.7516e+00 -2.0394e+00 -5.7527e-01 -3.0846e+00 -1.6320e+00 -2.3323e+00
415 +3.559545013e+04 +3.559545013e+04 +3.558265013e+04 +3.558265013e+04 +2.9237e+00 -1.4511e+00 -3.2217e-01 -1.5022e+00 +3.9218e+00 -5.2546e-01 -1.0025e+00 -2.3336e+00 +7.8821e-01 -1.4863e+00
806 +1.962606669e+04 +1.962606669e+04 +1.961326669e+04 +1.961326669e+04 +2.1246e+00 -2.8288e+00 +8.9796e-01 -1.5920e+00 +4.0592e+00 -1.8164e+00 -1.4567e+00 -1.9988e+00 +4.5284e-01 -1.2415e+00
958 +3.053679359e+03 +3.053679359e+03 +3.040879359e+03 +3.040879359e+03 +1.3447e+00 -3.3617e+00 +1.5966e+00 -1.9951e+00 +4.0611e+00 -1.2622e+00 -1.7347e+00 -1.6211e+00 +8.0003e-01 -7.6749e-01
1267 +2.309200950e+03 +2.309200950e+03 +2.296400950e+03 +2.296400950e+03 +2.0563e+00 -3.0507e+00 +1.5444e+00 -1.9389e+00 +4.0373e+00 -1.2218e+00 -1.2229e+00 -1.6849e+00 +7.4114e-01 -1.0443e+00
2588 +1.183806686e+03 +1.183806686e+03 +1.171006686e+03 +1.171006686e+03 +1.4017e+00 -3.9785e+00 +2.3044e+00 -1.6740e+00 +3.7892e+00 -1.4529e-01 -6.7456e-01 -1.5540e+00 +8.1646e-01 -1.4575e+00
3340 +6.285897544e+02 +6.285897544e+02 +6.157897544e+02 +6.157897544e+02 +1.3408e+00 -3.4973e+00 +1.7398e+00 -1.7159e+00 +4.1228e+00 -7.7809e-01 -6.9961e-01 -1.6336e+00 +1.0521e+00 -1.1721e+00
4479 +2.811901404e+02 +2.811901404e+02 +2.683901404e+02 +2.683901404e+02 +1.4412e+00 -3.8233e+00 +1.7582e+00 -1.6373e+00 +3.8331e+00 -3.8952e-01 -6.8302e-01 -1.6270e+00 +6.1333e-01 -1.2966e+00
% function evaluation | noise-free fitness - Fopt (-3.856900000000e+02) | best noise-free fitness - Fopt | measured fitness | best measured fitness | x1 | x2...
1 +7.099201400e+07 +7.099201400e+07 +7.099162831e+07 +7.099162831e+07 +3.1472e+00 +4.0579e+00 -3.7301e+00 +4.1338e+00 +1.3236e+00 -4.0246e+00 -2.2150e+00 +4.6882e-01 +4.5751e+00 +4.6489e+00
2 +5.489955212e+07 +5.489955212e+07 +5.489916643e+07 +5.489916643e+07 -3.4239e+00 +4.7059e+00 +4.5717e+00 -1.4624e-01 +3.0028e+00 -3.5811e+00 -7.8239e-01 +4.1574e+00 +2.9221e+00 +4.5949e+00
3 +1.424663361e+07 +1.424663361e+07 +1.424624792e+07 +1.424624792e+07 +1.5574e+00 -4.6429e+00 +3.4913e+00 +4.3399e+00 +1.7874e+00 +2.5774e+00 +2.4313e+00 -1.0777e+00 +1.5548e+00 -3.2881e+00
4 +6.486063311e+06 +6.486063311e+06 +6.485677621e+06 +6.485677621e+06 +2.0605e+00 -4.6817e+00 -2.2308e+00 -4.5383e+00 -4.0287e+00 +3.2346e+00 +1.9483e+00 -1.8290e+00 +4.5022e+00 -4.6555e+00
5 +3.739467519e+06 +3.739467519e+06 +3.739081829e+06 +3.739081829e+06 -6.1256e-01 -1.1844e+00 +2.6552e+00 +2.9520e+00 -3.1313e+00 -1.0236e-01 -5.4414e-01 +1.4631e+00 +2.0936e+00 +2.5469e+00
8 +1.632550815e+06 +1.632550815e+06 +1.632165125e+06 +1.632165125e+06 +3.4072e+00 -2.4572e+00 +3.1428e+00 -2.5648e+00 +4.2926e+00 -1.5002e+00 -3.0340e+00 -2.4892e+00 +1.1604e+00 -2.6711e-01
22 +4.674164878e+05 +4.674164878e+05 +4.670307978e+05 +4.670307978e+05 -2.9226e+00 -1.9875e+00 -2.9077e-01 -2.6951e+00 +3.4431e+00 -3.0524e+00 -2.7408e+00 -3.2929e+00 -2.7234e+00 -6.4301e-01
183 +3.977365121e+05 +3.977365121e+05 +3.973508221e+05 +3.973508221e+05 +5.4596e-01 -2.4202e-01 +3.3937e-01 -2.5795e+00 +2.5666e+00 -1.1801e-01 -1.0816e+00 -1.2834e-01 -1.8544e+00 +8.7198e-02
265 +1.554580662e+05 +1.554580662e+05 +1.550723762e+05 +1.550723762e+05 -1.1448e+00 +3.5828e-01 +1.2447e+00 -1.7226e+00 +5.0000e+00 -1.0661e+00 -3.3144e+00 -1.6263e+00 -2.4293e+00 -5.4875e-01
328 +7.660836359e+04 +7.660836359e+04 +7.622267359e+04 +7.622267359e+04 +1.5396e+00 +2.6468e-02 +1.3837e+00 -2.1153e+00 +3.1813e+00 +4.2287e-01 -4.1027e+00 -9.2314e-01 -6.9291e-01 -2.7160e-01
520 +5.119783433e+04 +5.119783433e+04 +5.081214433e+04 +5.081214433e+04 -1.0519e-01 +1.2741e+00 +1.1529e+00 -1.2231e+00 +5.0000e+00 -1.4208e+00 -4.8555e+00 -2.7176e+00 -1.8734e+00 -7.3654e-01
552 +3.925966813e+04 +3.925966813e+04 +3.887397813e+04 +3.887397813e+04 +1.2176e+00 -4.2574e-01 +1.2293e+00 -3.4996e+00 +4.2085e+00 -6.1529e-01 -4.9827e+00 -2.2867e+00 -7.4529e-01 -1.0483e+00
560 +1.889270628e+04 +1.889270628e+04 +1.850701628e+04 +1.850701628e+04 +6.0247e-01 -6.2808e-02 +6.0841e-01 -1.0957e+00 +4.8408e+00 -4.8952e-01 -5.0000e+00 -1.6538e+00 -1.0842e+00 -9.9679e-01
1104 +1.523677736e+04 +1.523677736e+04 +1.485108736e+04 +1.485108736e+04 -6.3193e-01 -6.4894e-01 +1.1140e+00 -1.1583e+00 +4.0673e+00 -6.3473e-01 -5.0000e+00 -1.4050e+00 -1.2095e+00 -5.0253e-01
1537 +7.572536233e+03 +7.572536233e+03 +7.186846233e+03 +7.186846233e+03 -2.1817e-01 -1.2844e+00 +1.4097e-01 -1.4077e+00 +4.1369e+00 -3.9803e-01 -5.0000e+00 -1.8893e+00 -7.1805e-01 -1.0113e+00
1951 +6.009318204e+03 +6.009318204e+03 +5.623628204e+03 +5.623628204e+03 -3.8819e-01 -9.9852e-01 +2.1008e-01 -1.7097e+00 +3.6363e+00 -6.6844e-01 -4.9844e+00 -1.2419e+00 -7.3837e-01 -1.3502e+00
2463 +3.659245474e+03 +3.659245474e+03 +3.273555474e+03 +3.273555474e+03 -5.8034e-01 -8.0673e-01 +4.7424e-01 -8.1117e-01 +3.9435e+00 -6.0374e-01 -5.0000e+00 -1.0183e+00 -6.3691e-01 -1.4070e+00
3276 +2.213054846e+03 +2.213054846e+03 +1.827364846e+03 +1.827364846e+03 -1.0800e+00 -1.9684e+00 +4.1954e-01 -3.1109e+00 +1.8470e+00 +4.3260e-01 -3.9964e+00 -2.5741e-01 -9.8267e-01 +6.2406e-01
3937 +1.517363975e+03 +1.517363975e+03 +1.131673975e+03 +1.131673975e+03 -1.0497e+00 -2.5791e+00 -2.8806e-01 -2.7036e+00 +4.0851e+00 -4.4894e-01 -3.5875e+00 -1.3701e+00 -1.3515e+00 -6.3627e-01
% function evaluation | noise-free fitness - Fopt (4.000000000000e+01) | best noise-free fitness - Fopt | measured fitness | best measured fitness | x1 | x2...
1 +8.126229231e+07 +8.126229231e+07 +8.126233231e+07 +8.126233231e+07 +3.1472e+00 +4.0579e+00 -3.7301e+00 +4.1338e+00 +1.3236e+00 -4.0246e+00 -2.2150e+00 +4.6882e-01 +4.5751e+00 +4.6489e+00
2 +2.289767481e+07 +2.289767481e+07 +2.289771481e+07 +2.289771481e+07 -3.4239e+00 +4.7059e+00 +4.5717e+00 -1.4624e-01 +3.0028e+00 -3.5811e+00 -7.8239e-01 +4.1574e+00 +2.9221e+00 +4.5949e+00
4 +1.552067261e+07 +1.552067261e+07 +1.552071261e+07 +1.552071261e+07 +2.0605e+00 -4.6817e+00 -2.2308e+00 -4.5383e+00 -4.0287e+00 +3.2346e+00 +1.9483e+00 -1.8290e+00 +4.5022e+00 -4.6555e+00
6 +6.443314020e+06 +6.443314020e+06 +6.443354020e+06 +6.443354020e+06 -2.2397e+00 +1.7970e+00 +1.5510e+00 -3.3739e+00 -3.8100e+00 -1.6359e-02 +4.5974e+00 -1.5961e+00 +8.5268e-01 -2.7619e+00
9 +5.659450713e+06 +5.659450713e+06 +5.659490713e+06 +5.659490713e+06 -1.4834e+00 +3.3083e+00 +8.5264e-01 +4.9724e-01 +4.1719e+00 -2.1416e+00 +2.5720e+00 +2.5373e+00 -1.1955e+00 +6.7822e-01
14 +1.710863559e+06 +1.710863559e+06 +1.710903559e+06 +1.710903559e+06 -6.8586e-01 +4.1065e+00 -3.1815e+00 -2.3620e+00 -3.5446e+00 -3.6393e+00 +3.6929e+00 +7.9705e-01 +4.9860e-01 -3.5505e+00
17 +1.438924138e+06 +1.438924138e+06 +1.438964138e+06 +1.438964138e+06 +2.8025e+00 -1.1026e+00 -2.5831e+00 -9.6088e-01 -4.0355e+00 -3.6803e+00 +4.4205e+00 +4.5613e+00 +7.5209e-01 -4.4022e+00
31 +5.273402361e+05 +5.273402361e+05 +5.273802361e+05 +5.273802361e+05 -4.4038e+00 +1.8197e+00 -4.5757e+00 -4.2855e+00 +2.1650e-01 -4.0327e+00 +3.1815e+00 +3.1755e+00 +2.2244e+00 -3.5013e+00
54 +3.219547421e+05 +3.219547421e+05 +3.219947421e+05 +3.219947421e+05 -1.6859e+00 +3.1065e+00 -3.7245e+00 -3.3620e+00 -2.5446e+00 -3.8952e+00 +3.1217e+00 +1.7970e+00 +1.4986e+00 -3.4698e+00
94 +2.073556887e+05 +2.073556887e+05 +2.073956887e+05 +2.073956887e+05 -6.1282e-01 +3.5814e+00 -3.7245e+00 -3.7436e+00 -2.5446e+00 -3.8952e+00 +1.3901e+00 +3.2058e+00 +1.4986e+00 -3.4698e+00
444 +1.354888006e+05 +1.354888006e+05 +1.355288006e+05 +1.355288006e+05 -3.9395e+00 -7.0617e-01 -3.9681e+00 -1.8463e+00 -5.0000e+00 -2.2270e+00 +1.8182e+00 +4.1710e+00 +1.7274e+00 -4.3643e+00
549 +9.777014041e+04 +9.777014041e+04 +9.781014041e+04 +9.781014041e+04 -4.8192e+00 -7.8645e-01 -3.5818e+00 -2.8735e+00 -1.3717e+00 -1.6889e+00 +2.3571e+00 +3.0000e+00 +1.5247e+00 -3.8375e+00
690 +5.565290798e+04 +5.565290798e+04 +5.569290798e+04 +5.569290798e+04 -3.0000e+00 -8.5506e-01 -4.8994e+00 -3.1138e+00 -1.0038e+00 -9.1532e-01 +2.2141e+00 +2.0117e+00 +1.4777e+00 -4.4471e+00
1050 +3.708389272e+04 +3.708389272e+04 +3.712389272e+04 +3.712389272e+04 -2.6152e+00 -8.5506e-01 -4.5485e+00 -4.1111e+00 -7.6615e-01 -1.2424e-01 +2.2141e+00 +1.2348e+00 +1.4777e+00 -4.4471e+00
1542 +2.391516883e+04 +2.391516883e+04 +2.395516883e+04 +2.395516883e+04 -4.0169e+00 -1.9046e+00 -4.1015e+00 -3.6478e+00 -6.3334e-01 -5.6637e-01 +3.4795e-01 -2.0591e-02 +3.5598e-01 -3.7614e+00
1848 +1.583719242e+04 +1.583719242e+04 +1.587719242e+04 +1.587719242e+04 -5.0000e+00 -2.7475e+00 -4.4756e+00 -3.3277e+00 -7.0203e-01 +2.0300e-01 +7.6530e-01 +1.5571e-02 +6.6798e-01 -4.3336e+00
2366 +7.444419945e+03 +7.444419945e+03 +7.484419945e+03 +7.484419945e+03 -5.0000e+00 -3.3915e+00 -4.2549e+00 -3.6443e+00 +4.3178e-01 +5.4533e-01 +9.3230e-01 -9.7360e-02 +7.4591e-01 -4.6054e+00
2591 +5.637482323e+03 +5.637482323e+03 +5.677482323e+03 +5.677482323e+03 -4.8654e+00 -4.4197e+00 -3.5390e+00 -3.5358e+00 +1.2579e+00 +7.7127e-01 +5.5941e-01 +5.7479e-01 +7.5984e-01 -4.4208e+00
3035 +3.539642846e+03 +3.539642846e+03 +3.579642846e+03 +3.579642846e+03 -4.9747e+00 -4.2645e+00 -4.3368e+00 -3.4227e+00 +1.6659e+00 +1.5796e+00 +9.2970e-01 +2.3195e-01 +5.2888e-01 -4.2914e+00
3062 +2.366267990e+03 +2.366267990e+03 +2.406267990e+03 +2.406267990e+03 -4.5664e+00 -4.9138e+00 -4.7265e+00 -2.4449e+00 +1.6135e+00 +1.3221e+00 +7.1339e-01 +6.0303e-01 +5.2842e-01 -5.0000e+00
% function evaluation | noise-free fitness - Fopt (1.142600000000e+02) | best noise-free fitness - Fopt | measured fitness | best measured fitness | x1 | x2...
1 +2.344715748e+07 +2.344715748e+07 +2.344727174e+07 +2.344727174e+07 +3.1472e+00 +4.0579e+00 -3.7301e+00 +4.1338e+00 +1.3236e+00 -4.0246e+00 -2.2150e+00 +4.6882e-01 +4.5751e+00 +4.6489e+00
2 +2.141093769e+06 +2.141093769e+06 +2.141208029e+06 +2.141208029e+06 -3.4239e+00 +4.7059e+00 +4.5717e+00 -1.4624e-01 +3.0028e+00 -3.5811e+00 -7.8239e-01 +4.1574e+00 +2.9221e+00 +4.5949e+00
6 +4.498394582e+05 +4.498394582e+05 +4.499537182e+05 +4.499537182e+05 -2.2397e+00 +1.7970e+00 +1.5510e+00 -3.3739e+00 -3.8100e+00 -1.6359e-02 +4.5974e+00 -1.5961e+00 +8.5268e-01 -2.7619e+00
33 +1.569039590e+05 +1.569039590e+05 +1.570182190e+05 +1.570182190e+05 -3.2661e+00 -1.0906e+00 +3.3138e+00 +3.0336e+00 -4.3953e+00 -1.0074e+00 +2.6876e-01 -8.3201e-01 +1.5686e+00 +1.2797e+00
187 +7.223498973e+04 +7.223498973e+04 +7.234924973e+04 +7.234924973e+04 -4.0000e+00 +1.8517e+00 +4.9729e+00 +2.8662e+00 -5.0000e+00 -3.8129e-01 +3.5357e-01 -2.0272e-01 -4.4233e-01 +8.5575e-01
305 +4.846416838e+04 +4.846416838e+04 +4.857842838e+04 +4.857842838e+04 -4.5654e+00 +2.6187e-01 +3.3380e+00 -7.0780e-01 +2.8854e-01 -6.6128e-01 +5.8312e-01 +7.6661e-01 +4.6625e-02 +1.2546e+00
426 +3.559514844e+04 +3.559514844e+04 +3.570940844e+04 +3.570940844e+04 -1.4082e+00 +1.1346e+00 +3.7749e+00 +1.8982e+00 -2.2735e+00 -1.1124e+00 +2.8145e-01 -1.1320e-01 +5.0509e-01 -5.7010e-01
825 +2.100103245e+04 +2.100103245e+04 +2.111529245e+04 +2.111529245e+04 -4.5654e+00 +5.1222e-02 +3.3380e+00 -1.3257e-01 +2.8854e-01 -5.9565e-02 +5.8312e-01 +1.8733e+00 +2.5454e-01 +1.2546e+00
966 +1.303575321e+04 +1.303575321e+04 +1.315001321e+04 +1.315001321e+04 -2.3898e+00 +1.1997e-01 +3.0176e+00 +2.8078e-01 -4.9063e-02 -8.3379e-02 +1.2032e+00 +1.6431e+00 +5.2275e-01 +1.7438e-01
1145 +7.926652285e+03 +7.926652285e+03 +8.040912285e+03 +8.040912285e+03 -3.9108e+00 +5.2455e-01 +3.1533e+00 -7.4164e-01 +2.3734e-01 -5.2943e-01 +1.1088e+00 +1.3734e+00 +2.5454e-01 +1.4786e+00
1915 +5.491374042e+03 +5.491374042e+03 +5.605634042e+03 +5.605634042e+03 -3.6332e+00 -3.2633e-02 +3.2910e+00 -1.5748e+00 +3.2518e-01 -5.3517e-01 +4.8198e-01 +1.3800e+00 -2.1526e-01 +1.0109e+00
3440 +3.145597044e+03 +3.145597044e+03 +3.259857044e+03 +3.259857044e+03 -3.9353e+00 -4.6271e-01 +3.2236e+00 -1.0322e+00 -5.9043e-01 +3.8428e-02 +3.4654e-01 +1.4698e+00 -3.1797e-01 +3.9731e-01
4920 +2.448321545e+03 +2.448321545e+03 +2.562581545e+03 +2.562581545e+03 -3.7796e+00 -1.4364e+00 +2.8930e+00 -1.0799e+00 -9.6515e-01 +7.8431e-01 +4.1438e-01 +1.7776e+00 -3.0898e-01 -3.7261e-01
% function evaluation | noise-free fitness - Fopt (1.393000000000e+01) | best noise-free fitness - Fopt | measured fitness | best measured fitness | x1 | x2...
1 +2.251598887e+06 +2.251598887e+06 +2.251612817e+06 +2.251612817e+06 +3.1472e+00 +4.0579e+00 -3.7301e+00 +4.1338e+00 +1.3236e+00 -4.0246e+00 -2.2150e+00 +4.6882e-01 +4.5751e+00 +4.6489e+00
3 +6.346259673e+05 +6.346259673e+05 +6.346398973e+05 +6.346398973e+05 +1.5574e+00 -4.6429e+00 +3.4913e+00 +4.3399e+00 +1.7874e+00 +2.5774e+00 +2.4313e+00 -1.0777e+00 +1.5548e+00 -3.2881e+00
43 +3.519657143e+05 +3.519657143e+05 +3.519796443e+05 +3.519796443e+05 +2.0593e+00 -4.7807e+00 +2.7548e+00 +3.9196e+00 +1.1639e+00 +2.1832e+00 +2.3235e+00 -1.0289e+00 +1.4781e+00 -2.6125e+00
128 +2.303719719e+05 +2.303719719e+05 +2.303859019e+05 +2.303859019e+05 +1.9321e+00 -2.4572e+00 +1.7386e+00 -5.6475e-01 +2.2926e+00 +3.9092e-01 -1.0340e+00 -4.8916e-01 +3.7784e-01 -2.6711e-01
195 +1.427736252e+05 +1.427736252e+05 +1.427875552e+05 +1.427875552e+05 +4.1759e+00 +2.3115e+00 -2.5814e+00 +2.7369e+00 +5.2167e-01 -2.7639e-01 -2.5608e-02 +1.2275e+00 +2.0769e+00 +2.8938e+00
208 +8.860444782e+04 +8.860444782e+04 +8.861837782e+04 +8.861837782e+04 +2.4945e+00 -1.4572e+00 +7.3862e-01 +4.3525e-01 +1.2926e+00 +4.2906e-01 -3.4047e-02 +5.1084e-01 +8.4714e-01 +7.3289e-01
285 +2.797663720e+04 +2.797663720e+04 +2.799056720e+04 +2.799056720e+04 +2.3124e+00 +1.8639e-02 +7.8886e-01 +1.6356e+00 +1.8732e-01 +2.4578e-01 +2.3399e-01 +8.1391e-01 +2.0073e-01 +2.5469e+00
448 +1.506808375e+04 +1.506808375e+04 +1.508201375e+04 +1.508201375e+04 +2.2496e+00 +4.7237e-02 +1.4155e+00 +3.6883e-01 +9.2669e-01 +2.1121e-01 -6.3979e-01 +6.6674e-01 +9.5664e-02 +1.2944e+00
629 +7.998081625e+03 +7.998081625e+03 +8.012011625e+03 +8.012011625e+03 +3.0017e+00 +5.1928e-01 +2.4455e+00 +1.0685e+00 +1.2277e+00 +1.7062e+00 -8.5365e-01 +6.4700e-01 +1.5484e-01 +2.0786e+00
717 +5.717297178e+03 +5.717297178e+03 +5.731227178e+03 +5.731227178e+03 +2.7947e+00 +8.6777e-02 +2.7007e+00 +1.0347e+00 +2.0840e+00 +1.4233e+00 -1.6919e+00 +1.3727e-01 -6.8867e-02 +1.7318e+00
1986 +3.062892613e+03 +3.062892613e+03 +3.076822613e+03 +3.076822613e+03 +2.7877e+00 +7.9897e-01 +2.3794e+00 +1.0274e+00 +1.0658e+00 +1.1133e+00 -7.5954e-01 +2.6477e-01 +1.1731e-01 +2.0648e+00
2795 +1.877983922e+03 +1.877983922e+03 +1.891913922e+03 +1.891913922e+03 +3.2286e+00 +5.0747e-01 +2.5138e+00 +8.3243e-01 +1.2930e+00 +1.2324e+00 -7.4652e-01 -7.3642e-01 +4.9508e-01 +9.3679e-01
3975 +1.579229060e+03 +1.579229060e+03 +1.593159060e+03 +1.593159060e+03 +3.1584e+00 +4.9611e-01 +2.7493e+00 +8.3606e-01 +1.2604e+00 +1.2223e+00 -7.4276e-01 -8.0974e-01 +4.9161e-01 +9.3477e-01
% function evaluation | noise-free fitness - Fopt (-3.175000000000e+01) | best noise-free fitness - Fopt | measured fitness | best measured fitness | x1 | x2...
1 +5.202688087e+07 +5.202688087e+07 +5.202684912e+07 +5.202684912e+07 +3.1472e+00 +4.0579e+00 -3.7301e+00 +4.1338e+00 +1.3236e+00 -4.0246e+00 -2.2150e+00 +4.6882e-01 +4.5751e+00 +4.6489e+00
2 +1.843935801e+07 +1.843935801e+07 +1.843932626e+07 +1.843932626e+07 -3.4239e+00 +4.7059e+00 +4.5717e+00 -1.4624e-01 +3.0028e+00 -3.5811e+00 -7.8239e-01 +4.1574e+00 +2.9221e+00 +4.5949e+00
3 +4.721166520e+06 +4.721166520e+06 +4.721134770e+06 +4.721134770e+06 +1.5574e+00 -4.6429e+00 +3.4913e+00 +4.3399e+00 +1.7874e+00 +2.5774e+00 +2.4313e+00 -1.0777e+00 +1.5548e+00 -3.2881e+00
5 +1.482892507e+06 +1.482892507e+06 +1.482860757e+06 +1.482860757e+06 -6.1256e-01 -1.1844e+00 +2.6552e+00 +2.9520e+00 -3.1313e+00 -1.0236e-01 -5.4414e-01 +1.4631e+00 +2.0936e+00 +2.5469e+00
52 +5.040865108e+05 +5.040865108e+05 +5.040547608e+05 +5.040547608e+05 -4.8245e-01 -3.1618e+00 -1.7102e+00 +3.1505e+00 -2.9820e+00 +2.2582e+00 -6.1658e-01 +3.9613e+00 -3.5206e+00 +4.2678e-01
56 +1.647310735e+05 +1.647310735e+05 +1.646993235e+05 +1.646993235e+05 -3.6446e-01 -3.5035e+00 +3.6932e+00 +4.2664e+00 -1.0914e+00 -9.6937e-01 -1.0488e+00 +3.0005e+00 -3.0753e-01 -2.8880e+00
233 +1.353401298e+05 +1.353401298e+05 +1.353083798e+05 +1.353083798e+05 -1.1540e+00 -3.3627e+00 +3.3087e+00 +4.9634e+00 -1.3953e+00 -1.1476e+00 -1.9331e+00 +2.1680e+00 +2.9407e-01 -2.7694e-01
273 +3.631683427e+04 +3.631683427e+04 +3.628508427e+04 +3.628508427e+04 -1.7117e+00 -3.3627e+00 +3.3087e+00 +4.9634e+00 -2.5683e-01 -6.8931e-01 -8.4399e-02 +2.1680e+00 -9.4225e-01 -2.8132e+00
1052 +2.508548270e+04 +2.508548270e+04 +2.505373270e+04 +2.505373270e+04 -3.4347e+00 -2.6638e+00 +2.0902e+00 +2.7883e+00 -7.2627e-01 -2.9844e-01 +7.2659e-01 +3.0282e+00 -1.1003e+00 -2.3436e+00
1283 +1.576142351e+04 +1.576142351e+04 +1.572967351e+04 +1.572967351e+04 -4.7798e+00 -2.6093e+00 +3.6275e+00 +3.3610e+00 -1.3093e+00 -1.4931e+00 +1.2198e+00 +2.0554e+00 -1.2119e+00 -4.2226e+00
1526 +7.599226441e+03 +7.599226441e+03 +7.567476441e+03 +7.567476441e+03 -4.1436e+00 -2.4424e+00 +3.5930e+00 +5.0000e+00 +4.2730e-01 -5.2901e-01 +2.9519e+00 +1.2643e+00 -1.7415e+00 -4.9901e+00
2152 +5.326952318e+03 +5.326952318e+03 +5.295202318e+03 +5.295202318e+03 -3.6357e+00 -2.9658e+00 +3.7098e+00 +4.8080e+00 +1.3939e-01 -3.9714e-01 +2.5640e+00 +1.3726e+00 -2.2785e+00 -5.0000e+00
3323 +3.942576665e+03 +3.942576665e+03 +3.910826665e+03 +3.910826665e+03 -4.3593e+00 -2.8793e+00 +3.1609e+00 +4.6612e+00 -1.2938e+00 -1.1063e+00 +1.6952e+00 +1.8056e+00 -1.6918e+00 -3.8931e+00
4708 +2.412445061e+03 +2.412445061e+03 +2.380695061e+03 +2.380695061e+03 -4.6299e+00 -2.2850e+00 +3.1561e+00 +4.5942e+00 -8.2773e-01 -9.0759e-01 +2.2524e+00 +1.8583e+00 -1.6770e+00 -4.5636e+00
% function evaluation | noise-free fitness - Fopt (5.432000000000e+01) | best noise-free fitness - Fopt | measured fitness | best measured fitness | x1 | x2...
1 +1.281798905e+07 +1.281798905e+07 +1.281804337e+07 +1.281804337e+07 +3.1472e+00 +4.0579e+00 -3.7301e+00 +4.1338e+00 +1.3236e+00 -4.0246e+00 -2.2150e+00 +4.6882e-01 +4.5751e+00 +4.6489e+00
4 +3.338477660e+06 +3.338477660e+06 +3.338531980e+06 +3.338531980e+06 +2.0605e+00 -4.6817e+00 -2.2308e+00 -4.5383e+00 -4.0287e+00 +3.2346e+00 +1.9483e+00 -1.8290e+00 +4.5022e+00 -4.6555e+00
36 +2.417306733e+06 +2.417306733e+06 +2.417361053e+06 +2.417361053e+06 -1.9855e+00 +2.0110e+00 +1.6634e+00 +3.9126e-01 +1.9811e+00 +1.6653e+00 -3.2187e+00 -3.7199e+00 +4.9908e+00 -3.2888e+00
106 +1.440266667e+06 +1.440266667e+06 +1.440320987e+06 +1.440320987e+06 +3.9069e+00 +9.0884e-01 +1.1887e+00 -1.6841e+00 +1.6511e-01 +2.8641e+00 +1.4133e+00 -2.9739e+00 +2.0594e-01 +5.0000e+00
128 +7.325139373e+05 +7.325139373e+05 +7.325682573e+05 +7.325682573e+05 +3.4490e+00 -4.5718e-01 +1.1428e+00 -7.1790e-01 +2.2926e+00 +4.9984e-01 -1.9243e+00 -3.9048e+00 +1.1604e+00 -2.6711e-01
208 +4.183254204e+05 +4.183254204e+05 +4.183797404e+05 +4.183797404e+05 +4.0063e+00 +4.2643e-01 +2.5924e-01 +3.0390e-02 +1.4090e+00 +1.3834e+00 -1.0407e+00 -4.2721e+00 +2.7684e-01 +6.1650e-01
244 +3.815081238e+05 +3.815081238e+05 +3.815624438e+05 +3.815624438e+05 -8.1524e-01 -1.6817e+00 +8.7605e-02 -1.5401e+00 -1.0287e+00 +1.3733e+00 +3.5868e-01 -4.7892e+00 +4.6060e+00 -2.4196e+00
248 +2.411718014e+05 +2.411718014e+05 +2.412261214e+05 +2.412261214e+05 +4.0063e+00 -5.1230e-01 +4.5966e-01 -4.0138e-01 +2.2427e+00 +2.1258e+00 -7.5617e-02 -5.0000e+00 +2.7684e-01 -3.3293e+00
328 +1.206526136e+05 +1.206526136e+05 +1.207069336e+05 +1.207069336e+05 +3.6998e+00 -5.1230e-01 +4.5966e-01 -4.2322e-01 +2.2427e+00 +2.5225e+00 +6.6140e-02 -5.0000e+00 +1.6518e-01 -3.3293e+00
441 +7.622364343e+04 +7.622364343e+04 +7.627796343e+04 +7.627796343e+04 +1.6379e+00 -1.3252e+00 +1.0219e+00 -1.7317e+00 +1.2883e+00 +1.9754e+00 +3.1229e-01 -5.0000e+00 +3.5322e-01 -3.1062e-01
453 +5.249621443e+04 +5.249621443e+04 +5.255053443e+04 +5.255053443e+04 +2.0665e+00 +1.5797e-01 +9.0536e-01 -3.0733e+00 +2.8775e+00 +3.8997e+00 +1.0923e+00 -5.0000e+00 +1.3411e+00 -2.3526e+00
501 +1.925719403e+04 +1.925719403e+04 +1.931151403e+04 +1.931151403e+04 +3.4432e+00 -5.6407e-01 +2.4823e-01 -2.0830e+00 +1.8251e+00 +3.9418e+00 +4.9690e-01 -4.0021e+00 +1.3596e+00 -1.8326e+00
1462 +9.805663846e+03 +9.805663846e+03 +9.859983846e+03 +9.859983846e+03 +3.3936e+00 -8.6604e-01 -4.2608e-01 -3.8288e+00 +4.5801e+00 +4.1432e+00 +4.6240e-01 -4.0183e+00 +2.3028e+00 -1.6623e+00
2491 +5.993172012e+03 +5.993172012e+03 +6.047492012e+03 +6.047492012e+03 +2.9856e+00 -8.6181e-01 -5.3744e-01 -3.2024e+00 +3.3329e+00 +4.1648e+00 +2.3988e-01 -3.7479e+00 +2.3172e+00 +2.2967e-01
3904 +3.896770660e+03 +3.896770660e+03 +3.951090660e+03 +3.951090660e+03 +3.4712e+00 -9.1150e-01 -7.6191e-01 -3.1715e+00 +3.0194e+00 +4.3450e+00 +1.0963e+00 -3.6317e+00 +2.5524e+00 +1.1185e+00
% function evaluation | noise-free fitness - Fopt (4.052000000000e+01) | best noise-free fitness - Fopt | measured fitness | best measured fitness | x1 | x2...
1 +3.068836882e+07 +3.068836882e+07 +3.068840934e+07 +3.068840934e+07 +3.1472e+00 +4.0579e+00 -3.7301e+00 +4.1338e+00 +1.3236e+00 -4.0246e+00 -2.2150e+00 +4.6882e-01 +4.5751e+00 +4.6489e+00
3 +4.683350500e+06 +4.683350500e+06 +4.683391020e+06 +4.683391020e+06 +1.5574e+00 -4.6429e+00 +3.4913e+00 +4.3399e+00 +1.7874e+00 +2.5774e+00 +2.4313e+00 -1.0777e+00 +1.5548e+00 -3.2881e+00
10 +2.648895362e+06 +2.648895362e+06 +2.648935882e+06 +2.648935882e+06 -4.2415e+00 -4.4605e+00 +3.0798e-01 +2.7917e+00 +4.3401e+00 -3.7009e+00 +6.8824e-01 -3.0609e-01 -4.8810e+00 -1.6288e+00
12 +1.438668617e+06 +1.438668617e+06 +1.438709137e+06 +1.438709137e+06 -4.9458e-01 -4.1618e+00 -2.7102e+00 +4.1334e+00 -3.4762e+00 +3.2582e+00 +3.8342e-01 +4.9613e+00 -4.2182e+00 -5.7322e-01
38 +7.774695934e+05 +7.774695934e+05 +7.775101134e+05 +7.775101134e+05 +1.4476e+00 -1.2373e+00 -3.0908e+00 -7.1747e-01 -1.7978e-01 -3.7939e+00 +8.9507e-01 -2.7381e+00 -1.1538e+00 +8.2986e-01
78 +5.778005641e+05 +5.778005641e+05 +5.778410841e+05 +5.778410841e+05 +1.8910e+00 -2.1187e+00 -3.9036e+00 -4.1522e-01 +6.4630e-03 -3.7469e+00 +1.3086e+00 -2.3651e+00 -6.4733e-01 +4.4822e-01
205 +3.361386931e+05 +3.361386931e+05 +3.361792131e+05 +3.361792131e+05 +1.8782e+00 -3.4347e+00 -3.4483e-01 -4.8001e-02 -2.8994e-01 -1.4184e+00 +2.4559e+00 -1.5369e+00 -8.1754e-01 +1.0727e+00
226 +1.525586312e+05 +1.525586312e+05 +1.525991512e+05 +1.525991512e+05 +2.0179e+00 -2.4155e+00 -2.6722e+00 +1.3471e-01 -1.7139e+00 -1.6430e+00 +1.3633e+00 -3.9285e+00 +2.7086e-01 +1.9962e+00
238 +6.610251127e+04 +6.610251127e+04 +6.614303127e+04 +6.614303127e+04 +2.7333e+00 -2.9908e+00 -3.8816e+00 +6.4542e-01 -3.7370e-01 -2.7050e+00 +2.1982e+00 -2.0441e+00 -3.2215e-01 +1.1079e+00
544 +3.295381250e+04 +3.295381250e+04 +3.299433250e+04 +3.299433250e+04 +3.3921e+00 -1.7155e+00 -4.6778e+00 +1.2060e+00 -1.0978e+00 -2.7082e+00 +2.1743e+00 -3.8762e-01 -1.1630e+00 +2.0700e+00
793 +2.098325647e+04 +2.098325647e+04 +2.102377647e+04 +2.102377647e+04 +2.5805e+00 -1.6884e+00 -4.2163e+00 +1.5072e+00 -1.3323e+00 -2.5195e+00 +1.8143e+00 -7.1735e-01 -1.0406e+00 +2.9499e+00
1018 +1.213434589e+04 +1.213434589e+04 +1.217486589e+04 +1.217486589e+04 +3.1602e+00 -4.6368e-01 -3.5152e+00 +1.8289e+00 -1.1513e+00 -2.8826e+00 +1.8260e+00 -2.4257e-01 -1.8346e+00 +2.3889e+00
1657 +8.608703301e+03 +8.608703301e+03 +8.649223301e+03 +8.649223301e+03 +3.0305e+00 -5.9529e-01 -4.1062e+00 +2.1285e+00 -1.2990e+00 -3.3335e+00 +1.6837e+00 +1.9839e-01 -1.2423e+00 +2.3413e+00
1969 +4.303999663e+03 +4.303999663e+03 +4.344519663e+03 +4.344519663e+03 +3.5397e+00 -6.6578e-01 -4.6023e+00 +2.1942e+00 -1.5942e+00 -3.0998e+00 +1.8568e+00 +7.1787e-02 -8.0518e-01 +2.6321e+00
2459 +3.921692339e+03 +3.921692339e+03 +3.962212339e+03 +3.962212339e+03 +3.4857e+00 -5.9851e-01 -4.0434e+00 +2.2437e+00 -1.3312e+00 -2.9609e+00 +2.0264e+00 +8.2291e-02 -1.0335e+00 +2.5153e+00
% function evaluation | noise-free fitness - Fopt (-1.184900000000e+02) | best noise-free fitness - Fopt | measured fitness | best measured fitness | x1 | x2...
1 +7.412619526e+07 +7.412619526e+07 +7.412607677e+07 +7.412607677e+07 +3.1472e+00 +4.0579e+00 -3.7301e+00 +4.1338e+00 +1.3236e+00 -4.0246e+00 -2.2150e+00 +4.6882e-01 +4.5751e+00 +4.6489e+00
3 +4.519107302e+07 +4.519107302e+07 +4.519095453e+07 +4.519095453e+07 +1.5574e+00 -4.6429e+00 +3.4913e+00 +4.3399e+00 +1.7874e+00 +2.5774e+00 +2.4313e+00 -1.0777e+00 +1.5548e+00 -3.2881e+00
4 +2.221864756e+06 +2.221864756e+06 +2.221746266e+06 +2.221746266e+06 +2.0605e+00 -4.6817e+00 -2.2308e+00 -4.5383e+00 -4.0287e+00 +3.2346e+00 +1.9483e+00 -1.8290e+00 +4.5022e+00 -4.6555e+00
34 +3.387047956e+05 +3.387047956e+05 +3.385863056e+05 +3.385863056e+05 -2.0802e+00 -6.8349e-01 -4.8451e+00 +4.8406e+00 -3.3283e+00 -3.9378e+00 -1.2759e+00 -3.0188e+00 -1.0312e-01 -1.6051e+00
74 +2.272380039e+05 +2.272380039e+05 +2.271195139e+05 +2.271195139e+05 -1.3383e+00 -1.3963e+00 -4.4031e+00 +5.0000e+00 -3.2170e+00 -4.5063e+00 -1.1009e+00 -3.3789e+00 -7.6170e-01 -2.1224e+00
284 +9.520691958e+04 +9.520691958e+04 +9.508842958e+04 +9.508842958e+04 -1.0148e+00 -2.7582e+00 -4.5794e+00 -5.3829e-01 -4.4143e+00 -6.0736e-01 -1.6901e+00 -2.1128e+00 +2.2807e+00 -2.0000e+00
540 +5.733780769e+04 +5.733780769e+04 +5.721931769e+04 +5.721931769e+04 -7.6897e-01 -3.3441e+00 -3.7962e+00 +3.5859e-01 -5.0000e+00 -1.1176e+00 -1.0400e+00 -2.1716e+00 +1.7829e+00 -1.8561e+00
767 +3.872400890e+04 +3.872400890e+04 +3.860551890e+04 +3.860551890e+04 -1.4147e+00 -3.1804e+00 -3.8722e+00 +2.1368e+00 -3.9874e+00 -5.5282e-01 -2.2978e+00 -2.5423e+00 +7.0168e-01 -2.7270e+00
870 +2.086499800e+04 +2.086499800e+04 +2.074650800e+04 +2.074650800e+04 -1.7220e+00 -2.9841e+00 -4.3576e+00 -1.0491e+00 -3.8347e+00 -1.7516e+00 -1.7186e+00 -1.9298e+00 +2.8536e+00 -2.7866e+00
1248 +1.531302900e+04 +1.531302900e+04 +1.519453900e+04 +1.519453900e+04 -2.5100e+00 -2.5976e+00 -4.1521e+00 -2.0010e-01 -3.4853e+00 -1.3380e+00 -1.2963e+00 -2.1226e+00 +2.0903e+00 -2.9787e+00
1537 +6.338792037e+03 +6.338792037e+03 +6.220302037e+03 +6.220302037e+03 -2.4393e+00 -2.4767e+00 -4.3033e+00 -5.5806e-01 -3.5676e+00 -1.9534e+00 -1.9319e+00 -2.3542e+00 +1.9714e+00 -2.9142e+00
1611 +3.508988274e+03 +3.508988274e+03 +3.390498274e+03 +3.390498274e+03 -2.5860e+00 -2.0060e+00 -4.7109e+00 -1.4197e-01 -3.5064e+00 -2.5267e+00 -1.7405e+00 -2.5119e+00 +1.2155e+00 -2.3935e+00
1679 +1.607552200e+03 +1.607552200e+03 +1.489062200e+03 +1.489062200e+03 -2.6748e+00 -2.0271e+00 -4.1151e+00 -7.1417e-01 -3.0303e+00 -1.5819e+00 -2.7766e+00 -2.1614e+00 +2.0690e+00 -3.5988e+00
2781 +1.570956582e+03 +1.570956582e+03 +1.452466582e+03 +1.452466582e+03 -2.6421e+00 -2.0396e+00 -4.0886e+00 -6.5125e-01 -3.1896e+00 -1.5041e+00 -2.6315e+00 -2.1567e+00 +2.0327e+00 -3.4660e+00
3893 +9.947901822e+02 +9.947901822e+02 +8.763001822e+02 +8.763001822e+02 -2.7362e+00 -1.8809e+00 -4.0330e+00 -5.3482e-01 -3.0275e+00 -1.5985e+00 -2.7689e+00 -2.0236e+00 +2.1011e+00 -3.6403e+00
% function evaluation | noise-free fitness - Fopt (2.810000000000e+01) | best noise-free fitness - Fopt | measured fitness | best measured fitness | x1 | x2...
1 +3.424096423e+06 +3.424096423e+06 +3.424124523e+06 +3.424124523e+06 +3.1472e+00 +4.0579e+00 -3.7301e+00 +4.1338e+00 +1.3236e+00 -4.0246e+00 -2.2150e+00 +4.6882e-01 +4.5751e+00 +4.6489e+00
15 +2.104861745e+06 +2.104861745e+06 +2.104889845e+06 +2.104889845e+06 +3.5303e+00 +1.2206e+00 -1.4905e+00 +1.3250e-01 -9.8192e-01 -4.2403e+00 -2.6008e+00 -3.7668e+00 -3.1609e+00 -2.6005e+00
20 +5.134046304e+05 +5.134046304e+05 +5.134327304e+05 +5.134327304e+05 +4.2939e+00 +2.7571e+00 -1.3208e-01 -6.4141e-01 -5.3216e-01 -1.9365e+00 +8.5087e-02 +1.0772e-01 +3.1763e+00 +2.9483e+00
155 +2.852446844e+05 +2.852446844e+05 +2.852727844e+05 +2.852727844e+05 +3.9932e+00 +2.3115e+00 -2.8191e+00 +1.1977e+00 -2.3088e+00 -1.9561e+00 -2.3858e-02 +4.1846e+00 +1.1774e+00 +2.9387e+00
220 +2.465182184e+05 +2.465182184e+05 +2.465463184e+05 +2.465463184e+05 +4.3552e+00 +2.9016e+00 -1.5550e+00 +7.0391e-01 -2.0720e+00 -2.1383e+00 -4.2576e-01 +2.0987e+00 +2.0959e+00 +2.8461e+00
295 +1.250301942e+05 +1.250301942e+05 +1.250582942e+05 +1.250582942e+05 +2.0078e+00 +3.2081e+00 -3.0121e+00 +1.3707e-01 -3.5691e+00 -1.2539e+00 -4.8920e-01 -1.6471e-01 -2.8987e-02 +1.3995e+00
340 +9.984646592e+04 +9.984646592e+04 +9.987456592e+04 +9.987456592e+04 +2.0368e+00 +2.9016e+00 -1.3913e+00 +8.5044e-01 -2.0720e+00 -2.5204e+00 -4.2576e-01 +1.8082e+00 +1.4413e+00 +2.8461e+00
543 +6.153861727e+04 +6.153861727e+04 +6.156671727e+04 +6.156671727e+04 +1.5531e+00 +4.5772e+00 -4.7302e-01 +1.8105e+00 -2.5751e+00 -2.2025e+00 -4.4352e-02 +2.4864e+00 +1.2191e+00 +3.9080e+00
623 +3.384058464e+04 +3.384058464e+04 +3.386868464e+04 +3.386868464e+04 +1.8092e+00 +4.3263e+00 +4.2375e-01 +1.1354e+00 -2.8213e+00 -3.2025e+00 +2.5736e-01 +1.6262e+00 +4.1590e-01 +3.8984e+00
784 +2.168876173e+04 +2.168876173e+04 +2.171686173e+04 +2.171686173e+04 +1.5931e+00 +3.8785e+00 -7.2399e-01 +9.9443e-01 -3.0082e+00 -2.8233e+00 +1.5267e-01 +1.5278e+00 -6.0130e-02 +3.0005e+00
799 +1.075617410e+04 +1.075617410e+04 +1.078427410e+04 +1.078427410e+04 +1.3196e+00 +4.0610e+00 -4.0100e-01 +1.4151e+00 -2.9843e+00 -2.6427e+00 -6.7252e-01 +2.2368e+00 -4.1430e-01 +2.8178e+00
986 +9.745994963e+03 +9.745994963e+03 +9.774094963e+03 +9.774094963e+03 +2.0252e+00 +5.0000e+00 +1.7113e+00 +1.4892e+00 -2.7426e+00 -2.6125e+00 -3.3707e-01 +3.3392e+00 +7.0337e-01 +4.0398e+00
2138 +5.712496167e+03 +5.712496167e+03 +5.740596167e+03 +5.740596167e+03 +8.7046e-01 +4.9273e+00 +3.9894e-01 +1.9328e+00 -3.0640e+00 -2.9773e+00 -5.6444e-01 +4.4315e+00 +8.1137e-01 +4.3003e+00
2977 +3.660289723e+03 +3.660289723e+03 +3.688389723e+03 +3.688389723e+03 +8.0127e-01 +4.9618e+00 -3.0461e-01 +1.5485e+00 -3.0543e+00 -2.7831e+00 +2.1900e-01 +2.9818e+00 -2.4537e-01 +3.1869e+00
