% function evaluation | noise-free fitness - Fopt (4.078000000000e+01) | best noise-free fitness - Fopt | measured fitness | best measured fitness | x1 | x2...
1 +8.572859620e+01 +8.572859620e+01 +1.265085962e+02 +1.265085962e+02 +3.1472e+00 +4.0579e+00 -3.7301e+00 +4.1338e+00 +1.3236e+00 -4.0246e+00 -2.2150e+00 +4.6882e-01 +4.5751e+00 +4.6489e+00 -3.4239e+00 +4.7059e+00 +4.5717e+00 -1.4624e-01 +3.0028e+00 -3.5811e+00 -7.8239e-01 +4.1574e+00 +2.9221e+00 +4.5949e+00
600 +6.132175079e+01 +6.132175079e+01 +1.021017508e+02 +1.021017508e+02 +2.4618e+00 -5.6852e+00 -1.1863e+00 -2.1554e-01 -3.6713e+00 -2.1521e+00 -1.0192e+00 -3.9872e+00 +2.5416e+00 -3.2484e+00 +2.1756e+00 -2.4098e+00 -7.7166e-01 -2.2601e-01 -1.9163e+00 -2.6889e+00 +2.0941e-01 -2.6492e+00 -1.9682e+00 -2.1498e+00
933 +2.550017089e+01 +2.550017089e+01 +6.628017089e+01 +6.628017089e+01 +2.2778e+00 -2.8680e+00 -1.6830e+00 -3.7075e+00 -3.6568e+00 -4.3565e-01 -3.1602e+00 -4.2642e+00 +8.2707e-01 -2.9104e+00 +3.9515e+00 -9.1434e-01 -6.5052e-01 -1.3767e+00 -1.2111e+00 -2.3958e+00 +1.8866e+00 -5.5494e-01 -2.8453e+00 -2.9803e+00
958 +2.211295159e+01 +2.211295159e+01 +6.289295159e+01 +6.289295159e+01 +1.8149e+00 -2.8231e+00 -6.4372e-01 -3.4313e+00 -3.7253e+00 +5.2208e-01 -3.0196e+00 -4.2961e+00 +5.0435e-01 -2.6279e+00 +4.7694e+00 -7.1466e-01 -2.1246e-01 -1.6060e+00 -8.5297e-01 -4.1897e+00 +1.1274e+00 -1.6481e+00 -1.9032e+00 -1.3402e+00
1588 +1.477251685e+01 +1.477251685e+01 +5.555251685e+01 +5.555251685e+01 +7.9198e-01 -2.4293e+00 -1.4546e+00 -1.9474e+00 -5.6768e+00 -5.6306e-02 -3.7409e+00 -1.8723e+00 +5.9571e-01 -3.7207e+00 +4.9528e+00 -1.6212e+00 -7.8727e-01 -9.1745e-01 -3.7926e-01 -3.2951e+00 +7.9734e-01 -6.2317e-01 +2.4645e-01 -1.6557e+00
1831 +8.707419927e+00 +8.707419927e+00 +4.948741993e+01 +4.948741993e+01 +1.7012e+00 -2.6887e+00 -1.8812e+00 -7.1101e-01 -4.3148e+00 -3.9215e-01 -3.9593e+00 -4.0717e+00 +4.6308e-01 -3.4476e+00 +3.8991e+00 -9.6371e-01 -6.4558e-01 -1.6012e+00 -2.0606e+00 -2.9027e+00 +8.0237e-01 -1.4862e+00 -1.0444e+00 -1.5731e+00
2144 +6.105823252e+00 +6.105823252e+00 +4.688582325e+01 +4.688582325e+01 +8.0715e-01 -2.7066e+00 -1.9430e+00 -1.2978e+00 -4.3882e+00 -2.5024e-01 -3.9072e+00 -3.8887e+00 +5.0850e-02 -3.9226e+00 +3.9114e+00 -1.3551e+00 -9.1514e-01 -1.0831e+00 -1.4295e+00 -3.0747e+00 +8.1609e-01 -1.1610e+00 -7.9337e-01 -2.0788e+00
2702 +3.973215686e+00 +3.973215686e+00 +4.475321569e+01 +4.475321569e+01 +1.4097e+00 -3.0783e+00 -2.2342e+00 -1.7628e+00 -4.3756e+00 -2.2976e-02 -4.2890e+00 -3.2933e+00 +6.1392e-02 -3.7837e+00 +4.4249e+00 -1.8063e+00 -1.2764e+00 -1.2423e+00 -1.3351e+00 -3.7885e+00 +9.1260e-01 -1.4060e+00 -1.0303e+00 -2.0283e+00
% function evaluation | noise-free fitness - Fopt (-1.600000000000e+00) | best noise-free fitness - Fopt | measured fitness | best measured fitness | x1 | x2...
1 +8.529804431e+01 +8.529804431e+01 +8.369804431e+01 +8.369804431e+01 +3.1472e+00 +4.0579e+00 -3.7301e+00 +4.1338e+00 +1.3236e+00 -4.0246e+00 -2.2150e+00 +4.6882e-01 +4.5751e+00 +4.6489e+00 -3.4239e+00 +4.7059e+00 +4.5717e+00 -1.4624e-01 +3.0028e+00 -3.5811e+00 -7.8239e-01 +4.1574e+00 +2.9221e+00 +4.5949e+00
354 +5.596954628e+01 +5.596954628e+01 +5.436954628e+01 +5.436954628e+01 -3.7607e+00 +9.5485e-01 -2.0814e+00 +3.7393e+00 -2.2971e+00 +8.9094e-01 +4.4423e+00 -2.0402e+00 -8.2971e-01 -2.9402e+00 +3.0262e+00 -4.5393e-01 +2.2867e-01 -3.5796e+00 -3.3015e-01 -3.4039e+00 +1.2929e+00 +2.9266e+00 -1.0240e+00 +2.2881e+00
1055 +3.825916973e+01 +3.825916973e+01 +3.665916973e+01 +3.665916973e+01 -1.9320e+00 +2.5740e+00 -3.3727e+00 +3.1112e+00 -1.9438e+00 +3.3079e+00 +5.1475e+00 -3.7867e+00 -2.5012e+00 -3.4214e+00 +4.4682e+00 -4.4382e-01 +4.7564e-01 -2.2619e+00 +1.8604e+00 -2.9452e+00 +7.6040e-01 +1.4051e+00 +1.9332e+00 -4.1744e-01
1849 +2.133134098e+01 +2.133134098e+01 +1.973134098e+01 +1.973134098e+01 -2.6255e-02 +1.2213e+00 -3.8413e+00 +2.1750e+00 -2.8323e+00 +3.1846e+00 +2.4755e+00 -2.5908e+00 -1.8227e+00 -2.0561e+00 +3.4162e+00 -1.1029e+00 +2.2099e-01 -2.7427e+00 +9.9049e-01 -1.9818e+00 +1.4743e+00 +3.4325e+00 +2.2826e+00 -3.7871e-02
2198 +1.575758994e+01 +1.575758994e+01 +1.415758994e+01 +1.415758994e+01 -1.4022e+00 +1.2117e+00 -4.1544e+00 +1.4941e+00 -2.1313e+00 +3.5213e+00 +3.3067e+00 -2.2433e+00 -1.4476e+00 -3.2539e+00 +3.4050e+00 -6.4152e-02 -4.5465e-01 -3.5523e+00 +1.4053e+00 -2.3305e+00 +4.3094e+00 +3.2438e+00 +1.6551e+00 +7.9678e-01
2595 +9.742740138e+00 +9.742740138e+00 +8.142740138e+00 +8.142740138e+00 -7.6768e-01 +2.1736e+00 -3.0374e+00 +2.2726e+00 -2.3430e+00 +1.6380e+00 +2.2340e+00 -1.8895e+00 -1.4622e+00 -3.8468e+00 +3.9887e+00 -1.8449e-01 -4.0750e-01 -4.2305e+00 +2.6249e+00 -1.3393e+00 +2.6041e+00 +3.1751e+00 +2.1173e+00 -5.9574e-01
% function evaluation | noise-free fitness - Fopt (-3.708400000000e+02) | best noise-free fitness - Fopt | measured fitness | best measured fitness | x1 | x2...
1 +8.456023653e+01 +8.456023653e+01 -2.862797635e+02 -2.862797635e+02 +3.1472e+00 +4.0579e+00 -3.7301e+00 +4.1338e+00 +1.3236e+00 -4.0246e+00 -2.2150e+00 +4.6882e-01 +4.5751e+00 +4.6489e+00 -3.4239e+00 +4.7059e+00 +4.5717e+00 -1.4624e-01 +3.0028e+00 -3.5811e+00 -7.8239e-01 +4.1574e+00 +2.9221e+00 +4.5949e+00
782 +5.628284930e+01 +5.628284930e+01 -3.145571507e+02 -3.145571507e+02 +2.9160e+00 +1.1493e+00 +7.7958e-01 -1.1584e+00 +7.7653e-01 -7.3937e-01 +1.8431e-02 +1.6282e+00 -4.8781e-01 -1.9680e+00 -3.1923e+00 -3.5910e-01 +1.0310e+00 -2.9581e+00 -1.9703e+00 +6.6837e-02 +7.8811e-01 -4.2606e+00 +5.5720e-01 +1.4107e+00
1350 +3.464868670e+01 +3.464868670e+01 -3.361913133e+02 -3.361913133e+02 -3.0120e+00 -2.5993e-01 +3.3440e+00 +2.3713e+00 -2.5066e+00 -2.0989e+00 -5.0694e-01 +8.2801e-01 +2.5131e+00 -3.9277e-01 -4.0329e+00 -3.3387e+00 -4.6572e+00 -5.0772e-01 -4.8018e-02 -1.9841e-01 -3.7250e+00 -2.3505e+00 -2.0498e-01 +6.4384e-01
1990 +2.316078144e+01 +2.316078144e+01 -3.476792186e+02 -3.476792186e+02 -3.0120e+00 -2.5993e-01 +3.2255e+00 +4.7463e-01 -2.6902e+00 -3.0654e-01 +6.9609e-02 +8.2801e-01 +1.9376e+00 -2.8408e+00 -2.6806e+00 -4.3786e-01 -4.3192e+00 -4.2230e-01 +1.3228e+00 +4.4969e-01 -3.8297e+00 -4.4686e+00 -2.0498e-01 -1.4062e+00
2372 +1.563996697e+01 +1.563996697e+01 -3.552000330e+02 -3.552000330e+02 -2.0990e+00 -2.4115e-01 +3.8768e+00 +2.0048e+00 -3.0795e+00 -1.3203e+00 +7.3671e-01 +4.7888e-01 +2.9156e+00 -1.1089e+00 -4.7992e+00 -7.8504e-01 -5.4421e+00 -5.2986e-01 +1.0965e+00 +5.6619e-01 -2.7098e+00 -4.7281e+00 +7.2092e-03 -3.5711e-01
4028 +9.392640384e+00 +9.392640384e+00 -3.614473596e+02 -3.614473596e+02 -1.1996e+00 -2.4257e-01 +3.7344e+00 +2.2617e+00 -2.8166e+00 -1.5910e+00 +4.9463e-01 +7.7911e-01 +2.4571e+00 -1.3903e+00 -3.0115e+00 -7.9043e-01 -4.1336e+00 +4.6982e-01 +1.5570e+00 +9.0598e-01 -3.7975e+00 -4.4646e+00 -2.2656e-01 -8.1346e-01
% function evaluation | noise-free fitness - Fopt (-3.256000000000e+01) | best noise-free fitness - Fopt | measured fitness | best measured fitness | x1 | x2...
1 +8.586196527e+01 +8.586196527e+01 +5.330196527e+01 +5.330196527e+01 +3.1472e+00 +4.0579e+00 -3.7301e+00 +4.1338e+00 +1.3236e+00 -4.0246e+00 -2.2150e+00 +4.6882e-01 +4.5751e+00 +4.6489e+00 -3.4239e+00 +4.7059e+00 +4.5717e+00 -1.4624e-01 +3.0028e+00 -3.5811e+00 -7.8239e-01 +4.1574e+00 +2.9221e+00 +4.5949e+00
442 +6.270467658e+01 +6.270467658e+01 +3.014467658e+01 +3.014467658e+01 -2.5971e+00 -2.2103e+00 +3.4913e+00 +2.5355e+00 -1.7271e+00 +4.4080e+00 +2.4313e+00 +6.4837e-01 +1.5548e+00 -3.2881e+00 +2.0605e+00 -4.6817e+00 +4.3030e+00 +1.0860e+00 -4.0287e+00 -3.0328e+00 -9.1903e-01 -2.5156e+00 +4.5022e+00 -2.7057e+00
1222 +3.092728021e+01 +3.092728021e+01 -1.632719794e+00 -1.632719794e+00 +5.3458e-01 -7.6438e-01 -2.8222e+00 +3.3990e+00 +6.9219e-02 -2.5270e-01 -6.8015e-01 +1.9796e-01 -7.5501e-01 -1.6753e+00 +4.6662e+00 +2.1161e-01 +1.7361e+00 +2.6318e+00 +2.8678e-01 -5.6209e-01 -1.6584e+00 -4.5819e+00 +1.8678e+00 -1.3952e+00
1302 +1.948677732e+01 +1.948677732e+01 -1.307322268e+01 -1.307322268e+01 +5.3458e-01 -2.9421e+00 -2.1064e+00 +4.9925e+00 -1.0430e+00 -2.5270e-01 -6.8015e-01 +1.9796e-01 -7.5501e-01 -1.6753e+00 +4.3316e+00 +2.2800e-01 +1.7361e+00 +2.6318e+00 +2.8678e-01 -5.6209e-01 +4.0938e-02 -3.1243e+00 +1.8678e+00 -1.3952e+00
1604 +1.318921865e+01 +1.318921865e+01 -1.937078135e+01 -1.937078135e+01 +1.1795e+00 -2.4846e+00 -9.6694e-01 +3.3239e+00 -1.5524e+00 +8.8009e-01 -6.5753e-01 +1.3592e+00 -1.3380e+00 -1.6664e+00 +2.6051e+00 +7.5456e-01 -1.7844e-02 +2.2519e+00 +2.1060e-01 -2.2223e-01 +9.7478e-01 -3.6023e+00 +1.5091e+00 -3.4097e+00
2175 +9.670114948e+00 +9.670114948e+00 -2.288988505e+01 -2.288988505e+01 +1.5205e+00 -2.7166e+00 -1.3804e+00 +3.5227e+00 -4.1536e-01 +3.6585e-01 -1.7735e+00 +4.8853e-01 -1.4182e+00 -1.7602e+00 +3.2589e+00 +1.0697e+00 +1.1842e+00 +3.0026e+00 +2.1434e-01 +1.5164e+00 +5.4127e-01 -2.8493e+00 +1.8948e+00 -3.4802e+00
2607 +4.513201417e+00 +4.513201417e+00 -2.804679858e+01 -2.804679858e+01 +4.3519e-01 -2.6041e+00 -2.7981e+00 +2.9140e+00 -7.6508e-01 +6.6320e-01 -9.8162e-01 +3.1686e-01 -1.2239e+00 -1.7098e+00 +3.0313e+00 -3.6075e-01 +3.7683e-01 +3.6197e+00 -1.6624e+00 +7.4731e-01 +3.2590e-01 -3.1328e+00 +6.6890e-01 -2.3227e+00
2918 +3.675205935e+00 +3.675205935e+00 -2.888479406e+01 -2.888479406e+01 +1.9073e-01 -2.9083e+00 -2.2853e+00 +2.9700e+00 -2.5401e+00 +1.3903e+00 -1.7936e+00 +3.1433e-01 -1.0931e+00 -1.5695e+00 +3.1171e+00 +4.3507e-01 +4.2830e-01 +3.2932e+00 -1.5581e+00 +1.0744e+00 +1.9263e-01 -3.3298e+00 +1.0948e+00 -2.1408e+00
3034 +2.241873239e+00 +2.241873239e+00 -3.031812676e+01 -3.031812676e+01 +2.5084e-01 -2.4136e+00 -1.9109e+00 +3.8956e+00 -9.5448e-01 +8.4534e-01 -1.1188e+00 +1.8386e+00 -9.6189e-01 -1.1607e+00 +4.0098e+00 -6.5238e-01 -1.7095e-01 +3.2291e+00 -1.3856e+00 +1.2973e+00 +7.5706e-02 -3.0556e+00 +1.4418e+00 -2.9867e+00
3440 +1.419297003e+00 +1.419297003e+00 -3.114070300e+01 -3.114070300e+01 +1.4945e+00 -2.5271e+00 -1.6403e+00 +2.9298e+00 -1.3892e+00 +7.2699e-01 -1.8700e+00 +7.5264e-01 -1.3542e+00 -8.2727e-01 +3.9676e+00 -6.2948e-01 -8.4556e-02 +3.6272e+00 -1.0783e+00 +1.5373e+00 +4.6163e-01 -2.9658e+00 +8.4446e-01 -2.0819e+00
3665 +9.473733157e-01 +9.473733157e-01 -3.161262668e+01 -3.161262668e+01 +1.2149e+00 -2.5697e+00 -1.7950e+00 +3.3234e+00 -7.4710e-01 +7.9286e-01 -1.7980e+00 +1.0998e+00 -1.6041e+00 -1.1118e+00 +4.1132e+00 -1.6832e-01 +1.1450e+00 +3.4943e+00 -1.3824e+00 +1.4617e+00 +7.4901e-01 -2.7820e+00 +7.6933e-01 -2.0271e+00
3947 +5.563153792e-01 +5.563153792e-01 -3.200368462e+01 -3.200368462e+01 +1.6622e+00 -2.2998e+00 -2.0278e+00 +3.6048e+00 -5.8022e-01 +9.4711e-01 -1.7798e+00 +7.5778e-01 -1.3368e+00 -1.2144e+00 +4.1579e+00 -2.3860e-01 +4.6897e-01 +3.6398e+00 -1.4050e+00 +1.6259e+00 +7.8939e-01 -2.8376e+00 +9.4016e-01 -2.1082e+00
4542 +3.742942004e-01 +3.742942004e-01 -3.218570580e+01 -3.218570580e+01 +1.5857e+00 -2.5962e+00 -1.8840e+00 +3.4880e+00 -1.1776e+00 +8.3025e-01 -2.0165e+00 +9.9185e-01 -1.3218e+00 -1.1559e+00 +3.6108e+00 -1.1647e-02 +2.7202e-01 +3.5966e+00 -1.3492e+00 +1.4368e+00 +1.0793e+00 -2.8019e+00 +7.9813e-01 -2.3911e+00
4746 +2.410249774e-01 +2.410249774e-01 -3.231897502e+01 -3.231897502e+01 +1.5091e+00 -2.8325e+00 -1.8836e+00 +3.5505e+00 -1.3250e+00 +7.7016e-01 -1.9629e+00 +1.1037e+00 -1.5427e+00 -1.0820e+00 +3.8432e+00 +4.7319e-02 +2.5462e-01 +3.6199e+00 -1.4356e+00 +1.6210e+00 +9.2441e-01 -2.8179e+00 +7.3686e-01 -2.4789e+00
% function evaluation | noise-free fitness - Fopt (5.154000000000e+02) | best noise-free fitness - Fopt | measured fitness | best measured fitness | x1 | x2...
1 +8.646321549e+01 +8.646321549e+01 +6.018632155e+02 +6.018632155e+02 +3.1472e+00 +4.0579e+00 -3.7301e+00 +4.1338e+00 +1.3236e+00 -4.0246e+00 -2.2150e+00 +4.6882e-01 +4.5751e+00 +4.6489e+00 -3.4239e+00 +4.7059e+00 +4.5717e+00 -1.4624e-01 +3.0028e+00 -3.5811e+00 -7.8239e-01 +4.1574e+00 +2.9221e+00 +4.5949e+00
496 +6.195435870e+01 +6.195435870e+01 +5.773543587e+02 +5.773543587e+02 +1.9549e+00 -2.8196e+00 -4.2546e+00 -2.3162e+00 +3.5373e-01 -3.2500e+00 -1.9684e+00 -6.1783e-01 -1.8126e+00 -3.5013e+00 +4.4758e+00 +1.8595e-01 +1.6278e+00 +3.6629e+00 -1.9869e+00 -1.0037e+00 +1.1642e+00 +1.1690e-01 -2.8794e+00 -3.6683e+00
917 +2.757055039e+01 +2.757055039e+01 +5.429705504e+02 +5.429705504e+02 +2.0990e+00 -7.8858e-01 -4.0415e+00 -9.6700e-01 -1.8980e+00 -4.8661e+00 -9.9631e-01 +5.3873e+00 -1.7634e+00 -4.1837e+00 +3.0448e+00 +1.9992e+00 +2.3568e+00 +3.9131e+00 -2.7837e+00 -9.9728e-01 -1.5221e-01 +2.2425e+00 -1.6691e+00 -3.5775e+00
1216 +2.290795736e+01 +2.290795736e+01 +5.383079574e+02 +5.383079574e+02 +1.8024e+00 -8.2723e-01 -2.7970e+00 +3.6718e-01 -2.5654e+00 -3.7563e+00 -1.2662e+00 +1.3189e+00 -1.2775e+00 -4.6124e+00 +4.4882e+00 +2.9966e+00 +4.6405e+00 +3.6629e+00 -1.9187e+00 -9.5759e-01 -1.2195e+00 -3.9951e-01 -4.1195e-01 -2.1728e+00
1384 +1.347720771e+01 +1.347720771e+01 +5.288772077e+02 +5.288772077e+02 +2.6816e+00 -9.1902e-01 -4.0955e+00 -9.4094e-01 -7.8098e-01 -3.6356e+00 -1.2186e+00 +2.8666e+00 -1.2415e+00 -4.9730e+00 +4.4110e+00 +2.9866e+00 +4.2918e+00 +3.1725e+00 -2.2572e+00 -7.9734e-01 +7.4850e-01 -9.3847e-02 -9.0009e-01 -2.4531e+00
1606 +8.905758903e+00 +8.905758903e+00 +5.243057589e+02 +5.243057589e+02 +1.3038e+00 -5.5578e-01 -3.2665e+00 -1.4599e+00 -1.1119e+00 -4.0816e+00 -5.0275e-01 +3.4423e+00 -1.4271e+00 -4.8158e+00 +4.2739e+00 +2.9808e+00 +3.9892e+00 +3.5822e+00 -3.1406e+00 -1.1670e+00 +4.6663e-01 +1.3430e+00 -1.7465e+00 -2.1892e+00
1796 +5.747762523e+00 +5.747762523e+00 +5.211477625e+02 +5.211477625e+02 +1.9486e+00 -1.9660e+00 -2.6601e+00 -9.8573e-01 -7.5258e-01 -4.1585e+00 -1.7552e+00 +1.8788e+00 -1.6238e+00 -5.1578e+00 +3.8760e+00 +2.5680e+00 +3.3495e+00 +3.1485e+00 -4.0918e+00 -1.1811e+00 +1.0117e+00 +1.3366e+00 -5.7491e-01 -2.4013e+00
2151 +2.898265384e+00 +2.898265384e+00 +5.182982654e+02 +5.182982654e+02 +1.3275e+00 -1.7878e+00 -3.5137e+00 -5.6834e-01 -8.9076e-01 -4.0576e+00 -2.4192e+00 +2.1342e+00 +4.0705e-01 -4.8314e+00 +3.7606e+00 +3.1333e+00 +4.4405e+00 +4.3250e+00 -4.7908e+00 -7.3615e-01 +9.4086e-01 -3.3647e-01 -1.0487e+00 -1.9249e+00
2182 +2.185862815e+00 +2.185862815e+00 +5.175858628e+02 +5.175858628e+02 +9.7694e-01 -1.5718e+00 -1.9555e+00 -8.0317e-01 -1.6232e+00 -4.4531e+00 -1.4340e+00 +2.4238e+00 +1.1373e-01 -4.5554e+00 +3.2072e+00 +3.6620e+00 +3.9242e+00 +4.1578e+00 -4.2380e+00 -9.5277e-01 +6.9784e-01 +2.8423e-01 -7.6486e-01 -2.6114e+00
2684 +1.584241975e+00 +1.584241975e+00 +5.169842420e+02 +5.169842420e+02 +1.0292e+00 -1.6804e+00 -2.7011e+00 -6.3320e-01 -9.1471e-01 -3.9294e+00 -1.9542e+00 +1.9348e+00 -6.0917e-01 -4.9090e+00 +3.7948e+00 +3.1617e+00 +4.4276e+00 +4.0617e+00 -4.4516e+00 -9.7723e-01 +1.0533e+00 +5.3424e-01 -8.2787e-01 -2.1612e+00
3106 +9.051516712e-01 +9.051516712e-01 +5.163051517e+02 +5.163051517e+02 +1.1019e+00 -1.9759e+00 -2.4601e+00 -4.2364e-01 -1.1438e+00 -4.3614e+00 -1.6393e+00 +2.4923e+00 -3.4368e-01 -4.7929e+00 +3.9856e+00 +3.2869e+00 +4.3584e+00 +3.9965e+00 -4.2793e+00 -9.8747e-01 +8.1204e-01 +4.9397e-01 -1.1987e+00 -2.0609e+00
% function evaluation | noise-free fitness - Fopt (9.862300000000e+02) | best noise-free fitness - Fopt | measured fitness | best measured fitness | x1 | x2...
1 +8.552763090e+01 +8.552763090e+01 +1.071757631e+03 +1.071757631e+03 +3.1472e+00 +4.0579e+00 -3.7301e+00 +4.1338e+00 +1.3236e+00 -4.0246e+00 -2.2150e+00 +4.6882e-01 +4.5751e+00 +4.6489e+00 -3.4239e+00 +4.7059e+00 +4.5717e+00 -1.4624e-01 +3.0028e+00 -3.5811e+00 -7.8239e-01 +4.1574e+00 +2.9221e+00 +4.5949e+00
207 +6.088884162e+01 +6.088884162e+01 +1.047118842e+03 +1.047118842e+03 +1.1223e+00 -2.2343e-01 -4.2246e+00 -1.3423e+00 -5.1841e+00 +6.2536e-01 -2.6017e-01 +8.4656e-01 +2.8613e+00 +1.9893e+00 -3.2723e+00 +6.8096e-01 +1.2814e+00 +1.2364e+00 +1.1083e-01 -6.2681e-01 +2.5648e+00 +7.9705e-01 +2.0447e+00 -1.2916e+00
606 +3.453104669e+01 +3.453104669e+01 +1.020761047e+03 +1.020761047e+03 +8.2746e-01 +1.1362e-01 -3.0412e+00 +3.3400e+00 -2.5089e+00 +1.0198e+00 +1.1353e+00 +2.2671e+00 +3.7194e+00 +1.8039e+00 -4.9458e-01 +2.2358e+00 +1.1318e+00 -2.6770e-01 +1.7174e+00 -1.0199e+00 -1.8910e+00 -5.2948e-01 +7.5514e-02 -1.0471e+00
1041 +2.337088764e+01 +2.337088764e+01 +1.009600888e+03 +1.009600888e+03 -1.4487e-02 -1.6355e+00 -3.0226e+00 +1.5701e+00 -2.5343e+00 +2.7484e-01 -3.4656e-01 +7.2722e-01 +3.4377e+00 +1.7632e+00 -4.1937e+00 +3.0079e+00 +2.0214e+00 +3.5904e+00 +1.8425e+00 -7.7554e-01 -5.9025e-01 -1.3277e+00 -1.4249e+00 -1.0963e+00
1496 +1.107827677e+01 +1.107827677e+01 +9.973082768e+02 +9.973082768e+02 +1.9949e+00 -1.7971e+00 -3.8223e+00 +1.7795e+00 -2.6399e+00 +1.4127e-01 +1.6443e-01 +1.6011e+00 +3.7544e+00 +2.6229e+00 -2.7082e+00 +1.8369e+00 +1.8337e+00 +1.3329e+00 +2.8371e+00 -1.6485e+00 +2.6548e-01 -2.2506e-01 -1.4321e+00 -1.7628e+00
1544 +9.276315300e+00 +9.276315300e+00 +9.955063153e+02 +9.955063153e+02 +2.4664e+00 +1.6844e-01 -2.6669e+00 +1.7566e+00 -2.6240e+00 +1.0790e+00 -2.1174e-01 +1.7613e+00 +5.3234e+00 +4.0870e+00 -1.6199e+00 +3.1381e+00 +2.6394e+00 +1.5919e+00 +3.9459e-01 -1.2772e+00 -4.6604e-01 -3.7602e-01 -8.1687e-01 -1.4586e+00
2040 +4.928930837e+00 +4.928930837e+00 +9.911589308e+02 +9.911589308e+02 +2.0565e+00 -1.8580e+00 -3.1986e+00 +1.7065e+00 -2.6923e+00 +8.0650e-01 +1.3724e+00 +1.9393e+00 +4.2469e+00 +3.2204e+00 -2.8936e+00 +2.3276e+00 +2.0334e+00 +2.0001e+00 +2.2710e+00 -1.4328e+00 +7.3883e-01 -2.9000e-01 -5.2325e-01 -1.1860e+00
2174 +3.893999576e+00 +3.893999576e+00 +9.901239996e+02 +9.901239996e+02 +2.3398e+00 -2.5491e-01 -2.9967e+00 +2.3418e+00 -2.9110e+00 +4.4985e-01 +1.2441e+00 +1.6155e+00 +4.4415e+00 +2.6359e+00 -3.1786e+00 +2.1617e+00 +2.3670e+00 +1.8011e+00 +2.0234e+00 -1.5642e+00 +2.0077e-02 -2.9774e-01 -5.0353e-01 -1.3049e+00
2664 +2.379473134e+00 +2.379473134e+00 +9.886094731e+02 +9.886094731e+02 +9.8711e-01 -5.7807e-02 -3.0443e+00 +1.5747e+00 -2.9261e+00 +3.9159e-01 +1.2396e+00 +1.7068e+00 +4.4383e+00 +2.6840e+00 -2.8757e+00 +2.1689e+00 +2.9454e+00 +1.6126e+00 +2.2510e+00 -1.4633e+00 +4.5311e-01 -5.8279e-01 -1.0128e+00 -1.2881e+00
% function evaluation | noise-free fitness - Fopt (1.240800000000e+02) | best noise-free fitness - Fopt | measured fitness | best measured fitness | x1 | x2...
1 +8.630206334e+01 +8.630206334e+01 +2.103820633e+02 +2.103820633e+02 +3.1472e+00 +4.0579e+00 -3.7301e+00 +4.1338e+00 +1.3236e+00 -4.0246e+00 -2.2150e+00 +4.6882e-01 +4.5751e+00 +4.6489e+00 -3.4239e+00 +4.7059e+00 +4.5717e+00 -1.4624e-01 +3.0028e+00 -3.5811e+00 -7.8239e-01 +4.1574e+00 +2.9221e+00 +4.5949e+00
617 +6.005917204e+01 +6.005917204e+01 +1.841391720e+02 +1.841391720e+02 -2.9623e-01 -2.3015e+00 -5.6934e-01 -3.6971e+00 +2.4415e+00 +4.4487e+00 -1.3796e+00 +4.2729e+00 -2.9118e+00 -2.6740e+00 +2.3301e+00 +1.4404e+00 +1.3260e+00 -2.0654e+00 +2.8583e+00 +1.3809e-01 +5.2213e-01 -1.8612e+00 +3.7617e+00 -2.6447e+00
909 +3.727957558e+01 +3.727957558e+01 +1.613595756e+02 +1.613595756e+02 -1.3900e+00 -9.8811e-02 +1.1670e-01 -1.8825e+00 +1.9294e+00 +4.8491e+00 -1.8905e+00 +8.6872e-01 -4.3755e+00 -3.6390e+00 -3.9416e+00 -1.0668e+00 +1.0539e+00 -5.2624e+00 +3.4826e+00 +2.3571e-01 +2.2227e+00 -1.0056e+00 +3.9561e+00 -3.5626e+00
977 +2.466040728e+01 +2.466040728e+01 +1.487404073e+02 +1.487404073e+02 -2.9623e-01 +7.4976e-01 +2.7995e+00 -3.6971e+00 +2.4415e+00 +4.3909e+00 -2.2144e+00 +1.5215e+00 -2.9118e+00 +3.8307e-02 -2.5056e+00 +1.4404e+00 +1.3260e+00 -4.4718e+00 +2.8583e+00 -9.9926e-01 +1.6959e+00 -1.7172e-01 +3.0452e+00 -3.6700e+00
1303 +1.350109212e+01 +1.350109212e+01 +1.375810921e+02 +1.375810921e+02 -4.1309e-01 +7.1235e-01 +1.2397e+00 -3.9160e+00 +1.4122e+00 +4.0192e+00 -2.3719e+00 +1.0853e+00 -2.9607e+00 -1.9832e+00 -9.9569e-03 +1.3138e+00 +2.2650e+00 -4.6183e+00 +5.6065e+00 -9.2120e-01 +2.1264e+00 +1.4109e-01 +3.6025e+00 -2.2084e+00
1542 +8.717143494e+00 +8.717143494e+00 +1.327971435e+02 +1.327971435e+02 +1.7307e-01 -6.3734e-01 +1.3200e+00 -2.3503e+00 +7.5655e-01 +4.0458e+00 -2.1611e+00 +1.7458e+00 -2.0755e+00 -8.2834e-01 -2.5384e+00 +6.8545e-01 +1.5907e+00 -4.1094e+00 +3.5052e+00 -3.5195e-01 +1.0164e+00 +4.8235e-02 +4.5959e+00 -1.8723e+00
1963 +6.165642102e+00 +6.165642102e+00 +1.302456421e+02 +1.302456421e+02 -1.7342e+00 +3.7670e-01 +9.8677e-01 -2.4571e+00 +1.9127e+00 +2.5136e+00 -2.1086e+00 +2.0685e+00 -2.7972e+00 -3.1142e-01 -1.7974e+00 +2.3064e-01 +1.6875e+00 -4.7772e+00 +5.0688e+00 -9.7803e-01 +1.8718e-01 +7.1057e-01 +4.3940e+00 -4.0370e+00
2124 +3.314037928e+00 +3.314037928e+00 +1.273940379e+02 +1.273940379e+02 -5.1668e-01 -2.2644e-01 +1.2851e+00 -2.1745e+00 +1.3778e+00 +2.3991e+00 -1.8720e+00 +2.6409e+00 -2.9711e+00 -1.0939e+00 -6.6793e-01 +4.3071e-01 +2.0694e+00 -4.7399e+00 +3.7827e+00 -1.6872e+00 -7.4026e-02 -7.6309e-02 +4.2302e+00 -3.9680e+00
2218 +2.420670147e+00 +2.420670147e+00 +1.265006701e+02 +1.265006701e+02 -5.3150e-01 -2.1056e-01 +6.1666e-01 -2.7358e+00 +7.4673e-01 +2.1438e+00 -2.0271e+00 +2.0913e+00 -3.2729e+00 -1.5196e+00 -1.7074e+00 +3.9572e-02 +1.7076e+00 -4.2558e+00 +3.9410e+00 -1.2963e+00 +5.3391e-01 -6.2164e-01 +4.1728e+00 -3.6356e+00
2664 +1.573833814e+00 +1.573833814e+00 +1.256538338e+02 +1.256538338e+02 -8.2884e-01 -1.5934e-02 +8.1998e-01 -2.0769e+00 +1.6342e+00 +2.6929e+00 -1.5561e+00 +2.3977e+00 -2.7643e+00 -1.3401e+00 -8.9735e-01 +4.4344e-01 +1.9634e+00 -4.4394e+00 +4.5788e+00 -6.5914e-01 +3.5606e-01 -3.7945e-01 +4.0811e+00 -3.3795e+00
3354 +9.977712308e-01 +9.977712308e-01 +1.250777712e+02 +1.250777712e+02 -9.0901e-01 -1.0714e-01 +7.4739e-01 -2.1183e+00 +1.4178e+00 +2.5811e+00 -1.4947e+00 +2.4766e+00 -2.9486e+00 -1.2102e+00 -1.3077e+00 +5.5735e-01 +2.1191e+00 -4.0783e+00 +4.4608e+00 -7.6003e-01 +6.7874e-01 -2.7120e-01 +4.1416e+00 -3.3108e+00
% function evaluation | noise-free fitness - Fopt (-4.683100000000e+02) | best noise-free fitness - Fopt | measured fitness | best measured fitness | x1 | x2...
1 +8.616324110e+01 +8.616324110e+01 -3.821467589e+02 -3.821467589e+02 +3.1472e+00 +4.0579e+00 -3.7301e+00 +4.1338e+00 +1.3236e+00 -4.0246e+00 -2.2150e+00 +4.6882e-01 +4.5751e+00 +4.6489e+00 -3.4239e+00 +4.7059e+00 +4.5717e+00 -1.4624e-01 +3.0028e+00 -3.5811e+00 -7.8239e-01 +4.1574e+00 +2.9221e+00 +4.5949e+00
569 +5.264522371e+01 +5.264522371e+01 -4.156647763e+02 -4.156647763e+02 +8.6540e-01 -1.1430e+00 +1.5042e+00 +3.9452e-01 -3.5865e+00 +3.2734e+00 +1.1154e+00 -5.6890e+00 -3.8333e+00 -1.4762e+00 -3.4833e+00 -1.0610e+00 -1.5318e+00 +1.5337e+00 -2.4245e+00 -3.0380e+00 -5.6018e-01 -4.9549e+00 -7.2183e-01 -4.4560e-01
1203 +3.865093257e+01 +3.865093257e+01 -4.296590674e+02 -4.296590674e+02 -3.2600e+00 -2.7474e-01 +3.2736e+00 +1.8176e+00 -9.1936e-01 -1.0236e-01 +4.4267e-01 +1.5504e+00 -2.3151e+00 +5.1572e-02 +1.8755e+00 -1.4462e+00 -6.3451e-01 +2.4739e+00 -1.5451e+00 -3.0911e+00 -6.3586e-01 +1.6683e+00 +4.4569e+00 +2.5805e+00
1212 +2.486171255e+01 +2.486171255e+01 -4.434482875e+02 -4.434482875e+02 -2.5023e+00 -1.7110e+00 +4.4957e+00 -7.9772e-01 +1.4138e+00 +4.5225e-01 +1.0065e+00 +7.0358e-01 -2.6994e+00 -1.0931e+00 +6.2806e-01 -1.9544e+00 -1.6765e+00 +2.1660e+00 -2.1382e+00 -2.5107e+00 +2.8550e-01 +2.0932e+00 +4.8802e+00 +3.9921e+00
1689 +1.509490045e+01 +1.509490045e+01 -4.532150995e+02 -4.532150995e+02 +6.0285e-01 -1.8448e+00 +1.5046e-01 +1.6100e+00 -3.0696e+00 +4.0752e+00 +1.8642e+00 -4.3637e+00 -3.2518e+00 -1.4397e+00 -3.6657e-02 -1.0562e+00 +1.1177e+00 +1.1602e+00 -1.6199e+00 -1.7359e+00 -1.0283e+00 -2.8523e+00 +1.7326e+00 +7.8571e-01
2495 +9.214646453e+00 +9.214646453e+00 -4.590953535e+02 -4.590953535e+02 +7.7477e-01 -3.5307e+00 +1.2293e+00 +7.9508e-01 -4.0952e+00 +4.5023e+00 +2.7821e+00 -4.2423e+00 -2.6803e+00 -7.4495e-01 -1.3597e+00 -1.8291e+00 +1.7133e+00 +1.3410e+00 -1.9814e+00 -1.9310e+00 -1.3278e+00 -3.7533e+00 +1.5689e-01 +8.2654e-01
2960 +5.846341075e+00 +5.846341075e+00 -4.624636589e+02 -4.624636589e+02 +2.3915e-02 -2.3115e+00 +1.0961e+00 +8.8169e-01 -4.1368e+00 +4.2543e+00 +2.1765e+00 -5.0615e+00 -2.8056e+00 -3.7468e-01 -1.6944e-01 -1.4785e+00 +1.2092e+00 +1.0831e+00 -2.2986e+00 -2.2586e+00 -2.1330e+00 -3.4365e+00 +8.5929e-01 +5.5016e-01
3918 +3.725184335e+00 +3.725184335e+00 -4.645848157e+02 -4.645848157e+02 +2.9508e-01 -2.4329e+00 +1.0664e+00 +1.2522e+00 -4.1545e+00 +4.3350e+00 +3.1475e+00 -4.3211e+00 -3.0468e+00 -2.1875e-01 -6.6108e-01 -1.9306e+00 +1.6820e+00 +1.2457e+00 -2.2962e+00 -2.1182e+00 -2.1933e+00 -3.7534e+00 +1.4104e+00 +5.4814e-01
% function evaluation | noise-free fitness - Fopt (-6.062000000000e+01) | best noise-free fitness - Fopt | measured fitness | best measured fitness | x1 | x2...
1 +8.607887177e+01 +8.607887177e+01 +2.545887177e+01 +2.545887177e+01 +3.1472e+00 +4.0579e+00 -3.7301e+00 +4.1338e+00 +1.3236e+00 -4.0246e+00 -2.2150e+00 +4.6882e-01 +4.5751e+00 +4.6489e+00 -3.4239e+00 +4.7059e+00 +4.5717e+00 -1.4624e-01 +3.0028e+00 -3.5811e+00 -7.8239e-01 +4.1574e+00 +2.9221e+00 +4.5949e+00
979 +6.054381924e+01 +6.054381924e+01 -7.618076229e-02 -7.618076229e-02 +1.6706e-01 -1.4017e+00 +3.0414e-02 -1.6546e+00 +3.9370e+00 +3.8847e+00 +1.3297e+00 +2.2647e+00 -4.5117e+00 +5.3862e-01 -4.5743e+00 +3.5195e+00 +5.6249e-01 +2.8779e+00 -3.4569e+00 -4.2606e-01 +2.1839e+00 -2.6697e+00 -8.2416e-01 -2.6752e+00
1156 +2.363815353e+01 +2.363815353e+01 -3.698184647e+01 -3.698184647e+01 -6.5536e-02 -1.3234e+00 -1.5999e-01 -2.2098e+00 +1.9385e+00 +5.2628e+00 +1.8043e+00 +1.0088e+00 -1.8732e+00 +2.5218e+00 -2.4313e+00 +3.3187e+00 +2.5396e-01 +1.4803e+00 -2.3254e+00 -1.7746e+00 +3.4529e+00 -3.5498e+00 -1.0915e+00 -1.4861e+00
2150 +1.410612246e+01 +1.410612246e+01 -4.651387754e+01 -4.651387754e+01 -1.8762e+00 +2.0857e-01 -1.2109e+00 -2.7079e+00 +1.1438e+00 +4.7195e+00 +1.3730e+00 +1.5196e+00 -1.7944e+00 +2.3565e+00 -2.2971e+00 +3.2023e+00 +1.1500e+00 +1.7781e+00 -1.9942e+00 -1.6574e+00 +4.6460e+00 -3.2079e+00 -6.3692e-01 -2.2672e+00
2997 +9.955013878e+00 +9.955013878e+00 -5.066498612e+01 -5.066498612e+01 -1.6854e+00 -6.9932e-01 -7.5803e-01 -2.9791e+00 +1.7499e+00 +4.7795e+00 +1.0817e+00 +1.7650e+00 -1.1487e+00 +2.0613e+00 -2.2283e+00 +3.1150e+00 +1.4734e+00 +1.7478e+00 -1.6563e+00 -1.8603e+00 +4.4008e+00 -3.1421e+00 -8.8687e-01 -2.7949e+00
% function evaluation | noise-free fitness - Fopt (2.864600000000e+02) | best noise-free fitness - Fopt | measured fitness | best measured fitness | x1 | x2...
1 +8.601633142e+01 +8.601633142e+01 +3.724763314e+02 +3.724763314e+02 +3.1472e+00 +4.0579e+00 -3.7301e+00 +4.1338e+00 +1.3236e+00 -4.0246e+00 -2.2150e+00 +4.6882e-01 +4.5751e+00 +4.6489e+00 -3.4239e+00 +4.7059e+00 +4.5717e+00 -1.4624e-01 +3.0028e+00 -3.5811e+00 -7.8239e-01 +4.1574e+00 +2.9221e+00 +4.5949e+00
506 +5.830501441e+01 +5.830501441e+01 +3.447650144e+02 +3.447650144e+02 -2.7177e+00 +4.1031e+00 +3.1611e+00 +2.3465e+00 -4.2769e+00 -4.5116e-01 -1.1247e+00 +2.3253e+00 +1.8760e+00 +7.2814e-01 +1.3435e-01 -6.2595e-01 +1.9695e+00 -1.7156e+00 -1.6139e+00 +1.2403e+00 +1.0207e+00 -2.6574e-01 -2.5417e+00 -3.6527e+00
777 +3.639649163e+01 +3.639649163e+01 +3.228564916e+02 +3.228564916e+02 -2.9623e-01 +3.7643e+00 -4.6678e-01 +1.4959e+00 -3.5394e+00 -1.0074e+00 -4.9096e+00 +3.8938e+00 +1.4124e+00 +1.4885e+00 +9.6448e-01 -3.9589e+00 -2.9245e+00 -2.6357e+00 -6.4697e-01 +7.5661e-01 +2.9581e-01 -4.3327e-01 -3.1306e+00 -2.0186e+00
946 +2.339424677e+01 +2.339424677e+01 +3.098542468e+02 +3.098542468e+02 -2.7177e+00 +4.1031e+00 +3.1611e+00 -2.2157e+00 -4.2769e+00 -4.5116e-01 -1.1247e+00 +2.6525e+00 +1.8760e+00 +7.2814e-01 +2.0719e+00 -3.6211e+00 -1.3877e-01 -1.7156e+00 -8.5135e-01 +1.2403e+00 +1.0207e+00 -2.6574e-01 -2.5417e+00 -3.6527e+00
1353 +1.444003883e+01 +1.444003883e+01 +3.009000388e+02 +3.009000388e+02 -3.1471e+00 +3.6441e+00 +3.4633e+00 -4.5753e-01 -4.4036e+00 -1.8734e+00 -1.1264e+00 +2.5477e+00 +2.9811e+00 +1.3939e+00 +2.2132e+00 -4.1743e+00 -4.7828e-01 -2.0382e+00 -4.1270e-01 +3.8597e-01 -2.4008e-02 -8.8631e-02 -1.9083e+00 -3.1791e+00
1433 +9.778741927e+00 +9.778741927e+00 +2.962387419e+02 +2.962387419e+02 -3.1471e+00 +3.6441e+00 +3.4633e+00 -6.4088e-01 -4.5636e+00 -1.8734e+00 -1.7608e+00 +2.5477e+00 +2.9811e+00 +1.3939e+00 +5.0053e-01 -4.1743e+00 -4.7828e-01 -2.0382e+00 -4.1270e-01 +1.1755e+00 -2.4008e-02 +1.4760e+00 -1.9083e+00 -3.1791e+00
1869 +6.259247205e+00 +6.259247205e+00 +2.927192472e+02 +2.927192472e+02 -2.0248e+00 +3.3056e+00 +2.7179e+00 -1.5592e+00 -4.8051e+00 -1.6180e+00 -3.7459e+00 +2.5372e+00 +2.0330e+00 +1.7054e+00 +1.2543e+00 -3.6008e+00 -1.3004e+00 -1.8475e+00 -1.0468e-01 +1.2130e+00 -4.6184e-01 +1.0375e+00 -2.6438e+00 -2.4439e+00
1995 +3.843893661e+00 +3.843893661e+00 +2.903038937e+02 +2.903038937e+02 -2.3969e+00 +3.5419e+00 +2.5748e+00 -1.3134e+00 -4.1299e+00 -1.3866e+00 -2.6901e+00 +2.6574e+00 +2.7760e+00 +2.1396e+00 +1.5076e+00 -3.4420e+00 -1.8935e+00 -1.6993e+00 +2.3814e-01 +8.8672e-01 +3.8946e-02 +7.5488e-01 -2.2803e+00 -1.8042e+00
2228 +2.486200991e+00 +2.486200991e+00 +2.889462010e+02 +2.889462010e+02 -2.4049e+00 +3.2317e+00 +2.5157e+00 -2.4198e-01 -4.0905e+00 -1.4484e+00 -3.1770e+00 +2.1059e+00 +2.5802e+00 +2.2641e+00 +8.8892e-01 -3.4150e+00 -1.6028e+00 -2.1200e+00 -2.8315e-03 +1.5516e+00 +3.4642e-01 +1.3083e+00 -2.9282e+00 -1.9244e+00
% function evaluation | noise-free fitness - Fopt (1.134200000000e+02) | best noise-free fitness - Fopt | measured fitness | best measured fitness | x1 | x2...
1 +8.601152660e+01 +8.601152660e+01 +1.994315266e+02 +1.994315266e+02 +3.1472e+00 +4.0579e+00 -3.7301e+00 +4.1338e+00 +1.3236e+00 -4.0246e+00 -2.2150e+00 +4.6882e-01 +4.5751e+00 +4.6489e+00 -3.4239e+00 +4.7059e+00 +4.5717e+00 -1.4624e-01 +3.0028e+00 -3.5811e+00 -7.8239e-01 +4.1574e+00 +2.9221e+00 +4.5949e+00
672 +6.046005806e+01 +6.046005806e+01 +1.738800581e+02 +1.738800581e+02 -3.6985e+00 -1.2845e+00 +3.4427e+00 -1.5696e-01 -2.2335e+00 +3.9095e+00 +1.5419e+00 +8.3450e-01 +4.3232e+00 +3.7370e+00 +4.0136e+00 -5.6967e+00 +1.6556e+00 -1.0212e+00 +7.5708e-01 -4.1181e+00 -1.7173e-01 +2.0574e+00 +2.0905e-01 +1.6408e+00
1157 +2.878305986e+01 +2.878305986e+01 +1.422030599e+02 +1.422030599e+02 -3.9897e+00 -1.5063e+00 +2.8720e+00 -1.5192e-01 -2.6413e+00 +1.4110e+00 +1.6035e+00 +2.9324e+00 +3.9813e+00 +4.6257e+00 +3.5752e+00 -2.4603e+00 -9.7222e-02 +2.5599e-01 -9.3384e-01 -1.2760e+00 -3.3197e+00 +1.1472e+00 -5.8166e-02 +3.4194e+00
1652 +2.473919632e+01 +2.473919632e+01 +1.381591963e+02 +1.381591963e+02 -3.1198e+00 -5.9007e-01 +3.5074e+00 +5.1171e-01 -2.1522e+00 +1.7888e+00 +2.2387e+00 +1.6667e+00 +2.8837e+00 +4.3481e+00 +4.2029e+00 -1.1207e+00 +2.0937e+00 +8.1694e-01 +1.4381e+00 -1.0839e+00 -3.5130e+00 +1.9788e+00 -1.6383e+00 +4.4819e+00
1832 +1.575952633e+01 +1.575952633e+01 +1.291795263e+02 +1.291795263e+02 -3.9714e+00 -3.9805e-01 +3.2454e+00 -1.0426e+00 -9.1755e-01 +1.5818e+00 +2.3093e+00 +4.5824e-01 +3.9894e+00 +4.0495e+00 +4.7073e+00 -3.4517e+00 +1.6556e+00 +1.7572e+00 +7.5708e-01 -1.0083e+00 -1.3288e+00 +2.9126e+00 +2.0905e-01 +2.7694e+00
1945 +8.921318829e+00 +8.921318829e+00 +1.223413188e+02 +1.223413188e+02 -2.9551e+00 -1.4986e+00 +2.9849e+00 -6.4184e-01 -2.1175e+00 +1.6330e+00 +2.2518e+00 +1.6327e+00 +4.4867e+00 +4.0522e+00 +3.8841e+00 -3.4592e+00 +5.3188e-01 +4.2765e-01 -2.1503e-02 -1.0185e+00 -6.0475e-01 +2.6959e+00 -7.4547e-01 +4.6061e+00
2808 +5.860536880e+00 +5.860536880e+00 +1.192805369e+02 +1.192805369e+02 -3.0246e+00 +3.3723e-01 +3.9160e+00 -1.0959e+00 -1.9273e+00 +2.3129e+00 +2.7015e+00 +1.7833e+00 +4.4512e+00 +4.0581e+00 +4.5823e+00 -1.8275e+00 +1.1920e+00 +1.7771e+00 -4.3974e-01 -1.3595e+00 -1.1111e+00 +3.2219e+00 -5.9433e-01 +3.9736e+00
3048 +3.377969031e+00 +3.377969031e+00 +1.167979690e+02 +1.167979690e+02 -3.0246e+00 +3.3723e-01 +3.9160e+00 -8.4375e-01 -2.2221e+00 +2.3129e+00 +2.7015e+00 +2.4312e+00 +4.2840e+00 +3.3299e+00 +3.4671e+00 -1.8223e+00 +1.2480e+00 +1.7771e+00 -6.4918e-01 -1.8012e+00 -1.1111e+00 +3.6247e+00 -5.9433e-01 +3.9736e+00
3204 +2.376209912e+00 +2.376209912e+00 +1.157962099e+02 +1.157962099e+02 -3.2033e+00 +8.2934e-02 +3.7110e+00 -3.2729e-01 -1.7967e+00 +1.2912e+00 +2.9699e+00 +2.3287e+00 +4.0062e+00 +3.3682e+00 +3.5527e+00 -2.5678e+00 +9.8803e-01 +2.0252e+00 -9.0337e-01 -1.5909e+00 -1.1703e+00 +3.7326e+00 -6.5815e-01 +3.9502e+00
% function evaluation | noise-free fitness - Fopt (-1.958600000000e+02) | best noise-free fitness - Fopt | measured fitness | best measured fitness | x1 | x2...
1 +8.609925085e+01 +8.609925085e+01 -1.097607492e+02 -1.097607492e+02 +3.1472e+00 +4.0579e+00 -3.7301e+00 +4.1338e+00 +1.3236e+00 -4.0246e+00 -2.2150e+00 +4.6882e-01 +4.5751e+00 +4.6489e+00 -3.4239e+00 +4.7059e+00 +4.5717e+00 -1.4624e-01 +3.0028e+00 -3.5811e+00 -7.8239e-01 +4.1574e+00 +2.9221e+00 +4.5949e+00
1194 +6.172048906e+01 +6.172048906e+01 -1.341395109e+02 -1.341395109e+02 -1.0851e+00 -1.1143e+00 +2.9618e+00 -1.4426e+00 +4.9970e-01 -1.6240e+00 +3.9264e+00 +1.3626e+00 +2.6630e+00 -1.6346e+00 -2.8193e+00 -2.6739e+00 -3.0097e+00 +4.1210e+00 +3.1196e+00 -2.7927e+00 +4.3030e+00 -1.1378e+00 -2.4598e+00 -1.8384e+00
2122 +2.822502737e+01 +2.822502737e+01 -1.676349726e+02 -1.676349726e+02 +7.4191e-01 -1.8227e+00 -1.4775e+00 -2.4338e+00 -1.7738e+00 +5.1149e+00 +2.4157e+00 -9.3127e-01 -2.6325e+00 +2.8257e+00 -3.6886e+00 +1.5029e+00 -1.7830e+00 -2.2367e+00 -3.5162e+00 -2.5770e+00 +2.4966e+00 -1.8290e+00 -1.2068e+00 -1.3020e+00
2246 +1.133052643e+01 +1.133052643e+01 -1.845294736e+02 -1.845294736e+02 +1.4931e+00 -2.5522e+00 -2.4354e+00 -2.4709e+00 -2.0571e+00 +3.1000e+00 +3.0784e-01 +1.5533e+00 +1.7914e+00 +3.2646e+00 -1.8395e+00 -6.2241e-01 -1.6018e-01 +3.3543e+00 +4.3190e+00 -3.1209e+00 +8.2225e-01 +2.3059e+00 +2.5625e-02 +7.8755e-01
3686 +9.065355550e+00 +9.065355550e+00 -1.867946445e+02 -1.867946445e+02 +1.4931e+00 -2.5522e+00 -2.4354e+00 -2.5250e+00 -9.6738e-01 +3.1000e+00 +1.8208e-01 +1.6878e+00 +1.7756e+00 +3.2646e+00 -1.8395e+00 -6.2241e-01 +8.6891e-01 +3.3543e+00 +4.3190e+00 -3.1209e+00 +8.2225e-01 +2.3059e+00 +2.5625e-02 +7.8755e-01
4751 +5.413094523e+00 +5.413094523e+00 -1.904469055e+02 -1.904469055e+02 +9.6277e-01 -2.2004e+00 -2.6239e+00 -2.5685e+00 -4.8555e-01 +3.1784e+00 -7.6887e-01 +1.4687e+00 +9.9642e-01 +4.6668e+00 -1.9458e+00 -3.3788e-01 +1.0125e+00 +2.2666e+00 +3.4701e+00 -2.7247e+00 +1.3203e+00 +2.7992e+00 -3.5733e-02 +8.3154e-01
% function evaluation | noise-free fitness - Fopt (-5.760000000000e+00) | best noise-free fitness - Fopt | measured fitness | best measured fitness | x1 | x2...
1 +8.636038150e+01 +8.636038150e+01 +8.060038150e+01 +8.060038150e+01 +3.1472e+00 +4.0579e+00 -3.7301e+00 +4.1338e+00 +1.3236e+00 -4.0246e+00 -2.2150e+00 +4.6882e-01 +4.5751e+00 +4.6489e+00 -3.4239e+00 +4.7059e+00 +4.5717e+00 -1.4624e-01 +3.0028e+00 -3.5811e+00 -7.8239e-01 +4.1574e+00 +2.9221e+00 +4.5949e+00
376 +3.497726711e+01 +3.497726711e+01 +2.921726711e+01 +2.921726711e+01 +3.5923e+00 +8.1787e-01 -2.4994e+00 -7.5447e-01 +4.0470e+00 -5.3476e+00 -2.5087e+00 -2.1999e+00 -1.8603e+00 -2.2048e+00 -5.5533e-01 -2.7369e+00 +8.8519e-01 +3.2646e-01 +2.2470e-01 -3.5644e+00 -6.7608e-01 +4.3433e-01 -2.2671e+00 +7.9792e-01
936 +2.018485314e+01 +2.018485314e+01 +1.442485314e+01 +1.442485314e+01 +2.4846e+00 +8.1787e-01 -2.4994e+00 -7.5447e-01 +2.4152e+00 -3.8486e+00 -1.2496e+00 -2.1999e+00 +4.8172e-01 -2.1689e+00 -5.5533e-01 -3.6298e+00 +1.5066e+00 +3.2646e-01 +2.2470e-01 -3.5644e+00 -5.0258e-01 +7.0629e-01 -2.2551e+00 -8.8637e-01
1316 +1.445638137e+01 +1.445638137e+01 +8.696381368e+00 +8.696381368e+00 +3.0494e+00 -6.1118e-01 -1.0882e+00 -1.9218e+00 +3.1891e+00 -1.2592e+00 -1.8358e+00 -1.6471e+00 +6.7536e-01 -2.0524e+00 +3.1030e-01 -5.5796e+00 +1.4394e+00 -2.3696e+00 +1.5052e-01 -1.7731e+00 -4.4296e-01 -6.4875e-01 -1.3066e+00 -8.6445e-01
1516 +9.672163469e+00 +9.672163469e+00 +3.912163469e+00 +3.912163469e+00 +3.0494e+00 -1.9834e-01 -1.0882e+00 -2.5467e+00 +2.8841e+00 -2.5637e+00 -1.8425e+00 -1.6471e+00 +1.7046e+00 -2.0208e+00 -7.2265e-02 -3.8119e+00 +9.8163e-01 -2.3696e+00 +1.5052e-01 -1.1855e+00 -4.4296e-01 +1.4802e+00 -1.0203e+00 +2.5706e+00
1763 +5.411542971e+00 +5.411542971e+00 -3.484570294e-01 -3.484570294e-01 +1.9354e+00 -2.1855e+00 -2.3032e+00 -2.4063e+00 +2.6202e+00 -2.0945e+00 -1.7522e+00 -2.5900e+00 +2.1809e+00 -3.3344e+00 +9.1831e-02 -3.6330e+00 +2.6663e+00 -1.4166e+00 +8.9629e-02 -1.7007e+00 -1.0565e+00 +6.1273e-01 -1.8950e+00 +6.0846e-01
1888 +2.667534221e+00 +2.667534221e+00 -3.092465779e+00 -3.092465779e+00 +3.3683e+00 -2.1542e+00 -7.1781e-01 -2.7282e+00 +2.4733e+00 -2.8876e+00 -1.6540e+00 -2.7752e+00 +2.0005e+00 -1.8193e+00 -1.2772e+00 -4.0108e+00 +9.2426e-01 -2.4583e+00 +2.4401e-01 -1.5769e+00 -1.3441e+00 +3.4189e-01 -1.5705e+00 +6.5375e-01
1968 +1.525959915e+00 +1.525959915e+00 -4.234040085e+00 -4.234040085e+00 +3.3683e+00 -1.1855e+00 -7.1781e-01 -2.7282e+00 +2.4733e+00 -2.3679e+00 -1.6540e+00 -2.6567e+00 +2.0005e+00 -2.6019e+00 -1.2772e+00 -4.4360e+00 +9.2426e-01 -2.4583e+00 -7.2556e-01 -1.5769e+00 -1.3441e+00 +4.1020e-02 -1.5595e+00 +1.2587e+00
2241 +9.663751529e-01 +9.663751529e-01 -4.793624847e+00 -4.793624847e+00 +3.5462e+00 -1.1145e+00 -1.4253e+00 -2.7163e+00 +2.5533e+00 -2.7055e+00 -1.6115e+00 -2.8336e+00 +1.6362e+00 -2.4243e+00 -1.0450e+00 -4.2177e+00 +1.2346e+00 -1.5857e+00 -6.0303e-01 -1.7707e+00 -6.9981e-01 +9.5227e-01 -1.6012e+00 +1.2264e+00
2430 +5.187958141e-01 +5.187958141e-01 -5.241204186e+00 -5.241204186e+00 +3.5160e+00 -1.4818e+00 -8.6777e-01 -1.8174e+00 +3.0518e+00 -2.4590e+00 -2.4311e+00 -3.0023e+00 +1.8013e+00 -2.4424e+00 -9.4183e-01 -4.0531e+00 +1.2337e+00 -1.7772e+00 -5.8278e-01 -1.9677e+00 -7.1556e-01 +2.7087e-01 -1.6224e+00 +1.1318e+00
2697 +1.241396652e-01 +1.241396652e-01 -5.635860335e+00 -5.635860335e+00 +3.5922e+00 -1.3400e+00 -3.3723e-01 -1.6121e+00 +2.7366e+00 -3.1044e+00 -1.9263e+00 -3.2308e+00 +1.8807e+00 -3.0440e+00 -1.1339e+00 -4.1704e+00 +1.4563e+00 -2.3831e+00 -4.4656e-01 -1.7315e+00 -7.9062e-01 -6.6183e-02 -1.3617e+00 +1.0810e+00
3014 +9.397000597e-02 +9.397000597e-02 -5.666029994e+00 -5.666029994e+00 +3.5282e+00 -1.0757e+00 -7.3407e-01 -1.8058e+00 +2.8271e+00 -3.0451e+00 -1.6499e+00 -2.9912e+00 +1.7905e+00 -2.9422e+00 -8.8362e-01 -4.3522e+00 +1.2591e+00 -1.8526e+00 -5.2750e-01 -1.7307e+00 -7.8178e-01 -8.8970e-03 -1.3187e+00 +1.2039e+00
3125 +5.012264157e-02 +5.012264157e-02 -5.709877358e+00 -5.709877358e+00 +3.5166e+00 -1.2316e+00 -5.4523e-01 -1.8074e+00 +2.7459e+00 -3.0454e+00 -1.6407e+00 -3.0813e+00 +1.8039e+00 -2.1851e+00 -9.8120e-01 -4.2243e+00 +1.3038e+00 -1.9171e+00 -4.6349e-01 -1.7181e+00 -8.4570e-01 -1.0324e-01 -1.3658e+00 +1.3002e+00
3410 +3.968462956e-02 +3.968462956e-02 -5.720315370e+00 -5.720315370e+00 +3.5560e+00 -9.8692e-01 -7.1153e-01 -1.6120e+00 +2.8557e+00 -3.0850e+00 -1.8003e+00 -3.2994e+00 +1.8278e+00 -2.8841e+00 -1.1134e+00 -3.7965e+00 +1.6677e+00 -1.9383e+00 -5.0426e-01 -1.9472e+00 -9.5477e-01 -2.3155e-01 -1.2454e+00 +1.1865e+00
3633 +1.846934214e-02 +1.846934214e-02 -5.741530658e+00 -5.741530658e+00 +3.4784e+00 -1.3337e+00 -3.9962e-01 -1.6368e+00 +2.7161e+00 -3.0835e+00 -1.5346e+00 -3.0893e+00 +2.0825e+00 -2.7163e+00 -1.0556e+00 -3.8778e+00 +1.5903e+00 -1.9454e+00 -5.0506e-01 -1.9842e+00 -8.2603e-01 +4.2884e-02 -1.2412e+00 +1.0806e+00
3642 +1.566702962e-02 +1.566702962e-02 -5.744332970e+00 -5.744332970e+00 +3.5497e+00 -1.2817e+00 -4.7593e-01 -1.7402e+00 +2.8115e+00 -3.1395e+00 -1.6188e+00 -3.3382e+00 +2.0936e+00 -2.7857e+00 -1.1729e+00 -4.1353e+00 +1.6024e+00 -1.8822e+00 -5.4092e-01 -1.9181e+00 -1.0004e+00 -1.8713e-01 -1.2780e+00 +1.1970e+00
3836 +6.948784631e-03 +6.948784631e-03 -5.753051215e+00 -5.753051215e+00 +3.5469e+00 -1.3262e+00 -3.9786e-01 -1.6844e+00 +2.8367e+00 -3.1310e+00 -1.5762e+00 -3.2743e+00 +2.0778e+00 -2.7653e+00 -1.0413e+00 -3.8758e+00 +1.5648e+00 -1.9398e+00 -3.1952e-01 -1.9074e+00 -7.9759e-01 -2.2262e-01 -1.2163e+00 +1.2341e+00
4029 +5.683008985e-03 +5.683008985e-03 -5.754316991e+00 -5.754316991e+00 +3.5832e+00 -1.3831e+00 -3.7458e-01 -1.6947e+00 +2.6935e+00 -3.2183e+00 -1.5888e+00 -3.2167e+00 +2.1327e+00 -2.6447e+00 -1.0433e+00 -3.7978e+00 +1.6334e+00 -1.9309e+00 -4.8037e-01 -2.1869e+00 -9.4944e-01 -2.3918e-01 -1.3199e+00 +1.2997e+00
4059 +3.759457438e-03 +3.759457438e-03 -5.756240543e+00 -5.756240543e+00 +3.5463e+00 -1.2208e+00 -3.0299e-01 -1.5571e+00 +2.7763e+00 -3.2360e+00 -1.5754e+00 -3.1410e+00 +1.9969e+00 -2.6968e+00 -1.0814e+00 -3.9210e+00 +1.6224e+00 -1.9558e+00 -4.7843e-01 -2.0149e+00 -7.1935e-01 -3.1975e-01 -1.2659e+00 +1.2718e+00
4362 +1.797607656e-03 +1.797607656e-03 -5.758202392e+00 -5.758202392e+00 +3.5421e+00 -1.3729e+00 -3.2174e-01 -1.7110e+00 +2.7679e+00 -3.1810e+00 -1.5554e+00 -3.2884e+00 +2.1540e+00 -2.6442e+00 -9.6621e-01 -3.9098e+00 +1.5023e+00 -1.9240e+00 -5.8513e-01 -2.0240e+00 -7.7496e-01 -3.6759e-01 -1.1424e+00 +1.2602e+00
4505 +1.048739229e-03 +1.048739229e-03 -5.758951261e+00 -5.758951261e+00 +3.5324e+00 -1.4329e+00 -2.6638e-01 -1.7063e+00 +2.6848e+00 -3.2036e+00 -1.6482e+00 -3.2024e+00 +2.1980e+00 -2.7537e+00 -1.0224e+00 -3.9145e+00 +1.6196e+00 -1.9530e+00 -5.5718e-01 -2.0946e+00 -6.9350e-01 -2.9154e-01 -1.2592e+00 +1.2104e+00
4662 +9.340169336e-04 +9.340169336e-04 -5.759065983e+00 -5.759065983e+00 +3.5176e+00 -1.4679e+00 -2.7147e-01 -1.7933e+00 +2.7873e+00 -3.1926e+00 -1.6441e+00 -3.2185e+00 +2.1844e+00 -2.6820e+00 -1.0112e+00 -3.8468e+00 +1.6381e+00 -1.9636e+00 -6.1699e-01 -2.2322e+00 -7.4318e-01 -3.7441e-01 -1.2256e+00 +1.2154e+00
% function evaluation | noise-free fitness - Fopt (-4.986500000000e+02) | best noise-free fitness - Fopt | measured fitness | best measured fitness | x1 | x2...
1 +8.651456558e+01 +8.651456558e+01 -4.121354344e+02 -4.121354344e+02 +3.1472e+00 +4.0579e+00 -3.7301e+00 +4.1338e+00 +1.3236e+00 -4.0246e+00 -2.2150e+00 +4.6882e-01 +4.5751e+00 +4.6489e+00 -3.4239e+00 +4.7059e+00 +4.5717e+00 -1.4624e-01 +3.0028e+00 -3.5811e+00 -7.8239e-01 +4.1574e+00 +2.9221e+00 +4.5949e+00
422 +3.694097094e+01 +3.694097094e+01 -4.617090291e+02 -4.617090291e+02 +1.3380e+00 +1.1769e+00 +1.5176e+00 -1.6786e-01 -2.7740e+00 -4.9115e+00 -2.0762e+00 +9.2691e-01 +1.9359e+00 +8.1163e-01 +1.6117e+00 +1.3029e+00 -2.6328e+00 +4.7386e-01 -2.5929e+00 +4.1648e+00 -2.7448e-01 -3.1583e-01 +4.3658e+00 -1.9906e+00
502 +2.490578791e+01 +2.490578791e+01 -4.737442121e+02 -4.737442121e+02 +1.3380e+00 +1.1769e+00 +1.5176e+00 +3.3385e-01 -2.7740e+00 -4.9115e+00 +1.2209e+00 +4.0481e-01 +2.0722e+00 +8.1163e-01 +1.6117e+00 +2.5483e-01 -2.6328e+00 +1.1239e+00 -2.5929e+00 +4.1648e+00 -1.9553e-01 -3.1583e-01 +3.2095e+00 -1.8193e+00
1224 +1.366988522e+01 +1.366988522e+01 -4.849801148e+02 -4.849801148e+02 -1.2787e+00 +2.1572e-01 -4.5319e-01 -1.1218e+00 -4.7899e-01 -1.4303e+00 +1.0820e+00 +2.5143e+00 +1.5424e+00 +3.0005e-01 +3.8533e-02 +1.7247e+00 -2.2977e+00 +7.0746e-01 -2.1339e+00 +1.5656e+00 -3.9415e+00 +1.9364e+00 +1.3692e+00 -2.4703e+00
1432 +8.490132999e+00 +8.490132999e+00 -4.901598670e+02 -4.901598670e+02 -2.7547e+00 +3.0637e-01 -1.4352e+00 -1.0974e+00 -3.8112e+00 -2.2064e+00 +1.0570e+00 +5.3836e-01 +1.7538e+00 +7.1035e-01 -3.5087e-01 +1.4797e+00 -1.5318e+00 +1.5231e+00 -4.5448e-01 +2.0766e+00 -8.8975e-01 +1.1891e+00 +2.6203e+00 -2.1132e+00
1663 +6.279129230e+00 +6.279129230e+00 -4.923708708e+02 -4.923708708e+02 -1.7430e+00 +5.5092e-01 +3.8715e-01 -1.7129e+00 -2.7817e+00 -2.3637e+00 +1.1617e+00 +1.1841e+00 +1.5425e+00 -3.0447e-01 +2.1663e+00 +1.2309e+00 -2.0282e+00 +1.9989e+00 -1.4194e+00 +2.2623e+00 -2.5603e+00 +1.6086e+00 +2.7966e+00 -2.4159e+00
1862 +2.344600221e+00 +2.344600221e+00 -4.963053998e+02 -4.963053998e+02 -2.1013e+00 +5.9624e-01 -1.7720e+00 -6.6114e-01 -3.5885e+00 -3.3002e+00 +4.0799e-01 +2.0390e+00 +1.2059e+00 +7.4438e-01 +1.8271e-01 +1.6796e+00 -2.0663e+00 -1.5196e-01 -1.5279e+00 +1.6801e+00 -8.6779e-01 +1.6054e+00 +9.0815e-01 -2.5229e+00
2194 +1.465454766e+00 +1.465454766e+00 -4.971845452e+02 -4.971845452e+02 -2.6619e+00 +9.0125e-01 -1.1228e+00 +1.4932e-01 -3.7989e+00 -3.2152e+00 +1.0339e+00 +7.3855e-01 +1.6339e+00 +1.1107e+00 +2.1643e+00 +1.5474e+00 -1.6176e+00 +1.8377e+00 -1.5714e+00 +2.1427e+00 -1.7164e+00 +1.5972e+00 +6.2600e-01 -2.3550e+00
2286 +5.067045984e-01 +5.067045984e-01 -4.981432954e+02 -4.981432954e+02 -2.1524e+00 +8.9527e-01 -1.6749e+00 +1.4403e-01 -3.4886e+00 -3.4076e+00 +7.0364e-01 +1.0349e+00 +1.6473e+00 +9.3592e-01 +1.3233e+00 +1.4476e+00 -1.7801e+00 +8.7698e-01 -1.8624e+00 +2.7298e+00 -1.0332e+00 +1.6454e+00 +1.4125e+00 -2.6664e+00
2710 +3.970815250e-01 +3.970815250e-01 -4.982529185e+02 -4.982529185e+02 -2.1458e+00 +1.1863e+00 -1.1159e+00 -2.2509e-01 -3.8121e+00 -3.2512e+00 +1.0181e+00 +1.0756e+00 +1.5281e+00 +8.0867e-01 +1.7517e+00 +1.3724e+00 -1.5912e+00 +1.7401e+00 -1.7740e+00 +2.6014e+00 -1.4336e+00 +1.6705e+00 +9.7521e-01 -2.6226e+00
2845 +2.255307331e-01 +2.255307331e-01 -4.984244693e+02 -4.984244693e+02 -1.9775e+00 +1.2472e+00 -1.2748e+00 -3.7221e-01 -3.1151e+00 -3.1855e+00 +5.9329e-01 +9.3818e-01 +1.5979e+00 +7.8217e-01 +1.6663e+00 +1.4269e+00 -1.6502e+00 +1.6875e+00 -1.8939e+00 +2.7272e+00 -1.5941e+00 +1.7336e+00 +1.4290e+00 -2.7985e+00
3211 +1.561215081e-01 +1.561215081e-01 -4.984938785e+02 -4.984938785e+02 -1.8318e+00 +7.6421e-01 -1.2681e+00 -6.6456e-01 -3.3671e+00 -3.0344e+00 +1.1014e+00 +1.0053e+00 +1.5681e+00 +9.1332e-01 +1.6742e+00 +1.5854e+00 -1.9914e+00 +1.3869e+00 -2.1303e+00 +2.7722e+00 -1.4308e+00 +1.9525e+00 +9.3801e-01 -2.4309e+00
3622 +8.883636807e-02 +8.883636807e-02 -4.985611636e+02 -4.985611636e+02 -1.5970e+00 +1.0358e+00 -1.2757e+00 -5.8400e-01 -3.3674e+00 -3.2235e+00 +9.9590e-01 +9.7817e-01 +1.5031e+00 +8.0834e-01 +1.7537e+00 +1.5891e+00 -2.2207e+00 +1.2849e+00 -1.8974e+00 +2.9190e+00 -1.2639e+00 +1.6485e+00 +1.3905e+00 -2.4382e+00
4028 +6.034685019e-02 +6.034685019e-02 -4.985896531e+02 -4.985896531e+02 -1.6003e+00 +1.0503e+00 -1.3271e+00 -6.3271e-01 -3.5740e+00 -3.2753e+00 +7.9401e-01 +9.4825e-01 +1.4907e+00 +7.4706e-01 +1.7904e+00 +1.5496e+00 -2.3292e+00 +1.2490e+00 -1.9134e+00 +2.8929e+00 -1.4831e+00 +1.6425e+00 +1.4519e+00 -2.4934e+00
4941 +3.980009578e-02 +3.980009578e-02 -4.986101999e+02 -4.986101999e+02 -1.5720e+00 +1.0290e+00 -1.3321e+00 -6.7082e-01 -3.6054e+00 -3.0727e+00 +7.0628e-01 +8.8655e-01 +1.4794e+00 +7.6482e-01 +1.8369e+00 +1.5899e+00 -2.4258e+00 +1.5779e+00 -1.9623e+00 +3.0059e+00 -1.5173e+00 +1.5713e+00 +1.3889e+00 -2.6944e+00
% function evaluation | noise-free fitness - Fopt (-4.286000000000e+01) | best noise-free fitness - Fopt | measured fitness | best measured fitness | x1 | x2...
1 +8.585921755e+01 +8.585921755e+01 +4.299921755e+01 +4.299921755e+01 +3.1472e+00 +4.0579e+00 -3.7301e+00 +4.1338e+00 +1.3236e+00 -4.0246e+00 -2.2150e+00 +4.6882e-01 +4.5751e+00 +4.6489e+00 -3.4239e+00 +4.7059e+00 +4.5717e+00 -1.4624e-01 +3.0028e+00 -3.5811e+00 -7.8239e-01 +4.1574e+00 +2.9221e+00 +4.5949e+00
454 +5.478992570e+01 +5.478992570e+01 +1.192992570e+01 +1.192992570e+01 +2.5090e+00 -2.9380e+00 -8.6014e-01 +8.7076e-01 +4.1360e+00 -7.8126e-01 +2.4790e+00 +3.6433e+00 +1.4942e+00 -6.9680e-01 -1.7387e+00 -2.1951e+00 +3.7376e+00 +2.6287e+00 +6.8905e-03 +4.8795e+00 +1.5958e+00 +8.6423e-02 -4.1335e+00 +2.0352e-01
897 +2.610220792e+01 +2.610220792e+01 -1.675779208e+01 -1.675779208e+01 -1.1200e+00 -1.8104e+00 +2.7992e-01 -6.0166e-01 +4.2381e+00 -1.7521e-01 -1.5890e-01 +1.0834e+00 +1.5686e+00 +4.1405e+00 -2.4933e+00 -2.3712e+00 +2.4189e+00 +2.2786e+00 +1.6482e+00 +3.6430e+00 +2.5522e+00 -1.0013e+00 -3.5758e+00 +1.8195e+00
1219 +2.348922295e+01 +2.348922295e+01 -1.937077705e+01 -1.937077705e+01 +2.2427e+00 -2.2096e+00 +2.0500e+00 +6.4092e-01 +2.7151e+00 +9.2767e-01 +8.3101e-01 +3.2597e-01 +2.9525e+00 -7.0591e-01 -2.0822e+00 -1.2264e+00 +3.4475e+00 +2.6952e+00 +4.0634e-01 +4.6067e+00 +2.9326e+00 -1.0757e+00 -3.7168e+00 +7.7297e-01
1523 +1.237440230e+01 +1.237440230e+01 -3.048559770e+01 -3.048559770e+01 +9.1240e-01 -2.0837e+00 +2.1393e+00 +2.2233e+00 +4.6155e+00 -9.9085e-01 -2.2335e-01 +1.9177e+00 +1.7972e+00 +1.3733e+00 -1.1294e+00 -4.5479e-01 +4.0923e+00 +3.0260e+00 -1.0368e+00 +5.1583e+00 +2.6366e+00 -1.0142e+00 -3.4658e+00 +1.2140e+00
1857 +8.290790416e+00 +8.290790416e+00 -3.456920958e+01 -3.456920958e+01 +3.8755e-02 -2.0440e+00 +1.5501e+00 +1.1252e+00 +4.8437e+00 -1.8311e+00 -3.8095e-01 +9.5436e-01 +2.5114e+00 +7.5233e-01 -2.4933e+00 -1.2253e+00 +2.6284e+00 +2.1725e+00 -6.6645e-01 +3.6430e+00 +3.2607e+00 -2.1667e+00 -2.8765e+00 +1.5967e+00
2205 +6.106612964e+00 +6.106612964e+00 -3.675338704e+01 -3.675338704e+01 -1.2431e+00 -2.5102e+00 +1.0698e+00 +2.0368e+00 +3.7026e+00 -1.2510e+00 +1.2949e+00 +2.3867e+00 +2.4029e+00 +8.5397e-01 -2.1984e+00 -1.1928e+00 +3.3583e+00 +2.2478e+00 -8.9418e-02 +4.6258e+00 +2.8129e+00 -2.1013e+00 -2.9244e+00 +1.7599e+00
2608 +3.526898445e+00 +3.526898445e+00 -3.933310155e+01 -3.933310155e+01 -1.1797e-01 -2.5808e+00 +1.5465e+00 +1.9086e+00 +4.5700e+00 -8.5357e-01 +2.2659e-01 +2.3791e+00 +2.4791e+00 +2.2990e+00 -2.3353e+00 -1.1543e-01 +2.8598e+00 +2.9547e+00 +1.5464e-01 +3.5749e+00 +2.9763e+00 -2.0806e+00 -2.2565e+00 +1.1913e+00
2774 +2.267075179e+00 +2.267075179e+00 -4.059292482e+01 -4.059292482e+01 -8.8374e-02 -2.5720e+00 +1.1974e+00 +1.4025e+00 +4.2220e+00 -1.0874e+00 +1.5204e-01 +1.9804e+00 +2.4989e+00 +1.6665e+00 -2.1071e+00 -5.1354e-01 +3.1088e+00 +2.5863e+00 -8.1029e-02 +3.7886e+00 +3.0450e+00 -1.6877e+00 -1.9971e+00 +1.5574e+00
