% function evaluation | noise-free fitness - Fopt (4.078000000000e+01) | best noise-free fitness - Fopt | measured fitness | best measured fitness | x1 | x2...
1 +6.779929285e+01 +6.779929285e+01 +1.085792928e+02 +1.085792928e+02 +3.1472e+00 +4.0579e+00 -3.7301e+00 +4.1338e+00 +1.3236e+00
8 +3.368022629e+01 +3.368022629e+01 +7.446022629e+01 +7.446022629e+01 +3.2346e+00 +1.9483e+00 -1.8290e+00 +4.5022e+00 -4.6555e+00
25 +2.486529262e+01 +2.486529262e+01 +6.564529262e+01 +6.564529262e+01 -3.9335e+00 +4.6190e+00 -4.9537e+00 +2.7491e+00 +3.1730e+00
182 +9.281927176e+00 +9.281927176e+00 +5.006192718e+01 +5.006192718e+01 +2.4056e+00 +4.3641e+00 -4.7191e+00 +4.7020e+00 -1.4434e+00
651 +3.549236926e+00 +3.549236926e+00 +4.432923693e+01 +4.432923693e+01 -2.2397e+00 +3.0444e+00 -4.3780e-01 -2.7474e+00 -2.1837e-01
1100 +1.941609064e+00 +1.941609064e+00 +4.272160906e+01 +4.272160906e+01 -1.6028e+00 +1.3754e+00 +1.0164e+00 -1.3657e+00 +4.6831e-01
1622 +1.547501101e+00 +1.547501101e+00 +4.232750110e+01 +4.232750110e+01 -1.6913e+00 +1.5282e+00 +6.2787e-01 -1.4572e+00 +5.1948e-01
% function evaluation | noise-free fitness - Fopt (-1.600000000000e+00) | best noise-free fitness - Fopt | measured fitness | best measured fitness | x1 | x2...
1 +7.988909922e+01 +7.988909922e+01 +7.828909922e+01 +7.828909922e+01 +3.1472e+00 +4.0579e+00 -3.7301e+00 +4.1338e+00 +1.3236e+00
3 +6.256863846e+01 +6.256863846e+01 +6.096863846e+01 +6.096863846e+01 -3.4239e+00 +4.7059e+00 +4.5717e+00 -1.4624e-01 +3.0028e+00
4 +3.213690084e+01 +3.213690084e+01 +3.053690084e+01 +3.053690084e+01 -3.5811e+00 -7.8239e-01 +4.1574e+00 +2.9221e+00 +4.5949e+00
10 +2.213597397e+01 +2.213597397e+01 +2.053597397e+01 +2.053597397e+01 -1.0236e-01 -5.4414e-01 +1.4631e+00 +2.0936e+00 +2.5469e+00
82 +8.199575415e+00 +8.199575415e+00 +6.599575415e+00 +6.599575415e+00 -3.7793e+00 -3.8763e+00 -3.9431e+00 -3.2347e+00 +2.2592e+00
181 +4.241608808e+00 +4.241608808e+00 +2.641608808e+00 +2.641608808e+00 +9.7211e-01 -1.1385e+00 +3.7129e-01 +3.4890e+00 -2.5735e+00
395 +2.038733963e+00 +2.038733963e+00 +4.387339628e-01 +4.387339628e-01 +1.6204e+00 +4.4226e-01 +1.7316e+00 -4.2111e+00 -2.1921e+00
600 +1.328472791e+00 +1.328472791e+00 -2.715272095e-01 -2.715272095e-01 +4.8329e-01 -1.8093e+00 +9.8570e-01 +3.1763e+00 -1.7223e+00
846 +5.029241701e-01 +5.029241701e-01 -1.097075830e+00 -1.097075830e+00 +1.2384e+00 -1.6315e+00 +2.4039e-01 +3.3723e+00 -2.7771e+00
960 +9.857822397e-02 +9.857822397e-02 -1.501421776e+00 -1.501421776e+00 +1.1851e+00 -1.8093e+00 +9.8570e-01 +2.8135e+00 -2.4641e+00
1118 +5.902023583e-02 +5.902023583e-02 -1.540979764e+00 -1.540979764e+00 +1.1707e+00 -2.2077e+00 +2.4624e-01 +3.2107e+00 -1.8995e+00
1238 +2.983624779e-02 +2.983624779e-02 -1.570163752e+00 -1.570163752e+00 +1.1707e+00 -2.2077e+00 +2.0034e-01 +3.2107e+00 -2.3632e+00
1278 +4.647023690e-03 +4.647023690e-03 -1.595352976e+00 -1.595352976e+00 +1.1873e+00 -2.2077e+00 +2.0034e-01 +3.1118e+00 -2.3565e+00
1840 +3.762574895e-03 +3.762574895e-03 -1.596237425e+00 -1.596237425e+00 +1.2869e+00 -2.1093e+00 +2.5750e-01 +3.1076e+00 -2.4641e+00
2129 +2.129638839e-03 +2.129638839e-03 -1.597870361e+00 -1.597870361e+00 +1.0226e+00 -2.0785e+00 +7.0730e-01 +2.9843e+00 -2.0167e+00
2158 +1.096483194e-03 +1.096483194e-03 -1.598903517e+00 -1.598903517e+00 +1.0958e+00 -2.2077e+00 +3.2099e-01 +3.0149e+00 -2.3565e+00
2247 +4.778088282e-04 +4.778088282e-04 -1.599522191e+00 -1.599522191e+00 +1.1910e+00 -2.0287e+00 +5.0216e-01 +3.0032e+00 -2.0805e+00
2257 +2.836619402e-04 +2.836619402e-04 -1.599716338e+00 -1.599716338e+00 +1.1623e+00 -2.0916e+00 +4.1437e-01 +3.0182e+00 -2.1376e+00
2298 +1.821830948e-04 +1.821830948e-04 -1.599817817e+00 -1.599817817e+00 +1.1115e+00 -2.0766e+00 +5.2859e-01 +2.9828e+00 -2.0283e+00
2498 +6.531724983e-05 +6.531724983e-05 -1.599934683e+00 -1.599934683e+00 +1.1115e+00 -1.9813e+00 +5.6789e-01 +2.9828e+00 -2.1290e+00
2541 +6.364642890e-06 +6.364642890e-06 -1.599993635e+00 -1.599993635e+00 +1.1261e+00 -2.0612e+00 +5.2350e-01 +2.9953e+00 -2.1799e+00
2727 +1.586803882e-06 +1.586803882e-06 -1.599998413e+00 -1.599998413e+00 +1.1204e+00 -2.0250e+00 +5.4637e-01 +2.9978e+00 -2.1120e+00
2887 +3.250973688e-07 +3.250973688e-07 -1.599999675e+00 -1.599999675e+00 +1.1315e+00 -2.0250e+00 +5.4637e-01 +3.0138e+00 -2.1120e+00
2964 +1.184377141e-07 +1.184377141e-07 -1.599999882e+00 -1.599999882e+00 +1.1195e+00 -2.0288e+00 +5.4545e-01 +3.0050e+00 -2.1354e+00
3066 +3.211503508e-08 +3.211503508e-08 -1.599999968e+00 -1.599999968e+00 +1.1315e+00 -2.0239e+00 +5.5228e-01 +3.0144e+00 -2.1302e+00
3090 +2.442510194e-09 +2.442510194e-09 -1.599999998e+00 -1.599999998e+00 +1.1262e+00 -2.0202e+00 +5.6280e-01 +3.0094e+00 -2.1218e+00
3558 +8.146172625e-10 +8.146172625e-10 -1.599999999e+00 -1.599999999e+00 +1.1275e+00 -2.0184e+00 +5.6602e-01 +3.0112e+00 -2.1212e+00
3609 +8.646994232e-11 +8.646994232e-11 -1.600000000e+00 -1.600000000e+00 +1.1269e+00 -2.0159e+00 +5.6788e-01 +3.0111e+00 -2.1211e+00
3901 +5.648326251e-11 +5.648326251e-11 -1.600000000e+00 -1.600000000e+00 +1.1264e+00 -2.0148e+00 +5.6731e-01 +3.0113e+00 -2.1192e+00
4032 +2.419331402e-11 +2.419331402e-11 -1.600000000e+00 -1.600000000e+00 +1.1271e+00 -2.0150e+00 +5.6827e-01 +3.0114e+00 -2.1207e+00
4226 +9.490408459e-12 +9.490408459e-12 -1.600000000e+00 -1.600000000e+00 +1.1265e+00 -2.0135e+00 +5.7058e-01 +3.0112e+00 -2.1179e+00
4429 +4.795497333e-12 +4.795497333e-12 -1.600000000e+00 -1.600000000e+00 +1.1273e+00 -2.0140e+00 +5.6921e-01 +3.0113e+00 -2.1192e+00
4699 +3.190336884e-12 +3.190336884e-12 -1.600000000e+00 -1.600000000e+00 +1.1276e+00 -2.0140e+00 +5.6951e-01 +3.0113e+00 -2.1193e+00
4766 +2.310818203e-12 +2.310818203e-12 -1.600000000e+00 -1.600000000e+00 +1.1277e+00 -2.0139e+00 +5.6976e-01 +3.0114e+00 -2.1187e+00
% function evaluation | noise-free fitness - Fopt (-3.708400000000e+02) | best noise-free fitness - Fopt | measured fitness | best measured fitness | x1 | x2...
1 +7.364660713e+01 +7.364660713e+01 -2.971933929e+02 -2.971933929e+02 +3.1472e+00 +4.0579e+00 -3.7301e+00 +4.1338e+00 +1.3236e+00
4 +5.086126799e+01 +5.086126799e+01 -3.199787320e+02 -3.199787320e+02 -3.5811e+00 -7.8239e-01 +4.1574e+00 +2.9221e+00 +4.5949e+00
10 +3.134827785e+01 +3.134827785e+01 -3.394917221e+02 -3.394917221e+02 -1.0236e-01 -5.4414e-01 +1.4631e+00 +2.0936e+00 +2.5469e+00
25 +2.388974149e+01 +2.388974149e+01 -3.469502585e+02 -3.469502585e+02 -3.9335e+00 +4.6190e+00 -4.9537e+00 +2.7491e+00 +3.1730e+00
94 +1.164912217e+01 +1.164912217e+01 -3.591908778e+02 -3.591908778e+02 +3.0173e+00 +2.0286e+00 -3.6138e+00 -3.5071e+00 -2.4249e+00
117 +7.752419913e+00 +7.752419913e+00 -3.630875801e+02 -3.630875801e+02 -4.4161e+00 -3.6980e+00 +5.1326e-01 -2.4635e+00 +1.8678e+00
662 +2.972974337e+00 +2.972974337e+00 -3.678670257e+02 -3.678670257e+02 +2.3009e+00 -2.0562e+00 -2.0449e+00 -2.6459e+00 -4.0290e+00
2590 +2.499468538e+00 +2.499468538e+00 -3.683405315e+02 -3.683405315e+02 +2.0175e+00 -2.2175e+00 -2.2720e+00 -2.9081e+00 -3.9352e+00
% function evaluation | noise-free fitness - Fopt (-3.256000000000e+01) | best noise-free fitness - Fopt | measured fitness | best measured fitness | x1 | x2...
1 +2.463075797e+01 +2.463075797e+01 -7.929242026e+00 -7.929242026e+00 +3.1472e+00 +4.0579e+00 -3.7301e+00 +4.1338e+00 +1.3236e+00
46 +1.383389412e+01 +1.383389412e+01 -1.872610588e+01 -1.872610588e+01 -4.0987e-02 +2.4313e+00 -6.6948e-01 +1.5548e+00 -1.7070e+00
235 +9.007439015e+00 +9.007439015e+00 -2.355256098e+01 -2.355256098e+01 -1.2423e+00 -1.3270e+00 +8.8918e-01 -8.4652e-01 -4.2083e+00
510 +3.618858092e+00 +3.618858092e+00 -2.894114191e+01 -2.894114191e+01 +1.8077e+00 -4.6819e+00 -4.1456e-01 +2.2058e+00 -2.7048e+00
898 +1.894256322e+00 +1.894256322e+00 -3.066574368e+01 -3.066574368e+01 +4.8669e-01 -4.2018e+00 -1.0500e+00 +3.1652e+00 -8.1741e-01
1610 +1.511140594e+00 +1.511140594e+00 -3.104885941e+01 -3.104885941e+01 +7.8591e-01 +1.6843e+00 -1.6963e+00 +2.1703e+00 -3.4015e+00
% function evaluation | noise-free fitness - Fopt (5.154000000000e+02) | best noise-free fitness - Fopt | measured fitness | best measured fitness | x1 | x2...
1 +7.552797446e+01 +7.552797446e+01 +5.909279745e+02 +5.909279745e+02 +3.1472e+00 +4.0579e+00 -3.7301e+00 +4.1338e+00 +1.3236e+00
3 +6.186202927e+01 +6.186202927e+01 +5.772620293e+02 +5.772620293e+02 -3.4239e+00 +4.7059e+00 +4.5717e+00 -1.4624e-01 +3.0028e+00
6 +3.377116631e+01 +3.377116631e+01 +5.491711663e+02 +5.491711663e+02 +2.5774e+00 +2.4313e+00 -1.0777e+00 +1.5548e+00 -3.2881e+00
30 +2.476742218e+01 +2.476742218e+01 +5.401674222e+02 +5.401674222e+02 -4.2403e+00 -2.6008e+00 -3.7668e+00 -3.1609e+00 -2.6005e+00
68 +1.495585198e+01 +1.495585198e+01 +5.303558520e+02 +5.303558520e+02 -1.7487e+00 -1.6926e+00 -2.5038e+00 +8.8558e-01 -4.5594e-01
83 +7.453203385e+00 +7.453203385e+00 +5.228532034e+02 +5.228532034e+02 -3.7676e+00 -1.1250e+00 -2.6315e+00 -1.4624e-01 -1.4745e+00
226 +3.744104613e+00 +3.744104613e+00 +5.191441046e+02 +5.191441046e+02 -2.5756e+00 -1.4556e+00 -2.0652e+00 +3.6399e-01 -1.0018e+00
231 +1.111320667e+00 +1.111320667e+00 +5.165113207e+02 +5.165113207e+02 -3.4794e+00 +2.2750e-01 -3.5097e+00 -2.0953e-01 -2.8529e+00
252 +2.513017845e-02 +2.513017845e-02 +5.154251302e+02 +5.154251302e+02 -3.9431e+00 -7.2904e-01 -3.0397e+00 +3.6948e-01 -2.7619e+00
798 +1.776290157e-02 +1.776290157e-02 +5.154177629e+02 +5.154177629e+02 -3.4052e+00 -5.3967e-01 -2.9430e+00 +3.8917e-01 -2.5508e+00
837 +1.491442326e-02 +1.491442326e-02 +5.154149144e+02 +5.154149144e+02 -3.1869e+00 -4.7794e-01 -2.7293e+00 +3.9741e-01 -2.2708e+00
877 +4.436715613e-03 +4.436715613e-03 +5.154044367e+02 +5.154044367e+02 -3.1808e+00 -4.7155e-01 -2.7185e+00 +3.1088e-01 -2.2708e+00
1069 +9.247478990e-04 +9.247478990e-04 +5.154009247e+02 +5.154009247e+02 -3.5321e+00 -7.8290e-01 -2.6810e+00 +3.4895e-01 -2.3970e+00
1437 +2.512565552e-04 +2.512565552e-04 +5.154002513e+02 +5.154002513e+02 -3.3175e+00 -5.3809e-01 -2.5401e+00 +3.1088e-01 -2.3168e+00
1534 +7.666133286e-05 +7.666133286e-05 +5.154000767e+02 +5.154000767e+02 -3.4538e+00 -7.1341e-01 -2.6244e+00 +3.9231e-01 -2.3277e+00
1701 +5.424468486e-05 +5.424468486e-05 +5.154000542e+02 +5.154000542e+02 -3.4510e+00 -7.5891e-01 -2.5200e+00 +4.0988e-01 -2.3903e+00
1871 +1.216405792e-05 +1.216405792e-05 +5.154000122e+02 +5.154000122e+02 -3.4934e+00 -7.5687e-01 -2.5852e+00 +3.9962e-01 -2.3859e+00
1927 +1.357927886e-06 +1.357927886e-06 +5.154000014e+02 +5.154000014e+02 -3.4619e+00 -7.1452e-01 -2.6033e+00 +3.9436e-01 -2.3972e+00
2151 +7.370247204e-07 +7.370247204e-07 +5.154000007e+02 +5.154000007e+02 -3.4934e+00 -7.5687e-01 -2.5851e+00 +4.2275e-01 -2.3859e+00
2221 +4.847807986e-07 +4.847807986e-07 +5.154000005e+02 +5.154000005e+02 -3.4575e+00 -6.9054e-01 -2.6019e+00 +3.9577e-01 -2.3879e+00
2465 +3.787946525e-07 +3.787946525e-07 +5.154000004e+02 +5.154000004e+02 -3.4699e+00 -7.2330e-01 -2.5815e+00 +4.0371e-01 -2.3806e+00
2524 +1.494945536e-07 +1.494945536e-07 +5.154000001e+02 +5.154000001e+02 -3.4719e+00 -7.3739e-01 -2.5904e+00 +4.1533e-01 -2.3794e+00
2550 +6.374716577e-08 +6.374716577e-08 +5.154000001e+02 +5.154000001e+02 -3.4751e+00 -7.4877e-01 -2.5938e+00 +4.2107e-01 -2.3874e+00
2557 +3.397360615e-08 +3.397360615e-08 +5.154000000e+02 +5.154000000e+02 -3.4627e+00 -7.2124e-01 -2.5788e+00 +4.1502e-01 -2.3866e+00
2735 +2.086858331e-08 +2.086858331e-08 +5.154000000e+02 +5.154000000e+02 -3.4729e+00 -7.3629e-01 -2.5965e+00 +4.1567e-01 -2.3983e+00
2755 +9.322889127e-09 +9.322889127e-09 +5.154000000e+02 +5.154000000e+02 -3.4706e+00 -7.3655e-01 -2.5846e+00 +4.2124e-01 -2.3927e+00
2850 +2.900151230e-09 +2.900151230e-09 +5.154000000e+02 +5.154000000e+02 -3.4676e+00 -7.3192e-01 -2.5914e+00 +4.1921e-01 -2.3899e+00
2869 +2.090814633e-09 +2.090814633e-09 +5.154000000e+02 +5.154000000e+02 -3.4732e+00 -7.3085e-01 -2.5888e+00 +4.1956e-01 -2.3947e+00
2918 +1.093781066e-09 +1.093781066e-09 +5.154000000e+02 +5.154000000e+02 -3.4670e+00 -7.2921e-01 -2.5940e+00 +4.1484e-01 -2.3895e+00
3022 +7.988774087e-10 +7.988774087e-10 +5.154000000e+02 +5.154000000e+02 -3.4674e+00 -7.2912e-01 -2.5894e+00 +4.1619e-01 -2.3892e+00
3111 +5.129550118e-10 +5.129550118e-10 +5.154000000e+02 +5.154000000e+02 -3.4737e+00 -7.3411e-01 -2.5966e+00 +4.1823e-01 -2.3955e+00
3117 +5.695710570e-11 +5.695710570e-11 +5.154000000e+02 +5.154000000e+02 -3.4751e+00 -7.2995e-01 -2.5967e+00 +4.1576e-01 -2.3969e+00
3266 +2.285105438e-11 +2.285105438e-11 +5.154000000e+02 +5.154000000e+02 -3.4725e+00 -7.2659e-01 -2.5955e+00 +4.1486e-01 -2.3961e+00
3307 +4.888534022e-12 +4.888534022e-12 +5.154000000e+02 +5.154000000e+02 -3.4734e+00 -7.2897e-01 -2.5941e+00 +4.1543e-01 -2.3943e+00
3498 +3.865352483e-12 +3.865352483e-12 +5.154000000e+02 +5.154000000e+02 -3.4730e+00 -7.2767e-01 -2.5949e+00 +4.1488e-01 -2.3956e+00
3585 +6.821210263e-13 +6.821210263e-13 +5.154000000e+02 +5.154000000e+02 -3.4728e+00 -7.2814e-01 -2.5946e+00 +4.1529e-01 -2.3948e+00
3603 +1.136868377e-13 +1.136868377e-13 +5.154000000e+02 +5.154000000e+02 -3.4722e+00 -7.2887e-01 -2.5932e+00 +4.1554e-01 -2.3942e+00
3880 +0.000000000e+00 +0.000000000e+00 +5.154000000e+02 +5.154000000e+02 -3.4723e+00 -7.2877e-01 -2.5935e+00 +4.1548e-01 -2.3944e+00
% function evaluation | noise-free fitness - Fopt (9.862300000000e+02) | best noise-free fitness - Fopt | measured fitness | best measured fitness | x1 | x2...
1 +6.003008921e+01 +6.003008921e+01 +1.046260089e+03 +1.046260089e+03 +3.1472e+00 +4.0579e+00 -3.7301e+00 +4.1338e+00 +1.3236e+00
14 +2.638830850e+01 +2.638830850e+01 +1.012618309e+03 +1.012618309e+03 +4.5929e+00 +4.7216e-01 -3.6138e+00 -3.5071e+00 -2.4249e+00
25 +5.986161479e+00 +5.986161479e+00 +9.922161615e+02 +9.922161615e+02 -3.9335e+00 +4.6190e+00 -4.9537e+00 +2.7491e+00 +3.1730e+00
177 +2.169604292e+00 +2.169604292e+00 +9.883996043e+02 +9.883996043e+02 -3.3249e+00 +4.7648e+00 -4.9842e+00 +2.4332e+00 +2.8894e+00
1587 +1.483407199e+00 +1.483407199e+00 +9.877134072e+02 +9.877134072e+02 -3.0264e+00 +4.5463e+00 -4.5129e+00 +2.6704e+00 +2.7730e+00
2625 +5.764031491e-01 +5.764031491e-01 +9.868064031e+02 +9.868064031e+02 -3.9307e+00 -2.9623e+00 +1.5917e+00 +2.8757e+00 -2.3080e+00
3245 +3.699219034e-01 +3.699219034e-01 +9.865999219e+02 +9.865999219e+02 -3.9787e+00 -2.9994e+00 +1.5308e+00 +3.0933e+00 -2.2443e+00
3493 +1.492543380e-01 +1.492543380e-01 +9.863792543e+02 +9.863792543e+02 -3.9985e+00 -3.8802e+00 +1.4895e+00 +3.0541e+00 -2.1725e+00
3539 +8.725516705e-02 +8.725516705e-02 +9.863172552e+02 +9.863172552e+02 -4.2387e+00 -3.4539e+00 +1.5362e+00 +3.5794e+00 -2.3155e+00
3562 +4.193145833e-02 +4.193145833e-02 +9.862719315e+02 +9.862719315e+02 -3.9512e+00 -3.4272e+00 +1.5149e+00 +3.1491e+00 -2.1889e+00
3843 +2.399403085e-02 +2.399403085e-02 +9.862539940e+02 +9.862539940e+02 -3.6500e+00 -3.8436e+00 +1.4441e+00 +3.1516e+00 -2.1610e+00
4127 +8.710292862e-03 +8.710292862e-03 +9.862387103e+02 +9.862387103e+02 -3.1604e+00 -3.7901e+00 +1.3804e+00 +3.2478e+00 -2.1787e+00
4565 +6.058632831e-03 +6.058632831e-03 +9.862360586e+02 +9.862360586e+02 -3.7866e+00 -3.7486e+00 +1.4537e+00 +3.3175e+00 -2.3181e+00
4689 +3.683273201e-03 +3.683273201e-03 +9.862336833e+02 +9.862336833e+02 -3.7644e+00 -3.6706e+00 +1.4460e+00 +3.3405e+00 -2.2672e+00
4855 +2.296342983e-03 +2.296342983e-03 +9.862322963e+02 +9.862322963e+02 -3.3791e+00 -3.6933e+00 +1.3543e+00 +3.2908e+00 -2.2655e+00
4933 +1.236013590e-03 +1.236013590e-03 +9.862312360e+02 +9.862312360e+02 -3.6505e+00 -3.7155e+00 +1.3681e+00 +3.3378e+00 -2.2770e+00
% function evaluation | noise-free fitness - Fopt (1.240800000000e+02) | best noise-free fitness - Fopt | measured fitness | best measured fitness | x1 | x2...
1 +7.047860074e+01 +7.047860074e+01 +1.945586007e+02 +1.945586007e+02 +3.1472e+00 +4.0579e+00 -3.7301e+00 +4.1338e+00 +1.3236e+00
4 +3.283514013e+01 +3.283514013e+01 +1.569151401e+02 +1.569151401e+02 -3.5811e+00 -7.8239e-01 +4.1574e+00 +2.9221e+00 +4.5949e+00
9 +1.134217714e+01 +1.134217714e+01 +1.354221771e+02 +1.354221771e+02 -6.1256e-01 -1.1844e+00 +2.6552e+00 +2.9520e+00 -3.1313e+00
514 +2.924199316e+00 +2.924199316e+00 +1.270041993e+02 +1.270041993e+02 -2.3463e+00 -4.6002e-01 -3.1165e-01 +7.5209e-01 -2.8614e+00
1000 +6.095261807e-01 +6.095261807e-01 +1.246895262e+02 +1.246895262e+02 -1.6400e+00 -5.6732e-01 -6.3862e-01 -6.6324e-01 -3.4276e+00
1040 +1.105935479e-01 +1.105935479e-01 +1.241905935e+02 +1.241905935e+02 -3.7155e+00 -5.6732e-01 -6.3862e-01 -6.6324e-01 -3.4276e+00
2129 +3.901979052e-02 +3.901979052e-02 +1.241190198e+02 +1.241190198e+02 -3.5234e+00 -4.6594e-01 -1.7475e-01 -3.7705e-01 -3.1313e+00
2206 +1.485796158e-02 +1.485796158e-02 +1.240948580e+02 +1.240948580e+02 -3.2990e+00 -3.8681e-01 -6.1252e-02 -3.8449e-01 -3.2768e+00
2354 +4.440408939e-03 +4.440408939e-03 +1.240844404e+02 +1.240844404e+02 -3.3806e+00 -4.6002e-01 -3.1165e-01 -6.4724e-02 -3.2587e+00
2866 +1.800888790e-03 +1.800888790e-03 +1.240818009e+02 +1.240818009e+02 -3.4689e+00 -5.5974e-01 -2.6136e-01 -1.6708e-01 -3.2784e+00
3719 +1.062867320e-03 +1.062867320e-03 +1.240810629e+02 +1.240810629e+02 -3.2684e+00 -5.0522e-01 -2.3209e-01 -3.3315e-01 -3.3855e+00
3986 +5.264044489e-04 +5.264044489e-04 +1.240805264e+02 +1.240805264e+02 -3.3675e+00 -4.9892e-01 -2.6136e-01 -3.2474e-01 -3.3057e+00
3989 +1.696259265e-04 +1.696259265e-04 +1.240801696e+02 +1.240801696e+02 -3.3491e+00 -5.6159e-01 -2.8951e-01 -3.4639e-01 -3.3790e+00
4223 +6.317777229e-05 +6.317777229e-05 +1.240800632e+02 +1.240800632e+02 -3.4870e+00 -5.1367e-01 -2.0898e-01 -3.2990e-01 -3.3452e+00
4352 +4.757108746e-05 +4.757108746e-05 +1.240800476e+02 +1.240800476e+02 -3.6108e+00 -5.6478e-01 -2.7390e-01 -3.5727e-01 -3.3783e+00
4363 +6.968543872e-06 +6.968543872e-06 +1.240800070e+02 +1.240800070e+02 -3.5196e+00 -5.6476e-01 -1.9210e-01 -4.0182e-01 -3.3821e+00
4424 +2.269159793e-06 +2.269159793e-06 +1.240800023e+02 +1.240800023e+02 -3.5227e+00 -5.5644e-01 -1.7923e-01 -3.8529e-01 -3.3455e+00
4682 +1.510664760e-06 +1.510664760e-06 +1.240800015e+02 +1.240800015e+02 -3.5581e+00 -5.7487e-01 -1.8246e-01 -3.8962e-01 -3.3495e+00
4689 +2.355171063e-07 +2.355171063e-07 +1.240800002e+02 +1.240800002e+02 -3.5451e+00 -5.5909e-01 -2.0566e-01 -3.8245e-01 -3.3509e+00
4799 +1.247837957e-07 +1.247837957e-07 +1.240800001e+02 +1.240800001e+02 -3.5328e+00 -5.6588e-01 -2.2667e-01 -3.8564e-01 -3.3586e+00
4849 +6.068715663e-08 +6.068715663e-08 +1.240800001e+02 +1.240800001e+02 -3.5451e+00 -5.6789e-01 -2.1000e-01 -3.8245e-01 -3.3530e+00
5000 +2.555577794e-08 +2.555577794e-08 +1.240800000e+02 +1.240800000e+02 -3.5344e+00 -5.7424e-01 -2.0108e-01 -3.8346e-01 -3.3583e+00
% function evaluation | noise-free fitness - Fopt (-4.683100000000e+02) | best noise-free fitness - Fopt | measured fitness | best measured fitness | x1 | x2...
1 +5.620392445e+01 +5.620392445e+01 -4.121060756e+02 -4.121060756e+02 +3.1472e+00 +4.0579e+00 -3.7301e+00 +4.1338e+00 +1.3236e+00
9 +2.606722364e+01 +2.606722364e+01 -4.422427764e+02 -4.422427764e+02 -6.1256e-01 -1.1844e+00 +2.6552e+00 +2.9520e+00 -3.1313e+00
20 +2.180512105e+01 +2.180512105e+01 -4.465048790e+02 -4.465048790e+02 -3.7009e+00 +6.8824e-01 -3.0609e-01 -4.8810e+00 -1.6288e+00
31 +9.754523415e+00 +9.754523415e+00 -4.585554766e+02 -4.585554766e+02 -8.2733e-01 -4.5035e+00 +4.0272e+00 +4.4479e+00 -9.1359e-02
431 +3.540226716e+00 +3.540226716e+00 -4.647697733e+02 -4.647697733e+02 -8.2733e-01 -3.3736e+00 +4.3183e+00 +4.5718e+00 -9.1359e-02
1055 +2.204854327e+00 +2.204854327e+00 -4.661051457e+02 -4.661051457e+02 +3.5705e+00 -3.5958e-01 -2.6997e-01 +3.6265e-01 -1.0777e-01
1314 +1.582211254e+00 +1.582211254e+00 -4.667277887e+02 -4.667277887e+02 -1.2891e+00 -3.9372e+00 +4.8274e+00 +3.7364e+00 -2.4467e-01
% function evaluation | noise-free fitness - Fopt (-6.062000000000e+01) | best noise-free fitness - Fopt | measured fitness | best measured fitness | x1 | x2...
1 +5.361051338e+01 +5.361051338e+01 -7.009486623e+00 -7.009486623e+00 +3.1472e+00 +4.0579e+00 -3.7301e+00 +4.1338e+00 +1.3236e+00
10 +1.892924206e+01 +1.892924206e+01 -4.169075794e+01 -4.169075794e+01 -1.0236e-01 -5.4414e-01 +1.4631e+00 +2.0936e+00 +2.5469e+00
157 +1.210896066e+01 +1.210896066e+01 -4.851103934e+01 -4.851103934e+01 -2.6660e+00 +2.3011e+00 +2.7057e+00 -1.5163e+00 +2.4420e+00
305 +6.344217793e+00 +6.344217793e+00 -5.427578221e+01 -5.427578221e+01 -8.4092e-01 -1.4229e+00 +2.4794e+00 +2.7139e+00 +3.0442e+00
527 +6.037407069e+00 +6.037407069e+00 -5.458259293e+01 -5.458259293e+01 -3.0498e+00 -6.7247e-01 -1.6955e+00 +1.6164e+00 +2.6101e+00
567 +1.646635739e+00 +1.646635739e+00 -5.897336426e+01 -5.897336426e+01 -3.0498e+00 -5.8962e-01 -3.1559e+00 +1.6164e+00 +2.6763e+00
1071 +5.121049923e-01 +5.121049923e-01 -6.010789501e+01 -6.010789501e+01 +3.4779e+00 +3.6276e+00 +3.4749e+00 -2.6051e+00 +2.4819e+00
1914 +9.372227756e-02 +9.372227756e-02 -6.052627772e+01 -6.052627772e+01 +3.2057e+00 +3.5782e+00 +3.6843e+00 -3.1287e+00 +2.8247e+00
2588 +5.896756538e-02 +5.896756538e-02 -6.056103243e+01 -6.056103243e+01 +3.1054e+00 +3.5913e+00 +3.6804e+00 -3.0948e+00 +2.9332e+00
2751 +3.696293335e-02 +3.696293335e-02 -6.058303707e+01 -6.058303707e+01 +3.4779e+00 +3.5881e+00 +3.7047e+00 -3.0871e+00 +2.9137e+00
3294 +1.427267824e-02 +1.427267824e-02 -6.060572732e+01 -6.060572732e+01 +3.2578e+00 +3.5757e+00 +3.6788e+00 -2.9733e+00 +2.8829e+00
3519 +3.515456938e-03 +3.515456938e-03 -6.061648454e+01 -6.061648454e+01 +3.6091e+00 +3.6790e+00 +3.8097e+00 -2.8167e+00 +2.7296e+00
3777 +1.621550787e-04 +1.621550787e-04 -6.061983784e+01 -6.061983784e+01 +3.5880e+00 +3.4999e+00 +3.8500e+00 -2.7662e+00 +2.6879e+00
3857 +1.078199455e-04 +1.078199455e-04 -6.061989218e+01 -6.061989218e+01 +3.5880e+00 +3.5247e+00 +3.8500e+00 -2.7662e+00 +2.6879e+00
4330 +7.703070469e-05 +7.703070469e-05 -6.061992297e+01 -6.061992297e+01 +3.6000e+00 +3.5329e+00 +3.8766e+00 -2.7619e+00 +2.6720e+00
4504 +3.427319170e-05 +3.427319170e-05 -6.061996573e+01 -6.061996573e+01 +3.6311e+00 +3.5666e+00 +3.8894e+00 -2.7592e+00 +2.6895e+00
% function evaluation | noise-free fitness - Fopt (2.864600000000e+02) | best noise-free fitness - Fopt | measured fitness | best measured fitness | x1 | x2...
1 +4.787344260e+01 +4.787344260e+01 +3.343334426e+02 +3.343334426e+02 +3.1472e+00 +4.0579e+00 -3.7301e+00 +4.1338e+00 +1.3236e+00
32 +1.987047633e+01 +1.987047633e+01 +3.063304763e+02 +3.063304763e+02 -1.0747e-01 -1.6228e+00 +4.0005e+00 -1.3075e+00 -3.8880e+00
219 +1.104687723e+00 +1.104687723e+00 +2.875646877e+02 +2.875646877e+02 -4.1551e+00 +3.6432e-01 -3.3042e+00 +2.7917e+00 -2.0847e+00
444 +8.982652816e-01 +8.982652816e-01 +2.873582653e+02 +2.873582653e+02 -4.1182e+00 +1.7141e-01 -3.1924e+00 +2.8111e+00 -2.1436e+00
926 +5.011280282e-01 +5.011280282e-01 +2.869611280e+02 +2.869611280e+02 -2.8223e+00 +7.2340e-01 -2.8760e+00 +2.6704e+00 -9.5127e-01
1453 +3.776204342e-01 +3.776204342e-01 +2.868376204e+02 +2.868376204e+02 -3.1675e+00 -9.3285e-03 -2.9079e+00 +3.3900e+00 -1.2372e+00
1604 +2.134970434e-01 +2.134970434e-01 +2.866734970e+02 +2.866734970e+02 -3.1920e+00 +1.1096e+00 -3.1924e+00 +2.9954e+00 -1.5701e+00
1685 +1.261960176e-01 +1.261960176e-01 +2.865861960e+02 +2.865861960e+02 -3.0440e+00 +3.6078e-01 -3.2955e+00 +3.0801e+00 -1.1670e+00
1725 +4.978155239e-02 +4.978155239e-02 +2.865097816e+02 +2.865097816e+02 -3.0440e+00 +3.6078e-01 -3.2013e+00 +3.2408e+00 -1.1670e+00
1961 +3.814838213e-02 +3.814838213e-02 +2.864981484e+02 +2.864981484e+02 -3.1074e+00 +3.5847e-01 -3.1973e+00 +3.3545e+00 -1.2723e+00
2024 +3.691810363e-03 +3.691810363e-03 +2.864636918e+02 +2.864636918e+02 -3.7422e+00 +5.4051e-01 -3.2798e+00 +3.5453e+00 -2.1010e+00
2291 +1.887489010e-03 +1.887489010e-03 +2.864618875e+02 +2.864618875e+02 -3.7755e+00 +4.4442e-01 -3.3287e+00 +3.5550e+00 -2.0910e+00
2340 +9.364732670e-04 +9.364732670e-04 +2.864609365e+02 +2.864609365e+02 -3.7276e+00 +3.9315e-01 -3.3205e+00 +3.5489e+00 -1.9435e+00
2398 +4.295596457e-04 +4.295596457e-04 +2.864604296e+02 +2.864604296e+02 -3.8500e+00 +4.7664e-01 -3.4452e+00 +3.4696e+00 -2.0803e+00
2571 +2.651725027e-04 +2.651725027e-04 +2.864602652e+02 +2.864602652e+02 -3.6621e+00 +3.7361e-01 -3.3337e+00 +3.4703e+00 -1.7825e+00
2598 +1.284207651e-04 +1.284207651e-04 +2.864601284e+02 +2.864601284e+02 -3.6337e+00 +4.3474e-01 -3.3216e+00 +3.4696e+00 -1.8212e+00
2695 +3.405724351e-05 +3.405724351e-05 +2.864600341e+02 +2.864600341e+02 -3.7358e+00 +4.7051e-01 -3.3713e+00 +3.4933e+00 -1.9238e+00
2734 +2.356486408e-05 +2.356486408e-05 +2.864600236e+02 +2.864600236e+02 -3.6932e+00 +3.9745e-01 -3.3356e+00 +3.4088e+00 -1.8653e+00
2751 +9.289421200e-06 +9.289421200e-06 +2.864600093e+02 +2.864600093e+02 -3.6925e+00 +4.0416e-01 -3.3511e+00 +3.4443e+00 -1.8398e+00
2967 +6.160278417e-06 +6.160278417e-06 +2.864600062e+02 +2.864600062e+02 -3.7412e+00 +4.3357e-01 -3.3593e+00 +3.4372e+00 -1.9335e+00
2975 +2.167506921e-06 +2.167506921e-06 +2.864600022e+02 +2.864600022e+02 -3.7358e+00 +3.9206e-01 -3.3713e+00 +3.4381e+00 -1.8826e+00
3203 +2.786674713e-07 +2.786674713e-07 +2.864600003e+02 +2.864600003e+02 -3.7537e+00 +4.2626e-01 -3.3939e+00 +3.4689e+00 -1.9335e+00
3331 +5.184097063e-08 +5.184097063e-08 +2.864600001e+02 +2.864600001e+02 -3.7276e+00 +4.0231e-01 -3.3749e+00 +3.4530e+00 -1.8970e+00
3362 +3.219724931e-09 +3.219724931e-09 +2.864600000e+02 +2.864600000e+02 -3.7392e+00 +3.9769e-01 -3.3865e+00 +3.4607e+00 -1.9087e+00
3620 +1.178989351e-09 +1.178989351e-09 +2.864600000e+02 +2.864600000e+02 -3.7394e+00 +3.9769e-01 -3.3870e+00 +3.4644e+00 -1.9118e+00
3740 +9.154632608e-10 +9.154632608e-10 +2.864600000e+02 +2.864600000e+02 -3.7407e+00 +3.9769e-01 -3.3870e+00 +3.4644e+00 -1.9118e+00
3844 +3.583977559e-10 +3.583977559e-10 +2.864600000e+02 +2.864600000e+02 -3.7351e+00 +4.0482e-01 -3.3906e+00 +3.4651e+00 -1.9088e+00
4062 +9.907807907e-11 +9.907807907e-11 +2.864600000e+02 +2.864600000e+02 -3.7380e+00 +4.0521e-01 -3.3874e+00 +3.4639e+00 -1.9094e+00
4102 +3.876721166e-11 +3.876721166e-11 +2.864600000e+02 +2.864600000e+02 -3.7380e+00 +4.0336e-01 -3.3874e+00 +3.4639e+00 -1.9094e+00
4162 +2.194155968e-11 +2.194155968e-11 +2.864600000e+02 +2.864600000e+02 -3.7365e+00 +4.0470e-01 -3.3869e+00 +3.4645e+00 -1.9088e+00
4262 +4.604316928e-12 +4.604316928e-12 +2.864600000e+02 +2.864600000e+02 -3.7380e+00 +4.0336e-01 -3.3896e+00 +3.4654e+00 -1.9094e+00
4425 +1.250555215e-12 +1.250555215e-12 +2.864600000e+02 +2.864600000e+02 -3.7377e+00 +4.0157e-01 -3.3889e+00 +3.4659e+00 -1.9097e+00
4454 +9.094947018e-13 +9.094947018e-13 +2.864600000e+02 +2.864600000e+02 -3.7370e+00 +4.0352e-01 -3.3892e+00 +3.4659e+00 -1.9098e+00
4462 +1.136868377e-13 +1.136868377e-13 +2.864600000e+02 +2.864600000e+02 -3.7373e+00 +4.0263e-01 -3.3889e+00 +3.4658e+00 -1.9097e+00
4712 +5.684341886e-14 +5.684341886e-14 +2.864600000e+02 +2.864600000e+02 -3.7372e+00 +4.0289e-01 -3.3891e+00 +3.4658e+00 -1.9095e+00
4752 +0.000000000e+00 +0.000000000e+00 +2.864600000e+02 +2.864600000e+02 -3.7373e+00 +4.0289e-01 -3.3890e+00 +3.4658e+00 -1.9095e+00
% function evaluation | noise-free fitness - Fopt (1.134200000000e+02) | best noise-free fitness - Fopt | measured fitness | best measured fitness | x1 | x2...
1 +6.207873022e+01 +6.207873022e+01 +1.754987302e+02 +1.754987302e+02 +3.1472e+00 +4.0579e+00 -3.7301e+00 +4.1338e+00 +1.3236e+00
5 +3.749469575e+01 +3.749469575e+01 +1.509146958e+02 +1.509146958e+02 +1.5574e+00 -4.6429e+00 +3.4913e+00 +4.3399e+00 +1.7874e+00
16 +1.904242609e+01 +1.904242609e+01 +1.324624261e+02 +1.324624261e+02 -1.5002e+00 -3.0340e+00 -2.4892e+00 +1.1604e+00 -2.6711e-01
122 +1.532060171e+01 +1.532060171e+01 +1.287406017e+02 +1.287406017e+02 +3.3630e+00 +1.5195e+00 -1.9455e+00 +5.3406e-01 +2.2592e+00
153 +8.343970000e+00 +8.343970000e+00 +1.217639700e+02 +1.217639700e+02 +2.8025e+00 -1.1026e+00 -2.5831e+00 -4.5208e+00 -3.9829e+00
297 +5.443210034e+00 +5.443210034e+00 +1.188632100e+02 +1.188632100e+02 -3.4052e+00 +4.3273e+00 +7.5294e-01 +4.4556e+00 -4.3887e+00
1522 +2.713233907e+00 +2.713233907e+00 +1.161332339e+02 +1.161332339e+02 +2.5950e+00 -9.2517e-01 -4.2253e+00 -4.1187e+00 +2.2592e+00
1698 +9.677776309e-01 +9.677776309e-01 +1.143877776e+02 +1.143877776e+02 -1.0303e+00 -2.8456e-02 -4.3730e+00 -4.0232e+00 +2.4540e+00
3552 +3.831047728e-01 +3.831047728e-01 +1.138031048e+02 +1.138031048e+02 -1.9717e+00 -7.0794e-01 -2.6876e+00 -3.2923e+00 +3.8441e+00
4143 +1.613455337e-01 +1.613455337e-01 +1.135813455e+02 +1.135813455e+02 -1.4804e+00 -7.3208e-01 -4.0092e+00 -3.8537e+00 +3.4173e+00
4802 +1.302020892e-01 +1.302020892e-01 +1.135502021e+02 +1.135502021e+02 -1.3652e+00 -3.1129e-01 -4.3524e+00 -3.9697e+00 +2.7327e+00
% function evaluation | noise-free fitness - Fopt (-1.958600000000e+02) | best noise-free fitness - Fopt | measured fitness | best measured fitness | x1 | x2...
1 +4.931565754e+01 +4.931565754e+01 -1.465443425e+02 -1.465443425e+02 +3.1472e+00 +4.0579e+00 -3.7301e+00 +4.1338e+00 +1.3236e+00
6 +1.585262906e+01 +1.585262906e+01 -1.800073709e+02 -1.800073709e+02 +2.5774e+00 +2.4313e+00 -1.0777e+00 +1.5548e+00 -3.2881e+00
44 +1.386784902e+01 +1.386784902e+01 -1.819921510e+02 -1.819921510e+02 -3.5811e+00 +1.0948e+00 -8.7036e-01 +2.9221e+00 -2.4337e+00
330 +7.190965805e+00 +7.190965805e+00 -1.886690342e+02 -1.886690342e+02 -1.0236e-01 +1.7361e+00 +2.7402e+00 +8.3756e-01 +3.1920e+00
410 +6.234788481e+00 +6.234788481e+00 -1.896252115e+02 -1.896252115e+02 +2.0858e-01 +1.7361e+00 +2.6405e+00 +8.3756e-01 +3.1920e+00
861 +2.143531482e+00 +2.143531482e+00 -1.937164685e+02 -1.937164685e+02 -1.2188e+00 -3.4475e+00 +3.5306e+00 +1.6719e+00 +1.3294e+00
1335 +1.227492360e+00 +1.227492360e+00 -1.946325076e+02 -1.946325076e+02 -1.7917e+00 -2.3579e+00 +3.8097e+00 +1.3126e+00 +1.2718e+00
1669 +8.470998856e-01 +8.470998856e-01 -1.950129001e+02 -1.950129001e+02 -1.7102e+00 -2.0190e+00 +3.7561e+00 +1.4358e+00 +9.1173e-01
% function evaluation | noise-free fitness - Fopt (-5.760000000000e+00) | best noise-free fitness - Fopt | measured fitness | best measured fitness | x1 | x2...
1 +7.093653819e+01 +7.093653819e+01 +6.517653819e+01 +6.517653819e+01 +3.1472e+00 +4.0579e+00 -3.7301e+00 +4.1338e+00 +1.3236e+00
3 +3.884305921e+01 +3.884305921e+01 +3.308305921e+01 +3.308305921e+01 -3.4239e+00 +4.7059e+00 +4.5717e+00 -1.4624e-01 +3.0028e+00
32 +7.111554051e+00 +7.111554051e+00 +1.351554051e+00 +1.351554051e+00 -1.0747e-01 -1.6228e+00 +4.0005e+00 -1.3075e+00 -3.8880e+00
710 +3.725084876e+00 +3.725084876e+00 -2.034915124e+00 -2.034915124e+00 -2.6295e+00 +3.0316e+00 +2.5502e+00 +3.5238e+00 -2.2868e+00
1772 +1.843570855e+00 +1.843570855e+00 -3.916429145e+00 -3.916429145e+00 +3.9060e+00 -9.7018e-01 +7.7137e-02 -2.0422e+00 +3.4931e+00
1911 +5.371750837e-01 +5.371750837e-01 -5.222824916e+00 -5.222824916e+00 +3.5191e+00 -6.6705e-01 +2.2015e-01 -2.2855e+00 +3.5858e+00
2892 +1.200761177e-01 +1.200761177e-01 -5.639923882e+00 -5.639923882e+00 +3.4471e+00 -8.0834e-01 +5.4822e-02 -1.9891e+00 +2.5309e+00
3092 +2.208792581e-02 +2.208792581e-02 -5.737912074e+00 -5.737912074e+00 +3.4471e+00 -1.1949e+00 +5.4822e-02 -1.9891e+00 +2.5309e+00
4661 +1.478501240e-02 +1.478501240e-02 -5.745214988e+00 -5.745214988e+00 +3.4436e+00 -8.7337e-01 +5.1717e-03 -2.0010e+00 +2.8483e+00
4801 +6.317764279e-03 +6.317764279e-03 -5.753682236e+00 -5.753682236e+00 +3.3684e+00 -1.1843e+00 -4.7769e-02 -1.9792e+00 +2.6182e+00
4839 +4.650524496e-03 +4.650524496e-03 -5.755349476e+00 -5.755349476e+00 +3.4255e+00 -1.1766e+00 +1.2904e-02 -1.9888e+00 +2.8222e+00
4955 +3.664198553e-03 +3.664198553e-03 -5.756335801e+00 -5.756335801e+00 +3.4938e+00 -1.2509e+00 +1.2118e-01 -1.9489e+00 +2.7881e+00
% function evaluation | noise-free fitness - Fopt (-4.986500000000e+02) | best noise-free fitness - Fopt | measured fitness | best measured fitness | x1 | x2...
1 +7.288174004e+01 +7.288174004e+01 -4.257682600e+02 -4.257682600e+02 +3.1472e+00 +4.0579e+00 -3.7301e+00 +4.1338e+00 +1.3236e+00
5 +8.193046624e+00 +8.193046624e+00 -4.904569534e+02 -4.904569534e+02 +1.5574e+00 -4.6429e+00 +3.4913e+00 +4.3399e+00 +1.7874e+00
364 +6.159472089e+00 +6.159472089e+00 -4.924905279e+02 -4.924905279e+02 -2.2446e+00 +1.0948e+00 -8.0937e-01 -1.1215e+00 -2.4337e+00
488 +2.004230817e+00 +2.004230817e+00 -4.966457692e+02 -4.966457692e+02 -1.4233e+00 +2.2154e+00 -1.8733e+00 -2.9414e-01 -4.1666e+00
672 +1.259693606e+00 +1.259693606e+00 -4.973903064e+02 -4.973903064e+02 -2.3181e+00 +1.3886e+00 -1.2220e+00 -1.7935e+00 -3.1057e+00
746 +5.252582419e-01 +5.252582419e-01 -4.981247418e+02 -4.981247418e+02 -2.0879e+00 +1.5790e+00 -1.6930e+00 -9.6373e-01 -3.8179e+00
786 +1.734429259e-01 +1.734429259e-01 -4.984765571e+02 -4.984765571e+02 -1.9283e+00 +1.5790e+00 -1.3908e+00 -1.0620e+00 -3.1739e+00
906 +1.326908409e-01 +1.326908409e-01 -4.985173092e+02 -4.985173092e+02 -1.9283e+00 +1.5790e+00 -1.3269e+00 -1.0620e+00 -3.1739e+00
970 +5.191372581e-02 +5.191372581e-02 -4.985980863e+02 -4.985980863e+02 -1.8744e+00 +1.5883e+00 -1.2935e+00 -8.2936e-01 -3.5224e+00
1026 +1.723008567e-02 +1.723008567e-02 -4.986327699e+02 -4.986327699e+02 -1.4092e+00 +1.5790e+00 -1.3269e+00 -1.0620e+00 -3.5114e+00
1349 +7.964394590e-03 +7.964394590e-03 -4.986420356e+02 -4.986420356e+02 -1.5680e+00 +1.3927e+00 -1.3180e+00 -1.0286e+00 -3.5623e+00
1547 +2.285090471e-04 +2.285090471e-04 -4.986497715e+02 -4.986497715e+02 -1.1009e+00 +1.2060e+00 -1.4441e+00 -9.0534e-01 -3.7815e+00
1587 +1.187430748e-04 +1.187430748e-04 -4.986498813e+02 -4.986498813e+02 -1.1425e+00 +1.2060e+00 -1.4670e+00 -8.7295e-01 -3.7815e+00
2254 +6.755227531e-05 +6.755227531e-05 -4.986499324e+02 -4.986499324e+02 -1.2115e+00 +1.2434e+00 -1.4398e+00 -8.6023e-01 -3.7509e+00
2369 +3.692339635e-05 +3.692339635e-05 -4.986499631e+02 -4.986499631e+02 -1.2433e+00 +1.2330e+00 -1.4208e+00 -8.3556e-01 -3.7669e+00
2777 +2.130567731e-05 +2.130567731e-05 -4.986499787e+02 -4.986499787e+02 -1.2300e+00 +1.2237e+00 -1.4440e+00 -8.1876e-01 -3.7806e+00
3824 +1.583937143e-05 +1.583937143e-05 -4.986499842e+02 -4.986499842e+02 -1.2253e+00 +1.2182e+00 -1.4385e+00 -8.1005e-01 -3.7838e+00
% function evaluation | noise-free fitness - Fopt (-4.286000000000e+01) | best noise-free fitness - Fopt | measured fitness | best measured fitness | x1 | x2...
1 +7.671528001e+01 +7.671528001e+01 +3.385528001e+01 +3.385528001e+01 +3.1472e+00 +4.0579e+00 -3.7301e+00 +4.1338e+00 +1.3236e+00
6 +5.168993359e+01 +5.168993359e+01 +8.829933587e+00 +8.829933587e+00 +2.5774e+00 +2.4313e+00 -1.0777e+00 +1.5548e+00 -3.2881e+00
9 +9.818914260e+00 +9.818914260e+00 -3.304108574e+01 -3.304108574e+01 -6.1256e-01 -1.1844e+00 +2.6552e+00 +2.9520e+00 -3.1313e+00
413 +5.003267788e+00 +5.003267788e+00 -3.785673221e+01 -3.785673221e+01 +1.5759e+00 +9.4993e-02 +1.0562e+00 +1.5802e+00 +1.9164e+00
450 +2.150052726e+00 +2.150052726e+00 -4.070994727e+01 -4.070994727e+01 +2.5488e+00 -1.7313e-03 +1.2401e+00 +8.6569e-01 +8.7937e-01
1000 +5.479547359e-01 +5.479547359e-01 -4.231204526e+01 -4.231204526e+01 +3.2476e+00 -3.1050e-01 +1.5979e+00 +1.3287e+00 -6.8297e-02
1256 +2.880438165e-01 +2.880438165e-01 -4.257195618e+01 -4.257195618e+01 +3.0930e+00 -3.6460e-01 +1.3236e+00 +1.5209e+00 +1.1431e-01
1299 +2.083393832e-01 +2.083393832e-01 -4.265166062e+01 -4.265166062e+01 +2.4785e+00 -6.5300e-01 +6.4005e-01 +1.6032e+00 +1.3193e-01
1338 +2.530772456e-02 +2.530772456e-02 -4.283469228e+01 -4.283469228e+01 +2.4789e+00 -1.2327e+00 +1.2640e+00 +1.9164e+00 -4.0642e-01
1593 +1.720150064e-02 +1.720150064e-02 -4.284279850e+01 -4.284279850e+01 +1.9879e+00 -1.2072e+00 +1.0136e+00 +1.9218e+00 +5.3889e-01
1815 +1.148640146e-02 +1.148640146e-02 -4.284851360e+01 -4.284851360e+01 +2.5184e+00 -1.2078e+00 +1.3118e+00 +2.0241e+00 +4.1431e-02
1906 +2.339536128e-03 +2.339536128e-03 -4.285766046e+01 -4.285766046e+01 +2.3080e+00 -1.1472e+00 +9.8753e-01 +1.7938e+00 -1.7522e-02
2061 +4.515149446e-04 +4.515149446e-04 -4.285954849e+01 -4.285954849e+01 +2.3457e+00 -1.1767e+00 +1.0695e+00 +2.0209e+00 -3.8868e-02
2067 +2.492557835e-04 +2.492557835e-04 -4.285975074e+01 -4.285975074e+01 +2.3121e+00 -1.0887e+00 +1.0474e+00 +1.8633e+00 +3.5428e-02
2322 +7.368228211e-06 +7.368228211e-06 -4.285999263e+01 -4.285999263e+01 +2.3959e+00 -1.0871e+00 +1.0955e+00 +1.9523e+00 +3.7126e-02
2480 +3.079530096e-06 +3.079530096e-06 -4.285999692e+01 -4.285999692e+01 +2.4387e+00 -1.0281e+00 +1.1054e+00 +1.8997e+00 +4.1876e-02
2597 +6.115011146e-07 +6.115011146e-07 -4.285999939e+01 -4.285999939e+01 +2.4129e+00 -1.0305e+00 +1.1132e+00 +1.9042e+00 +4.4667e-02
2983 +2.839604250e-07 +2.839604250e-07 -4.285999972e+01 -4.285999972e+01 +2.4186e+00 -1.0726e+00 +1.1229e+00 +1.9124e+00 +1.8666e-02
2988 +2.412450471e-07 +2.412450471e-07 -4.285999976e+01 -4.285999976e+01 +2.4236e+00 -1.0544e+00 +1.1181e+00 +1.9142e+00 +3.6579e-02
3000 +1.406572281e-07 +1.406572281e-07 -4.285999986e+01 -4.285999986e+01 +2.4387e+00 -1.0571e+00 +1.1234e+00 +1.9178e+00 -1.5604e-02
3011 +5.711179085e-09 +5.711179085e-09 -4.285999999e+01 -4.285999999e+01 +2.4239e+00 -1.0562e+00 +1.1162e+00 +1.9215e+00 +1.7164e-02
3237 +2.712667424e-09 +2.712667424e-09 -4.286000000e+01 -4.286000000e+01 +2.4186e+00 -1.0596e+00 +1.1174e+00 +1.9193e+00 +1.9083e-02
3276 +1.853038611e-09 +1.853038611e-09 -4.286000000e+01 -4.286000000e+01 +2.4247e+00 -1.0571e+00 +1.1166e+00 +1.9133e+00 +1.9189e-02
3356 +8.499725368e-10 +8.499725368e-10 -4.286000000e+01 -4.286000000e+01 +2.4247e+00 -1.0537e+00 +1.1161e+00 +1.9160e+00 +1.9189e-02
3371 +4.532196840e-10 +4.532196840e-10 -4.286000000e+01 -4.286000000e+01 +2.4237e+00 -1.0562e+00 +1.1160e+00 +1.9146e+00 +1.9245e-02
3399 +7.528200285e-11 +7.528200285e-11 -4.286000000e+01 -4.286000000e+01 +2.4240e+00 -1.0557e+00 +1.1170e+00 +1.9136e+00 +1.5078e-02
3411 +5.050537766e-11 +5.050537766e-11 -4.286000000e+01 -4.286000000e+01 +2.4235e+00 -1.0556e+00 +1.1158e+00 +1.9125e+00 +1.5581e-02
3435 +1.628563950e-11 +1.628563950e-11 -4.286000000e+01 -4.286000000e+01 +2.4244e+00 -1.0555e+00 +1.1148e+00 +1.9126e+00 +1.4881e-02
3599 +6.373568340e-12 +6.373568340e-12 -4.286000000e+01 -4.286000000e+01 +2.4237e+00 -1.0557e+00 +1.1158e+00 +1.9133e+00 +1.5960e-02
3669 +1.421085472e-12 +1.421085472e-12 -4.286000000e+01 -4.286000000e+01 +2.4237e+00 -1.0567e+00 +1.1152e+00 +1.9139e+00 +1.4481e-02
3953 +6.750155990e-13 +6.750155990e-13 -4.286000000e+01 -4.286000000e+01 +2.4240e+00 -1.0559e+00 +1.1153e+00 +1.9144e+00 +1.5079e-02
4087 +4.263256415e-13 +4.263256415e-13 -4.286000000e+01 -4.286000000e+01 +2.4244e+00 -1.0559e+00 +1.1155e+00 +1.9138e+00 +1.4599e-02
4107 +1.847411113e-13 +1.847411113e-13 -4.286000000e+01 -4.286000000e+01 +2.4239e+00 -1.0563e+00 +1.1155e+00 +1.9145e+00 +1.4615e-02
4248 +1.563194019e-13 +1.563194019e-13 -4.286000000e+01 -4.286000000e+01 +2.4246e+00 -1.0563e+00 +1.1157e+00 +1.9142e+00 +1.4346e-02
4303 +7.815970093e-14 +7.815970093e-14 -4.286000000e+01 -4.286000000e+01 +2.4246e+00 -1.0558e+00 +1.1159e+00 +1.9141e+00 +1.4400e-02
4327 +4.263256415e-14 +4.263256415e-14 -4.286000000e+01 -4.286000000e+01 +2.4246e+00 -1.0559e+00 +1.1159e+00 +1.9143e+00 +1.4296e-02
4407 +2.842170943e-14 +2.842170943e-14 -4.286000000e+01 -4.286000000e+01 +2.4246e+00 -1.0560e+00 +1.1159e+00 +1.9143e+00 +1.4296e-02
4436 +1.421085472e-14 +1.421085472e-14 -4.286000000e+01 -4.286000000e+01 +2.4246e+00 -1.0561e+00 +1.1159e+00 +1.9145e+00 +1.4196e-02
4493 +7.105427358e-15 +7.105427358e-15 -4.286000000e+01 -4.286000000e+01 +2.4244e+00 -1.0565e+00 +1.1160e+00 +1.9147e+00 +1.4294e-02
4523 +0.000000000e+00 +0.000000000e+00 -4.286000000e+01 -4.286000000e+01 +2.4246e+00 -1.0563e+00 +1.1159e+00 +1.9144e+00 +1.4051e-02
