% function evaluation | noise-free fitness - Fopt (4.078000000000e+01) | best noise-free fitness - Fopt | measured fitness | best measured fitness | x1 | x2...
1 +2.481207864e+01 +2.481207864e+01 +6.559207864e+01 +6.559207864e+01 +3.1472e+00 +4.0579e+00
3 +2.702825133e+00 +2.702825133e+00 +4.348282513e+01 +4.348282513e+01 +1.3236e+00 -4.0246e+00
7 +1.763079990e+00 +1.763079990e+00 +4.254307999e+01 +4.254307999e+01 +4.5717e+00 -1.4624e-01
35 +5.309258989e-01 +5.309258989e-01 +4.131092590e+01 +4.131092590e+01 -3.5071e+00 -2.4249e+00
177 +8.835399235e-03 +8.835399235e-03 +4.078883540e+01 +4.078883540e+01 -2.2308e+00 -1.5098e+00
388 +3.548620818e-03 +3.548620818e-03 +4.078354862e+01 +4.078354862e+01 -2.5046e+00 -1.8600e+00
638 +2.068305418e-03 +2.068305418e-03 +4.078206831e+01 +4.078206831e+01 -2.4814e+00 -1.8324e+00
745 +9.523724540e-04 +9.523724540e-04 +4.078095237e+01 +4.078095237e+01 -2.3233e+00 -1.6137e+00
888 +2.003761498e-04 +2.003761498e-04 +4.078020038e+01 +4.078020038e+01 -2.5294e+00 -1.7587e+00
963 +2.836148505e-05 +2.836148505e-05 +4.078002836e+01 +4.078002836e+01 -2.4962e+00 -1.7978e+00
1038 +5.576397520e-06 +5.576397520e-06 +4.078000558e+01 +4.078000558e+01 -2.5036e+00 -1.7943e+00
1105 +2.459560768e-06 +2.459560768e-06 +4.078000246e+01 +4.078000246e+01 -2.5353e+00 -1.8155e+00
1118 +6.436246522e-07 +6.436246522e-07 +4.078000064e+01 +4.078000064e+01 -2.5036e+00 -1.7698e+00
1173 +2.678268487e-07 +2.678268487e-07 +4.078000027e+01 +4.078000027e+01 -2.5043e+00 -1.7866e+00
1197 +2.139252331e-07 +2.139252331e-07 +4.078000021e+01 +4.078000021e+01 -2.4897e+00 -1.7671e+00
1246 +1.276212913e-09 +1.276212913e-09 +4.078000000e+01 +4.078000000e+01 -2.5176e+00 -1.7877e+00
1371 +5.973319617e-10 +5.973319617e-10 +4.078000000e+01 +4.078000000e+01 -2.5147e+00 -1.7890e+00
1449 +3.598614740e-10 +3.598614740e-10 +4.078000000e+01 +4.078000000e+01 -2.5179e+00 -1.7910e+00
1454 +7.464961982e-11 +7.464961982e-11 +4.078000000e+01 +4.078000000e+01 -2.5130e+00 -1.7868e+00
1458 +5.673683745e-11 +5.673683745e-11 +4.078000000e+01 +4.078000000e+01 -2.5122e+00 -1.7860e+00
1520 +1.916333758e-11 +1.916333758e-11 +4.078000000e+01 +4.078000000e+01 -2.5145e+00 -1.7865e+00
1528 +1.190869625e-11 +1.190869625e-11 +4.078000000e+01 +4.078000000e+01 -2.5149e+00 -1.7881e+00
1529 +1.278976924e-13 +1.278976924e-13 +4.078000000e+01 +4.078000000e+01 -2.5155e+00 -1.7879e+00
1618 +7.105427358e-15 +7.105427358e-15 +4.078000000e+01 +4.078000000e+01 -2.5148e+00 -1.7875e+00
1754 +0.000000000e+00 +0.000000000e+00 +4.078000000e+01 +4.078000000e+01 -2.5147e+00 -1.7874e+00
% function evaluation | noise-free fitness - Fopt (-1.600000000000e+00) | best noise-free fitness - Fopt | measured fitness | best measured fitness | x1 | x2...
1 +5.206166621e+01 +5.206166621e+01 +5.046166621e+01 +5.046166621e+01 +3.1472e+00 +4.0579e+00
2 +3.093745672e+00 +3.093745672e+00 +1.493745672e+00 +1.493745672e+00 -3.7301e+00 +4.1338e+00
3 +2.207180766e+00 +2.207180766e+00 +6.071807664e-01 +6.071807664e-01 +1.3236e+00 -4.0246e+00
19 +1.171966112e+00 +1.171966112e+00 -4.280338875e-01 -4.280338875e-01 +1.9483e+00 -1.8290e+00
143 +4.206582859e-01 +4.206582859e-01 -1.179341714e+00 -1.179341714e+00 +2.1998e+00 -2.0000e+00
254 +3.344798811e-02 +3.344798811e-02 -1.566552012e+00 -1.566552012e+00 +1.4740e+00 -1.9398e+00
302 +1.241985826e-03 +1.241985826e-03 -1.598758014e+00 -1.598758014e+00 +1.2951e+00 -2.0668e+00
312 +9.361789767e-04 +9.361789767e-04 -1.599063821e+00 -1.599063821e+00 +1.3963e+00 -2.0366e+00
411 +2.657407849e-05 +2.657407849e-05 -1.599973426e+00 -1.599973426e+00 +1.2266e+00 -2.0269e+00
462 +4.313553622e-06 +4.313553622e-06 -1.599995686e+00 -1.599995686e+00 +1.1817e+00 -2.0231e+00
517 +6.537570707e-08 +6.537570707e-08 -1.599999935e+00 -1.599999935e+00 +1.1353e+00 -2.0172e+00
771 +2.391908605e-08 +2.391908605e-08 -1.599999976e+00 -1.599999976e+00 +1.1219e+00 -2.0152e+00
781 +8.142775343e-11 +8.142775343e-11 -1.600000000e+00 -1.600000000e+00 +1.1250e+00 -2.0118e+00
1013 +9.683143176e-12 +9.683143176e-12 -1.600000000e+00 -1.600000000e+00 +1.1287e+00 -2.0130e+00
1016 +4.585887226e-12 +4.585887226e-12 -1.600000000e+00 -1.600000000e+00 +1.1285e+00 -2.0129e+00
1108 +2.449151992e-12 +2.449151992e-12 -1.600000000e+00 -1.600000000e+00 +1.1293e+00 -2.0129e+00
1132 +1.578737141e-13 +1.578737141e-13 -1.600000000e+00 -1.600000000e+00 +1.1277e+00 -2.0123e+00
1184 +8.881784197e-16 +8.881784197e-16 -1.600000000e+00 -1.600000000e+00 +1.1283e+00 -2.0125e+00
1253 +2.220446049e-16 +2.220446049e-16 -1.600000000e+00 -1.600000000e+00 +1.1283e+00 -2.0125e+00
1406 +0.000000000e+00 +0.000000000e+00 -1.600000000e+00 -1.600000000e+00 +1.1283e+00 -2.0125e+00
% function evaluation | noise-free fitness - Fopt (-3.708400000000e+02) | best noise-free fitness - Fopt | measured fitness | best measured fitness | x1 | x2...
1 +1.617836182e+00 +1.617836182e+00 -3.692221638e+02 -3.692221638e+02 +3.1472e+00 +4.0579e+00
43 +4.270513687e-01 +4.270513687e-01 -3.704129486e+02 -3.704129486e+02 +3.7167e+00 -8.5160e-01
201 +3.587912443e-05 +3.587912443e-05 -3.708399641e+02 -3.708399641e+02 +3.0747e+00 -8.1465e-01
397 +1.989702469e-06 +1.989702469e-06 -3.708399980e+02 -3.708399980e+02 +3.1691e+00 -8.3084e-01
794 +5.126340739e-07 +5.126340739e-07 -3.708399995e+02 -3.708399995e+02 +3.1413e+00 -8.1348e-01
807 +2.274697408e-07 +2.274697408e-07 -3.708399998e+02 -3.708399998e+02 +3.1197e+00 -8.0449e-01
821 +1.747855549e-08 +1.747855549e-08 -3.708400000e+02 -3.708400000e+02 +3.1102e+00 -8.0377e-01
938 +1.301754082e-08 +1.301754082e-08 -3.708400000e+02 -3.708400000e+02 +3.1284e+00 -8.1251e-01
1022 +6.910568118e-09 +6.910568118e-09 -3.708400000e+02 -3.708400000e+02 +3.1022e+00 -8.0433e-01
1037 +5.139952464e-09 +5.139952464e-09 -3.708400000e+02 -3.708400000e+02 +3.1196e+00 -8.0843e-01
1082 +8.444089872e-10 +8.444089872e-10 -3.708400000e+02 -3.708400000e+02 +3.1139e+00 -8.0695e-01
1164 +8.316192179e-11 +8.316192179e-11 -3.708400000e+02 -3.708400000e+02 +3.1107e+00 -8.0704e-01
1253 +1.193711796e-11 +1.193711796e-11 -3.708400000e+02 -3.708400000e+02 +3.1163e+00 -8.0978e-01
1346 +3.865352483e-12 +3.865352483e-12 -3.708400000e+02 -3.708400000e+02 +3.1129e+00 -8.0827e-01
1375 +2.160049917e-12 +2.160049917e-12 -3.708400000e+02 -3.708400000e+02 +3.1142e+00 -8.0892e-01
1395 +5.684341886e-14 +5.684341886e-14 -3.708400000e+02 -3.708400000e+02 +3.1143e+00 -8.0872e-01
1580 +0.000000000e+00 +0.000000000e+00 -3.708400000e+02 -3.708400000e+02 +3.1142e+00 -8.0861e-01
% function evaluation | noise-free fitness - Fopt (-3.256000000000e+01) | best noise-free fitness - Fopt | measured fitness | best measured fitness | x1 | x2...
1 +2.143556334e+01 +2.143556334e+01 -1.112443666e+01 -1.112443666e+01 +3.1472e+00 +4.0579e+00
2 +1.037910827e+01 +1.037910827e+01 -2.218089173e+01 -2.218089173e+01 -3.7301e+00 +4.1338e+00
6 +9.884948266e+00 +9.884948266e+00 -2.267505173e+01 -2.267505173e+01 -3.4239e+00 +4.7059e+00
15 +3.211047333e+00 +3.211047333e+00 -2.934895267e+01 -2.934895267e+01 +1.5548e+00 -3.2881e+00
18 +2.382754552e+00 +2.382754552e+00 -3.017724545e+01 -3.017724545e+01 -4.0287e+00 +3.2346e+00
34 +2.736110719e-01 +2.736110719e-01 -3.228638893e+01 -3.228638893e+01 +4.7216e-01 -3.6138e+00
68 +3.572379038e-02 +3.572379038e-02 -3.252427621e+01 -3.252427621e+01 +8.0028e-01 -3.3519e+00
213 +3.405202961e-03 +3.405202961e-03 -3.255659480e+01 -3.255659480e+01 +1.0702e+00 -3.1501e+00
628 +1.944222997e-03 +1.944222997e-03 -3.255805578e+01 -3.255805578e+01 +8.8846e-01 -3.3519e+00
728 +3.296312787e-04 +3.296312787e-04 -3.255967037e+01 -3.255967037e+01 +1.1863e+00 -3.1475e+00
786 +1.849875726e-05 +1.849875726e-05 -3.255998150e+01 -3.255998150e+01 +1.0113e+00 -3.3101e+00
920 +3.519714653e-08 +3.519714653e-08 -3.255999996e+01 -3.255999996e+01 +1.0579e+00 -3.2513e+00
1028 +2.072312810e-08 +2.072312810e-08 -3.255999998e+01 -3.255999998e+01 +1.0606e+00 -3.2473e+00
1073 +1.213521017e-08 +1.213521017e-08 -3.255999999e+01 -3.255999999e+01 +1.0552e+00 -3.2533e+00
1179 +1.070908695e-09 +1.070908695e-09 -3.256000000e+01 -3.256000000e+01 +1.0441e+00 -3.2594e+00
1272 +1.104751846e-10 +1.104751846e-10 -3.256000000e+01 -3.256000000e+01 +1.0537e+00 -3.2511e+00
1284 +2.155786660e-11 +2.155786660e-11 -3.256000000e+01 -3.256000000e+01 +1.0506e+00 -3.2548e+00
1431 +6.195932656e-12 +6.195932656e-12 -3.256000000e+01 -3.256000000e+01 +1.0492e+00 -3.2548e+00
1444 +2.202682481e-13 +2.202682481e-13 -3.256000000e+01 -3.256000000e+01 +1.0507e+00 -3.2541e+00
1630 +7.105427358e-15 +7.105427358e-15 -3.256000000e+01 -3.256000000e+01 +1.0504e+00 -3.2542e+00
1842 +0.000000000e+00 +0.000000000e+00 -3.256000000e+01 -3.256000000e+01 +1.0503e+00 -3.2543e+00
% function evaluation | noise-free fitness - Fopt (5.154000000000e+02) | best noise-free fitness - Fopt | measured fitness | best measured fitness | x1 | x2...
1 +8.168276674e+00 +8.168276674e+00 +5.235682767e+02 +5.235682767e+02 +3.1472e+00 +4.0579e+00
2 +6.231733484e+00 +6.231733484e+00 +5.216317335e+02 +5.216317335e+02 -3.7301e+00 +4.1338e+00
29 +2.693132639e+00 +2.693132639e+00 +5.180931326e+02 +5.180931326e+02 +4.5974e+00 -1.5961e+00
52 +2.432206784e+00 +2.432206784e+00 +5.178322068e+02 +5.178322068e+02 +4.0553e+00 -3.2705e+00
65 +1.269444561e+00 +1.269444561e+00 +5.166694446e+02 +5.166694446e+02 +3.9185e+00 +2.5469e+00
198 +9.137455972e-01 +9.137455972e-01 +5.163137456e+02 +5.163137456e+02 +3.8821e+00 +2.9689e+00
% function evaluation | noise-free fitness - Fopt (9.862300000000e+02) | best noise-free fitness - Fopt | measured fitness | best measured fitness | x1 | x2...
1 +4.912868519e+01 +4.912868519e+01 +1.035358685e+03 +1.035358685e+03 +3.1472e+00 +4.0579e+00
2 +3.017454622e+00 +3.017454622e+00 +9.892474546e+02 +9.892474546e+02 -3.7301e+00 +4.1338e+00
8 +7.084067270e-01 +7.084067270e-01 +9.869384067e+02 +9.869384067e+02 +3.0028e+00 -3.5811e+00
115 +8.807187898e-03 +8.807187898e-03 +9.862388072e+02 +9.862388072e+02 -3.5071e+00 -3.9013e+00
355 +5.008776559e-04 +5.008776559e-04 +9.862305009e+02 +9.862305009e+02 -3.5071e+00 -3.7281e+00
676 +3.130194121e-04 +3.130194121e-04 +9.862303130e+02 +9.862303130e+02 -3.6092e+00 -3.4673e+00
959 +2.081867914e-04 +2.081867914e-04 +9.862302082e+02 +9.862302082e+02 -3.5294e+00 -3.7242e+00
981 +1.057658551e-05 +1.057658551e-05 +9.862300106e+02 +9.862300106e+02 -3.5663e+00 -3.6206e+00
1134 +6.539254400e-06 +6.539254400e-06 +9.862300065e+02 +9.862300065e+02 -3.5704e+00 -3.6240e+00
1165 +5.921850402e-06 +5.921850402e-06 +9.862300059e+02 +9.862300059e+02 -3.6187e+00 -3.5071e+00
1226 +4.343462479e-08 +4.343462479e-08 +9.862300000e+02 +9.862300000e+02 -3.6125e+00 -3.5444e+00
1338 +2.868546289e-09 +2.868546289e-09 +9.862300000e+02 +9.862300000e+02 -3.6055e+00 -3.5608e+00
1498 +1.219405021e-09 +1.219405021e-09 +9.862300000e+02 +9.862300000e+02 -3.6055e+00 -3.5599e+00
1518 +2.031583790e-10 +2.031583790e-10 +9.862300000e+02 +9.862300000e+02 -3.6034e+00 -3.5630e+00
1528 +1.023181539e-11 +1.023181539e-11 +9.862300000e+02 +9.862300000e+02 -3.6022e+00 -3.5629e+00
1585 +2.728484105e-12 +2.728484105e-12 +9.862300000e+02 +9.862300000e+02 -3.6033e+00 -3.5617e+00
1649 +1.136868377e-13 +1.136868377e-13 +9.862300000e+02 +9.862300000e+02 -3.6033e+00 -3.5612e+00
1689 +0.000000000e+00 +0.000000000e+00 +9.862300000e+02 +9.862300000e+02 -3.6032e+00 -3.5612e+00
% function evaluation | noise-free fitness - Fopt (1.240800000000e+02) | best noise-free fitness - Fopt | measured fitness | best measured fitness | x1 | x2...
1 +7.014630004e+00 +7.014630004e+00 +1.310946300e+02 +1.310946300e+02 +3.1472e+00 +4.0579e+00
13 +2.122112520e+00 +2.122112520e+00 +1.262021125e+02 +1.262021125e+02 +1.7874e+00 +2.5774e+00
22 +1.100819992e+00 +1.100819992e+00 +1.251808200e+02 +1.251808200e+02 +2.6552e+00 +2.9520e+00
45 +5.030967831e-01 +5.030967831e-01 +1.245830968e+02 +1.245830968e+02 -2.5018e+00 -1.1531e+00
189 +3.491266678e-01 +3.491266678e-01 +1.244291267e+02 +1.244291267e+02 -3.3522e+00 -8.6280e-01
248 +2.149859129e-01 +2.149859129e-01 +1.242949859e+02 +1.242949859e+02 -4.1558e+00 -4.4280e-01
310 +2.296509558e-02 +2.296509558e-02 +1.241029651e+02 +1.241029651e+02 -3.5898e+00 -6.5525e-01
515 +5.343484944e-03 +5.343484944e-03 +1.240853435e+02 +1.240853435e+02 -3.6198e+00 -6.0611e-01
610 +9.770066063e-04 +9.770066063e-04 +1.240809770e+02 +1.240809770e+02 -3.5314e+00 -6.1988e-01
692 +3.522005566e-05 +3.522005566e-05 +1.240800352e+02 +1.240800352e+02 -3.6199e+00 -5.1663e-01
760 +3.664310867e-06 +3.664310867e-06 +1.240800037e+02 +1.240800037e+02 -3.5719e+00 -5.4110e-01
864 +1.578202344e-06 +1.578202344e-06 +1.240800016e+02 +1.240800016e+02 -3.4819e+00 -5.8242e-01
943 +1.018193529e-09 +1.018193529e-09 +1.240800000e+02 +1.240800000e+02 -3.5185e+00 -5.7028e-01
1030 +9.490008779e-11 +9.490008779e-11 +1.240800000e+02 +1.240800000e+02 -3.5271e+00 -5.6774e-01
1280 +2.016520284e-11 +2.016520284e-11 +1.240800000e+02 +1.240800000e+02 -3.5213e+00 -5.6992e-01
1353 +1.989519660e-13 +1.989519660e-13 +1.240800000e+02 +1.240800000e+02 -3.5235e+00 -5.6963e-01
1489 +1.563194019e-13 +1.563194019e-13 +1.240800000e+02 +1.240800000e+02 -3.5228e+00 -5.6996e-01
1561 +4.263256415e-14 +4.263256415e-14 +1.240800000e+02 +1.240800000e+02 -3.5233e+00 -5.6952e-01
1567 +2.842170943e-14 +2.842170943e-14 +1.240800000e+02 +1.240800000e+02 -3.5227e+00 -5.6997e-01
1646 +0.000000000e+00 +0.000000000e+00 +1.240800000e+02 +1.240800000e+02 -3.5231e+00 -5.6965e-01
% function evaluation | noise-free fitness - Fopt (-4.683100000000e+02) | best noise-free fitness - Fopt | measured fitness | best measured fitness | x1 | x2...
1 +1.975174707e+01 +1.975174707e+01 -4.485582529e+02 -4.485582529e+02 +3.1472e+00 +4.0579e+00
3 +4.711229800e+00 +4.711229800e+00 -4.635987702e+02 -4.635987702e+02 +1.3236e+00 -4.0246e+00
4 +2.337298492e+00 +2.337298492e+00 -4.659727015e+02 -4.659727015e+02 -2.2150e+00 +4.6882e-01
197 +1.467794254e+00 +1.467794254e+00 -4.668422057e+02 -4.668422057e+02 -2.8874e+00 -1.9484e+00
1235 +9.705447780e-01 +9.705447780e-01 -4.673394552e+02 -4.673394552e+02 -2.6741e+00 -2.0691e+00
% function evaluation | noise-free fitness - Fopt (-6.062000000000e+01) | best noise-free fitness - Fopt | measured fitness | best measured fitness | x1 | x2...
1 +1.020794311e+00 +1.020794311e+00 -5.959920569e+01 -5.959920569e+01 +3.1472e+00 +4.0579e+00
10 +9.311989328e-01 +9.311989328e-01 -5.968880107e+01 -5.968880107e+01 +2.9221e+00 +4.5949e+00
65 +4.334256834e-01 +4.334256834e-01 -6.018657432e+01 -6.018657432e+01 +4.4061e+00 +2.5469e+00
147 +1.794261271e-01 +1.794261271e-01 -6.044057387e+01 -6.044057387e+01 +3.5434e+00 +4.1424e+00
198 +1.474934666e-01 +1.474934666e-01 -6.047250653e+01 -6.047250653e+01 +4.2926e+00 +2.7298e+00
247 +5.438532677e-02 +5.438532677e-02 -6.056561467e+01 -6.056561467e+01 +4.1275e+00 +2.9450e+00
262 +3.643684116e-02 +3.643684116e-02 -6.058356316e+01 -6.058356316e+01 +4.1539e+00 +2.9929e+00
294 +4.673394969e-03 +4.673394969e-03 -6.061532661e+01 -6.061532661e+01 +3.7740e+00 +3.6759e+00
318 +1.540096115e-06 +1.540096115e-06 -6.061999846e+01 -6.061999846e+01 +3.7591e+00 +3.5633e+00
554 +6.327786295e-07 +6.327786295e-07 -6.061999937e+01 -6.061999937e+01 +3.7816e+00 +3.5272e+00
696 +1.217456003e-08 +1.217456003e-08 -6.061999999e+01 -6.061999999e+01 +3.7824e+00 +3.5344e+00
860 +8.233200788e-10 +8.233200788e-10 -6.062000000e+01 -6.062000000e+01 +3.7827e+00 +3.5403e+00
888 +2.975752977e-10 +2.975752977e-10 -6.062000000e+01 -6.062000000e+01 +3.7873e+00 +3.5307e+00
968 +7.876366226e-11 +7.876366226e-11 -6.062000000e+01 -6.062000000e+01 +3.7871e+00 +3.5340e+00
1048 +4.898481620e-11 +4.898481620e-11 -6.062000000e+01 -6.062000000e+01 +3.7846e+00 +3.5352e+00
1096 +3.317524033e-11 +3.317524033e-11 -6.062000000e+01 -6.062000000e+01 +3.7851e+00 +3.5345e+00
1101 +4.305888979e-12 +4.305888979e-12 -6.062000000e+01 -6.062000000e+01 +3.7851e+00 +3.5357e+00
1156 +7.105427358e-15 +7.105427358e-15 -6.062000000e+01 -6.062000000e+01 +3.7863e+00 +3.5337e+00
1476 +0.000000000e+00 +0.000000000e+00 -6.062000000e+01 -6.062000000e+01 +3.7861e+00 +3.5339e+00
% function evaluation | noise-free fitness - Fopt (2.864600000000e+02) | best noise-free fitness - Fopt | measured fitness | best measured fitness | x1 | x2...
1 +9.875738940e+00 +9.875738940e+00 +2.963357389e+02 +2.963357389e+02 +3.1472e+00 +4.0579e+00
8 +5.426383576e+00 +5.426383576e+00 +2.918863836e+02 +2.918863836e+02 +3.0028e+00 -3.5811e+00
17 +2.130755723e+00 +2.130755723e+00 +2.885907557e+02 +2.885907557e+02 -2.2308e+00 -4.5383e+00
28 +5.746848167e-02 +5.746848167e-02 +2.865174685e+02 +2.865174685e+02 -3.8100e+00 -1.6359e-02
248 +4.138935864e-03 +4.138935864e-03 +2.864641389e+02 +2.864641389e+02 -3.6988e+00 +6.2840e-01
365 +1.865094410e-04 +1.865094410e-04 +2.864601865e+02 +2.864601865e+02 -3.8140e+00 +2.7652e-01
493 +3.752821408e-05 +3.752821408e-05 +2.864600375e+02 +2.864600375e+02 -3.7800e+00 +3.5459e-01
862 +1.779707048e-05 +1.779707048e-05 +2.864600178e+02 +2.864600178e+02 -3.7074e+00 +4.3176e-01
1041 +2.205524652e-11 +2.205524652e-11 +2.864600000e+02 +2.864600000e+02 -3.7383e+00 +4.0269e-01
1632 +1.989519660e-12 +1.989519660e-12 +2.864600000e+02 +2.864600000e+02 -3.7384e+00 +4.0125e-01
1666 +0.000000000e+00 +0.000000000e+00 +2.864600000e+02 +2.864600000e+02 -3.7378e+00 +4.0264e-01
% function evaluation | noise-free fitness - Fopt (1.134200000000e+02) | best noise-free fitness - Fopt | measured fitness | best measured fitness | x1 | x2...
1 +4.828927399e+00 +4.828927399e+00 +1.182489274e+02 +1.182489274e+02 +3.1472e+00 +4.0579e+00
5 +2.111743568e+00 +2.111743568e+00 +1.155317436e+02 +1.155317436e+02 +4.5751e+00 +4.6489e+00
95 +1.574872179e+00 +1.574872179e+00 +1.149948722e+02 +1.149948722e+02 -2.0308e+00 +3.1026e+00
108 +4.692667312e-01 +4.692667312e-01 +1.138892667e+02 +1.138892667e+02 -2.3044e+00 -1.6359e-02
1033 +3.848572066e-01 +3.848572066e-01 +1.138048572e+02 +1.138048572e+02 -2.4208e+00 +2.4007e-02
1477 +1.924870170e-01 +1.924870170e-01 +1.136124870e+02 +1.136124870e+02 -2.4137e+00 -3.3122e-02
1597 +1.543961742e-01 +1.543961742e-01 +1.135743962e+02 +1.135743962e+02 -2.4137e+00 -5.9468e-02
% function evaluation | noise-free fitness - Fopt (-1.958600000000e+02) | best noise-free fitness - Fopt | measured fitness | best measured fitness | x1 | x2...
1 +1.744629135e+01 +1.744629135e+01 -1.784137086e+02 -1.784137086e+02 +3.1472e+00 +4.0579e+00
3 +1.024776588e+01 +1.024776588e+01 -1.856122341e+02 -1.856122341e+02 +1.3236e+00 -4.0246e+00
4 +8.989664091e+00 +8.989664091e+00 -1.868703359e+02 -1.868703359e+02 -2.2150e+00 +4.6882e-01
15 +1.358717851e+00 +1.358717851e+00 -1.945012821e+02 -1.945012821e+02 +1.5548e+00 -3.2881e+00
27 +4.719277526e-01 +4.719277526e-01 -1.953880722e+02 -1.953880722e+02 +1.5510e+00 -3.3739e+00
144 +9.743717054e-02 +9.743717054e-02 -1.957625628e+02 -1.957625628e+02 +1.5106e+00 -3.4738e+00
204 +3.035502991e-02 +3.035502991e-02 -1.958296450e+02 -1.958296450e+02 +2.4824e-01 -3.1232e+00
266 +2.412108678e-02 +2.412108678e-02 -1.958358789e+02 -1.958358789e+02 +1.3321e+00 -3.5092e+00
304 +8.855230382e-03 +8.855230382e-03 -1.958511448e+02 -1.958511448e+02 +1.1415e+00 -3.4738e+00
402 +5.108945502e-03 +5.108945502e-03 -1.958548911e+02 -1.958548911e+02 +7.5556e-01 -3.3996e+00
439 +9.383329609e-04 +9.383329609e-04 -1.958590617e+02 -1.958590617e+02 +5.1294e-01 -3.2478e+00
557 +9.787806212e-05 +9.787806212e-05 -1.958599021e+02 -1.958599021e+02 +7.4220e-01 -3.2920e+00
573 +3.194477318e-05 +3.194477318e-05 -1.958599681e+02 -1.958599681e+02 +7.3196e-01 -3.2960e+00
624 +6.921047401e-06 +6.921047401e-06 -1.958599931e+02 -1.958599931e+02 +8.0572e-01 -3.3498e+00
698 +1.784813179e-06 +1.784813179e-06 -1.958599982e+02 -1.958599982e+02 +7.4249e-01 -3.3280e+00
772 +9.477443257e-07 +9.477443257e-07 -1.958599991e+02 -1.958599991e+02 +7.6027e-01 -3.3157e+00
793 +5.462899537e-07 +5.462899537e-07 -1.958599995e+02 -1.958599995e+02 +7.3713e-01 -3.3217e+00
823 +1.531051907e-07 +1.531051907e-07 -1.958599998e+02 -1.958599998e+02 +7.6533e-01 -3.3201e+00
858 +4.066777137e-09 +4.066777137e-09 -1.958600000e+02 -1.958600000e+02 +7.8000e-01 -3.3280e+00
979 +2.229000984e-09 +2.229000984e-09 -1.958600000e+02 -1.958600000e+02 +7.6311e-01 -3.3236e+00
993 +1.597300070e-10 +1.597300070e-10 -1.958600000e+02 -1.958600000e+02 +7.7148e-01 -3.3261e+00
1123 +1.179500941e-11 +1.179500941e-11 -1.958600000e+02 -1.958600000e+02 +7.7198e-01 -3.3268e+00
1253 +1.818989404e-12 +1.818989404e-12 -1.958600000e+02 -1.958600000e+02 +7.6958e-01 -3.3263e+00
1255 +1.136868377e-13 +1.136868377e-13 -1.958600000e+02 -1.958600000e+02 +7.6989e-01 -3.3266e+00
1271 +2.842170943e-14 +2.842170943e-14 -1.958600000e+02 -1.958600000e+02 +7.7084e-01 -3.3270e+00
1350 +0.000000000e+00 +0.000000000e+00 -1.958600000e+02 -1.958600000e+02 +7.7045e-01 -3.3268e+00
% function evaluation | noise-free fitness - Fopt (-5.760000000000e+00) | best noise-free fitness - Fopt | measured fitness | best measured fitness | x1 | x2...
1 +1.052707920e+01 +1.052707920e+01 +4.767079196e+00 +4.767079196e+00 +3.1472e+00 +4.0579e+00
4 +7.875757903e+00 +7.875757903e+00 +2.115757903e+00 +2.115757903e+00 -2.2150e+00 +4.6882e-01
5 +2.759297749e+00 +2.759297749e+00 -3.000702251e+00 -3.000702251e+00 +4.5751e+00 +4.6489e+00
10 +1.970740215e+00 +1.970740215e+00 -3.789259785e+00 -3.789259785e+00 +2.9221e+00 +4.5949e+00
38 +8.044119525e-01 +8.044119525e-01 -4.955588047e+00 -4.955588047e+00 +4.2926e+00 -1.5002e+00
69 +1.420429020e-03 +1.420429020e-03 -5.758579571e+00 -5.758579571e+00 +3.1291e+00 -1.4317e+00
262 +1.838202053e-04 +1.838202053e-04 -5.759816180e+00 -5.759816180e+00 +3.3461e+00 -1.3905e+00
302 +3.583195394e-06 +3.583195394e-06 -5.759996417e+00 -5.759996417e+00 +3.3461e+00 -1.4232e+00
421 +2.506737155e-06 +2.506737155e-06 -5.759997493e+00 -5.759997493e+00 +3.3496e+00 -1.4156e+00
641 +2.000052701e-07 +2.000052701e-07 -5.759999800e+00 -5.759999800e+00 +3.3790e+00 -1.4176e+00
716 +2.091791274e-08 +2.091791274e-08 -5.759999979e+00 -5.759999979e+00 +3.3904e+00 -1.4147e+00
808 +1.404072858e-08 +1.404072858e-08 -5.759999986e+00 -5.759999986e+00 +3.4080e+00 -1.4140e+00
860 +9.319180982e-09 +9.319180982e-09 -5.759999991e+00 -5.759999991e+00 +3.3935e+00 -1.4123e+00
863 +1.955934970e-09 +1.955934970e-09 -5.759999998e+00 -5.759999998e+00 +3.3973e+00 -1.4125e+00
900 +5.322942087e-10 +5.322942087e-10 -5.759999999e+00 -5.759999999e+00 +3.4076e+00 -1.4123e+00
984 +3.568541018e-10 +3.568541018e-10 -5.760000000e+00 -5.760000000e+00 +3.4134e+00 -1.4101e+00
997 +9.062972595e-11 +9.062972595e-11 -5.760000000e+00 -5.760000000e+00 +3.4108e+00 -1.4100e+00
1037 +6.652456364e-13 +6.652456364e-13 -5.760000000e+00 -5.760000000e+00 +3.4074e+00 -1.4108e+00
1162 +1.776356839e-15 +1.776356839e-15 -5.760000000e+00 -5.760000000e+00 +3.4071e+00 -1.4111e+00
1355 +0.000000000e+00 +0.000000000e+00 -5.760000000e+00 -5.760000000e+00 +3.4070e+00 -1.4111e+00
% function evaluation | noise-free fitness - Fopt (-4.986500000000e+02) | best noise-free fitness - Fopt | measured fitness | best measured fitness | x1 | x2...
1 +1.925825575e+01 +1.925825575e+01 -4.793917443e+02 -4.793917443e+02 +3.1472e+00 +4.0579e+00
4 +5.473676803e-01 +5.473676803e-01 -4.981026323e+02 -4.981026323e+02 -2.2150e+00 +4.6882e-01
24 +6.292346735e-02 +6.292346735e-02 -4.985870765e+02 -4.985870765e+02 -5.4414e-01 +1.4631e+00
313 +2.828018199e-05 +2.828018199e-05 -4.986499717e+02 -4.986499717e+02 -1.2759e+00 +1.1181e+00
625 +8.176067865e-06 +8.176067865e-06 -4.986499918e+02 -4.986499918e+02 -1.1157e+00 +1.2101e+00
698 +9.053535450e-07 +9.053535450e-07 -4.986499991e+02 -4.986499991e+02 -1.1601e+00 +1.1858e+00
764 +4.833736966e-08 +4.833736966e-08 -4.986500000e+02 -4.986500000e+02 -1.1660e+00 +1.1710e+00
1004 +2.871854576e-08 +2.871854576e-08 -4.986500000e+02 -4.986500000e+02 -1.1672e+00 +1.1710e+00
1024 +1.273537009e-08 +1.273537009e-08 -4.986500000e+02 -4.986500000e+02 -1.1887e+00 +1.1598e+00
1027 +4.267292297e-09 +4.267292297e-09 -4.986500000e+02 -4.986500000e+02 -1.1810e+00 +1.1639e+00
1049 +2.786634923e-09 +2.786634923e-09 -4.986500000e+02 -4.986500000e+02 -1.1756e+00 +1.1713e+00
1119 +1.513171810e-10 +1.513171810e-10 -4.986500000e+02 -4.986500000e+02 -1.1772e+00 +1.1694e+00
1215 +9.021050573e-11 +9.021050573e-11 -4.986500000e+02 -4.986500000e+02 -1.1828e+00 +1.1652e+00
1316 +1.546140993e-11 +1.546140993e-11 -4.986500000e+02 -4.986500000e+02 -1.1777e+00 +1.1687e+00
1383 +4.718003765e-12 +4.718003765e-12 -4.986500000e+02 -4.986500000e+02 -1.1797e+00 +1.1675e+00
1387 +9.094947018e-13 +9.094947018e-13 -4.986500000e+02 -4.986500000e+02 -1.1776e+00 +1.1683e+00
1436 +5.684341886e-14 +5.684341886e-14 -4.986500000e+02 -4.986500000e+02 -1.1790e+00 +1.1673e+00
1611 +0.000000000e+00 +0.000000000e+00 -4.986500000e+02 -4.986500000e+02 -1.1787e+00 +1.1677e+00
% function evaluation | noise-free fitness - Fopt (-4.286000000000e+01) | best noise-free fitness - Fopt | measured fitness | best measured fitness | x1 | x2...
1 +2.007330943e+00 +2.007330943e+00 -4.085266906e+01 -4.085266906e+01 +3.1472e+00 +4.0579e+00
14 +1.705985566e-05 +1.705985566e-05 -4.285998294e+01 -4.285998294e+01 +2.4313e+00 -1.0777e+00
425 +1.104142003e-05 +1.104142003e-05 -4.285998896e+01 -4.285998896e+01 +2.3638e+00 -1.0176e+00
562 +8.421513712e-06 +8.421513712e-06 -4.285999158e+01 -4.285999158e+01 +2.4539e+00 -1.0543e+00
631 +2.317285364e-06 +2.317285364e-06 -4.285999768e+01 -4.285999768e+01 +2.4718e+00 -1.0838e+00
792 +9.266903334e-07 +9.266903334e-07 -4.285999907e+01 -4.285999907e+01 +2.4508e+00 -1.0752e+00
818 +4.890987313e-07 +4.890987313e-07 -4.285999951e+01 -4.285999951e+01 +2.4532e+00 -1.0742e+00
819 +1.478543723e-07 +1.478543723e-07 -4.285999985e+01 -4.285999985e+01 +2.4470e+00 -1.0694e+00
860 +5.218995369e-08 +5.218995369e-08 -4.285999995e+01 -4.285999995e+01 +2.4293e+00 -1.0630e+00
867 +1.155456886e-08 +1.155456886e-08 -4.285999999e+01 -4.285999999e+01 +2.4370e+00 -1.0607e+00
899 +6.515818995e-09 +6.515818995e-09 -4.285999999e+01 -4.285999999e+01 +2.4312e+00 -1.0616e+00
969 +3.123005854e-09 +3.123005854e-09 -4.286000000e+01 -4.286000000e+01 +2.4248e+00 -1.0587e+00
983 +8.764402537e-10 +8.764402537e-10 -4.286000000e+01 -4.286000000e+01 +2.4265e+00 -1.0588e+00
1008 +9.070788565e-11 +9.070788565e-11 -4.286000000e+01 -4.286000000e+01 +2.4221e+00 -1.0560e+00
1019 +9.400480394e-12 +9.400480394e-12 -4.286000000e+01 -4.286000000e+01 +2.4246e+00 -1.0569e+00
1151 +0.000000000e+00 +0.000000000e+00 -4.286000000e+01 -4.286000000e+01 +2.4247e+00 -1.0564e+00
