% function evaluation | noise-free fitness - Fopt (7.627000000000e+01) | best noise-free fitness - Fopt | measured fitness | best measured fitness | x1 | x2...
1 +5.654267177e+06 +5.654267177e+06 +5.654343447e+06 +5.654343447e+06 +4.2817e+00 -1.7588e-01 +5.1447e-01 +3.4356e+00 +3.2804e+00 +4.8613e+00 +1.5224e+00 +4.8880e+00 +5.0555e-01 -3.2675e+00 -2.1586e+00 +6.9105e-01 -3.9156e+00 -1.0029e+00 +2.8868e+00 +4.1990e+00 -7.8546e-01 +2.4801e-01 +2.4233e+00 -3.6707e-01
5 +2.849130672e+06 +2.849130672e+06 +2.849206942e+06 +2.849206942e+06 +4.2868e+00 +8.2450e-01 -3.0114e+00 -2.0092e+00 +4.0833e+00 +2.6260e+00 +4.2259e+00 +2.0549e+00 -3.1874e-01 -9.5589e-01 +3.1021e+00 -4.3088e+00 +7.4200e-01 -3.7697e+00 +1.2286e+00 +2.7656e+00 -3.6193e+00 -2.2203e+00 -4.7725e+00 +4.1314e+00
8 +9.260741037e+04 +9.260741037e+04 +9.268368037e+04 +9.268368037e+04 +4.1557e+00 -2.6074e-03 -2.0331e+00 +1.3990e+00 +2.5845e-01 +3.7909e+00 +3.5463e+00 +4.5085e+00 -1.5495e+00 -5.7662e-01 -2.4203e+00 +2.8515e+00 -4.0748e+00 -4.7704e-02 +4.5533e-01 +2.4753e+00 -3.7895e+00 -2.5432e+00 -9.0182e-01 -9.8983e-01
9 +4.984465341e+04 +4.984465341e+04 +4.992092341e+04 +4.992092341e+04 +4.2477e+00 +1.5279e+00 -2.3331e+00 -3.3181e+00 -3.2257e+00 +1.3500e+00 +7.5062e-02 -3.2512e+00 +3.2597e-01 -8.6465e-01 -2.2981e+00 -2.5709e+00 +3.9571e-01 +1.9064e+00 +4.9715e-01 -3.4897e+00 -6.1570e-01 -4.8006e+00 -4.7966e+00 +1.0189e+00
128 +4.223538410e+02 +4.223538410e+02 +4.986238410e+02 +4.986238410e+02 -4.2234e+00 -3.8996e+00 -3.4877e-01 +2.9737e+00 -2.7389e+00 +9.3890e-01 +1.1062e+00 +1.4435e+00 +2.8196e+00 +4.2364e+00 -3.3432e+00 +4.3242e+00 -2.5822e+00 -1.5998e+00 +1.4040e+00 -3.5425e+00 -2.3807e+00 +3.7349e+00 -4.8883e-01 +1.2953e+00
199 +2.882953242e+02 +2.882953242e+02 +3.645653242e+02 +3.645653242e+02 +3.4118e-01 -2.5014e+00 +5.0740e-01 +3.0970e+00 -4.7755e+00 -4.4292e+00 -6.2829e-01 +1.8497e+00 +4.2480e+00 +2.8597e+00 +2.2147e+00 +6.9268e-01 +2.9426e+00 -4.9647e-01 +1.0783e+00 +2.7389e+00 +4.1376e+00 +2.0873e+00 -3.2583e+00 +1.3827e+00
1105 +2.283985332e+02 +2.283985332e+02 +3.046685332e+02 +3.046685332e+02 -4.0193e+00 +8.7909e-01 +2.4902e+00 -2.5363e+00 -4.8063e+00 +2.1028e+00 +1.4631e+00 +1.9437e+00 +1.4445e+00 +4.7238e+00 -7.2513e-01 +2.2446e+00 -4.5180e+00 +2.8641e+00 -4.7274e+00 +2.9322e+00 +4.2353e+00 -9.4531e-01 +4.4151e-01 +2.5935e+00
2965 +1.428757000e+02 +1.428757000e+02 +2.191457000e+02 +2.191457000e+02 +3.2515e+00 +9.6679e-02 -3.9258e+00 +1.6433e+00 -4.7101e+00 -1.7270e+00 -1.1850e+00 +1.5860e-01 -9.7072e-01 +1.2797e+00 -2.1708e+00 +4.1137e-01 -4.7195e+00 +1.8327e+00 +1.8642e+00 +3.7103e+00 +2.2576e+00 -1.8949e+00 +1.9666e+00 -1.2577e+00
% function evaluation | noise-free fitness - Fopt (-2.255000000000e+01) | best noise-free fitness - Fopt | measured fitness | best measured fitness | x1 | x2...
1 +1.960239137e+07 +1.960239137e+07 +1.960236882e+07 +1.960236882e+07 -3.4916e+00 +4.5326e+00 -3.7515e+00 +3.2881e+00 -2.1839e+00 -4.7591e+00 -3.9833e+00 +9.3246e-01 +3.7926e+00 -5.6079e-01 -1.2924e+00 +9.0201e-01 -2.7865e+00 -1.1274e+00 -3.3277e+00 -2.6113e+00 +4.5947e+00 -2.3533e+00 +2.8593e-01 -2.7711e-01
2 +7.782111066e+06 +7.782111066e+06 +7.782088516e+06 +7.782088516e+06 +3.1188e+00 -6.4655e-01 +4.5052e+00 +4.3240e-01 +2.9560e+00 +4.5286e+00 -4.0697e+00 +2.4595e+00 -1.2941e-01 -4.8805e+00 +2.8014e-01 -4.7461e+00 +1.3304e+00 -2.1035e+00 +3.3322e+00 +3.0649e+00 -1.7240e+00 -4.6166e+00 +1.8449e+00 -1.9856e+00
3 +7.354845377e+05 +7.354845377e+05 +7.354619877e+05 +7.354619877e+05 -9.2023e-01 -3.3680e+00 +3.2290e+00 +2.0073e+00 -1.5688e-01 +1.2560e+00 -3.8861e+00 +1.0456e+00 +4.1242e+00 -4.7195e+00 +3.3903e+00 -2.9964e+00 +4.8966e+00 -1.1956e+00 -4.2173e+00 -1.8763e+00 +1.0820e+00 -1.1991e+00 +3.1296e+00 -3.4721e+00
6 +1.518839389e+05 +1.518839389e+05 +1.518613889e+05 +1.518613889e+05 +4.0128e+00 -2.7386e+00 -1.3227e+00 -1.7997e+00 -3.0931e+00 +6.8548e-01 +3.4408e+00 +5.8757e-01 -1.9806e+00 +4.9738e+00 +4.9119e+00 -1.9210e-01 +4.3438e+00 +4.3903e+00 +3.3806e+00 -2.6383e+00 +4.7219e+00 +2.9584e+00 -4.5700e+00 +4.2057e+00
14 +2.250083438e+04 +2.250083438e+04 +2.247828438e+04 +2.247828438e+04 +4.2278e+00 +1.1025e+00 +1.1941e+00 -2.6856e+00 +3.3045e-01 -2.3069e+00 -3.5197e+00 -3.8994e+00 -3.1818e-01 -3.6911e+00 -4.2452e+00 +4.8397e-01 +2.6933e+00 +2.0623e+00 -2.6341e+00 -2.8930e+00 -5.5958e-01 +1.5994e+00 +3.8005e+00 -2.1257e-01
64 +6.134499698e+03 +6.134499698e+03 +6.111949698e+03 +6.111949698e+03 -5.8397e-01 -2.2051e-01 +2.7649e-01 +5.9405e-01 +4.4151e+00 -2.3187e+00 +8.6248e-02 +3.5503e-01 +3.7620e+00 -3.3326e+00 +2.5815e+00 -1.7618e-01 +2.8153e+00 -4.3245e+00 +1.7409e+00 -2.5637e+00 -2.0089e+00 -3.0034e-01 +1.1856e+00 +2.7325e+00
91 +2.894542682e+02 +2.894542682e+02 +2.669042682e+02 +2.669042682e+02 +4.0850e+00 +4.5902e+00 +2.8472e+00 +4.7064e+00 -4.6405e-01 -4.6338e+00 +4.5281e-01 -3.9051e+00 -4.5002e+00 -3.1770e+00 -2.7693e+00 +2.2223e+00 -4.2929e+00 +4.9820e+00 -3.1642e+00 +4.6960e+00 +1.7839e+00 -2.1610e+00 -4.4734e+00 +8.3139e-01
667 +1.923726017e+02 +1.923726017e+02 +1.698226017e+02 +1.698226017e+02 +4.5567e+00 +4.2582e+00 -4.1715e+00 -3.3804e+00 -1.5863e-01 -2.2270e+00 +1.4889e+00 -2.5782e+00 +2.3437e+00 -4.5676e+00 +4.2633e+00 -1.1951e+00 +1.0608e+00 -4.4758e+00 -3.3315e+00 -4.7321e+00 -1.4766e+00 +7.8864e-01 +2.8239e+00 +1.3344e+00
% function evaluation | noise-free fitness - Fopt (1.366000000000e+01) | best noise-free fitness - Fopt | measured fitness | best measured fitness | x1 | x2...
1 +5.108782662e+05 +5.108782662e+05 +5.108919262e+05 +5.108919262e+05 -3.3786e+00 -2.7021e+00 -1.4279e+00 -4.2468e+00 -3.3521e+00 -3.5815e+00 +4.6410e+00 -3.1155e+00 +1.4650e-01 +2.8345e+00 -1.7443e-01 -6.2057e-01 +4.7325e-01 -3.0962e+00 +5.7541e-01 +6.0052e-01 -3.7276e+00 +2.1519e+00 -2.0434e-01 +5.9892e-01
7 +4.681931112e+04 +4.681931112e+04 +4.683297112e+04 +4.683297112e+04 +5.8227e-01 +2.9026e+00 +3.0638e+00 -3.8353e+00 -1.1955e+00 -2.0465e+00 -2.9487e+00 +4.0138e+00 -4.6379e+00 +3.5387e+00 +1.0680e+00 +2.7884e-01 +4.0964e-01 -4.5249e+00 +3.6541e+00 -8.3072e-01 +4.5235e+00 -1.2989e+00 +3.6194e+00 +6.1118e-02
13 +3.887385411e+04 +3.887385411e+04 +3.888751411e+04 +3.888751411e+04 -2.8345e+00 +6.3235e-01 -2.6329e+00 +4.3658e+00 +2.1052e+00 -2.3399e+00 -1.3929e+00 +3.0253e+00 -1.3591e+00 -2.3301e-01 +2.0908e+00 -3.1672e+00 +1.6780e+00 -3.7257e+00 +2.5119e+00 -2.4851e+00 -2.3882e+00 -2.7918e+00 +4.6071e+00 +3.8713e-01
33 +4.204863765e+03 +4.204863765e+03 +4.218523765e+03 +4.218523765e+03 -4.1962e+00 -1.2010e+00 -4.8165e+00 -4.4271e+00 -3.4486e+00 +3.3144e+00 +4.5781e+00 -3.2716e+00 -2.1292e+00 +3.3507e+00 +3.0382e+00 -1.2845e+00 +4.9115e+00 +2.1898e+00 -1.6427e+00 +5.6076e-01 +1.8244e+00 +3.2985e+00 -3.0923e+00 +6.7869e-01
149 +5.556856863e+02 +5.556856863e+02 +5.693456863e+02 +5.693456863e+02 -1.9011e+00 +3.2285e-01 -2.7103e+00 +4.3366e+00 +3.4606e+00 -2.0126e+00 -4.7909e+00 -1.6467e+00 -4.9685e+00 +1.6422e+00 -1.2359e+00 +2.1935e+00 +9.4495e-01 -1.6314e+00 +1.8987e+00 +1.8275e+00 -3.8071e+00 +2.7710e+00 +4.4432e+00 -3.8550e+00
349 +3.565998398e+02 +3.565998398e+02 +3.702598398e+02 +3.702598398e+02 -3.9328e+00 -2.8726e+00 +4.6844e+00 +9.1319e-01 -4.2918e+00 -1.7397e+00 -3.9367e+00 -4.3000e+00 -1.4174e+00 +3.8595e+00 -2.5622e+00 +1.7450e+00 +2.9132e+00 +3.9980e+00 +4.4153e+00 +3.5803e+00 +4.3408e-01 +3.5051e+00 +8.2377e-01 -2.9804e+00
1660 +2.503687772e+02 +2.503687772e+02 +2.640287772e+02 +2.640287772e+02 +4.3168e+00 -9.7498e-01 -3.4622e+00 -3.8215e+00 -3.7289e+00 +3.0733e+00 -9.8746e-02 -1.8653e+00 -8.2431e-01 -4.7396e-01 -5.8906e-01 -4.8868e+00 -1.9295e+00 +1.2304e+00 +1.5523e+00 +1.5569e+00 -1.9648e+00 -4.2212e+00 +4.8968e+00 -5.2720e-02
% function evaluation | noise-free fitness - Fopt (9.378400000000e+02) | best noise-free fitness - Fopt | measured fitness | best measured fitness | x1 | x2...
1 +1.381453664e+05 +1.381453664e+05 +1.390832064e+05 +1.390832064e+05 -2.7089e+00 +1.0679e+00 +2.3591e+00 +1.4150e-01 -4.1662e+00 -2.3588e+00 -9.4470e-01 -6.7125e-01 +2.8974e+00 -2.7828e+00 -4.2628e+00 +4.8984e+00 -3.0437e+00 -3.0503e+00 -3.3359e+00 -1.1146e+00 -3.5510e+00 +4.3806e+00 -4.4322e+00 +9.4589e-01
17 +6.250081457e+04 +6.250081457e+04 +6.343865457e+04 +6.343865457e+04 +3.1628e+00 +4.9641e+00 +1.4420e+00 +3.8303e+00 -1.6971e+00 -1.6893e+00 -1.9283e+00 +8.0791e-01 -7.8841e-01 +4.7356e+00 -3.5207e+00 +2.8471e+00 +1.4223e+00 +2.7832e+00 -4.6814e-01 +2.4714e+00 -3.2895e+00 -3.5982e+00 +3.1037e+00 -1.3824e-01
47 +3.579479963e+04 +3.579479963e+04 +3.673263963e+04 +3.673263963e+04 +2.0535e+00 +3.8874e+00 +3.1364e+00 +3.2227e+00 -1.5702e-01 +1.7812e+00 +1.3825e+00 +2.1672e+00 +3.9302e-01 -3.5053e+00 +4.9536e-01 -1.7018e+00 +8.2481e-01 +5.4957e-01 +1.6351e+00 +2.8079e+00 +4.4152e+00 +3.4139e+00 +4.0050e-01 +1.5097e-01
80 +3.134357344e+03 +3.134357344e+03 +4.072197344e+03 +4.072197344e+03 -1.9785e+00 -2.7766e-01 +1.1336e+00 +1.0315e+00 +3.7484e+00 +2.4608e+00 +2.5082e+00 -3.1053e+00 +9.6003e-02 -3.2610e+00 -5.6946e-01 -4.1094e+00 -4.8856e+00 -2.1146e+00 -4.8144e+00 +3.0823e+00 +1.4193e+00 +9.3725e-01 -3.5092e+00 +9.7617e-01
136 +5.172539470e+02 +5.172539470e+02 +1.455093947e+03 +1.455093947e+03 -4.5779e+00 -2.3327e+00 +2.6640e+00 +2.0440e+00 +4.3247e+00 -4.5597e+00 +3.7918e+00 -2.4431e+00 +2.0181e+00 +4.7945e+00 +2.1985e+00 -1.9831e-01 +2.9192e+00 +4.7312e+00 +4.6502e+00 -3.7581e+00 +1.1747e+00 +9.1503e-01 -4.5773e+00 -4.1137e+00
466 +3.700840370e+02 +3.700840370e+02 +1.307924037e+03 +1.307924037e+03 -4.9862e+00 +7.2491e-01 +3.4783e+00 -1.2191e-01 +1.2483e+00 -4.5340e+00 -7.4413e-01 +3.3281e+00 -2.2428e+00 +4.7998e+00 +2.2785e+00 -4.3157e+00 +4.1391e+00 -4.6160e-01 +3.9845e+00 -2.9816e+00 -4.2815e+00 +1.5963e+00 -4.7234e+00 -3.7459e+00
3170 +2.372103415e+02 +2.372103415e+02 +1.175050341e+03 +1.175050341e+03 +1.2210e+00 +2.3060e-01 +2.0890e+00 +1.1606e-01 -3.8070e+00 -5.0830e-01 -6.6694e-01 +1.4896e+00 +1.7548e+00 +4.0048e+00 -3.0741e+00 +1.7450e+00 -1.2224e+00 -2.1501e+00 +2.4243e+00 +4.8450e+00 -2.3123e+00 -2.9952e+00 +4.9762e+00 +4.9134e+00
% function evaluation | noise-free fitness - Fopt (-7.872000000000e+01) | best noise-free fitness - Fopt | measured fitness | best measured fitness | x1 | x2...
1 +9.127767384e+06 +9.127767384e+06 +9.127688664e+06 +9.127688664e+06 +2.7730e+00 +3.5696e+00 -1.9286e-02 -4.6656e+00 -1.0912e+00 -2.3806e+00 +3.4699e+00 +3.4588e+00 +3.5208e+00 -4.9803e+00 -3.4673e+00 -2.0064e+00 +1.7720e+00 +8.8050e-01 +4.3641e+00 -1.7626e+00 +7.5236e-01 -2.9624e+00 -4.0982e-01 +3.8517e+00
4 +4.611492155e+06 +4.611492155e+06 +4.611413435e+06 +4.611413435e+06 -3.9683e+00 -4.1355e+00 +3.8669e+00 -4.9736e-02 -2.5735e+00 -4.8562e+00 +3.7097e+00 -2.6230e+00 -4.9303e+00 +1.4975e+00 -7.7242e-01 -4.1661e+00 +4.6599e+00 +3.1296e+00 -4.4861e+00 -6.3419e-01 -3.8606e+00 +1.6941e+00 +2.3860e+00 +1.7510e+00
5 +2.051586979e+06 +2.051586979e+06 +2.051508259e+06 +2.051508259e+06 +4.7873e+00 -2.6364e-01 +1.5135e+00 +2.1593e-01 -5.9014e-01 -2.2164e+00 -8.0739e-01 +7.1376e-01 +3.0317e+00 -9.2929e-01 -1.6929e+00 +3.9231e+00 +4.4524e+00 -2.7426e+00 +4.5901e+00 +4.0015e+00 +6.6292e-01 -9.9737e-01 -4.9706e+00 -2.7816e+00
8 +5.509867892e+05 +5.509867892e+05 +5.509080692e+05 +5.509080692e+05 -6.1354e-01 -2.3245e+00 +7.5498e-01 +3.1551e+00 -2.1706e+00 +1.8194e+00 -1.1719e+00 -2.0163e+00 -1.0258e+00 +2.6354e+00 -1.4425e+00 -4.8870e+00 -2.0650e+00 -2.0804e+00 -2.7927e+00 -1.4541e-01 +2.7199e+00 -3.0936e-01 +5.5265e-02 +1.8248e+00
9 +4.048212150e+04 +4.048212150e+04 +4.040340150e+04 +4.040340150e+04 +1.4302e+00 +6.1756e-02 +2.1348e+00 +1.2060e-01 -4.0963e+00 -1.0216e+00 +2.6531e+00 +6.0651e-01 -4.7518e+00 +3.5149e+00 +2.9355e+00 -1.0104e-01 -4.5362e+00 +5.4707e-01 +2.8537e-01 -1.7045e+00 -2.9783e+00 +3.7630e+00 +2.6507e+00 +5.6846e-01
130 +5.557059567e+03 +5.557059567e+03 +5.478339567e+03 +5.478339567e+03 +1.9357e+00 +4.5157e+00 +1.1024e+00 +4.0221e+00 -2.1696e+00 +2.7358e+00 +4.0870e+00 +3.9546e+00 +1.4625e+00 -1.5758e+00 -3.2449e+00 +1.3146e+00 -2.2618e+00 -2.8586e+00 -1.5760e+00 +3.4995e+00 -4.5758e+00 -2.8653e-01 -1.4318e+00 +2.2907e+00
169 +3.349933268e+02 +3.349933268e+02 +2.562733268e+02 +2.562733268e+02 -4.8329e+00 -4.1961e+00 +4.7559e+00 +4.3989e+00 +1.8926e+00 -2.5301e+00 -2.9294e+00 -3.4106e+00 -1.8033e+00 +2.8413e+00 -3.4386e+00 -2.2604e-01 +2.8989e-01 +5.1994e-01 -4.1765e+00 -4.4108e-01 -4.2781e-01 +1.3766e+00 +3.2408e-02 +1.5193e+00
1113 +2.464215924e+02 +2.464215924e+02 +1.677015924e+02 +1.677015924e+02 -4.2498e+00 +3.3897e+00 -3.6727e+00 +6.8974e-01 -4.8927e+00 -2.7369e-01 +1.9066e+00 -4.5801e+00 +1.9276e+00 -2.2235e+00 -3.4228e+00 -9.6933e-01 -4.0851e-01 +1.3211e+00 -1.4316e+00 -6.8723e-01 -1.6460e+00 -2.5035e+00 -8.8272e-01 +2.3955e+00
% function evaluation | noise-free fitness - Fopt (-5.984300000000e+02) | best noise-free fitness - Fopt | measured fitness | best measured fitness | x1 | x2...
1 +6.383202821e+07 +6.383202821e+07 +6.383142978e+07 +6.383142978e+07 +7.4905e-01 +8.4185e-01 -3.2861e+00 +5.8537e-01 +2.4612e+00 +2.3876e+00 -1.8400e+00 +5.7008e-01 -4.5015e+00 -1.0276e+00 -5.4460e-01 -4.3392e+00 -6.9885e-01 -4.3077e+00 -8.9449e-01 -1.1373e+00 -3.4831e+00 +3.8591e+00 +2.2060e+00 +2.3576e+00
2 +2.711108858e+07 +2.711108858e+07 +2.711049015e+07 +2.711049015e+07 -9.4657e-01 +1.3069e+00 -3.3591e+00 +1.3124e+00 +2.0113e+00 +2.7998e+00 -1.9885e+00 +6.2547e-01 -3.5071e+00 -1.3785e+00 -4.0802e-01 +8.3566e-01 -7.1131e-01 -2.6663e+00 -7.0443e-01 -4.9130e+00 -1.0733e+00 -4.2341e+00 +2.7232e+00 +1.7430e-01
3 +1.369969900e+07 +1.369969900e+07 +1.369910057e+07 +1.369910057e+07 -7.2203e-02 +3.7157e+00 +4.2466e+00 +1.2807e+00 -4.4553e+00 -3.5216e+00 -3.4988e+00 -3.7278e+00 +2.5868e+00 +1.0042e+00 +9.2137e-01 -2.8979e+00 +2.6653e+00 +1.3507e+00 -4.4427e+00 +3.0331e+00 +4.3870e+00 +8.7150e-01 -1.2229e+00 +3.8973e+00
5 +2.642030892e+05 +2.642030892e+05 +2.636046592e+05 +2.636046592e+05 +2.8375e+00 -3.9819e+00 -4.4925e+00 +2.2343e+00 -5.6641e-01 -3.6517e+00 +5.9413e-01 +1.6693e+00 +2.4015e+00 +1.4666e+00 +1.7195e+00 -1.5937e+00 +4.6983e+00 +2.8431e+00 -1.6832e+00 +3.9182e+00 +4.1565e+00 +1.3422e+00 -3.7552e+00 +4.0621e+00
25 +3.911794977e+03 +3.911794977e+03 +3.313364977e+03 +3.313364977e+03 -2.8692e+00 +4.1326e+00 -2.9373e+00 +2.1778e+00 -1.4660e+00 -4.7772e+00 +3.9585e+00 +4.6542e-01 -3.4690e+00 -2.9576e+00 +3.8192e+00 -1.9685e+00 -1.9405e+00 -1.5957e+00 -2.1699e-01 -3.7015e+00 +7.1095e-01 +2.4280e+00 -1.8394e+00 +1.0779e+00
221 +3.994889936e+02 +3.994889936e+02 -1.989410064e+02 -1.989410064e+02 -4.9560e+00 +3.5955e+00 -4.4963e+00 -3.3909e+00 +4.5917e+00 +5.6413e-01 -4.4767e+00 -3.4622e+00 +8.4281e-01 -1.2535e+00 +2.6265e-01 -2.7727e+00 -3.4275e+00 +2.6565e+00 +3.2271e+00 -2.7194e+00 +2.2867e+00 -3.7304e+00 +2.1982e+00 +4.4323e+00
1276 +2.870552457e+02 +2.870552457e+02 -3.113747543e+02 -3.113747543e+02 +2.1178e+00 -1.5685e+00 +1.5562e+00 +2.5164e+00 -6.9654e-01 -2.1798e+00 +3.4426e+00 -3.7969e-01 +1.6909e+00 +3.9147e+00 +3.7057e+00 +3.5810e-01 +4.0537e+00 -3.0652e+00 -2.3164e+00 -4.8468e+00 +9.3465e-01 -1.1427e+00 -3.7161e-01 -1.5666e+00
3110 +2.468385434e+02 +2.468385434e+02 -3.515914566e+02 -3.515914566e+02 +1.5999e+00 -3.7868e+00 -2.5144e+00 -3.8601e-01 +1.7161e+00 +2.1911e+00 -1.4607e+00 -4.2307e+00 +3.4949e+00 +3.3225e+00 +1.3750e+00 -1.2639e+00 -1.3235e+00 +4.0172e+00 +3.5479e+00 -9.4426e-01 +4.5158e+00 +7.0568e-01 +2.7393e+00 -4.0331e+00
% function evaluation | noise-free fitness - Fopt (-8.542000000000e+01) | best noise-free fitness - Fopt | measured fitness | best measured fitness | x1 | x2...
1 +3.875136935e+06 +3.875136935e+06 +3.875051515e+06 +3.875051515e+06 -3.4157e+00 -3.2476e+00 -1.7155e+00 +2.3071e+00 +4.5261e-01 -1.9075e+00 -6.5840e-01 +1.9815e+00 +2.4691e+00 +3.3592e+00 +1.6435e+00 +3.2312e+00 -3.7126e+00 -1.2625e+00 +4.3804e+00 -4.0934e+00 -2.5379e+00 -3.5322e+00 -3.7711e+00 +2.2620e+00
3 +2.493262805e+06 +2.493262805e+06 +2.493177385e+06 +2.493177385e+06 -1.8310e+00 -1.4200e+00 +4.5898e+00 -4.8385e+00 -1.5821e+00 -3.1589e+00 -4.8429e+00 +3.7004e+00 +2.2775e+00 +2.2982e+00 -7.8940e-01 -3.3417e+00 +2.7351e+00 -3.7553e+00 -1.1587e+00 -1.6144e+00 -1.2379e+00 +8.5226e-02 +1.8285e-01 -3.3954e+00
5 +1.872336110e+05 +1.872336110e+05 +1.871481910e+05 +1.871481910e+05 -2.2112e+00 -3.0783e+00 +4.0625e+00 -5.5601e-01 -3.8481e-01 +1.6679e+00 -3.7337e-01 +1.8021e+00 -4.8048e+00 +2.3335e+00 -1.0352e+00 -6.7063e-01 +3.6925e+00 -1.3090e+00 +2.7778e+00 +8.0631e-01 -2.4556e+00 +2.5903e+00 -2.3945e+00 -9.6339e-01
6 +1.675244253e+04 +1.675244253e+04 +1.666702253e+04 +1.666702253e+04 +3.6315e+00 -1.9125e+00 -4.5045e-01 +2.3441e+00 -8.8738e-01 +4.7760e+00 -4.8176e+00 +1.7561e+00 +1.8937e+00 -3.6300e+00 +2.1839e+00 -1.7290e+00 +4.9029e+00 +2.9056e+00 -6.1176e-01 +4.9992e+00 -1.4068e+00 -7.4422e-01 +8.7844e-01 +3.9628e+00
7 +1.434349184e+04 +1.434349184e+04 +1.425807184e+04 +1.425807184e+04 -1.9900e+00 -3.8930e-01 +7.2025e-01 +3.0680e+00 -4.7611e-01 -3.2464e+00 -2.6592e+00 -1.2240e+00 -1.4269e+00 +2.4796e+00 -2.4514e-01 -4.5250e+00 -6.0532e-01 +4.6010e+00 -3.8167e+00 -1.0942e+00 +2.8632e+00 +1.0890e+00 +2.9012e+00 +4.5937e+00
30 +5.385204600e+02 +5.385204600e+02 +4.531004600e+02 +4.531004600e+02 -1.3517e+00 +1.7144e+00 -2.8275e-01 -6.8412e-01 +2.3537e+00 +2.2580e+00 -4.7887e+00 +8.2559e-01 +3.9344e+00 -3.6945e-01 +1.1158e+00 -4.4068e+00 +3.9705e+00 +3.1211e-01 +2.8450e+00 -1.5625e+00 +1.0691e+00 -4.0768e+00 +1.9015e+00 -1.1827e+00
368 +2.886797925e+02 +2.886797925e+02 +2.032597925e+02 +2.032597925e+02 +1.5650e+00 -5.0449e-01 +2.3128e+00 -2.8587e-01 -1.5298e+00 -4.9352e+00 +4.0073e+00 -1.4425e+00 +3.0160e+00 -4.7927e+00 +3.1633e+00 -3.8883e+00 -9.9777e-01 -5.3862e-01 -2.1758e+00 +4.5457e+00 -1.9168e+00 -1.3252e+00 +4.2824e+00 -3.4766e+00
1937 +2.386034161e+02 +2.386034161e+02 +1.531834161e+02 +1.531834161e+02 -4.0956e+00 +1.5852e+00 +2.4476e+00 +3.1622e+00 +3.7731e+00 -2.7109e+00 +3.8761e+00 +3.0127e+00 -3.2820e+00 +3.0532e+00 -2.4828e-02 -6.3418e-01 -2.9527e+00 +7.8897e-01 -1.9271e+00 +8.4103e-01 -4.2676e+00 -4.2419e+00 -1.2185e-01 +1.9735e+00
4212 +1.179830946e+02 +1.179830946e+02 +3.256309462e+01 +3.256309462e+01 -4.8525e-01 +2.0739e+00 +4.7182e+00 +3.2523e+00 +7.2729e-01 -4.1466e+00 +9.1167e-01 +4.9462e+00 +1.3787e+00 +2.0909e+00 +4.6617e+00 +2.9472e+00 +1.2298e+00 +7.6374e-02 -3.3918e+00 +1.0150e+00 -2.7108e+00 -1.4861e+00 -1.1350e+00 -3.2859e+00
% function evaluation | noise-free fitness - Fopt (1.932500000000e+02) | best noise-free fitness - Fopt | measured fitness | best measured fitness | x1 | x2...
1 +2.158709728e+07 +2.158709728e+07 +2.158729053e+07 +2.158729053e+07 -1.2381e+00 -3.3055e+00 -2.9112e+00 -2.6083e+00 -1.9859e+00 -3.2705e-01 -7.7730e-01 -1.5143e+00 -4.6941e+00 +7.9849e-01 +1.0520e-01 -4.0948e+00 +1.7142e+00 -3.5492e-01 -4.4995e+00 +9.1269e-01 -1.2372e+00 +1.7604e+00 -1.3339e+00 -2.0800e+00
2 +1.987156331e+06 +1.987156331e+06 +1.987349581e+06 +1.987349581e+06 +2.6165e+00 -2.0989e-01 -1.8014e+00 -4.9880e+00 +2.7349e+00 -2.8239e+00 -3.8276e+00 -2.2132e+00 -1.9103e+00 -4.0415e+00 +4.9019e+00 -1.5160e+00 +7.7583e-01 +4.4069e+00 +1.4941e+00 +1.6140e+00 -1.7727e+00 -2.5691e+00 -2.8797e+00 +4.4181e+00
7 +4.441804941e+05 +4.441804941e+05 +4.443737441e+05 +4.443737441e+05 -3.9218e+00 -3.7899e+00 +3.3528e-02 +4.6365e+00 +2.0760e+00 +2.8260e+00 +1.3213e+00 -2.1461e+00 +4.3479e+00 -2.9342e-01 -1.5867e-02 -1.9324e+00 +3.9897e+00 -4.7149e+00 +2.8784e+00 -2.9777e+00 -3.7778e+00 -2.1238e+00 -2.3786e+00 -3.6740e+00
9 +1.700738136e+05 +1.700738136e+05 +1.702670636e+05 +1.702670636e+05 +7.2190e-01 +3.7757e+00 -2.9866e+00 -3.0096e+00 -4.4383e-01 +1.2256e+00 -1.6997e+00 -2.4985e-01 -3.5426e-01 +1.3952e-01 +3.2278e+00 +1.8252e+00 +3.3740e-01 -3.7248e+00 +1.8109e+00 +6.7205e-01 +8.7967e-01 -4.1324e-01 +2.1409e+00 +2.6732e-01
14 +1.035422623e+05 +1.035422623e+05 +1.037355123e+05 +1.037355123e+05 +3.8995e+00 +2.7554e+00 +1.8907e-01 +9.8483e-01 +1.2460e+00 +1.5143e+00 +1.7513e+00 +1.2935e+00 +1.8587e+00 -2.5069e+00 +2.8143e+00 +1.6020e+00 +1.7158e+00 -4.4741e+00 -1.2349e+00 +2.7443e+00 -2.8615e+00 -4.2237e+00 +4.4787e+00 -2.9663e+00
18 +2.200680107e+03 +2.200680107e+03 +2.393930107e+03 +2.393930107e+03 -4.4622e+00 +1.0855e+00 +4.7535e+00 -7.0814e-01 -5.8047e-01 +2.0893e-01 -4.9004e-01 -1.6420e+00 -3.7966e+00 -4.4919e+00 +3.4200e+00 -1.9012e+00 +5.8997e-01 +4.3446e+00 -1.7981e+00 +2.3726e+00 +3.0882e+00 -4.9629e+00 +4.9577e+00 +2.2803e-01
107 +6.598542859e+02 +6.598542859e+02 +8.531042859e+02 +8.531042859e+02 -4.4394e+00 -4.4787e+00 -1.6756e+00 -8.2781e-01 +3.4701e+00 -4.2062e+00 -4.9479e+00 +1.6546e-01 +4.9476e+00 -3.8898e-01 +1.9514e+00 -4.3456e+00 +1.6238e+00 -3.7093e+00 +5.3014e-02 -1.5770e+00 +3.1948e+00 +2.8997e+00 +6.7196e-01 +1.5882e+00
323 +3.381346753e+02 +3.381346753e+02 +5.313846753e+02 +5.313846753e+02 +2.2397e+00 -2.6748e+00 +4.2168e+00 +4.4976e+00 -1.5814e+00 -1.4193e-01 +3.9054e+00 -7.3913e-01 -2.4927e+00 +3.5729e+00 -2.2936e+00 +1.1858e+00 +4.8218e+00 +1.4464e+00 +4.6019e+00 +1.4358e+00 +2.6207e+00 -4.8995e-01 -2.5087e-01 -6.2275e-01
3531 +2.148079265e+02 +2.148079265e+02 +4.080579265e+02 +4.080579265e+02 -1.3656e+00 -1.9078e+00 -1.6793e+00 -2.4764e+00 +8.1441e-01 -7.5117e-01 +4.2296e+00 -5.8173e-01 -4.3256e+00 -2.1029e+00 -3.8020e+00 -3.1022e+00 -3.8514e-01 +2.1815e+00 -2.2738e+00 -6.1836e-01 +1.2282e+00 -4.5925e+00 +2.2063e+00 +2.3112e+00
% function evaluation | noise-free fitness - Fopt (-1.815000000000e+02) | best noise-free fitness - Fopt | measured fitness | best measured fitness | x1 | x2...
1 +1.475308051e+07 +1.475308051e+07 +1.475289901e+07 +1.475289901e+07 +2.0947e+00 -1.4678e+00 -3.0146e+00 +2.0044e+00 -3.9201e+00 +1.3482e+00 -9.7620e-01 +2.0110e+00 -3.2287e+00 -2.1644e+00 -3.9254e+00 +2.9592e+00 -1.9536e+00 -2.6407e+00 -2.9654e+00 +2.1730e+00 -1.8261e+00 -3.6261e+00 -6.0345e-01 -5.4138e-02
2 +2.289956918e+06 +2.289956918e+06 +2.289775418e+06 +2.289775418e+06 +1.3044e+00 +2.2563e+00 +2.7931e+00 +1.8729e+00 +2.6805e+00 -3.6079e-01 -2.5873e+00 +3.6898e+00 -9.7165e-01 -4.9366e+00 +6.4283e-02 -2.4753e+00 +3.6066e+00 +4.2546e+00 -3.3808e+00 -2.2304e+00 -1.9196e+00 +2.5004e+00 +4.3815e+00 -2.5442e-01
4 +7.005013113e+05 +7.005013113e+05 +7.003198113e+05 +7.003198113e+05 +4.2497e+00 -3.8993e+00 -2.9578e+00 +1.5247e+00 -1.9402e+00 +3.3735e-01 +2.6993e+00 -8.9509e-01 -1.3005e+00 +1.0555e+00 -2.5952e-02 +1.2999e+00 -3.3207e+00 +2.0410e+00 +4.0733e+00 -3.1882e+00 -2.4378e+00 -3.1397e-01 +4.0435e+00 +2.3711e+00
6 +5.805969876e+04 +5.805969876e+04 +5.787819876e+04 +5.787819876e+04 -1.1457e+00 +1.5789e+00 +3.3729e+00 +4.1834e+00 -2.4923e+00 -4.6752e+00 +2.3600e+00 -2.4352e+00 -2.7942e+00 -1.5353e+00 -3.9942e+00 -1.1746e-01 -2.4659e+00 -1.4335e+00 -1.4519e+00 -1.6962e+00 +3.6105e+00 -2.0043e+00 +1.9258e+00 +8.8214e-01
33 +5.795851667e+03 +5.795851667e+03 +5.614351667e+03 +5.614351667e+03 -2.2433e+00 +1.7803e+00 +4.7195e+00 +4.5101e+00 -4.2670e+00 -2.2845e+00 -4.4628e+00 -4.5148e+00 -1.2035e+00 +1.8308e+00 -2.9743e+00 +1.5207e+00 +3.4263e-01 -3.6153e-01 -4.4734e+00 -1.4055e+00 +4.8613e+00 +4.5937e+00 -4.6412e+00 +2.0121e-02
196 +3.926229068e+03 +3.926229068e+03 +3.744729068e+03 +3.744729068e+03 +3.2298e+00 +4.7012e+00 +4.8554e-01 -4.2614e+00 -3.5063e+00 +4.1253e+00 +4.1560e-01 +4.1257e+00 -2.6327e+00 -7.1419e-01 +1.5222e+00 -1.6064e+00 +4.4595e+00 -3.1020e+00 +3.9954e+00 -4.5166e+00 -3.9261e-01 +3.2420e+00 -7.8871e-01 +1.0888e+00
202 +7.259509072e+02 +7.259509072e+02 +5.444509072e+02 +5.444509072e+02 -4.7729e+00 +4.1906e+00 -2.5477e+00 +2.2488e-01 +2.0131e+00 +2.2958e-01 +1.4525e-01 -3.2074e+00 -2.7953e+00 -2.7817e+00 +2.9552e+00 +9.3863e-02 -3.2949e+00 -2.4679e+00 -2.2551e+00 -2.3048e+00 -1.0783e+00 -1.4505e+00 -1.5043e+00 -1.2387e+00
423 +2.745498084e+02 +2.745498084e+02 +9.304980836e+01 +9.304980836e+01 -1.0590e+00 +4.1391e+00 -2.6034e+00 +2.3796e+00 -2.5707e-01 +7.8055e-01 -4.5389e-01 -1.7386e+00 -5.2907e-01 -3.4178e+00 +1.2041e+00 -2.9829e+00 -2.7387e+00 +1.1712e+00 +4.8396e+00 +1.1181e+00 -2.4566e+00 -1.4861e+00 +3.2371e+00 -4.8089e+00
2122 +2.118544004e+02 +2.118544004e+02 +3.035440042e+01 +3.035440042e+01 +4.5971e+00 +1.5818e+00 +3.6701e+00 +5.0685e-01 -4.7690e+00 +1.9176e+00 -4.2476e+00 +2.3817e-01 -2.1009e+00 +1.0079e+00 +2.4943e-01 -4.0527e+00 -2.4043e+00 -3.1802e+00 +4.3012e+00 -1.3348e+00 +2.7904e+00 +1.8919e+00 +7.8896e-01 +4.0380e+00
2168 +1.397314050e+02 +1.397314050e+02 -4.176859504e+01 -4.176859504e+01 +1.3087e+00 +4.7667e+00 -4.3388e+00 -3.9528e+00 -3.2681e+00 +2.2905e+00 +3.2229e+00 -3.9491e+00 -3.4954e+00 -6.8504e-01 -1.1113e+00 +1.7119e+00 -3.9682e-01 +3.2401e+00 +1.5960e+00 +1.8941e+00 +3.0791e+00 -1.8662e+00 +2.3060e+00 -1.4966e+00
% function evaluation | noise-free fitness - Fopt (4.526200000000e+02) | best noise-free fitness - Fopt | measured fitness | best measured fitness | x1 | x2...
1 +1.734992618e+07 +1.734992618e+07 +1.735037880e+07 +1.735037880e+07 +5.8662e-03 -9.5935e-01 -3.0854e+00 +4.3076e+00 +3.1829e+00 -4.8937e+00 -1.4470e+00 -4.2232e+00 -9.7341e-01 +4.4508e+00 -3.4425e+00 +2.0377e+00 -2.4661e-01 +1.9250e+00 -3.3395e+00 +1.6967e+00 -4.1648e+00 +3.2104e+00 +4.7886e+00 -1.4671e+00
2 +2.715025038e+06 +2.715025038e+06 +2.715477658e+06 +2.715477658e+06 +2.0200e+00 -1.9845e+00 -4.8915e+00 +3.3008e+00 +7.6070e-01 -2.7630e+00 -2.4035e-01 -2.4723e+00 +4.2080e+00 +2.8877e+00 -2.0831e+00 +2.0031e+00 +3.6249e+00 +1.8918e+00 -9.4978e-01 -4.1764e+00 +2.3842e+00 -4.3393e+00 +3.9871e+00 +4.2192e+00
6 +5.432649126e+05 +5.432649126e+05 +5.437175326e+05 +5.437175326e+05 +4.4936e+00 -3.5999e+00 -1.8800e+00 +3.8259e+00 +4.1923e-01 -3.0989e+00 -4.6505e+00 +9.9147e-01 -2.3021e+00 -2.6210e-01 -1.3317e+00 +4.9541e+00 +5.7927e-01 -2.1554e+00 +3.6359e+00 -6.1133e-01 +2.1764e+00 +1.5697e+00 -2.9052e+00 +2.4509e+00
9 +2.682837094e+05 +2.682837094e+05 +2.687363294e+05 +2.687363294e+05 +2.5844e+00 -2.0533e+00 +2.1872e+00 +1.4351e+00 +1.6328e+00 +4.0404e-01 -4.1194e+00 -2.7795e-01 +4.4720e-02 +1.7984e+00 -1.0540e+00 +3.7161e+00 +4.7693e+00 +4.4700e+00 +6.5546e-01 -4.5081e+00 +4.8285e+00 +3.8058e+00 +2.9300e+00 +3.3150e+00
19 +1.626755982e+04 +1.626755982e+04 +1.672017982e+04 +1.672017982e+04 -3.4000e+00 -4.5450e+00 +4.2066e+00 -3.8493e+00 -2.3778e+00 -2.8011e+00 +5.3018e-01 -2.6841e+00 -1.1704e+00 +3.8472e+00 +2.4564e+00 +3.7733e+00 -3.6811e+00 -3.6866e-01 -4.3370e+00 -3.0233e+00 -3.3242e+00 -4.9094e+00 +1.8116e-01 -3.9462e+00
26 +1.203557098e+04 +1.203557098e+04 +1.248819098e+04 +1.248819098e+04 +4.0647e+00 -3.4971e+00 +3.3232e+00 +4.8008e+00 +4.9948e+00 -1.0620e+00 -2.0722e+00 -8.0404e-01 -4.2344e+00 +1.9108e+00 +2.3675e+00 +4.9348e+00 -3.0825e+00 +3.6986e+00 +4.0014e+00 -1.1415e+00 -3.2858e+00 +1.2187e+00 -2.8322e+00 -4.5107e+00
49 +3.289022140e+03 +3.289022140e+03 +3.741642140e+03 +3.741642140e+03 +4.1550e+00 -4.9877e+00 +3.6866e+00 +4.7345e+00 -2.4275e+00 +3.2303e+00 -9.4596e-01 +8.7001e-01 -1.3613e+00 +7.0278e-01 +7.3459e-01 +4.2027e+00 -1.0101e+00 +1.0089e+00 -3.8453e+00 -6.9899e-01 -2.3090e+00 +8.0916e-01 +3.9116e+00 -2.6218e+00
203 +8.299551551e+02 +8.299551551e+02 +1.282575155e+03 +1.282575155e+03 -1.2714e+00 -3.8074e+00 -3.0748e+00 -1.1008e+00 +4.3590e+00 +5.7490e-01 -4.7287e+00 +1.2944e+00 -1.2927e+00 -7.8670e-01 +2.9126e+00 -2.1710e+00 +4.6822e+00 +3.2895e+00 -4.8522e+00 +4.8011e+00 -9.8454e-01 +2.7617e+00 +1.4197e+00 +2.3100e+00
283 +2.454614305e+02 +2.454614305e+02 +6.980814305e+02 +6.980814305e+02 -4.7678e-01 +1.3597e+00 -4.5114e+00 -3.8831e+00 +8.7447e-01 +3.6184e+00 +3.6819e+00 -3.5874e+00 +4.8208e+00 +4.0184e+00 +3.2620e+00 -1.9973e+00 -6.9538e-01 +3.6052e+00 +2.5887e+00 -4.7588e+00 +1.7264e+00 -9.0758e-01 -3.0162e+00 +3.2285e+00
% function evaluation | noise-free fitness - Fopt (-1.184600000000e+02) | best noise-free fitness - Fopt | measured fitness | best measured fitness | x1 | x2...
1 +2.621576432e+07 +2.621576432e+07 +2.621564586e+07 +2.621564586e+07 +3.5755e+00 +1.5066e+00 -3.3159e+00 +4.1522e-01 -2.8738e+00 -4.1357e-02 -1.3865e+00 -2.2718e+00 -4.6432e+00 -9.2045e-01 +3.2782e+00 +4.7123e-01 +9.1819e-01 +3.5307e+00 +1.9306e+00 +6.3691e-01 +4.9858e+00 -3.7924e+00 -2.0445e+00 -2.0133e+00
2 +1.397543384e+07 +1.397543384e+07 +1.397531538e+07 +1.397531538e+07 +3.0362e+00 -2.1421e+00 -4.0410e+00 +1.7474e+00 -1.5014e-02 +3.3550e-01 -2.8892e+00 -4.7942e+00 -3.6518e+00 +1.8462e+00 +3.9184e+00 -4.5075e-01 -8.5512e-01 -8.8841e-01 +7.8893e-01 +3.8596e+00 +3.9197e+00 +1.3608e+00 -6.6771e-01 +2.9102e+00
5 +3.406682824e+05 +3.406682824e+05 +3.405498224e+05 +3.405498224e+05 +3.5698e+00 -2.8307e+00 -2.7828e+00 -3.4233e+00 +6.9421e-01 -3.5077e+00 -3.7016e+00 -3.9341e+00 +7.7819e-01 -3.7020e+00 +4.5524e+00 -2.4010e+00 -4.3387e+00 +6.4242e-01 -1.1435e+00 -4.7064e+00 -3.4614e+00 -1.2993e+00 -1.8395e+00 +4.2755e+00
14 +9.916991760e+04 +9.916991760e+04 +9.905145760e+04 +9.905145760e+04 +4.5310e+00 -3.8057e+00 +2.5870e+00 -4.9550e+00 +2.3421e+00 -3.3130e+00 -3.8248e-01 -2.1495e+00 -3.0074e+00 -4.4897e-01 -3.7008e+00 +1.9648e+00 -3.6293e+00 -9.9747e-01 -3.6737e+00 -7.2297e-01 +2.6385e+00 +2.8553e+00 -3.7795e+00 +1.6199e+00
103 +1.292136598e+03 +1.292136598e+03 +1.173676598e+03 +1.173676598e+03 +1.7954e+00 -1.3581e+00 +2.8347e+00 -1.1594e+00 -2.4878e+00 +4.6162e+00 +1.9177e+00 +4.3216e+00 -1.6725e+00 -4.7611e+00 +4.2005e+00 -3.5786e+00 -9.9538e-01 -4.4110e+00 -4.4285e-01 +1.3332e+00 -4.7146e+00 -4.0405e+00 +2.5742e+00 -1.1228e-01
963 +4.400275603e+02 +4.400275603e+02 +3.215675603e+02 +3.215675603e+02 +4.5591e+00 -4.7963e+00 +2.9011e+00 -6.9949e-01 +2.3321e+00 -2.3505e+00 +1.6116e+00 -4.8686e-01 -2.2165e+00 -3.5794e+00 -1.9481e+00 -1.6979e+00 -6.9485e-01 -1.9460e+00 +9.4311e-01 -3.8081e-01 +7.1837e-01 -4.1578e+00 -2.9226e+00 +2.2006e+00
3026 +2.937920588e+02 +2.937920588e+02 +1.753320588e+02 +1.753320588e+02 -2.3720e+00 -3.7024e+00 +3.7273e+00 +4.5287e+00 +3.9728e+00 +1.1352e+00 +2.9382e+00 +4.3260e+00 -4.6635e+00 -4.5693e+00 -1.1715e+00 -2.6509e+00 -3.7349e+00 +1.9565e+00 -4.7883e-03 +1.1630e+00 -2.6877e+00 -2.4991e+00 -7.5607e-01 -1.8622e+00
4506 +2.248416838e+02 +2.248416838e+02 +1.063816838e+02 +1.063816838e+02 -1.4913e+00 -4.4433e+00 -4.0300e+00 +3.6922e+00 +4.5949e+00 -3.0485e+00 +1.0350e+00 -2.4637e+00 -4.5845e+00 +1.6510e+00 +3.1735e+00 +2.3230e+00 +3.5609e+00 -4.5999e+00 +8.3115e-01 -2.0317e-01 -2.7534e+00 +4.4168e+00 -2.4490e+00 +1.6435e+00
% function evaluation | noise-free fitness - Fopt (9.973000000000e+01) | best noise-free fitness - Fopt | measured fitness | best measured fitness | x1 | x2...
1 +9.032201939e+04 +9.032201939e+04 +9.042174939e+04 +9.042174939e+04 -3.4141e+00 -1.2122e+00 +1.0470e+00 +3.2909e+00 -2.3781e+00 +1.7520e+00 -4.1728e+00 +3.4525e+00 -1.5253e+00 +3.7251e+00 -1.0761e+00 +2.9809e-01 -4.0371e+00 -1.1081e+00 +3.9746e+00 -1.1738e+00 -2.4011e-01 +1.6354e+00 +3.6459e+00 -4.4198e+00
94 +1.660435639e+04 +1.660435639e+04 +1.670408639e+04 +1.670408639e+04 -3.7213e+00 -1.7384e+00 +4.9765e+00 -3.4974e+00 +3.9161e+00 -1.8144e-01 +4.9811e+00 +5.1874e-01 -3.9062e+00 +4.9691e+00 -4.2305e+00 -3.4665e-01 +7.8641e-01 -4.3156e+00 -1.2394e+00 +4.7950e+00 +5.0522e-01 +1.8681e+00 +3.3440e+00 -3.1473e+00
96 +4.060052612e+03 +4.060052612e+03 +4.159782612e+03 +4.159782612e+03 +6.0991e-01 +1.1635e+00 -5.6327e-02 +1.6757e+00 +3.4767e+00 -1.9008e+00 +3.4224e+00 -2.8144e+00 -6.2207e-01 +3.5409e+00 -2.4107e+00 +4.0089e+00 +4.4024e+00 +2.6873e+00 -4.6147e-01 +2.3414e+00 -2.4268e+00 +4.9745e+00 +4.0852e+00 +7.1659e-01
145 +2.977734275e+02 +2.977734275e+02 +3.975034275e+02 +3.975034275e+02 -2.0975e+00 +3.5003e+00 +2.1414e+00 -2.9800e+00 -1.1372e+00 +1.7353e+00 +7.6083e-01 +9.3135e-01 +3.5744e-01 -1.2043e+00 +3.1621e-01 +3.0694e+00 -3.7358e+00 +1.4275e+00 -9.2259e-01 -2.3578e+00 +1.8558e+00 -4.9628e-02 -9.1636e-01 +4.3069e+00
645 +2.317339247e+02 +2.317339247e+02 +3.314639247e+02 +3.314639247e+02 -3.6045e+00 +8.5308e-01 -4.8012e+00 -1.8346e+00 +8.4349e-01 +9.8869e-01 +2.2625e-02 +4.3495e+00 -1.6316e+00 -3.4432e+00 +1.0624e+00 -2.6655e+00 -2.3951e-01 -3.6659e+00 +3.6930e+00 -2.3188e+00 -9.9868e-01 -1.9224e-01 +4.0198e+00 +8.9793e-01
% function evaluation | noise-free fitness - Fopt (4.044000000000e+01) | best noise-free fitness - Fopt | measured fitness | best measured fitness | x1 | x2...
1 +2.913770250e+06 +2.913770250e+06 +2.913810690e+06 +2.913810690e+06 -4.2574e+00 +7.8936e-01 +3.2875e+00 -1.7543e+00 -3.0739e+00 -9.5549e-01 +8.8888e-01 -6.8132e-01 -1.1590e+00 -6.7342e-01 -1.9086e+00 -2.5478e+00 -1.8377e+00 -3.4430e+00 -1.7526e+00 +2.5115e+00 -2.9877e+00 -4.5738e+00 +4.0551e+00 -8.0231e-01
4 +2.060120183e+06 +2.060120183e+06 +2.060160623e+06 +2.060160623e+06 -3.0230e+00 -1.3693e+00 -1.0767e+00 +3.2858e+00 +5.0881e-01 +1.8782e+00 -2.3128e+00 -3.7571e+00 +7.5297e-01 +2.2441e+00 -4.2922e+00 -2.4046e+00 -4.8737e+00 +2.0049e+00 +1.3885e+00 -4.9848e+00 +1.1343e+00 +3.4886e+00 +1.1929e+00 +5.7182e-03
5 +2.657627270e+05 +2.657627270e+05 +2.658031670e+05 +2.658031670e+05 +4.2883e+00 -1.7567e+00 -4.4624e-02 +7.0999e-01 +2.0736e+00 -3.4645e+00 +3.5072e+00 -3.1631e+00 +6.5750e-01 -1.1637e-01 +1.2531e+00 +3.6891e-01 +5.8742e-01 -1.9626e+00 -7.1075e-01 +4.0789e+00 +4.2265e+00 +2.8464e+00 +5.0859e-01 -1.6256e+00
21 +8.362399507e+03 +8.362399507e+03 +8.402839507e+03 +8.402839507e+03 +3.7257e+00 +3.6474e+00 +4.6263e+00 +3.0200e+00 -9.1879e-01 +2.0998e+00 -3.8158e+00 -2.2675e+00 +3.9980e-01 -1.4266e+00 -1.9493e-02 +3.7589e+00 -3.5155e+00 +2.2917e+00 +3.9967e+00 +2.2644e-01 +4.7406e+00 -2.4886e+00 -3.5596e+00 -1.8373e+00
69 +7.234480579e+02 +7.234480579e+02 +7.638880579e+02 +7.638880579e+02 -4.6003e+00 +3.3765e+00 +3.7518e-01 -4.7153e+00 -4.8497e+00 +4.1596e+00 +3.6971e+00 -1.3487e-01 -1.4154e+00 +2.3806e+00 +4.6337e+00 -5.0171e-02 +2.1715e+00 -4.5218e+00 -4.0878e+00 -4.8786e+00 +3.1392e+00 -4.8422e+00 +3.4910e-01 +2.4337e-01
111 +3.487195610e+02 +3.487195610e+02 +3.891595610e+02 +3.891595610e+02 -2.9617e+00 +2.3811e-01 +2.0631e+00 +1.4366e-01 -3.8038e+00 -8.3958e-01 -4.6240e+00 +1.7580e+00 -1.2683e+00 -4.2225e+00 +1.0004e+00 -1.5464e+00 -3.0757e+00 +1.2046e+00 +1.8162e+00 +5.8691e-01 +3.0323e+00 +3.4010e+00 +2.7199e+00 +3.9342e+00
525 +1.913705683e+02 +1.913705683e+02 +2.318105683e+02 +2.318105683e+02 -7.3250e-01 -9.7458e-01 +3.7110e+00 -1.7436e+00 +2.6185e+00 -2.9168e-01 -3.3089e+00 +9.9939e-01 -2.6776e+00 +2.8910e+00 +1.1604e+00 +2.6227e+00 +3.5583e-01 -4.2401e+00 +1.4355e+00 +1.5643e+00 +3.7801e+00 -3.6350e+00 +7.5683e-01 +1.1609e+00
4669 +1.400704860e+02 +1.400704860e+02 +1.805104860e+02 +1.805104860e+02 -7.8075e-01 +1.6106e+00 +2.0496e+00 +1.8997e+00 -4.3866e-01 -4.0328e+00 +4.0773e+00 +6.0722e-02 -4.3017e+00 +3.6076e+00 +1.9896e+00 -1.1855e+00 -3.9060e+00 +1.1603e+00 +2.7153e+00 +3.2926e-02 +2.0551e+00 +3.0904e-01 +1.9549e+00 -2.3724e-01
% function evaluation | noise-free fitness - Fopt (-1.216000000000e+02) | best noise-free fitness - Fopt | measured fitness | best measured fitness | x1 | x2...
1 +4.471200814e+04 +4.471200814e+04 +4.459040814e+04 +4.459040814e+04 +6.2708e-01 -9.0169e-01 -2.9959e+00 +4.8424e+00 +2.2990e+00 +5.8899e-01 +2.0413e+00 +2.6452e+00 +1.0593e+00 +1.0440e+00 +3.9121e+00 -3.2853e+00 +3.9649e+00 -1.2789e+00 -4.3797e+00 -2.9915e+00 +4.7043e+00 +4.8282e+00 +2.7120e+00 +4.9058e+00
7 +1.045744209e+03 +1.045744209e+03 +9.241442092e+02 +9.241442092e+02 -3.9270e+00 -1.2880e+00 -3.6980e+00 +1.6555e+00 -2.9947e-01 +2.8198e-01 +4.1816e+00 -2.2348e+00 -4.9579e+00 +3.0525e+00 -1.7140e+00 +4.4084e-01 +4.8468e+00 -2.3612e+00 +8.7728e-01 +4.7527e+00 -5.5882e-01 +4.7347e+00 +2.9601e+00 +1.7485e+00
260 +8.757588029e+02 +8.757588029e+02 +7.541588029e+02 +7.541588029e+02 -4.9968e+00 -9.8980e-01 -2.9787e+00 +2.7795e+00 -3.7190e+00 -4.2050e+00 +4.8294e+00 +6.7615e-01 -2.2450e+00 -2.3000e-01 -6.4715e-01 -3.0421e+00 +2.8422e+00 +4.0216e+00 -2.8974e+00 -4.0070e+00 -3.7753e+00 +1.3707e+00 +2.7524e+00 -1.5638e+00
293 +2.097619155e+02 +2.097619155e+02 +8.816191547e+01 +8.816191547e+01 -1.0364e+00 +3.6328e+00 -1.3606e+00 -3.9680e+00 +7.1249e-01 -4.1339e+00 -1.9162e+00 -6.1830e-01 -3.5452e+00 +4.6580e+00 +3.9890e+00 +3.1617e+00 +2.2810e+00 +4.9701e+00 -8.1361e-01 +2.3016e-01 -1.9049e-01 -1.4216e+00 +2.7302e+00 +4.7341e+00
1621 +1.385824193e+02 +1.385824193e+02 +1.698241931e+01 +1.698241931e+01 -6.1054e-01 -1.4731e+00 +4.0442e+00 +1.1351e+00 -1.0870e+00 -7.1803e-01 -9.1173e-01 -3.1571e+00 +7.4936e-01 +1.7533e+00 +1.2782e-01 -3.6406e-01 -4.9460e-01 -4.8721e+00 -4.0173e-01 +1.1079e+00 -2.4270e+00 -2.4383e+00 -1.6226e+00 -4.8413e+00
% function evaluation | noise-free fitness - Fopt (-3.811000000000e+01) | best noise-free fitness - Fopt | measured fitness | best measured fitness | x1 | x2...
1 +5.715062442e+07 +5.715062442e+07 +5.715058631e+07 +5.715058631e+07 -4.5543e+00 +4.5307e+00 -2.4355e+00 +2.2888e+00 -3.2348e+00 -6.0509e-01 +6.0136e-01 +1.2760e-01 +2.0528e+00 +6.5796e-01 +2.2988e+00 -4.8076e+00 +6.4583e-01 +4.9507e+00 +2.2051e+00 -2.1568e+00 +3.1998e+00 +2.1507e+00 -3.0152e+00 +7.5721e-01
2 +1.960779730e+06 +1.960779730e+06 +1.960741620e+06 +1.960741620e+06 +4.3533e-02 -1.6495e+00 -8.0068e-01 +3.6745e-01 +2.6569e+00 +5.0922e-01 +6.2494e-01 +3.9798e+00 -2.7998e+00 -2.3545e+00 -2.2309e+00 -6.7877e-01 -3.7975e+00 -1.3256e+00 -3.1891e+00 -1.8866e+00 +2.4549e+00 +4.9931e+00 +3.3138e+00 +2.9067e+00
4 +5.026753250e+05 +5.026753250e+05 +5.026372150e+05 +5.026372150e+05 -4.7697e+00 +6.0676e-02 -3.1075e+00 +1.8066e+00 +3.6211e+00 +4.7618e+00 +1.5545e+00 +3.3850e+00 +1.4691e+00 -4.7402e+00 -4.7984e+00 +3.2679e-01 -2.1341e-01 +1.4358e-01 +1.4636e+00 +9.0945e-01 +1.4580e+00 -5.0750e-01 -4.6844e-01 +2.9390e+00
8 +1.921634207e+04 +1.921634207e+04 +1.917823207e+04 +1.917823207e+04 -2.7987e+00 +3.1966e+00 +3.4461e+00 +4.3775e+00 +7.0020e-01 +4.4463e+00 +2.2294e+00 +3.0671e+00 -6.0414e-01 +9.2269e-01 -4.3072e+00 +3.4905e+00 +3.2848e+00 +3.8071e+00 +2.4527e+00 -2.5637e+00 -8.2514e-01 -4.3078e+00 -3.7559e+00 -8.8538e-01
42 +5.785863137e+03 +5.785863137e+03 +5.747753137e+03 +5.747753137e+03 -2.1625e+00 -1.9550e+00 +4.0409e+00 +8.0900e-01 +9.1632e-01 -3.7215e+00 +3.9494e-01 -4.8048e+00 -2.5386e+00 -2.5752e+00 -3.6457e+00 +1.8697e+00 +6.1271e-02 +3.6416e+00 -2.1201e+00 +3.7668e+00 -3.3910e+00 +1.8136e+00 +4.5114e-01 -9.7977e-01
51 +3.335155549e+03 +3.335155549e+03 +3.297045549e+03 +3.297045549e+03 +3.9861e+00 +3.2404e+00 -1.2341e+00 +3.7590e-01 +5.6326e-01 -2.1649e+00 -7.4697e-01 +4.0580e+00 +4.8375e+00 -4.0181e+00 -2.1366e+00 -3.0541e+00 -3.8659e+00 +1.0934e+00 -4.9451e+00 +4.7191e+00 +7.9155e-01 +9.3342e-02 -4.8869e+00 -4.1788e+00
194 +3.956956748e+02 +3.956956748e+02 +3.575856748e+02 +3.575856748e+02 -2.3606e+00 -4.3517e+00 -3.1807e+00 +4.3310e+00 +1.5535e+00 +4.2815e+00 -3.0769e+00 -5.5807e-01 -2.8164e+00 -1.2309e+00 -3.2669e+00 -3.0846e+00 -3.1677e+00 +1.7339e+00 -1.7760e+00 +3.7350e+00 -8.0429e-01 -3.0370e+00 -3.8487e+00 -4.8761e+00
1132 +2.377126165e+02 +2.377126165e+02 +1.996026165e+02 +1.996026165e+02 -4.4750e+00 -1.8533e+00 +2.1680e+00 -2.7893e+00 +3.2947e+00 +1.1204e+00 -2.0031e+00 -7.6122e-01 +2.8945e+00 -7.7144e-01 -7.1975e-01 +2.3328e+00 +2.8763e+00 -6.8043e-02 -3.4944e+00 -1.0585e+00 -3.1877e+00 +4.1142e+00 +4.2804e+00 +4.2041e+00
2005 +1.433568909e+02 +1.433568909e+02 +1.052468909e+02 +1.052468909e+02 -4.6914e+00 -3.9755e+00 -2.7204e+00 +8.3422e-01 -2.2980e-01 -2.5211e+00 -6.8501e-01 +1.6793e+00 +4.0774e+00 -3.0666e+00 +1.3361e+00 +3.6429e+00 +1.6519e+00 +2.4878e+00 -2.0414e+00 +2.5358e+00 +3.1311e+00 +1.8583e-01 -2.8577e-01 +1.2869e+00
