% function evaluation | noise-free fitness - Fopt (1.026100000000e+02) | best noise-free fitness - Fopt | measured fitness | best measured fitness | x1 | x2...
1 +3.429776570e+02 +3.429776570e+02 +4.455876570e+02 +4.455876570e+02 +1.0162e+00 +5.4355e-01 +3.4216e-01 +1.4024e+00 +7.7903e-01 +4.0795e-01 +4.9656e-01 +4.5585e-01 +1.0457e+00 +7.2870e-01 +4.2413e-01 +6.2647e-01 +6.3651e-01 +2.4253e-01 -8.3005e-02 +5.7340e-01 +5.1932e-01 +6.8926e-01 +1.2033e+00 +4.4604e-01
19 +2.510672642e+02 +2.510672642e+02 +3.536772642e+02 +3.536772642e+02 +4.5880e-01 +4.7030e-01 -6.0166e-02 +7.1341e-01 +4.1186e-01 -4.4951e-01 +2.4833e-02 +3.9059e-01 +9.0780e-01 +1.3317e+00 -2.5386e-02 +9.5760e-01 +9.7549e-01 +3.8841e-01 +6.6288e-01 +4.3859e-01 +9.2263e-01 -8.8652e-02 +1.1714e+00 +1.0375e+00
1276 +1.565874740e+02 +1.565874740e+02 +2.591974740e+02 +2.591974740e+02 -7.0774e-01 +4.1448e-03 +1.1817e+00 -2.4146e-01 +4.0736e-01 +3.5982e-01 +5.6433e-02 -5.0091e-01 +1.3025e+00 -6.3791e-01 +1.6635e+00 +9.2605e-01 +1.6634e+00 +4.2331e-01 +2.4081e-01 +1.4925e+00 +9.0347e-01 +2.8794e-01 -4.1585e-02 -4.2673e-01
% function evaluation | noise-free fitness - Fopt (9.330000000000e+01) | best noise-free fitness - Fopt | measured fitness | best measured fitness | x1 | x2...
1 +3.259887630e+02 +3.259887630e+02 +4.192887630e+02 +4.192887630e+02 +1.0162e+00 +5.4355e-01 +3.4216e-01 +1.4024e+00 +7.7903e-01 +4.0795e-01 +4.9656e-01 +4.5585e-01 +1.0457e+00 +7.2870e-01 +4.2413e-01 +6.2647e-01 +6.3651e-01 +2.4253e-01 -8.3005e-02 +5.7340e-01 +5.1932e-01 +6.8926e-01 +1.2033e+00 +4.4604e-01
8 +2.500453745e+02 +2.500453745e+02 +3.433453745e+02 +3.433453745e+02 +7.2660e-01 +6.5141e-01 -2.0905e-01 +1.6712e+00 +1.1290e+00 +1.8980e-01 -9.8637e-02 +2.8724e-01 +9.0455e-01 +1.2023e+00 -2.4199e-01 +2.7163e-01 +5.2244e-01 +5.8543e-01 +9.1769e-01 +2.7739e-01 +3.8268e-01 +9.7084e-01 +6.4936e-01 +1.2181e+00
1353 +1.526903251e+02 +1.526903251e+02 +2.459903251e+02 +2.459903251e+02 +8.8967e-02 +7.1423e-01 +1.2045e+00 +1.0388e+00 +1.3055e+00 -6.7989e-01 +1.8730e+00 -1.1987e+00 +1.1460e+00 +1.2653e+00 -1.9500e+00 +4.7455e-02 -1.0395e+00 -1.3396e-01 -6.4808e-02 +1.3572e+00 +2.7563e-02 -5.0768e-01 +1.6999e-01 -2.8026e-01
% function evaluation | noise-free fitness - Fopt (1.364000000000e+01) | best noise-free fitness - Fopt | measured fitness | best measured fitness | x1 | x2...
1 +3.332042386e+02 +3.332042386e+02 +3.468442386e+02 +3.468442386e+02 +1.0162e+00 +5.4355e-01 +3.4216e-01 +1.4024e+00 +7.7903e-01 +4.0795e-01 +4.9656e-01 +4.5585e-01 +1.0457e+00 +7.2870e-01 +4.2413e-01 +6.2647e-01 +6.3651e-01 +2.4253e-01 -8.3005e-02 +5.7340e-01 +5.1932e-01 +6.8926e-01 +1.2033e+00 +4.4604e-01
143 +2.463300258e+02 +2.463300258e+02 +2.599700258e+02 +2.599700258e+02 +1.1050e+00 +1.7505e+00 -2.9885e-01 +1.0554e+00 +8.9254e-01 +1.0579e+00 -6.9448e-02 +8.7521e-01 +5.4319e-01 +9.3142e-01 +4.4246e-01 +1.9317e-01 +7.6022e-01 +2.1313e-01 +7.4921e-01 -1.5715e-01 -6.5719e-01 +5.3514e-01 +9.3161e-01 +6.4380e-01
1428 +1.452353762e+02 +1.452353762e+02 +1.588753762e+02 +1.588753762e+02 +6.4126e-02 +2.1396e+00 +1.3597e+00 +1.2194e+00 +4.8730e-01 -1.2042e+00 -3.9552e-01 -5.4409e-02 +6.3437e-01 -6.2851e-01 -4.4805e-01 +1.1982e+00 +1.3220e+00 -1.0103e+00 +1.6597e+00 -1.4142e+00 -9.6787e-01 -4.1299e-01 +1.0413e+00 +1.5576e+00
% function evaluation | noise-free fitness - Fopt (1.948000000000e+02) | best noise-free fitness - Fopt | measured fitness | best measured fitness | x1 | x2...
1 +3.287822285e+02 +3.287822285e+02 +5.235822285e+02 +5.235822285e+02 +1.0162e+00 +5.4355e-01 +3.4216e-01 +1.4024e+00 +7.7903e-01 +4.0795e-01 +4.9656e-01 +4.5585e-01 +1.0457e+00 +7.2870e-01 +4.2413e-01 +6.2647e-01 +6.3651e-01 +2.4253e-01 -8.3005e-02 +5.7340e-01 +5.1932e-01 +6.8926e-01 +1.2033e+00 +4.4604e-01
228 +2.477120902e+02 +2.477120902e+02 +4.425120902e+02 +4.425120902e+02 +7.5590e-02 +7.8042e-02 -7.9742e-02 +9.1439e-01 +1.0597e+00 -1.1799e-01 +7.8273e-02 +8.1835e-01 +8.2538e-02 +5.1842e-01 -4.8302e-01 +8.4215e-01 +1.2946e+00 -3.1077e-01 +1.2724e+00 -2.2890e-01 -4.0680e-01 -9.5510e-01 +1.6377e+00 +1.7978e+00
3918 +1.547898001e+02 +1.547898001e+02 +3.495898001e+02 +3.495898001e+02 -6.7200e-01 +8.0972e-01 +9.1702e-01 -1.1402e+00 +1.1190e+00 -2.0479e+00 -4.2228e-02 +1.3359e+00 +1.9191e-01 -1.4079e+00 -1.3572e+00 +7.3494e-01 +2.3254e+00 -1.8500e+00 -5.2381e-01 +1.4114e-02 -1.3540e+00 -1.4393e+00 +1.6401e+00 +1.6546e+00
% function evaluation | noise-free fitness - Fopt (-1.335900000000e+02) | best noise-free fitness - Fopt | measured fitness | best measured fitness | x1 | x2...
1 +2.787953647e+02 +2.787953647e+02 +1.452053647e+02 +1.452053647e+02 +1.0162e+00 +5.4355e-01 +3.4216e-01 +1.4024e+00 +7.7903e-01 +4.0795e-01 +4.9656e-01 +4.5585e-01 +1.0457e+00 +7.2870e-01 +4.2413e-01 +6.2647e-01 +6.3651e-01 +2.4253e-01 -8.3005e-02 +5.7340e-01 +5.1932e-01 +6.8926e-01 +1.2033e+00 +4.4604e-01
36 +2.304153917e+02 +2.304153917e+02 +9.682539170e+01 +9.682539170e+01 +3.6623e-01 +1.2085e+00 +3.1687e-01 +6.9613e-01 +3.6494e-02 +3.6160e-01 +1.7675e-01 +5.4906e-01 +3.2393e-01 +8.8294e-01 -4.3186e-02 +4.8706e-01 -1.9601e-01 -6.6069e-02 +4.8187e-01 +3.1253e-01 +3.2554e-01 +8.3244e-01 +7.3409e-01 +6.2120e-01
1565 +1.582693334e+02 +1.582693334e+02 +2.467933344e+01 +2.467933344e+01 +1.1032e+00 +1.4653e+00 -1.0006e+00 -1.3167e-01 -5.0898e-01 -4.2639e-02 +7.3685e-01 +4.8997e-01 +1.3680e+00 +1.3241e+00 -1.5768e+00 +1.5181e+00 -1.1979e+00 -7.2710e-01 +2.0455e+00 -8.2552e-01 +9.5402e-01 -2.8647e-03 +1.0505e+00 +9.1235e-01
% function evaluation | noise-free fitness - Fopt (1.543700000000e+02) | best noise-free fitness - Fopt | measured fitness | best measured fitness | x1 | x2...
1 +3.781124310e+02 +3.781124310e+02 +5.324824310e+02 +5.324824310e+02 +1.0162e+00 +5.4355e-01 +3.4216e-01 +1.4024e+00 +7.7903e-01 +4.0795e-01 +4.9656e-01 +4.5585e-01 +1.0457e+00 +7.2870e-01 +4.2413e-01 +6.2647e-01 +6.3651e-01 +2.4253e-01 -8.3005e-02 +5.7340e-01 +5.1932e-01 +6.8926e-01 +1.2033e+00 +4.4604e-01
7 +2.503460869e+02 +2.503460869e+02 +4.047160869e+02 +4.047160869e+02 +8.2159e-01 +8.2719e-01 -3.9808e-01 +8.2768e-01 +3.8295e-01 -1.9622e-01 -6.8422e-02 +3.8681e-01 +3.5672e-01 +1.2542e+00 +3.1363e-01 +9.6458e-01 +9.4674e-01 +2.4593e-01 +1.1059e+00 +1.0192e-01 +2.0740e-01 +1.3212e+00 +7.2478e-01 +7.8278e-01
1095 +1.563755120e+02 +1.563755120e+02 +3.107455120e+02 +3.107455120e+02 +9.1400e-01 +1.3600e+00 -4.3607e-01 -5.2847e-02 +6.9410e-01 +1.9921e+00 +6.2405e-01 -9.3746e-01 -3.1654e-01 +6.7388e-01 -7.8472e-02 +3.4210e-01 +9.5413e-01 +1.0859e+00 +4.8395e-01 +4.0493e-01 +6.5250e-01 -8.8410e-01 -4.2104e-01 +7.1049e-01
% function evaluation | noise-free fitness - Fopt (-2.883300000000e+02) | best noise-free fitness - Fopt | measured fitness | best measured fitness | x1 | x2...
1 +2.932596529e+02 +2.932596529e+02 +4.929652853e+00 +4.929652853e+00 +1.0162e+00 +5.4355e-01 +3.4216e-01 +1.4024e+00 +7.7903e-01 +4.0795e-01 +4.9656e-01 +4.5585e-01 +1.0457e+00 +7.2870e-01 +4.2413e-01 +6.2647e-01 +6.3651e-01 +2.4253e-01 -8.3005e-02 +5.7340e-01 +5.1932e-01 +6.8926e-01 +1.2033e+00 +4.4604e-01
46 +2.400942113e+02 +2.400942113e+02 -4.823578873e+01 -4.823578873e+01 +9.3504e-01 +1.1110e+00 +3.6135e-01 +1.5705e+00 +3.7272e-01 -1.8667e-02 +5.0257e-01 +8.0169e-01 +5.4299e-01 +5.5675e-01 -2.1384e-01 +1.0814e+00 +5.8883e-01 +5.9148e-01 +1.0087e+00 +8.0617e-01 -4.0539e-01 +4.8495e-02 +8.5971e-01 +3.9146e-01
1877 +1.478765647e+02 +1.478765647e+02 -1.404534353e+02 -1.404534353e+02 +1.2479e+00 +4.2540e-01 -7.0589e-01 +2.3888e+00 -1.1945e-01 +9.0963e-01 +1.3042e+00 +1.2504e+00 +1.0443e+00 -7.6960e-02 +8.2459e-01 -4.5435e-02 -1.1533e+00 +4.4759e-01 +2.0774e+00 +1.9105e+00 -1.1669e+00 -7.1324e-01 +1.8694e-01 -2.6467e-01
% function evaluation | noise-free fitness - Fopt (-5.381100000000e+02) | best noise-free fitness - Fopt | measured fitness | best measured fitness | x1 | x2...
1 +3.394779500e+02 +3.394779500e+02 -1.986320500e+02 -1.986320500e+02 +1.0162e+00 +5.4355e-01 +3.4216e-01 +1.4024e+00 +7.7903e-01 +4.0795e-01 +4.9656e-01 +4.5585e-01 +1.0457e+00 +7.2870e-01 +4.2413e-01 +6.2647e-01 +6.3651e-01 +2.4253e-01 -8.3005e-02 +5.7340e-01 +5.1932e-01 +6.8926e-01 +1.2033e+00 +4.4604e-01
121 +2.213683190e+02 +2.213683190e+02 -3.167416810e+02 -3.167416810e+02 +1.1677e+00 +8.1347e-01 +1.6878e-01 +1.3481e+00 +3.6905e-01 +9.1022e-01 -3.4569e-01 +8.7253e-02 +1.1594e+00 +6.6662e-01 -9.8226e-02 +1.2982e+00 +1.4554e+00 +8.0539e-01 +4.7583e-01 +4.6287e-01 -1.7111e-01 +1.1482e+00 +8.3782e-01 +5.1548e-01
2753 +1.551887133e+02 +1.551887133e+02 -3.829212867e+02 -3.829212867e+02 +1.4181e+00 +1.5864e+00 +8.5442e-01 +1.2776e+00 -4.3506e-02 +1.0216e+00 -1.3151e+00 -1.7709e+00 -5.0534e-01 +3.3301e-01 +1.4352e+00 +1.0364e+00 +2.6821e+00 +3.8299e-01 -1.1684e+00 +1.3029e+00 -1.2248e+00 +1.1874e+00 -6.3672e-01 -1.0749e+00
% function evaluation | noise-free fitness - Fopt (7.478200000000e+02) | best noise-free fitness - Fopt | measured fitness | best measured fitness | x1 | x2...
1 +2.951335993e+02 +2.951335993e+02 +1.042953599e+03 +1.042953599e+03 +1.0162e+00 +5.4355e-01 +3.4216e-01 +1.4024e+00 +7.7903e-01 +4.0795e-01 +4.9656e-01 +4.5585e-01 +1.0457e+00 +7.2870e-01 +4.2413e-01 +6.2647e-01 +6.3651e-01 +2.4253e-01 -8.3005e-02 +5.7340e-01 +5.1932e-01 +6.8926e-01 +1.2033e+00 +4.4604e-01
61 +2.453648068e+02 +2.453648068e+02 +9.931848068e+02 +9.931848068e+02 +6.9836e-01 +1.3632e+00 +1.7371e-01 +1.1716e+00 +4.4347e-01 +9.3725e-02 -2.2516e-02 +9.2653e-01 +1.2639e+00 +8.4040e-01 +1.2958e-01 +4.1678e-01 +9.0584e-01 +7.9498e-01 -2.2533e-02 +5.0145e-01 +9.8439e-01 +9.6926e-01 +1.3112e+00 +6.6299e-01
1635 +1.463619841e+02 +1.463619841e+02 +8.941819841e+02 +8.941819841e+02 +1.2782e+00 +1.3127e+00 +1.3689e+00 +2.1246e+00 -1.4428e-01 -4.9362e-01 -7.2737e-01 -1.6665e-01 +1.5741e+00 -1.2632e+00 +1.7289e+00 -1.0170e+00 -1.9416e-01 +1.0293e+00 -1.2635e+00 +1.9507e+00 +9.1349e-01 +1.1615e+00 +2.9344e+00 +1.3846e+00
% function evaluation | noise-free fitness - Fopt (1.667000000000e+01) | best noise-free fitness - Fopt | measured fitness | best measured fitness | x1 | x2...
1 +3.334112615e+02 +3.334112615e+02 +3.500812615e+02 +3.500812615e+02 +1.0162e+00 +5.4355e-01 +3.4216e-01 +1.4024e+00 +7.7903e-01 +4.0795e-01 +4.9656e-01 +4.5585e-01 +1.0457e+00 +7.2870e-01 +4.2413e-01 +6.2647e-01 +6.3651e-01 +2.4253e-01 -8.3005e-02 +5.7340e-01 +5.1932e-01 +6.8926e-01 +1.2033e+00 +4.4604e-01
92 +2.476389507e+02 +2.476389507e+02 +2.643089507e+02 +2.643089507e+02 -1.7900e-01 +1.1855e+00 +7.3882e-01 +6.0646e-01 +5.7983e-01 -8.9347e-01 +4.3154e-01 +1.2865e+00 +1.2543e+00 +7.9382e-01 +5.0333e-02 +3.7725e-01 +2.5848e-01 +2.8810e-01 +9.0649e-01 +2.0726e-01 +3.7571e-01 -2.2817e-02 +7.7753e-01 +8.7868e-01
1167 +1.473625454e+02 +1.473625454e+02 +1.640325454e+02 +1.640325454e+02 -1.0983e+00 +1.5682e+00 +1.3536e+00 -5.0964e-01 +6.0089e-01 -8.4853e-01 +4.0308e-02 -6.7685e-01 +7.4922e-02 +9.7748e-01 +8.4294e-01 +8.8603e-01 -2.2682e-01 +1.6806e-01 +4.3945e-01 +4.5051e-01 -1.2436e+00 -1.0825e+00 +1.1290e+00 -7.4416e-02
% function evaluation | noise-free fitness - Fopt (-6.277000000000e+01) | best noise-free fitness - Fopt | measured fitness | best measured fitness | x1 | x2...
1 +3.283140587e+02 +3.283140587e+02 +2.655440587e+02 +2.655440587e+02 +1.0162e+00 +5.4355e-01 +3.4216e-01 +1.4024e+00 +7.7903e-01 +4.0795e-01 +4.9656e-01 +4.5585e-01 +1.0457e+00 +7.2870e-01 +4.2413e-01 +6.2647e-01 +6.3651e-01 +2.4253e-01 -8.3005e-02 +5.7340e-01 +5.1932e-01 +6.8926e-01 +1.2033e+00 +4.4604e-01
229 +2.443442679e+02 +2.443442679e+02 +1.815742679e+02 +1.815742679e+02 +1.2192e+00 +1.2092e+00 +8.3718e-01 +5.9831e-01 +6.0764e-01 +1.4164e-01 +4.5819e-01 +9.5560e-01 +5.9794e-01 +4.2880e-01 -4.7866e-01 +5.8243e-01 +1.7847e-01 +7.7415e-01 +6.6970e-01 -2.1767e-01 +9.8172e-01 +1.0825e+00 -1.5785e-01 +9.8603e-01
2854 +1.565879374e+02 +1.565879374e+02 +9.381793735e+01 +9.381793735e+01 +1.6717e+00 +6.5466e-01 +6.1021e-01 +3.7160e-01 +3.2239e-01 -1.5157e-01 -1.0390e+00 +8.8287e-01 +8.1905e-01 +1.0102e+00 +7.3060e-01 -6.1628e-01 -1.3961e+00 -1.6049e+00 -2.5990e-01 +6.1349e-01 -1.6098e-01 -1.8286e-01 +6.4801e-02 +9.6936e-01
4472 +9.533017975e+01 +9.533017975e+01 +3.256017975e+01 +3.256017975e+01 +1.6023e+00 +8.2945e-01 +7.3476e-01 +6.4218e-01 +4.4879e-01 -9.5233e-02 -7.9332e-01 +7.4943e-01 +2.4246e-01 +1.1563e+00 +9.7197e-01 -5.9898e-01 -1.9305e+00 -2.2531e+00 -2.1716e-02 +5.7367e-01 +3.0466e-01 +5.5106e-02 -2.5423e-02 +1.3834e+00
% function evaluation | noise-free fitness - Fopt (1.096000000000e+01) | best noise-free fitness - Fopt | measured fitness | best measured fitness | x1 | x2...
1 +3.342879781e+02 +3.342879781e+02 +3.452479781e+02 +3.452479781e+02 +1.0162e+00 +5.4355e-01 +3.4216e-01 +1.4024e+00 +7.7903e-01 +4.0795e-01 +4.9656e-01 +4.5585e-01 +1.0457e+00 +7.2870e-01 +4.2413e-01 +6.2647e-01 +6.3651e-01 +2.4253e-01 -8.3005e-02 +5.7340e-01 +5.1932e-01 +6.8926e-01 +1.2033e+00 +4.4604e-01
235 +2.088952381e+02 +2.088952381e+02 +2.198552381e+02 +2.198552381e+02 +2.4015e-01 +9.4660e-01 -1.1166e+00 +1.2034e+00 +1.1874e+00 +8.8459e-02 -7.5094e-01 +9.6759e-01 +2.7522e-01 -3.3567e-02 -6.0299e-01 +6.8583e-01 +1.8708e+00 +5.3312e-01 +4.7827e-02 +1.7151e-02 +1.2056e-01 +6.4416e-01 +4.3978e-01 +2.2696e-03
606 +1.433966667e+02 +1.433966667e+02 +1.543566667e+02 +1.543566667e+02 -1.2281e+00 +1.4193e+00 -1.1358e+00 +8.6672e-01 +1.0311e+00 +1.0465e+00 -7.7673e-01 +2.3824e+00 -3.4037e-01 -2.7734e-01 -1.0177e+00 -1.8402e+00 +1.0154e+00 -5.6351e-01 -1.3935e-01 -7.9399e-02 +9.8891e-01 +1.3382e+00 -1.6454e+00 -9.0987e-02
% function evaluation | noise-free fitness - Fopt (9.038000000000e+01) | best noise-free fitness - Fopt | measured fitness | best measured fitness | x1 | x2...
1 +3.612758703e+02 +3.612758703e+02 +4.516558703e+02 +4.516558703e+02 +1.0162e+00 +5.4355e-01 +3.4216e-01 +1.4024e+00 +7.7903e-01 +4.0795e-01 +4.9656e-01 +4.5585e-01 +1.0457e+00 +7.2870e-01 +4.2413e-01 +6.2647e-01 +6.3651e-01 +2.4253e-01 -8.3005e-02 +5.7340e-01 +5.1932e-01 +6.8926e-01 +1.2033e+00 +4.4604e-01
181 +2.396341913e+02 +2.396341913e+02 +3.300141913e+02 +3.300141913e+02 +6.1732e-01 +5.3115e-02 +7.9596e-01 +1.5773e+00 +4.6783e-01 +2.6395e-01 -1.1647e-01 +4.6433e-01 +8.5909e-01 +1.1631e+00 -2.6664e-01 +7.3284e-01 +1.4473e+00 +5.1453e-01 +4.4791e-01 +1.1003e+00 +2.1384e-01 +9.3047e-01 +4.5450e-01 +3.4875e-01
3379 +1.546987825e+02 +1.546987825e+02 +2.450787825e+02 +2.450787825e+02 +6.2089e-01 -5.9005e-01 +2.5605e+00 +1.1622e+00 -5.3322e-02 +1.4551e-01 -1.1122e+00 +8.3793e-01 -1.0431e+00 +1.8450e+00 -1.0171e-01 +1.7910e+00 +2.1014e+00 -1.1495e-01 +2.8317e-01 +6.9030e-01 +7.6940e-01 -1.9841e-01 +8.4469e-02 -1.0317e+00
% function evaluation | noise-free fitness - Fopt (-2.635200000000e+02) | best noise-free fitness - Fopt | measured fitness | best measured fitness | x1 | x2...
1 +4.309025372e+02 +4.309025372e+02 +1.673825372e+02 +1.673825372e+02 +1.0162e+00 +5.4355e-01 +3.4216e-01 +1.4024e+00 +7.7903e-01 +4.0795e-01 +4.9656e-01 +4.5585e-01 +1.0457e+00 +7.2870e-01 +4.2413e-01 +6.2647e-01 +6.3651e-01 +2.4253e-01 -8.3005e-02 +5.7340e-01 +5.1932e-01 +6.8926e-01 +1.2033e+00 +4.4604e-01
2 +3.827523655e+02 +3.827523655e+02 +1.192323655e+02 +1.192323655e+02 +7.8405e-01 +8.3336e-01 +2.2275e-01 +1.0072e+00 +3.7290e-01 +8.8525e-02 +2.2903e-01 +7.3519e-01 +1.2855e+00 +1.2977e+00 -1.0148e-01 +9.9380e-01 +5.9293e-01 +1.5133e-01 +7.9823e-01 +6.0168e-01 +1.9086e-01 +1.0271e+00 +7.2453e-01 +1.2947e+00
133 +2.347969241e+02 +2.347969241e+02 -2.872307592e+01 -2.872307592e+01 +1.0527e+00 -1.5739e-01 -4.5827e-01 +5.1462e-01 +2.1720e-01 -3.7154e-01 +4.5598e-02 -1.2645e-01 -2.9500e-01 +1.4807e+00 -9.9727e-01 +1.1118e+00 +1.1323e+00 +6.7517e-01 +5.4164e-01 +2.9583e-01 +9.2712e-01 +1.2409e-01 +5.1335e-01 +2.1786e-01
3544 +1.529458988e+02 +1.529458988e+02 -1.105741012e+02 -1.105741012e+02 +1.8267e+00 -1.2393e+00 -1.4720e+00 +5.2303e-02 +1.8046e+00 -4.9826e-01 -5.9565e-03 -3.1214e-01 -6.2258e-01 -1.4484e+00 -9.3904e-01 +1.0269e+00 +6.4824e-01 +4.7631e-01 -4.7499e-01 +1.1260e+00 +2.6518e+00 +2.4976e+00 -9.9942e-01 -1.9314e-01
4094 +9.858020844e+01 +9.858020844e+01 -1.649397916e+02 -1.649397916e+02 +1.7935e+00 -1.2899e+00 -1.5028e+00 +1.5195e-02 +1.7785e+00 -4.5700e-01 +1.6565e-03 -2.7007e-01 -5.8532e-01 -1.4470e+00 -1.0278e+00 +9.6267e-01 +6.9843e-01 +5.1943e-01 -5.0743e-01 +1.1369e+00 +2.6200e+00 +2.4759e+00 -1.0650e+00 -1.9160e-01
% function evaluation | noise-free fitness - Fopt (3.101900000000e+02) | best noise-free fitness - Fopt | measured fitness | best measured fitness | x1 | x2...
1 +3.312132379e+02 +3.312132379e+02 +6.414032379e+02 +6.414032379e+02 +1.0162e+00 +5.4355e-01 +3.4216e-01 +1.4024e+00 +7.7903e-01 +4.0795e-01 +4.9656e-01 +4.5585e-01 +1.0457e+00 +7.2870e-01 +4.2413e-01 +6.2647e-01 +6.3651e-01 +2.4253e-01 -8.3005e-02 +5.7340e-01 +5.1932e-01 +6.8926e-01 +1.2033e+00 +4.4604e-01
63 +2.485774671e+02 +2.485774671e+02 +5.587674671e+02 +5.587674671e+02 +1.0004e+00 +8.9606e-01 +8.2220e-02 +9.2513e-01 +3.9686e-01 +1.2418e+00 -5.2533e-01 +1.7542e-01 +5.1007e-01 +1.4398e+00 -8.2346e-01 +1.0535e+00 +1.2724e+00 -3.3650e-01 +1.5386e+00 +9.4767e-01 +1.0955e-02 +2.6777e-01 +1.8784e-01 +1.1707e+00
1053 +1.507394367e+02 +1.507394367e+02 +4.609294367e+02 +4.609294367e+02 +5.3662e-01 -2.6518e-01 -6.7669e-01 +1.7223e+00 +1.4458e+00 +1.8728e+00 -1.5719e+00 +6.3284e-01 +1.1925e+00 +3.0726e+00 -1.3973e+00 +1.1257e+00 +7.5170e-01 -1.4436e+00 -6.9837e-01 +9.1344e-01 +3.2581e-01 -1.4808e+00 -1.5236e+00 +1.6867e+00
% function evaluation | noise-free fitness - Fopt (-5.638000000000e+01) | best noise-free fitness - Fopt | measured fitness | best measured fitness | x1 | x2...
1 +3.098759988e+02 +3.098759988e+02 +2.534959988e+02 +2.534959988e+02 +1.0162e+00 +5.4355e-01 +3.4216e-01 +1.4024e+00 +7.7903e-01 +4.0795e-01 +4.9656e-01 +4.5585e-01 +1.0457e+00 +7.2870e-01 +4.2413e-01 +6.2647e-01 +6.3651e-01 +2.4253e-01 -8.3005e-02 +5.7340e-01 +5.1932e-01 +6.8926e-01 +1.2033e+00 +4.4604e-01
79 +2.505504311e+02 +2.505504311e+02 +1.941704311e+02 +1.941704311e+02 +9.1901e-01 +1.5428e+00 +8.1062e-01 +7.2912e-01 +5.5373e-01 -3.3300e-01 +3.1527e-01 +1.2096e+00 +1.4375e+00 +6.7805e-01 +1.9528e-01 +5.9978e-01 +1.1320e+00 +5.2473e-01 +5.8503e-01 +4.7241e-03 +6.4499e-01 +7.0269e-01 +3.9779e-01 +6.6344e-01
3854 +1.558563655e+02 +1.558563655e+02 +9.947636548e+01 +9.947636548e+01 +1.1161e+00 +2.3489e-01 +4.2682e-01 -2.5528e+00 +7.4900e-01 -1.8634e+00 +1.3662e+00 +1.6015e+00 +1.1872e+00 -1.2689e+00 +3.8223e-01 -6.0713e-01 +1.4501e+00 -1.4843e-01 -9.6946e-01 +6.2896e-01 -6.5328e-02 +1.3485e+00 +1.1789e+00 -1.1496e+00
% function evaluation | noise-free fitness - Fopt (-1.000000000000e+03) | best noise-free fitness - Fopt | measured fitness | best measured fitness | x1 | x2...
1 +3.354012657e+02 +3.354012657e+02 -6.645987343e+02 -6.645987343e+02 +1.0162e+00 +5.4355e-01 +3.4216e-01 +1.4024e+00 +7.7903e-01 +4.0795e-01 +4.9656e-01 +4.5585e-01 +1.0457e+00 +7.2870e-01 +4.2413e-01 +6.2647e-01 +6.3651e-01 +2.4253e-01 -8.3005e-02 +5.7340e-01 +5.1932e-01 +6.8926e-01 +1.2033e+00 +4.4604e-01
167 +2.214615748e+02 +2.214615748e+02 -7.785384252e+02 -7.785384252e+02 +3.4604e-01 +1.3275e+00 +4.9552e-02 +8.5046e-01 +6.0977e-01 +6.3533e-02 -7.4413e-01 +1.1760e+00 +1.4778e+00 +7.1109e-01 -4.0432e-01 +7.2673e-01 -4.7059e-01 -2.8755e-01 +5.0355e-01 -7.9044e-03 +1.0922e+00 +4.6988e-01 +1.6069e+00 +2.0356e-01
478 +1.473866750e+02 +1.473866750e+02 -8.526133250e+02 -8.526133250e+02 +1.3400e+00 +1.9110e-01 +1.3406e+00 -2.4100e-01 -8.9123e-01 -6.2420e-01 -1.3045e+00 -1.3417e-01 +9.5472e-01 -1.9431e-01 -6.2990e-01 +1.1977e+00 -1.2757e+00 +7.7659e-01 +3.8935e-01 -2.5120e-03 +1.8252e+00 -3.4537e-01 +1.7155e+00 -3.2888e-01
% function evaluation | noise-free fitness - Fopt (3.548000000000e+01) | best noise-free fitness - Fopt | measured fitness | best measured fitness | x1 | x2...
1 +3.114101127e+02 +3.114101127e+02 +3.468901127e+02 +3.468901127e+02 +1.0162e+00 +5.4355e-01 +3.4216e-01 +1.4024e+00 +7.7903e-01 +4.0795e-01 +4.9656e-01 +4.5585e-01 +1.0457e+00 +7.2870e-01 +4.2413e-01 +6.2647e-01 +6.3651e-01 +2.4253e-01 -8.3005e-02 +5.7340e-01 +5.1932e-01 +6.8926e-01 +1.2033e+00 +4.4604e-01
176 +2.334379279e+02 +2.334379279e+02 +2.689179279e+02 +2.689179279e+02 +7.0023e-01 +6.0342e-01 -2.3708e-01 +9.0205e-01 +6.6082e-01 +3.1310e-02 +2.7786e-01 +5.5693e-01 +9.6983e-01 +1.6078e+00 -1.7683e-01 +1.0108e+00 +4.0675e-01 -6.7514e-01 +1.1199e-01 -3.5961e-01 -2.6317e-01 +1.1979e+00 +1.0672e+00 +1.2437e+00
1372 +1.458568528e+02 +1.458568528e+02 +1.813368528e+02 +1.813368528e+02 +1.5914e+00 +1.3036e+00 -7.4447e-01 -5.9922e-01 +5.8932e-01 -7.1833e-01 +1.3979e+00 +3.9617e-01 -8.6662e-01 +1.2675e+00 +1.5448e+00 -3.4567e-02 +3.8071e-01 -1.7693e+00 -4.6409e-01 +4.8542e-01 +2.0696e+00 +1.0658e+00 -4.9999e-01 +1.9260e+00
% function evaluation | noise-free fitness - Fopt (-5.263000000000e+01) | best noise-free fitness - Fopt | measured fitness | best measured fitness | x1 | x2...
1 +3.323785840e+02 +3.323785840e+02 +2.797485840e+02 +2.797485840e+02 +1.0162e+00 +5.4355e-01 +3.4216e-01 +1.4024e+00 +7.7903e-01 +4.0795e-01 +4.9656e-01 +4.5585e-01 +1.0457e+00 +7.2870e-01 +4.2413e-01 +6.2647e-01 +6.3651e-01 +2.4253e-01 -8.3005e-02 +5.7340e-01 +5.1932e-01 +6.8926e-01 +1.2033e+00 +4.4604e-01
132 +2.485077132e+02 +2.485077132e+02 +1.958777132e+02 +1.958777132e+02 +1.7060e-01 +6.5883e-02 -1.1379e-01 +4.5031e-01 -1.0061e-01 +7.6115e-01 -1.0402e-01 +5.3702e-01 +1.7103e+00 +1.8064e-01 -5.2709e-01 +1.1864e+00 +6.9039e-01 +1.9809e-01 -1.9857e-01 +1.5511e-01 +1.0375e+00 +3.4373e-02 -1.3305e-01 +6.5070e-01
717 +1.512672324e+02 +1.512672324e+02 +9.863723244e+01 +9.863723244e+01 -1.4345e+00 +1.4056e+00 -1.7490e+00 -1.6926e+00 +1.1910e+00 -1.8257e+00 +8.4117e-01 +1.1239e+00 +2.2407e-01 -1.8481e+00 +3.1914e-01 -7.9072e-02 -5.7985e-02 +2.9328e-01 -8.9695e-01 -1.7547e+00 +2.2424e+00 +8.3461e-01 +1.2825e-01 +2.2679e+00
4576 +9.489968426e+01 +9.489968426e+01 +4.226968426e+01 +4.226968426e+01 -1.7140e+00 +1.1601e+00 -1.6665e+00 -2.0048e+00 +8.4424e-01 -1.7418e+00 +3.4939e-01 +6.2515e-01 +2.3106e+00 -2.4605e+00 -7.1509e-01 -1.5397e+00 +7.6473e-01 +1.5882e+00 -6.9477e-01 -9.3360e-01 +8.7099e-01 +7.4891e-01 -6.5568e-01 +9.8511e-01
4956 +6.102669752e+01 +6.102669752e+01 +8.396697521e+00 +8.396697521e+00 -1.6978e+00 +1.1325e+00 -1.6811e+00 -1.9820e+00 +8.5019e-01 -1.6942e+00 +3.8094e-01 +6.2159e-01 +2.2792e+00 -2.4123e+00 -6.9136e-01 -1.5309e+00 +7.5887e-01 +1.5660e+00 -6.7818e-01 -9.0583e-01 +9.0092e-01 +7.4995e-01 -6.7803e-01 +1.0062e+00
% function evaluation | noise-free fitness - Fopt (-6.888900000000e+02) | best noise-free fitness - Fopt | measured fitness | best measured fitness | x1 | x2...
1 +3.453823659e+02 +3.453823659e+02 -3.435076341e+02 -3.435076341e+02 +1.0162e+00 +5.4355e-01 +3.4216e-01 +1.4024e+00 +7.7903e-01 +4.0795e-01 +4.9656e-01 +4.5585e-01 +1.0457e+00 +7.2870e-01 +4.2413e-01 +6.2647e-01 +6.3651e-01 +2.4253e-01 -8.3005e-02 +5.7340e-01 +5.1932e-01 +6.8926e-01 +1.2033e+00 +4.4604e-01
70 +2.430383080e+02 +2.430383080e+02 -4.458516920e+02 -4.458516920e+02 +7.1322e-01 +2.7914e-01 -4.8473e-01 +6.6501e-01 +1.4929e+00 +3.2423e-02 -4.0752e-01 +4.8465e-01 +1.2693e+00 +8.4702e-01 +5.2161e-01 +8.2514e-01 +9.4081e-01 +3.1699e-01 +3.4867e-01 -3.8353e-01 -3.0748e-02 +1.9668e-01 +6.2118e-01 +1.4078e+00
2036 +1.554088357e+02 +1.554088357e+02 -5.334811643e+02 -5.334811643e+02 -1.6895e+00 -4.4515e-01 -4.3052e-01 +2.3229e-01 +5.1675e-01 +1.6158e-01 -2.4373e-01 +1.0825e+00 +9.0025e-01 -7.8400e-01 +1.4489e+00 +1.4662e+00 -8.9102e-01 -1.3313e+00 +7.7537e-01 -1.5706e+00 +6.3462e-01 -4.2110e-01 -4.3182e-01 +1.3806e+00
4388 +9.979803128e+01 +9.979803128e+01 -5.890919687e+02 -5.890919687e+02 -1.6227e+00 -5.9143e-01 -5.1573e-01 +1.2521e+00 +9.0126e-01 -1.5331e-01 +3.0938e-02 +8.1655e-01 +6.4947e-01 -1.0593e+00 +1.6997e+00 +1.2262e+00 -8.0409e-01 -1.4717e+00 +1.1257e+00 -1.5082e+00 +6.2704e-01 -4.2453e-01 -1.3600e-01 +8.9669e-01
4780 +6.289509005e+01 +6.289509005e+01 -6.259949099e+02 -6.259949099e+02 -1.6149e+00 -5.9572e-01 -5.9132e-01 +1.2548e+00 +8.3841e-01 -9.6439e-02 +7.6266e-02 +8.5851e-01 +6.1924e-01 -1.0755e+00 +1.6309e+00 +1.2235e+00 -8.0997e-01 -1.4656e+00 +1.1018e+00 -1.5117e+00 +6.1304e-01 -4.2437e-01 -1.2695e-01 +8.8584e-01
% function evaluation | noise-free fitness - Fopt (-4.089000000000e+01) | best noise-free fitness - Fopt | measured fitness | best measured fitness | x1 | x2...
1 +3.032822996e+02 +3.032822996e+02 +2.623922996e+02 +2.623922996e+02 +1.0162e+00 +5.4355e-01 +3.4216e-01 +1.4024e+00 +7.7903e-01 +4.0795e-01 +4.9656e-01 +4.5585e-01 +1.0457e+00 +7.2870e-01 +4.2413e-01 +6.2647e-01 +6.3651e-01 +2.4253e-01 -8.3005e-02 +5.7340e-01 +5.1932e-01 +6.8926e-01 +1.2033e+00 +4.4604e-01
24 +2.489512600e+02 +2.489512600e+02 +2.080612600e+02 +2.080612600e+02 +5.8064e-01 +1.2475e+00 +3.4277e-01 +8.8944e-01 +3.1605e-01 +3.3624e-01 +2.7335e-01 +4.3407e-01 +7.9542e-01 +6.6691e-01 +6.9148e-01 +6.5263e-01 +7.3609e-01 +2.9739e-01 +3.0192e-01 -8.9211e-02 +4.3901e-01 +2.3818e-01 +7.7155e-01 +7.9537e-01
1558 +1.564365058e+02 +1.564365058e+02 +1.155465058e+02 +1.155465058e+02 +3.2179e+00 +2.2356e+00 -1.6636e+00 -2.1286e-01 -8.5733e-01 +1.2148e+00 +7.1022e-01 -1.5314e+00 +1.7088e+00 +1.1458e+00 +1.6917e+00 -1.1299e+00 +1.3950e+00 +8.9552e-01 +7.1873e-01 -1.8424e+00 +6.5820e-01 -1.6756e+00 -1.5080e+00 -2.3413e-01
% function evaluation | noise-free fitness - Fopt (-2.512400000000e+02) | best noise-free fitness - Fopt | measured fitness | best measured fitness | x1 | x2...
1 +3.281222434e+02 +3.281222434e+02 +7.688224343e+01 +7.688224343e+01 +1.0162e+00 +5.4355e-01 +3.4216e-01 +1.4024e+00 +7.7903e-01 +4.0795e-01 +4.9656e-01 +4.5585e-01 +1.0457e+00 +7.2870e-01 +4.2413e-01 +6.2647e-01 +6.3651e-01 +2.4253e-01 -8.3005e-02 +5.7340e-01 +5.1932e-01 +6.8926e-01 +1.2033e+00 +4.4604e-01
3 +2.334599934e+02 +2.334599934e+02 -1.778000662e+01 -1.778000662e+01 +4.8800e-01 +9.1556e-01 +2.9274e-01 +1.2436e+00 +1.0956e+00 +1.2332e-01 -1.6898e-01 +3.2419e-01 +6.3903e-01 +1.6700e+00 -2.7067e-02 +1.1950e+00 +8.9944e-01 +7.5196e-01 +5.7083e-01 -2.7879e-01 -4.9515e-03 +1.0622e+00 +7.3899e-01 +9.0068e-01
1766 +1.458373238e+02 +1.458373238e+02 -1.054026762e+02 -1.054026762e+02 +7.4805e-01 +1.5435e+00 +5.3593e-01 +1.6472e+00 +1.2105e+00 -2.1293e-01 +2.5405e+00 +7.8066e-01 +7.0343e-01 +4.7264e-01 +6.2795e-01 +4.4742e-02 -3.5480e-01 +1.6502e+00 +2.0268e+00 -1.3227e+00 +1.2148e+00 -7.5109e-01 +2.8619e-02 +1.8763e+00
% function evaluation | noise-free fitness - Fopt (-3.288000000000e+01) | best noise-free fitness - Fopt | measured fitness | best measured fitness | x1 | x2...
1 +3.576834707e+02 +3.576834707e+02 +3.248034707e+02 +3.248034707e+02 +1.0162e+00 +5.4355e-01 +3.4216e-01 +1.4024e+00 +7.7903e-01 +4.0795e-01 +4.9656e-01 +4.5585e-01 +1.0457e+00 +7.2870e-01 +4.2413e-01 +6.2647e-01 +6.3651e-01 +2.4253e-01 -8.3005e-02 +5.7340e-01 +5.1932e-01 +6.8926e-01 +1.2033e+00 +4.4604e-01
343 +2.341460787e+02 +2.341460787e+02 +2.012660787e+02 +2.012660787e+02 -5.3123e-01 +2.2632e+00 +7.4076e-01 +1.9561e+00 +1.7222e-01 +4.3883e-01 +1.9121e-01 +1.1121e-01 +1.2057e+00 +6.1863e-01 +4.2813e-01 +1.6232e-02 +8.4862e-01 +2.8569e-01 +9.8780e-01 +8.5087e-01 +1.1421e+00 +1.0313e+00 -6.8923e-02 +1.4370e+00
3116 +1.531924773e+02 +1.531924773e+02 +1.203124773e+02 +1.203124773e+02 -4.2764e-01 +1.8242e+00 +8.3768e-01 +1.0565e+00 -5.7027e-01 -1.4458e+00 +7.0827e-01 -7.8192e-01 -9.1666e-01 -8.7266e-01 +1.4048e+00 -4.9484e-01 +4.6380e-01 +2.1307e+00 +9.1800e-01 -2.4521e+00 +1.7622e+00 +1.1041e+00 -4.3856e-01 +1.8648e+00
% function evaluation | noise-free fitness - Fopt (-8.570000000000e+00) | best noise-free fitness - Fopt | measured fitness | best measured fitness | x1 | x2...
1 +3.315494812e+02 +3.315494812e+02 +3.229794812e+02 +3.229794812e+02 +1.0162e+00 +5.4355e-01 +3.4216e-01 +1.4024e+00 +7.7903e-01 +4.0795e-01 +4.9656e-01 +4.5585e-01 +1.0457e+00 +7.2870e-01 +4.2413e-01 +6.2647e-01 +6.3651e-01 +2.4253e-01 -8.3005e-02 +5.7340e-01 +5.1932e-01 +6.8926e-01 +1.2033e+00 +4.4604e-01
68 +2.287782734e+02 +2.287782734e+02 +2.202082734e+02 +2.202082734e+02 +3.6522e-01 +3.6254e-01 +6.7982e-01 +4.4622e-01 +5.2460e-01 +6.9365e-02 +3.2573e-01 +8.4733e-01 +1.2765e+00 -1.7704e-01 +1.0530e-01 +1.0315e+00 +8.3938e-01 +3.0757e-01 +7.2141e-01 +6.1759e-01 +2.6579e-01 +5.1497e-01 +4.5258e-03 +9.0449e-01
2221 +1.482122333e+02 +1.482122333e+02 +1.396422333e+02 +1.396422333e+02 -1.6252e+00 +1.9005e+00 +1.2677e+00 +4.2645e-01 -1.9750e+00 +1.3110e+00 +6.1975e-01 +1.9371e+00 +1.5335e+00 +1.2308e+00 +1.1233e+00 +2.4120e-01 +1.2517e+00 -2.9368e-01 +1.1571e+00 +5.3960e-01 -1.7411e+00 +1.3465e+00 -6.4287e-01 -7.7540e-01
