% function evaluation | noise-free fitness - Fopt (-1.694000000000e+01) | best noise-free fitness - Fopt | measured fitness | best measured fitness | x1 | x2...
1 +7.864415729e+00 +7.864415729e+00 -9.075584271e+00 -9.075584271e+00 +3.1472e+00 +4.0579e+00 -3.7301e+00 +4.1338e+00 +1.3236e+00
46 +5.826374463e+00 +5.826374463e+00 -1.111362554e+01 -1.111362554e+01 +3.5774e+00 +3.4313e+00 -2.0777e+00 +2.5548e+00 -2.2881e+00
119 +3.290705626e+00 +3.290705626e+00 -1.364929437e+01 -1.364929437e+01 +3.7860e+00 +3.6816e+00 -2.1321e+00 +1.3586e+00 +1.0794e+00
187 +2.207590961e+00 +2.207590961e+00 -1.473240904e+01 -1.473240904e+01 +3.3141e+00 +2.1957e+00 -1.7412e+00 +1.6380e+00 +4.5539e-01
256 +1.572633594e+00 +1.572633594e+00 -1.536736641e+01 -1.536736641e+01 +3.0418e+00 +2.3288e+00 -2.0327e+00 +1.3499e+00 +1.1147e+00
295 +3.974417871e-01 +3.974417871e-01 -1.654255821e+01 -1.654255821e+01 +3.4648e+00 +2.4246e+00 -1.7918e+00 +1.7220e+00 +1.3620e+00
536 +2.059616348e-01 +2.059616348e-01 -1.673403837e+01 -1.673403837e+01 +3.3717e+00 +2.4254e+00 -1.7075e+00 +1.6845e+00 +1.3336e+00
798 +1.529111391e-01 +1.529111391e-01 -1.678708886e+01 -1.678708886e+01 +3.5957e+00 +2.5782e+00 -1.5184e+00 +1.4842e+00 +1.4229e+00
1074 +9.845480114e-02 +9.845480114e-02 -1.684154520e+01 -1.684154520e+01 +3.5686e+00 +2.5787e+00 -1.5687e+00 +1.4544e+00 +1.4109e+00
1308 +5.976638290e-02 +5.976638290e-02 -1.688023362e+01 -1.688023362e+01 +3.6449e+00 +2.5068e+00 -1.5638e+00 +1.4957e+00 +1.3968e+00
1502 +3.220300282e-02 +3.220300282e-02 -1.690779700e+01 -1.690779700e+01 +3.6444e+00 +2.5350e+00 -1.5409e+00 +1.4752e+00 +1.3977e+00
1773 +2.142448031e-02 +2.142448031e-02 -1.691857552e+01 -1.691857552e+01 +3.6603e+00 +2.5635e+00 -1.5229e+00 +1.4590e+00 +1.3896e+00
2143 +1.347584320e-02 +1.347584320e-02 -1.692652416e+01 -1.692652416e+01 +3.6427e+00 +2.5453e+00 -1.5325e+00 +1.4780e+00 +1.3925e+00
2157 +8.805447650e-03 +8.805447650e-03 -1.693119455e+01 -1.693119455e+01 +3.6491e+00 +2.5505e+00 -1.5281e+00 +1.4691e+00 +1.3946e+00
2582 +6.293074316e-03 +6.293074316e-03 -1.693370693e+01 -1.693370693e+01 +3.6552e+00 +2.5523e+00 -1.5295e+00 +1.4737e+00 +1.3995e+00
2685 +3.827686671e-03 +3.827686671e-03 -1.693617231e+01 -1.693617231e+01 +3.6573e+00 +2.5496e+00 -1.5313e+00 +1.4694e+00 +1.3968e+00
2729 +1.797054388e-03 +1.797054388e-03 -1.693820295e+01 -1.693820295e+01 +3.6558e+00 +2.5500e+00 -1.5295e+00 +1.4702e+00 +1.3969e+00
2806 +1.325251814e-03 +1.325251814e-03 -1.693867475e+01 -1.693867475e+01 +3.6563e+00 +2.5498e+00 -1.5291e+00 +1.4689e+00 +1.3961e+00
2926 +9.011449089e-04 +9.011449089e-04 -1.693909886e+01 -1.693909886e+01 +3.6562e+00 +2.5501e+00 -1.5293e+00 +1.4690e+00 +1.3961e+00
3095 +5.461723287e-04 +5.461723287e-04 -1.693945383e+01 -1.693945383e+01 +3.6560e+00 +2.5499e+00 -1.5295e+00 +1.4694e+00 +1.3959e+00
3348 +3.529819935e-04 +3.529819935e-04 -1.693964702e+01 -1.693964702e+01 +3.6558e+00 +2.5496e+00 -1.5295e+00 +1.4696e+00 +1.3960e+00
3462 +2.294589509e-04 +2.294589509e-04 -1.693977054e+01 -1.693977054e+01 +3.6559e+00 +2.5497e+00 -1.5296e+00 +1.4696e+00 +1.3959e+00
3595 +1.566777755e-04 +1.566777755e-04 -1.693984332e+01 -1.693984332e+01 +3.6560e+00 +2.5496e+00 -1.5295e+00 +1.4696e+00 +1.3959e+00
3849 +9.956073377e-05 +9.956073377e-05 -1.693990044e+01 -1.693990044e+01 +3.6560e+00 +2.5496e+00 -1.5295e+00 +1.4696e+00 +1.3959e+00
% function evaluation | noise-free fitness - Fopt (1.881000000000e+01) | best noise-free fitness - Fopt | measured fitness | best measured fitness | x1 | x2...
1 +1.601315547e+01 +1.601315547e+01 +3.482315547e+01 +3.482315547e+01 +3.1472e+00 +4.0579e+00 -3.7301e+00 +4.1338e+00 +1.3236e+00
5 +1.168861689e+01 +1.168861689e+01 +3.049861689e+01 +3.049861689e+01 +1.5574e+00 -4.6429e+00 +3.4913e+00 +4.3399e+00 +1.7874e+00
10 +7.315860873e+00 +7.315860873e+00 +2.612586087e+01 +2.612586087e+01 -1.0236e-01 -5.4414e-01 +1.4631e+00 +2.0936e+00 +2.5469e+00
52 +5.960407269e+00 +5.960407269e+00 +2.477040727e+01 +2.477040727e+01 +1.7280e-01 +3.5974e+00 -5.9614e-01 +1.1068e+00 -1.7619e+00
132 +3.980255600e+00 +3.980255600e+00 +2.279025560e+01 +2.279025560e+01 -2.3932e-01 +2.1359e+00 +4.7873e-01 +1.6439e+00 -2.2249e-01
290 +1.804305415e+00 +1.804305415e+00 +2.061430541e+01 +2.061430541e+01 +3.2995e-01 +7.7455e-01 -6.1571e-01 +6.6308e-01 +1.7226e+00
439 +9.562175560e-01 +9.562175560e-01 +1.976621756e+01 +1.976621756e+01 +2.6503e-01 +1.2932e+00 -9.3359e-01 -1.6709e-01 +1.8201e+00
507 +5.624290715e-01 +5.624290715e-01 +1.937242907e+01 +1.937242907e+01 -4.7459e-02 +1.7675e+00 -1.0273e+00 -2.0122e-01 +1.5062e+00
579 +3.035814584e-01 +3.035814584e-01 +1.911358146e+01 +1.911358146e+01 -1.1095e-01 +1.6833e+00 -7.9581e-01 -5.8755e-02 +1.5609e+00
671 +2.189095997e-01 +2.189095997e-01 +1.902890960e+01 +1.902890960e+01 -1.2360e-01 +1.6986e+00 -8.1312e-01 -7.7303e-02 +1.5441e+00
1085 +1.172371654e-01 +1.172371654e-01 +1.892723717e+01 +1.892723717e+01 -1.6440e-01 +1.7155e+00 -7.8040e-01 -8.3522e-02 +1.6990e+00
1478 +9.364956478e-02 +9.364956478e-02 +1.890364956e+01 +1.890364956e+01 -1.7636e-01 +1.7380e+00 -8.0152e-01 -8.1316e-02 +1.5916e+00
1624 +5.772749924e-02 +5.772749924e-02 +1.886772750e+01 +1.886772750e+01 -1.7307e-01 +1.7625e+00 -8.0095e-01 -1.1124e-01 +1.7398e+00
1627 +3.664823869e-02 +3.664823869e-02 +1.884664824e+01 +1.884664824e+01 -1.7679e-01 +1.7503e+00 -8.0898e-01 -9.6835e-02 +1.7345e+00
2465 +2.277481303e-02 +2.277481303e-02 +1.883277481e+01 +1.883277481e+01 -1.7469e-01 +1.7499e+00 -8.0813e-01 -9.9944e-02 +1.7358e+00
3003 +1.575182911e-02 +1.575182911e-02 +1.882575183e+01 +1.882575183e+01 -1.7266e-01 +1.7485e+00 -8.0810e-01 -1.0188e-01 +1.7373e+00
% function evaluation | noise-free fitness - Fopt (2.731500000000e+02) | best noise-free fitness - Fopt | measured fitness | best measured fitness | x1 | x2...
1 +2.239984119e+01 +2.239984119e+01 +2.955498412e+02 +2.955498412e+02 +3.1472e+00 +4.0579e+00 -3.7301e+00 +4.1338e+00 +1.3236e+00
2 +1.368580830e+01 +1.368580830e+01 +2.868358083e+02 +2.868358083e+02 -4.0246e+00 -2.2150e+00 +4.6882e-01 +4.5751e+00 +4.6489e+00
10 +9.868160330e+00 +9.868160330e+00 +2.830181603e+02 +2.830181603e+02 -1.0236e-01 -5.4414e-01 +1.4631e+00 +2.0936e+00 +2.5469e+00
57 +4.865222910e+00 +4.865222910e+00 +2.780152229e+02 +2.780152229e+02 -2.4834e+00 +2.3083e+00 -1.4736e-01 +1.4972e+00 +3.1719e+00
172 +3.380204541e+00 +3.380204541e+00 +2.765302045e+02 +2.765302045e+02 -3.3806e+00 +1.6041e+00 -8.1053e-01 +2.4194e+00 +1.2381e+00
323 +2.268586774e+00 +2.268586774e+00 +2.754185868e+02 +2.754185868e+02 -3.8418e+00 +3.5334e+00 -1.6304e+00 +2.0232e+00 +2.3389e+00
332 +1.486579156e+00 +1.486579156e+00 +2.746365792e+02 +2.746365792e+02 -3.1759e+00 +3.1403e+00 -4.1231e-01 +2.7882e+00 +1.5814e+00
413 +7.346302841e-01 +7.346302841e-01 +2.738846303e+02 +2.738846303e+02 -3.4076e+00 +3.4584e+00 -7.2639e-01 +2.6169e+00 +1.7737e+00
557 +3.059134708e-01 +3.059134708e-01 +2.734559135e+02 +2.734559135e+02 -3.4778e+00 +3.7214e+00 -4.5833e-01 +2.6224e+00 +2.2017e+00
776 +2.422299027e-01 +2.422299027e-01 +2.733922299e+02 +2.733922299e+02 -3.3870e+00 +3.7032e+00 -5.1181e-01 +2.5259e+00 +2.0254e+00
831 +1.426748840e-01 +1.426748840e-01 +2.732926749e+02 +2.732926749e+02 -3.4207e+00 +3.6930e+00 -5.1158e-01 +2.5099e+00 +2.0216e+00
1146 +6.983278314e-02 +6.983278314e-02 +2.732198328e+02 +2.732198328e+02 -3.5289e+00 +3.7604e+00 -4.6164e-01 +2.5773e+00 +1.9729e+00
1290 +4.398053244e-02 +4.398053244e-02 +2.731939805e+02 +2.731939805e+02 -3.5640e+00 +3.7517e+00 -4.6688e-01 +2.5725e+00 +1.9981e+00
1340 +3.681933803e-02 +3.681933803e-02 +2.731868193e+02 +2.731868193e+02 -3.5957e+00 +3.7377e+00 -4.6697e-01 +2.5733e+00 +2.0208e+00
1650 +1.506371908e-02 +1.506371908e-02 +2.731650637e+02 +2.731650637e+02 -3.5673e+00 +3.7500e+00 -4.7005e-01 +2.5692e+00 +2.0017e+00
2730 +9.436846639e-03 +9.436846639e-03 +2.731594368e+02 +2.731594368e+02 -3.5745e+00 +3.7501e+00 -4.6877e-01 +2.5735e+00 +2.0080e+00
2913 +5.771314560e-03 +5.771314560e-03 +2.731557713e+02 +2.731557713e+02 -3.5782e+00 +3.7516e+00 -4.6754e-01 +2.5739e+00 +2.0089e+00
% function evaluation | noise-free fitness - Fopt (3.718000000000e+01) | best noise-free fitness - Fopt | measured fitness | best measured fitness | x1 | x2...
1 +8.262940641e+01 +8.262940641e+01 +1.198094064e+02 +1.198094064e+02 +3.1472e+00 +4.0579e+00 -3.7301e+00 +4.1338e+00 +1.3236e+00
3 +5.124534346e+01 +5.124534346e+01 +8.842534346e+01 +8.842534346e+01 -3.4239e+00 +4.7059e+00 +4.5717e+00 -1.4624e-01 +3.0028e+00
4 +2.469059943e+01 +2.469059943e+01 +6.187059943e+01 +6.187059943e+01 -3.5811e+00 -7.8239e-01 +4.1574e+00 +2.9221e+00 +4.5949e+00
6 +1.565104372e+01 +1.565104372e+01 +5.283104372e+01 +5.283104372e+01 +2.5774e+00 +2.4313e+00 -1.0777e+00 +1.5548e+00 -3.2881e+00
28 +5.452825978e+00 +5.452825978e+00 +4.263282598e+01 +4.263282598e+01 -3.6393e+00 +3.6929e+00 +7.9705e-01 +4.9860e-01 -3.5505e+00
169 +3.661904895e+00 +3.661904895e+00 +4.084190490e+01 +4.084190490e+01 -2.9322e+00 +1.1249e+00 +1.7854e+00 +1.2077e+00 -2.0077e+00
237 +2.335167531e+00 +2.335167531e+00 +3.951516753e+01 +3.951516753e+01 -4.5299e+00 +1.5936e+00 +2.0751e+00 +1.8896e+00 -3.1322e+00
268 +9.572948554e-01 +9.572948554e-01 +3.813729486e+01 +3.813729486e+01 -3.9894e+00 +1.9084e+00 +1.9466e+00 +1.5637e+00 -2.8631e+00
480 +5.354373566e-01 +5.354373566e-01 +3.771543736e+01 +3.771543736e+01 -3.9031e+00 +1.9613e+00 +1.8863e+00 +1.5689e+00 -3.0240e+00
647 +1.946998244e-01 +1.946998244e-01 +3.737469982e+01 +3.737469982e+01 -3.8093e+00 +2.0652e+00 +2.0566e+00 +1.7137e+00 -3.5805e+00
821 +1.535549288e-01 +1.535549288e-01 +3.733355493e+01 +3.733355493e+01 -3.8885e+00 +2.1270e+00 +2.0630e+00 +1.6778e+00 -3.4964e+00
986 +8.419817238e-02 +8.419817238e-02 +3.726419817e+01 +3.726419817e+01 -3.9343e+00 +2.0905e+00 +2.0471e+00 +1.6305e+00 -3.5508e+00
1269 +6.122062550e-02 +6.122062550e-02 +3.724122063e+01 +3.724122063e+01 -3.9371e+00 +2.0911e+00 +2.0511e+00 +1.6313e+00 -3.5487e+00
1650 +3.803653928e-02 +3.803653928e-02 +3.721803654e+01 +3.721803654e+01 -3.9015e+00 +2.0610e+00 +2.0301e+00 +1.6207e+00 -3.5375e+00
1768 +2.023066787e-02 +2.023066787e-02 +3.720023067e+01 +3.720023067e+01 -3.8979e+00 +2.0595e+00 +2.0341e+00 +1.6170e+00 -3.5350e+00
1906 +1.307239419e-02 +1.307239419e-02 +3.719307239e+01 +3.719307239e+01 -3.9008e+00 +2.0613e+00 +2.0342e+00 +1.6172e+00 -3.5360e+00
2181 +8.318548879e-03 +8.318548879e-03 +3.718831855e+01 +3.718831855e+01 -3.8939e+00 +2.0579e+00 +2.0372e+00 +1.6135e+00 -3.5305e+00
2573 +6.036623528e-03 +6.036623528e-03 +3.718603662e+01 +3.718603662e+01 -3.8963e+00 +2.0600e+00 +2.0385e+00 +1.6137e+00 -3.5323e+00
2730 +3.232078181e-03 +3.232078181e-03 +3.718323208e+01 +3.718323208e+01 -3.8961e+00 +2.0628e+00 +2.0389e+00 +1.6132e+00 -3.5330e+00
2933 +2.499602530e-03 +2.499602530e-03 +3.718249960e+01 +3.718249960e+01 -3.8959e+00 +2.0626e+00 +2.0393e+00 +1.6128e+00 -3.5330e+00
3953 +1.578514027e-03 +1.578514027e-03 +3.718157851e+01 +3.718157851e+01 -3.8963e+00 +2.0626e+00 +2.0387e+00 +1.6130e+00 -3.5330e+00
% function evaluation | noise-free fitness - Fopt (-1.479000000000e+02) | best noise-free fitness - Fopt | measured fitness | best measured fitness | x1 | x2...
1 +4.172175467e+01 +4.172175467e+01 -1.061782453e+02 -1.061782453e+02 +3.1472e+00 +4.0579e+00 -3.7301e+00 +4.1338e+00 +1.3236e+00
3 +2.526585058e+01 +2.526585058e+01 -1.226341494e+02 -1.226341494e+02 -3.4239e+00 +4.7059e+00 +4.5717e+00 -1.4624e-01 +3.0028e+00
6 +1.294417679e+01 +1.294417679e+01 -1.349558232e+02 -1.349558232e+02 +2.5774e+00 +2.4313e+00 -1.0777e+00 +1.5548e+00 -3.2881e+00
7 +9.703009277e+00 +9.703009277e+00 -1.381969907e+02 -1.381969907e+02 +2.0605e+00 -4.6817e+00 -2.2308e+00 -4.5383e+00 -4.0287e+00
58 +4.340091279e+00 +4.340091279e+00 -1.435599087e+02 -1.435599087e+02 -2.0427e+00 +2.0031e+00 +2.1907e+00 -2.1955e+00 -3.2178e-01
115 +1.975311866e+00 +1.975311866e+00 -1.459246881e+02 -1.459246881e+02 -1.2043e+00 +5.3159e-01 +1.3046e+00 -2.8460e+00 -2.5698e+00
229 +1.246435958e+00 +1.246435958e+00 -1.466535640e+02 -1.466535640e+02 -1.4697e+00 -1.3097e-02 +1.2479e+00 -2.3885e+00 -3.0481e+00
300 +2.794212948e-01 +2.794212948e-01 -1.476205787e+02 -1.476205787e+02 -1.5037e+00 +2.4221e-02 +1.2360e+00 -2.1584e+00 -3.3626e+00
671 +2.308611799e-01 +2.308611799e-01 -1.476691388e+02 -1.476691388e+02 -1.4936e+00 +3.3152e-02 +1.2330e+00 -2.1507e+00 -3.3530e+00
1475 +1.492069833e-01 +1.492069833e-01 -1.477507930e+02 -1.477507930e+02 -1.4900e+00 +8.0516e-02 +1.2655e+00 -2.1954e+00 -3.3030e+00
% function evaluation | noise-free fitness - Fopt (-2.218900000000e+02) | best noise-free fitness - Fopt | measured fitness | best measured fitness | x1 | x2...
1 +2.636460612e+02 +2.636460612e+02 +4.175606117e+01 +4.175606117e+01 +3.1472e+00 +4.0579e+00 -3.7301e+00 +4.1338e+00 +1.3236e+00
2 +3.894094805e+01 +3.894094805e+01 -1.829490519e+02 -1.829490519e+02 -4.0246e+00 -2.2150e+00 +4.6882e-01 +4.5751e+00 +4.6489e+00
3 +2.196492726e+01 +2.196492726e+01 -1.999250727e+02 -1.999250727e+02 -3.4239e+00 +4.7059e+00 +4.5717e+00 -1.4624e-01 +3.0028e+00
7 +1.262822393e+01 +1.262822393e+01 -2.092617761e+02 -2.092617761e+02 +2.0605e+00 -4.6817e+00 -2.2308e+00 -4.5383e+00 -4.0287e+00
28 +8.898460168e+00 +8.898460168e+00 -2.129915398e+02 -2.129915398e+02 -3.6393e+00 +3.6929e+00 +7.9705e-01 +4.9860e-01 -3.5505e+00
78 +5.749828992e+00 +5.749828992e+00 -2.161401710e+02 -2.161401710e+02 -2.1649e+00 -1.1648e+00 +2.2562e+00 +1.8023e+00 -4.6365e+00
136 +3.379993445e+00 +3.379993445e+00 -2.185100066e+02 -2.185100066e+02 -2.4743e+00 -2.5004e-01 +5.1084e-01 +2.1604e+00 -3.2671e+00
220 +2.367243665e+00 +2.367243665e+00 -2.195227563e+02 -2.195227563e+02 -3.1423e+00 +1.8626e-01 +1.4847e+00 -5.9413e-01 -2.0188e+00
320 +1.432864455e+00 +1.432864455e+00 -2.204571355e+02 -2.204571355e+02 -3.5708e+00 +7.6307e-01 +1.0004e-01 -4.0439e-02 -2.4122e+00
382 +5.248051288e-01 +5.248051288e-01 -2.213651949e+02 -2.213651949e+02 -3.7392e+00 +2.6666e-01 -5.4624e-01 +5.6749e-01 -1.9441e+00
521 +3.968258145e-01 +3.968258145e-01 -2.214931742e+02 -2.214931742e+02 -3.7880e+00 +1.2200e-01 +8.8643e-02 +6.0192e-01 -1.9037e+00
1027 +2.339184828e-01 +2.339184828e-01 -2.216560815e+02 -2.216560815e+02 -3.9341e+00 +1.4708e-01 +1.1014e-01 +8.4958e-01 -2.0306e+00
1355 +1.139910274e-01 +1.139910274e-01 -2.217760090e+02 -2.217760090e+02 -3.8272e+00 +2.0395e-01 +6.6886e-02 +7.0929e-01 -1.9781e+00
1623 +9.661966546e-02 +9.661966546e-02 -2.217933803e+02 -2.217933803e+02 -3.8467e+00 +2.1692e-01 +4.8707e-02 +7.0581e-01 -1.9708e+00
1870 +5.143700437e-02 +5.143700437e-02 -2.218385630e+02 -2.218385630e+02 -3.8231e+00 +2.2100e-01 +2.8722e-02 +7.3717e-01 -1.9647e+00
2285 +3.477274510e-02 +3.477274510e-02 -2.218552273e+02 -2.218552273e+02 -3.8177e+00 +2.1797e-01 +4.0374e-02 +7.3876e-01 -1.9686e+00
2816 +2.454467374e-02 +2.454467374e-02 -2.218654553e+02 -2.218654553e+02 -3.8188e+00 +2.2142e-01 +4.5202e-02 +7.4032e-01 -1.9655e+00
% function evaluation | noise-free fitness - Fopt (1.195400000000e+02) | best noise-free fitness - Fopt | measured fitness | best measured fitness | x1 | x2...
1 +1.162252000e+01 +1.162252000e+01 +1.311625200e+02 +1.311625200e+02 +3.1472e+00 +4.0579e+00 -3.7301e+00 +4.1338e+00 +1.3236e+00
29 +6.918246073e+00 +6.918246073e+00 +1.264582461e+02 +1.264582461e+02 +3.5303e+00 +1.2206e+00 -1.4905e+00 +1.3250e-01 -9.8192e-01
102 +5.625609252e+00 +5.625609252e+00 +1.251656093e+02 +1.251656093e+02 +3.0198e+00 -3.7029e-01 -4.5921e-01 -1.0785e-01 +4.8152e-01
137 +2.891609669e+00 +2.891609669e+00 +1.224316097e+02 +1.224316097e+02 +1.5166e+00 +3.0829e-01 -1.8995e+00 -5.6328e-01 +1.1719e+00
237 +1.362137663e+00 +1.362137663e+00 +1.209021377e+02 +1.209021377e+02 +1.3343e+00 +3.6364e-01 -2.5531e+00 -4.6081e-01 +1.5556e+00
1574 +9.796939964e-01 +9.796939964e-01 +1.205196940e+02 +1.205196940e+02 +1.6748e+00 +4.9258e-01 -2.8643e+00 -6.4934e-01 +1.9621e+00
2976 +6.107030671e-01 +6.107030671e-01 +1.201507031e+02 +1.201507031e+02 +1.6239e+00 +4.9206e-01 -2.9247e+00 -6.1080e-01 +2.2721e+00
% function evaluation | noise-free fitness - Fopt (6.983000000000e+01) | best noise-free fitness - Fopt | measured fitness | best measured fitness | x1 | x2...
1 +1.479754861e+02 +1.479754861e+02 +2.178054861e+02 +2.178054861e+02 +3.1472e+00 +4.0579e+00 -3.7301e+00 +4.1338e+00 +1.3236e+00
2 +3.026114358e+01 +3.026114358e+01 +1.000911436e+02 +1.000911436e+02 -4.0246e+00 -2.2150e+00 +4.6882e-01 +4.5751e+00 +4.6489e+00
4 +2.197332217e+01 +2.197332217e+01 +9.180332217e+01 +9.180332217e+01 -3.5811e+00 -7.8239e-01 +4.1574e+00 +2.9221e+00 +4.5949e+00
16 +1.480952863e+01 +1.480952863e+01 +8.463952863e+01 +8.463952863e+01 -1.5002e+00 -3.0340e+00 -2.4892e+00 +1.1604e+00 -2.6711e-01
84 +9.687736108e+00 +9.687736108e+00 +7.951773611e+01 +7.951773611e+01 -4.2530e+00 -2.0370e+00 +2.5581e+00 +1.5083e+00 +3.2445e+00
150 +6.248662843e+00 +6.248662843e+00 +7.607866284e+01 +7.607866284e+01 -4.1245e+00 -2.6418e+00 -1.0718e+00 -2.4673e+00 +9.4518e-02
236 +3.505351442e+00 +3.505351442e+00 +7.333535144e+01 +7.333535144e+01 -2.7620e+00 -2.8355e+00 -6.8278e-01 -9.6078e-01 +3.7936e-01
300 +1.921390816e+00 +1.921390816e+00 +7.175139082e+01 +7.175139082e+01 -2.7414e+00 -2.3429e+00 -1.5222e+00 -2.1733e+00 +1.1779e+00
362 +1.332418505e+00 +1.332418505e+00 +7.116241850e+01 +7.116241850e+01 -2.6004e+00 -2.0882e+00 -1.6651e+00 -3.2937e+00 +1.0861e+00
389 +8.612178506e-01 +8.612178506e-01 +7.069121785e+01 +7.069121785e+01 -2.5170e+00 -1.2296e+00 -2.8342e+00 -3.0420e+00 +1.0071e+00
542 +3.604552839e-01 +3.604552839e-01 +7.019045528e+01 +7.019045528e+01 -2.4813e+00 -1.1523e+00 -3.0519e+00 -3.0669e+00 +1.2069e+00
1431 +2.344724627e-01 +2.344724627e-01 +7.006447246e+01 +7.006447246e+01 -2.4559e+00 -1.2135e+00 -3.0779e+00 -3.0452e+00 +1.3598e+00
1676 +1.442993087e-01 +1.442993087e-01 +6.997429931e+01 +6.997429931e+01 -2.4645e+00 -1.1475e+00 -3.0196e+00 -3.0501e+00 +1.2627e+00
% function evaluation | noise-free fitness - Fopt (7.000000000000e-02) | best noise-free fitness - Fopt | measured fitness | best measured fitness | x1 | x2...
1 +2.442630812e+02 +2.442630812e+02 +2.443330812e+02 +2.443330812e+02 +3.1472e+00 +4.0579e+00 -3.7301e+00 +4.1338e+00 +1.3236e+00
3 +8.951795074e+01 +8.951795074e+01 +8.958795074e+01 +8.958795074e+01 -3.4239e+00 +4.7059e+00 +4.5717e+00 -1.4624e-01 +3.0028e+00
5 +5.770481147e+01 +5.770481147e+01 +5.777481147e+01 +5.777481147e+01 +1.5574e+00 -4.6429e+00 +3.4913e+00 +4.3399e+00 +1.7874e+00
7 +3.342801084e+01 +3.342801084e+01 +3.349801084e+01 +3.349801084e+01 +2.0605e+00 -4.6817e+00 -2.2308e+00 -4.5383e+00 -4.0287e+00
13 +1.519870976e+01 +1.519870976e+01 +1.526870976e+01 +1.526870976e+01 +2.5127e+00 -2.4490e+00 +5.9571e-02 +1.9908e+00 +3.9090e+00
15 +5.462653572e+00 +5.462653572e+00 +5.532653572e+00 +5.532653572e+00 +3.4072e+00 -2.4572e+00 +3.1428e+00 -2.5648e+00 +4.2926e+00
144 +2.491102028e+00 +2.491102028e+00 +2.561102028e+00 +2.561102028e+00 +3.6257e+00 -1.7667e+00 +3.0000e+00 -2.9515e+00 +8.1518e-01
267 +1.155929450e+00 +1.155929450e+00 +1.225929450e+00 +1.225929450e+00 +5.0000e+00 -1.8935e+00 +2.8185e+00 -4.3356e+00 +2.1784e+00
436 +6.795577355e-01 +6.795577355e-01 +7.495577355e-01 +7.495577355e-01 +3.4884e+00 -2.1147e+00 +1.6596e+00 -5.0000e+00 +1.1725e+00
471 +6.231735348e-01 +6.231735348e-01 +6.931735348e-01 +6.931735348e-01 +3.3622e+00 -2.0045e+00 +1.6098e+00 -5.0000e+00 +1.0464e+00
780 +3.493428177e-01 +3.493428177e-01 +4.193428177e-01 +4.193428177e-01 +3.6791e+00 -1.9894e+00 +1.7056e+00 -5.0000e+00 +1.0421e+00
1419 +2.366710587e-01 +2.366710587e-01 +3.066710587e-01 +3.066710587e-01 +3.6418e+00 -1.9934e+00 +1.7150e+00 -5.0000e+00 +1.0826e+00
2386 +1.550212688e-01 +1.550212688e-01 +2.250212688e-01 +2.250212688e-01 +3.6559e+00 -1.9982e+00 +1.7195e+00 -5.0000e+00 +1.0781e+00
% function evaluation | noise-free fitness - Fopt (4.960000000000e+00) | best noise-free fitness - Fopt | measured fitness | best measured fitness | x1 | x2...
1 +6.188971422e+01 +6.188971422e+01 +6.684971422e+01 +6.684971422e+01 +3.1472e+00 +4.0579e+00 -3.7301e+00 +4.1338e+00 +1.3236e+00
3 +2.424381620e+01 +2.424381620e+01 +2.920381620e+01 +2.920381620e+01 -3.4239e+00 +4.7059e+00 +4.5717e+00 -1.4624e-01 +3.0028e+00
6 +1.560605877e+01 +1.560605877e+01 +2.056605877e+01 +2.056605877e+01 +2.5774e+00 +2.4313e+00 -1.0777e+00 +1.5548e+00 -3.2881e+00
11 +7.488551216e+00 +7.488551216e+00 +1.244855122e+01 +1.244855122e+01 -2.2397e+00 +1.7970e+00 +1.5510e+00 -3.3739e+00 -3.8100e+00
148 +5.127260799e+00 +5.127260799e+00 +1.008726080e+01 +1.008726080e+01 -7.4744e-01 +8.0105e-01 -2.0948e+00 -2.3933e+00 -3.1113e+00
206 +2.128998552e+00 +2.128998552e+00 +7.088998552e+00 +7.088998552e+00 +2.1286e+00 +2.6866e+00 -6.3860e-01 -3.2492e+00 -4.4728e+00
279 +1.328133936e+00 +1.328133936e+00 +6.288133936e+00 +6.288133936e+00 +2.4530e+00 +1.4734e+00 -1.6072e+00 -3.5335e+00 -3.8037e+00
290 +8.170243949e-01 +8.170243949e-01 +5.777024395e+00 +5.777024395e+00 +3.2874e+00 +1.5310e+00 -1.1962e+00 -4.4282e+00 -3.9515e+00
432 +5.122849515e-01 +5.122849515e-01 +5.472284952e+00 +5.472284952e+00 +3.3922e+00 +1.6747e+00 -1.3307e+00 -4.1395e+00 -3.6485e+00
512 +3.543008546e-01 +3.543008546e-01 +5.314300855e+00 +5.314300855e+00 +3.4282e+00 +1.7706e+00 -1.3961e+00 -4.0920e+00 -3.6019e+00
521 +1.642572835e-01 +1.642572835e-01 +5.124257284e+00 +5.124257284e+00 +3.3427e+00 +1.7274e+00 -1.3399e+00 -4.0133e+00 -3.5616e+00
1473 +1.582314314e-01 +1.582314314e-01 +5.118231431e+00 +5.118231431e+00 +3.3172e+00 +1.7251e+00 -1.2796e+00 -4.0257e+00 -3.5776e+00
1505 +8.620662692e-02 +8.620662692e-02 +5.046206627e+00 +5.046206627e+00 +3.3077e+00 +1.7356e+00 -1.2936e+00 -3.9684e+00 -3.5052e+00
2217 +4.266634557e-02 +4.266634557e-02 +5.002666346e+00 +5.002666346e+00 +3.2976e+00 +1.7948e+00 -1.2619e+00 -3.9568e+00 -3.4686e+00
2402 +3.670223993e-02 +3.670223993e-02 +4.996702240e+00 +4.996702240e+00 +3.2932e+00 +1.7978e+00 -1.2558e+00 -3.9489e+00 -3.4582e+00
2965 +2.504065166e-02 +2.504065166e-02 +4.985040652e+00 +4.985040652e+00 +3.3019e+00 +1.7940e+00 -1.2578e+00 -3.9487e+00 -3.4679e+00
3867 +1.584057684e-02 +1.584057684e-02 +4.975840577e+00 +4.975840577e+00 +3.3010e+00 +1.7926e+00 -1.2567e+00 -3.9477e+00 -3.4675e+00
% function evaluation | noise-free fitness - Fopt (1.923000000000e+02) | best noise-free fitness - Fopt | measured fitness | best measured fitness | x1 | x2...
1 +1.835860832e+02 +1.835860832e+02 +3.758860832e+02 +3.758860832e+02 +3.1472e+00 +4.0579e+00 -3.7301e+00 +4.1338e+00 +1.3236e+00
2 +4.203474795e+01 +4.203474795e+01 +2.343347480e+02 +2.343347480e+02 -4.0246e+00 -2.2150e+00 +4.6882e-01 +4.5751e+00 +4.6489e+00
3 +3.174869590e+01 +3.174869590e+01 +2.240486959e+02 +2.240486959e+02 -3.4239e+00 +4.7059e+00 +4.5717e+00 -1.4624e-01 +3.0028e+00
4 +1.872070033e+01 +1.872070033e+01 +2.110207003e+02 +2.110207003e+02 -3.5811e+00 -7.8239e-01 +4.1574e+00 +2.9221e+00 +4.5949e+00
17 +1.199116873e+01 +1.199116873e+01 +2.042911687e+02 +2.042911687e+02 -1.4834e+00 +3.3083e+00 +8.5264e-01 +4.9724e-01 +4.1719e+00
21 +6.939073181e+00 +6.939073181e+00 +1.992390732e+02 +1.992390732e+02 -3.3782e+00 +2.9428e+00 -1.8878e+00 +2.8533e-01 -3.3435e+00
28 +5.534557379e+00 +5.534557379e+00 +1.978345574e+02 +1.978345574e+02 -3.6393e+00 +3.6929e+00 +7.9705e-01 +4.9860e-01 -3.5505e+00
67 +1.483939657e+00 +1.483939657e+00 +1.937839397e+02 +1.937839397e+02 -1.6859e+00 +3.7220e+00 -2.1815e+00 -1.3620e+00 -4.1474e+00
374 +6.759461941e-01 +6.759461941e-01 +1.929759462e+02 +1.929759462e+02 -2.8765e+00 +4.1517e+00 -2.6605e+00 -1.6683e+00 -3.7835e+00
414 +5.021338011e-01 +5.021338011e-01 +1.928021338e+02 +1.928021338e+02 -3.1728e+00 +4.4165e+00 -2.6255e+00 -1.3943e+00 -4.0302e+00
977 +3.944056530e-01 +3.944056530e-01 +1.926944057e+02 +1.926944057e+02 -3.1147e+00 +4.2894e+00 -2.6413e+00 -1.3263e+00 -4.0077e+00
1234 +2.122557460e-01 +2.122557460e-01 +1.925122557e+02 +1.925122557e+02 -3.1765e+00 +4.4305e+00 -2.6934e+00 -1.3129e+00 -4.0224e+00
2101 +1.414343785e-01 +1.414343785e-01 +1.924414344e+02 +1.924414344e+02 -3.2012e+00 +4.4300e+00 -2.6717e+00 -1.3071e+00 -4.0132e+00
3093 +9.871142396e-02 +9.871142396e-02 +1.923987114e+02 +1.923987114e+02 -3.1964e+00 +4.4297e+00 -2.6680e+00 -1.3080e+00 -4.0145e+00
% function evaluation | noise-free fitness - Fopt (4.971000000000e+01) | best noise-free fitness - Fopt | measured fitness | best measured fitness | x1 | x2...
1 +5.359302505e+01 +5.359302505e+01 +1.033030251e+02 +1.033030251e+02 +3.1472e+00 +4.0579e+00 -3.7301e+00 +4.1338e+00 +1.3236e+00
2 +1.806369924e+01 +1.806369924e+01 +6.777369924e+01 +6.777369924e+01 -4.0246e+00 -2.2150e+00 +4.6882e-01 +4.5751e+00 +4.6489e+00
5 +1.268013683e+01 +1.268013683e+01 +6.239013683e+01 +6.239013683e+01 +1.5574e+00 -4.6429e+00 +3.4913e+00 +4.3399e+00 +1.7874e+00
22 +9.405585886e+00 +9.405585886e+00 +5.911558589e+01 +5.911558589e+01 +1.0198e+00 -2.3703e+00 +1.5408e+00 +1.8921e+00 +2.4815e+00
56 +5.733237905e+00 +5.733237905e+00 +5.544323791e+01 +5.544323791e+01 -5.0016e-01 -2.0340e+00 -1.4892e+00 +2.1604e+00 +7.3289e-01
205 +2.681803593e+00 +2.681803593e+00 +5.239180359e+01 +5.239180359e+01 +2.7799e+00 -2.7776e+00 -6.9510e-01 +2.8368e+00 -1.2097e+00
240 +2.233658497e+00 +2.233658497e+00 +5.194365850e+01 +5.194365850e+01 +3.0635e+00 -2.8192e+00 -5.1672e-01 +2.1923e+00 -8.9760e-01
347 +9.994297810e-01 +9.994297810e-01 +5.070942978e+01 +5.070942978e+01 +3.3129e+00 -3.8935e+00 -1.1428e+00 +2.4129e+00 -1.6318e+00
393 +5.298540056e-01 +5.298540056e-01 +5.023985401e+01 +5.023985401e+01 +3.6794e+00 -3.6286e+00 -1.3453e+00 +2.3630e+00 -1.8138e+00
465 +1.568854790e-01 +1.568854790e-01 +4.986688548e+01 +4.986688548e+01 +3.7724e+00 -3.7804e+00 -1.3680e+00 +2.3211e+00 -1.4951e+00
680 +8.466698048e-02 +8.466698048e-02 +4.979466698e+01 +4.979466698e+01 +3.7671e+00 -3.7614e+00 -1.3545e+00 +2.3211e+00 -1.5220e+00
1780 +6.165856252e-02 +6.165856252e-02 +4.977165856e+01 +4.977165856e+01 +3.7825e+00 -3.7254e+00 -1.3452e+00 +2.3228e+00 -1.5125e+00
1967 +3.903188908e-02 +3.903188908e-02 +4.974903189e+01 +4.974903189e+01 +3.7807e+00 -3.7344e+00 -1.3302e+00 +2.3431e+00 -1.5204e+00
2177 +2.464551248e-02 +2.464551248e-02 +4.973464551e+01 +4.973464551e+01 +3.7802e+00 -3.7348e+00 -1.3225e+00 +2.3470e+00 -1.5270e+00
2509 +1.550319856e-02 +1.550319856e-02 +4.972550320e+01 +4.972550320e+01 +3.7806e+00 -3.7364e+00 -1.3194e+00 +2.3462e+00 -1.5194e+00
2810 +9.579788256e-03 +9.579788256e-03 +4.971957979e+01 +4.971957979e+01 +3.7785e+00 -3.7329e+00 -1.3193e+00 +2.3451e+00 -1.5235e+00
% function evaluation | noise-free fitness - Fopt (2.051200000000e+02) | best noise-free fitness - Fopt | measured fitness | best measured fitness | x1 | x2...
1 +2.853940373e+01 +2.853940373e+01 +2.336594037e+02 +2.336594037e+02 +3.1472e+00 +4.0579e+00 -3.7301e+00 +4.1338e+00 +1.3236e+00
6 +1.129846670e+01 +1.129846670e+01 +2.164184667e+02 +2.164184667e+02 +2.5774e+00 +2.4313e+00 -1.0777e+00 +1.5548e+00 -3.2881e+00
12 +7.638963909e+00 +7.638963909e+00 +2.127589639e+02 +2.127589639e+02 -1.6359e-02 +4.5974e+00 -1.5961e+00 +8.5268e-01 -2.7619e+00
27 +4.458301216e+00 +4.458301216e+00 +2.095783012e+02 +2.095783012e+02 -6.8586e-01 +4.1065e+00 -3.1815e+00 -2.3620e+00 -3.5446e+00
92 +3.764684527e+00 +3.764684527e+00 +2.088846845e+02 +2.088846845e+02 -3.4432e-01 +4.5952e+00 -3.4137e+00 -1.1473e+00 -2.2185e+00
147 +2.368667951e+00 +2.368667951e+00 +2.074886680e+02 +2.074886680e+02 -1.6276e+00 +4.5216e+00 -3.2399e+00 -2.3454e+00 -3.2150e+00
288 +1.435240776e+00 +1.435240776e+00 +2.065552408e+02 +2.065552408e+02 -1.6327e+00 +4.5565e+00 -3.2715e+00 -1.3231e+00 -2.7865e+00
348 +6.301538230e-01 +6.301538230e-01 +2.057501538e+02 +2.057501538e+02 -1.4748e+00 +3.8581e+00 -3.1325e+00 -1.8606e+00 -2.1942e+00
416 +3.673388160e-01 +3.673388160e-01 +2.054873388e+02 +2.054873388e+02 -1.5508e+00 +3.9355e+00 -3.1135e+00 -2.0205e+00 -2.3814e+00
636 +2.130783859e-01 +2.130783859e-01 +2.053330784e+02 +2.053330784e+02 -1.4769e+00 +3.9276e+00 -3.1603e+00 -1.9461e+00 -2.1609e+00
951 +1.560947017e-01 +1.560947017e-01 +2.052760947e+02 +2.052760947e+02 -1.4324e+00 +3.9582e+00 -3.2257e+00 -1.9780e+00 -2.1620e+00
1423 +8.476603019e-02 +8.476603019e-02 +2.052047660e+02 +2.052047660e+02 -1.4390e+00 +3.9754e+00 -3.2318e+00 -1.9952e+00 -2.2208e+00
1950 +6.104010208e-02 +6.104010208e-02 +2.051810401e+02 +2.051810401e+02 -1.4541e+00 +3.9743e+00 -3.2256e+00 -1.9890e+00 -2.2206e+00
% function evaluation | noise-free fitness - Fopt (-1.729000000000e+02) | best noise-free fitness - Fopt | measured fitness | best measured fitness | x1 | x2...
1 +3.782934320e+01 +3.782934320e+01 -1.350706568e+02 -1.350706568e+02 +3.1472e+00 +4.0579e+00 -3.7301e+00 +4.1338e+00 +1.3236e+00
3 +1.476486802e+01 +1.476486802e+01 -1.581351320e+02 -1.581351320e+02 -3.4239e+00 +4.7059e+00 +4.5717e+00 -1.4624e-01 +3.0028e+00
24 +9.941673604e+00 +9.941673604e+00 -1.629583264e+02 -1.629583264e+02 +3.2582e+00 +3.8342e-01 +4.9613e+00 -4.2182e+00 -5.7322e-01
35 +2.681907341e+00 +2.681907341e+00 -1.702180927e+02 -1.702180927e+02 -2.6522e+00 -1.4684e+00 +3.2119e+00 -4.8460e+00 -4.5698e+00
75 +2.242869756e+00 +2.242869756e+00 -1.706571302e+02 -1.706571302e+02 -2.3916e+00 -1.6911e+00 +2.6556e+00 -4.9751e+00 -4.6021e+00
313 +1.351371142e+00 +1.351371142e+00 -1.715486289e+02 -1.715486289e+02 -2.9781e+00 -1.3228e+00 +3.2555e+00 -4.0251e+00 -3.6203e+00
350 +9.042465728e-01 +9.042465728e-01 -1.719957534e+02 -1.719957534e+02 -3.0170e+00 -1.3063e+00 +4.1511e+00 -3.3288e+00 -3.0000e+00
408 +6.288359797e-01 +6.288359797e-01 -1.722711640e+02 -1.722711640e+02 -2.9423e+00 -1.2892e+00 +3.9814e+00 -3.5789e+00 -3.2455e+00
542 +3.611441814e-01 +3.611441814e-01 -1.725388558e+02 -1.725388558e+02 -3.1037e+00 -8.3473e-01 +3.7716e+00 -3.5913e+00 -3.0948e+00
662 +1.715439332e-01 +1.715439332e-01 -1.727284561e+02 -1.727284561e+02 -3.0039e+00 -9.0525e-01 +3.8754e+00 -3.5753e+00 -3.2298e+00
742 +1.395213932e-01 +1.395213932e-01 -1.727604786e+02 -1.727604786e+02 -2.9935e+00 -9.0055e-01 +3.8575e+00 -3.5707e+00 -3.2465e+00
1518 +7.728265733e-02 +7.728265733e-02 -1.728227173e+02 -1.728227173e+02 -2.9910e+00 -9.1916e-01 +3.8382e+00 -3.6142e+00 -3.2458e+00
1568 +5.661356414e-02 +5.661356414e-02 -1.728433864e+02 -1.728433864e+02 -2.9410e+00 -9.9825e-01 +3.8649e+00 -3.5951e+00 -3.3138e+00
1783 +3.746792996e-02 +3.746792996e-02 -1.728625321e+02 -1.728625321e+02 -2.9570e+00 -9.6315e-01 +3.8527e+00 -3.6019e+00 -3.2937e+00
2102 +2.237305419e-02 +2.237305419e-02 -1.728776269e+02 -1.728776269e+02 -2.9611e+00 -9.6708e-01 +3.8680e+00 -3.5890e+00 -3.2898e+00
2830 +1.497698538e-02 +1.497698538e-02 -1.728850230e+02 -1.728850230e+02 -2.9589e+00 -9.6869e-01 +3.8698e+00 -3.5862e+00 -3.2955e+00
3483 +9.599338310e-03 +9.599338310e-03 -1.728904007e+02 -1.728904007e+02 -2.9595e+00 -9.6909e-01 +3.8675e+00 -3.5885e+00 -3.2943e+00
% function evaluation | noise-free fitness - Fopt (-3.506200000000e+02) | best noise-free fitness - Fopt | measured fitness | best measured fitness | x1 | x2...
1 +3.494746952e+01 +3.494746952e+01 -3.156725305e+02 -3.156725305e+02 +3.1472e+00 +4.0579e+00 -3.7301e+00 +4.1338e+00 +1.3236e+00
2 +2.156091499e+01 +2.156091499e+01 -3.290590850e+02 -3.290590850e+02 -4.0246e+00 -2.2150e+00 +4.6882e-01 +4.5751e+00 +4.6489e+00
9 +1.488806303e+01 +1.488806303e+01 -3.357319370e+02 -3.357319370e+02 -6.1256e-01 -1.1844e+00 +2.6552e+00 +2.9520e+00 -3.1313e+00
40 +9.237695804e+00 +9.237695804e+00 -3.413823042e+02 -3.413823042e+02 -1.9365e+00 +8.5087e-02 +1.0772e-01 +3.1763e+00 +2.9483e+00
143 +4.540188197e+00 +4.540188197e+00 -3.460798118e+02 -3.460798118e+02 -1.4946e+00 -1.1618e+00 -1.1020e+00 +1.2885e+00 -4.7622e-01
151 +3.797480823e+00 +3.797480823e+00 -3.468225192e+02 -3.468225192e+02 -2.9768e+00 -1.5035e+00 +1.0272e+00 +1.4498e+00 +9.0864e-01
255 +2.352665484e+00 +2.352665484e+00 -3.482673345e+02 -3.482673345e+02 -2.3440e+00 -2.9383e+00 +2.2833e-01 +4.7261e-01 +2.5439e-01
367 +1.396225487e+00 +1.396225487e+00 -3.492237745e+02 -3.492237745e+02 -2.6038e+00 -3.9529e+00 -4.7526e-01 -1.0822e+00 +7.7229e-01
430 +8.201442039e-01 +8.201442039e-01 -3.497998558e+02 -3.497998558e+02 -3.5526e+00 -3.9202e+00 +3.2488e-01 -1.3596e+00 +9.2656e-01
493 +4.404229388e-01 +4.404229388e-01 -3.501795771e+02 -3.501795771e+02 -3.8305e+00 -3.5325e+00 +2.9182e-02 -1.1854e+00 +1.0651e+00
568 +3.877827195e-01 +3.877827195e-01 -3.502322173e+02 -3.502322173e+02 -3.7680e+00 -3.6594e+00 -1.4809e-01 -1.3510e+00 +1.0736e+00
719 +2.423259154e-01 +2.423259154e-01 -3.503776741e+02 -3.503776741e+02 -3.7663e+00 -3.6758e+00 -1.8457e-01 -1.4118e+00 +1.0882e+00
1035 +1.397923661e-01 +1.397923661e-01 -3.504802076e+02 -3.504802076e+02 -3.8024e+00 -3.7249e+00 -2.2003e-01 -1.4928e+00 +1.2020e+00
1516 +8.755956926e-02 +8.755956926e-02 -3.505324404e+02 -3.505324404e+02 -3.8188e+00 -3.7123e+00 -2.1193e-01 -1.4836e+00 +1.2476e+00
1952 +6.292575464e-02 +6.292575464e-02 -3.505570742e+02 -3.505570742e+02 -3.8207e+00 -3.7140e+00 -2.1436e-01 -1.4777e+00 +1.2367e+00
2596 +3.893481585e-02 +3.893481585e-02 -3.505810652e+02 -3.505810652e+02 -3.8250e+00 -3.7068e+00 -2.1909e-01 -1.4748e+00 +1.2321e+00
3485 +2.474346940e-02 +2.474346940e-02 -3.505952565e+02 -3.505952565e+02 -3.8266e+00 -3.7075e+00 -2.1996e-01 -1.4749e+00 +1.2338e+00
