% function evaluation | noise-free fitness - Fopt (7.135000000000e+01) | best noise-free fitness - Fopt | measured fitness | best measured fitness | x1 | x2...
1 +8.210002562e+01 +8.210002562e+01 +1.534500256e+02 +1.534500256e+02 +3.1472e+00 +4.0579e+00 -3.7301e+00 +4.1338e+00 +1.3236e+00 -4.0246e+00 -2.2150e+00 +4.6882e-01 +4.5751e+00 +4.6489e+00 -3.4239e+00 +4.7059e+00 +4.5717e+00 -1.4624e-01 +3.0028e+00 -3.5811e+00 -7.8239e-01 +4.1574e+00 +2.9221e+00 +4.5949e+00
7 +6.196589965e+01 +6.196589965e+01 +1.333158997e+02 +1.333158997e+02 -3.9335e+00 +4.6190e+00 -4.9537e+00 +2.7491e+00 +3.1730e+00 +3.6869e+00 -4.1556e+00 -1.0022e+00 -2.4013e+00 +3.0007e+00 -6.8586e-01 +4.1065e+00 -3.1815e+00 -2.3620e+00 -3.5446e+00 -3.6393e+00 +3.6929e+00 +7.9705e-01 +4.9860e-01 -3.5505e+00
53 +3.959655247e+01 +3.959655247e+01 +1.109465525e+02 +1.109465525e+02 -3.1448e+00 -1.3752e+00 +4.0101e+00 -3.7078e+00 +3.2885e+00 +1.3033e+00 +8.8609e-01 +1.7853e+00 -1.6272e+00 -1.4115e+00 +3.6309e+00 +1.4681e+00 -7.8864e-01 -1.6841e+00 -5.1373e-01 +2.2406e+00 +2.7914e+00 -2.0448e+00 -3.2563e-01 +5.0000e+00
473 +2.166987073e+01 +2.166987073e+01 +9.301987073e+01 +9.301987073e+01 -1.8061e+00 +1.5651e+00 +2.7273e+00 -3.2109e+00 -1.0819e+00 +1.6472e+00 +1.0972e+00 +2.5389e+00 +3.4431e-01 -8.0973e-01 +2.2727e+00 -2.1812e+00 -2.0239e+00 -9.1835e-01 +6.1566e-01 +1.0816e+00 +8.7381e-01 -8.8218e-01 -1.4519e+00 -3.6850e-01
1850 +1.564438546e+01 +1.564438546e+01 +8.699438546e+01 +8.699438546e+01 -1.7174e+00 +1.4990e+00 +2.8300e+00 -3.1529e+00 -1.0454e+00 +1.6591e+00 +1.1197e+00 +2.5524e+00 +2.6539e-01 -7.9736e-01 +2.2128e+00 -2.2006e+00 -1.9391e+00 -9.3272e-01 +5.9252e-01 +1.0717e+00 +9.5068e-01 -8.4590e-01 -1.3641e+00 -3.0636e-01
% function evaluation | noise-free fitness - Fopt (-3.552200000000e+02) | best noise-free fitness - Fopt | measured fitness | best measured fitness | x1 | x2...
1 +9.105476916e+01 +9.105476916e+01 -2.641652308e+02 -2.641652308e+02 +3.1472e+00 +4.0579e+00 -3.7301e+00 +4.1338e+00 +1.3236e+00 -4.0246e+00 -2.2150e+00 +4.6882e-01 +4.5751e+00 +4.6489e+00 -3.4239e+00 +4.7059e+00 +4.5717e+00 -1.4624e-01 +3.0028e+00 -3.5811e+00 -7.8239e-01 +4.1574e+00 +2.9221e+00 +4.5949e+00
19 +5.243162893e+01 +5.243162893e+01 -3.027883711e+02 -3.027883711e+02 -4.6740e+00 +6.1200e-01 +3.8187e+00 +1.6918e+00 -3.0957e+00 -1.3108e+00 -3.9274e-01 +4.8164e+00 -3.4360e+00 +3.5552e+00 +1.4476e+00 -1.2373e+00 -3.0908e+00 -7.1747e-01 -1.7978e-01 -3.7939e+00 +8.9507e-01 -2.7381e+00 -1.1538e+00 +8.2986e-01
83 +3.078244142e+01 +3.078244142e+01 -3.244375586e+02 -3.244375586e+02 +1.2149e+00 -3.1844e+00 +6.5517e-01 +2.8847e+00 -1.1313e+00 +4.7220e-01 -2.5441e+00 +3.4631e+00 +9.3648e-02 +5.4687e-01 -2.3975e-01 -2.0297e-01 -4.4902e-01 -1.3739e+00 -1.8100e+00 +4.1213e-01 +2.5974e+00 +4.0386e-01 +2.8527e+00 -2.7256e+00
452 +2.482516049e+01 +2.482516049e+01 -3.303948395e+02 -3.303948395e+02 +1.0806e+00 -2.9257e+00 +4.3170e-01 +2.6635e+00 -9.1077e-01 +5.6373e-01 -2.5527e+00 +3.2125e+00 +7.3177e-02 +4.2461e-01 -1.0671e-01 -4.2329e-01 -5.1067e-01 -1.1542e+00 -1.6378e+00 +3.3005e-01 +2.3790e+00 +5.2879e-01 +2.8044e+00 -2.6676e+00
1742 +1.510434015e+01 +1.510434015e+01 -3.401156598e+02 -3.401156598e+02 +1.1197e+00 -3.1249e+00 +5.1244e-01 +2.6645e+00 -7.8318e-01 +6.1882e-01 -2.5994e+00 +3.0230e+00 +8.2383e-02 +5.4284e-01 -1.1519e-01 -4.4300e-01 -5.1219e-01 -1.0921e+00 -1.5141e+00 +1.8308e-01 +2.3292e+00 +6.0928e-01 +2.8466e+00 -2.5220e+00
% function evaluation | noise-free fitness - Fopt (9.917000000000e+01) | best noise-free fitness - Fopt | measured fitness | best measured fitness | x1 | x2...
1 +7.123818999e+01 +7.123818999e+01 +1.704081900e+02 +1.704081900e+02 +3.1472e+00 +4.0579e+00 -3.7301e+00 +4.1338e+00 +1.3236e+00 -4.0246e+00 -2.2150e+00 +4.6882e-01 +4.5751e+00 +4.6489e+00 -3.4239e+00 +4.7059e+00 +4.5717e+00 -1.4624e-01 +3.0028e+00 -3.5811e+00 -7.8239e-01 +4.1574e+00 +2.9221e+00 +4.5949e+00
14 +5.253180296e+01 +5.253180296e+01 +1.517018030e+02 +1.517018030e+02 -4.6226e+00 +3.8517e+00 +4.1329e+00 +2.9618e+00 -4.0129e+00 -2.3813e+00 -1.6464e+00 +1.7973e+00 -3.6345e+00 +2.2123e+00 -3.9324e+00 +1.5376e+00 -5.8261e-02 +2.7905e+00 +2.1504e+00 +4.0372e+00 +3.9092e+00 -1.6584e+00 +1.9875e+00 -3.0219e+00
57 +3.695694355e+01 +3.695694355e+01 +1.361269435e+02 +1.361269435e+02 -2.6262e+00 -1.3283e+00 +2.3138e+00 +2.7832e+00 -3.3953e+00 -7.4223e-03 +1.2688e+00 +1.6799e-01 +5.6860e-01 +2.7973e-01 -1.0802e+00 -1.6835e+00 -3.8451e+00 +3.8406e+00 -2.3283e+00 -2.9378e+00 -9.2133e-01 -2.0188e+00 +8.9688e-01 -1.3557e+00
1120 +2.420401949e+01 +2.420401949e+01 +1.233740195e+02 +1.233740195e+02 +2.7771e-01 -5.0540e-01 -1.1958e-01 -2.2998e+00 +2.5693e-01 -1.0986e-01 +1.3438e+00 +1.7664e+00 -1.6214e+00 -2.2206e+00 +2.7966e-01 -1.8180e+00 +2.1647e+00 +3.8472e+00 +1.0532e+00 -2.1510e+00 -2.6865e+00 -1.9866e+00 +1.6994e+00 +2.0512e+00
2426 +1.580185102e+01 +1.580185102e+01 +1.149718510e+02 +1.149718510e+02 +3.3999e-01 -5.3707e-01 -1.1286e-01 -2.2271e+00 +3.6175e-01 -8.1845e-02 +1.3646e+00 +1.8412e+00 -1.6483e+00 -2.0470e+00 +3.1916e-01 -1.7768e+00 +2.0584e+00 +3.7967e+00 +1.1207e+00 -2.0892e+00 -2.5899e+00 -1.6550e+00 +1.7991e+00 +2.1047e+00
% function evaluation | noise-free fitness - Fopt (-5.179100000000e+02) | best noise-free fitness - Fopt | measured fitness | best measured fitness | x1 | x2...
1 +1.088915083e+02 +1.088915083e+02 -4.090184917e+02 -4.090184917e+02 +3.1472e+00 +4.0579e+00 -3.7301e+00 +4.1338e+00 +1.3236e+00 -4.0246e+00 -2.2150e+00 +4.6882e-01 +4.5751e+00 +4.6489e+00 -3.4239e+00 +4.7059e+00 +4.5717e+00 -1.4624e-01 +3.0028e+00 -3.5811e+00 -7.8239e-01 +4.1574e+00 +2.9221e+00 +4.5949e+00
2 +6.304179693e+01 +6.304179693e+01 -4.548682031e+02 -4.548682031e+02 +1.5574e+00 -4.6429e+00 +3.4913e+00 +4.3399e+00 +1.7874e+00 +2.5774e+00 +2.4313e+00 -1.0777e+00 +1.5548e+00 -3.2881e+00 +2.0605e+00 -4.6817e+00 -2.2308e+00 -4.5383e+00 -4.0287e+00 +3.2346e+00 +1.9483e+00 -1.8290e+00 +4.5022e+00 -4.6555e+00
271 +3.737276911e+01 +3.737276911e+01 -4.805372309e+02 -4.805372309e+02 +7.5582e-02 -1.2008e+00 +3.9336e+00 -3.3328e-02 +2.2738e+00 +1.3259e+00 +1.9399e+00 +2.9092e+00 -3.6552e+00 +3.9700e-01 +2.7217e+00 +1.3131e+00 -6.3060e-01 -6.9802e-01 +1.0005e+00 +3.6489e-01 +1.7461e+00 -3.2673e-01 +7.4661e-01 +5.0000e+00
1051 +2.208297395e+01 +2.208297395e+01 -4.958270260e+02 -4.958270260e+02 +3.6172e-01 -1.1270e+00 +4.2320e+00 +1.1051e-01 +2.2145e+00 +1.6589e+00 +2.3139e+00 +3.4110e+00 -3.8100e+00 +4.5357e-01 +2.4576e+00 +1.6560e+00 -1.0611e+00 -8.7350e-01 +1.4386e+00 -1.7152e-01 +1.3642e+00 +1.1161e-01 +7.6622e-01 +5.0000e+00
2412 +1.567020899e+01 +1.567020899e+01 -5.022397910e+02 -5.022397910e+02 +4.2589e-01 -1.3483e+00 +4.4072e+00 +2.7749e-01 +2.0063e+00 +1.6733e+00 +2.4679e+00 +3.3818e+00 -3.8242e+00 +5.2494e-01 +2.2779e+00 +1.7900e+00 -1.2472e+00 -1.1458e+00 +1.6744e+00 -2.7395e-01 +1.3909e+00 +3.1789e-01 +9.0134e-01 +5.0000e+00
% function evaluation | noise-free fitness - Fopt (-5.721000000000e+01) | best noise-free fitness - Fopt | measured fitness | best measured fitness | x1 | x2...
1 +9.982252880e+01 +9.982252880e+01 +4.261252880e+01 +4.261252880e+01 +3.1472e+00 +4.0579e+00 -3.7301e+00 +4.1338e+00 +1.3236e+00 -4.0246e+00 -2.2150e+00 +4.6882e-01 +4.5751e+00 +4.6489e+00 -3.4239e+00 +4.7059e+00 +4.5717e+00 -1.4624e-01 +3.0028e+00 -3.5811e+00 -7.8239e-01 +4.1574e+00 +2.9221e+00 +4.5949e+00
7 +6.190916798e+01 +6.190916798e+01 +4.699167982e+00 +4.699167982e+00 -3.9335e+00 +4.6190e+00 -4.9537e+00 +2.7491e+00 +3.1730e+00 +3.6869e+00 -4.1556e+00 -1.0022e+00 -2.4013e+00 +3.0007e+00 -6.8586e-01 +4.1065e+00 -3.1815e+00 -2.3620e+00 -3.5446e+00 -3.6393e+00 +3.6929e+00 +7.9705e-01 +4.9860e-01 -3.5505e+00
161 +3.936434208e+01 +3.936434208e+01 -1.784565792e+01 -1.784565792e+01 -8.5276e-01 +4.3877e+00 -1.3918e-01 +1.3376e-01 +4.3796e+00 -2.4596e-02 -9.0746e-01 -3.5312e+00 +5.7507e-01 +6.4889e-01 +5.7613e-01 +7.0593e-01 +5.7167e-01 +2.0964e+00 -9.9720e-01 -3.3423e+00 -1.2694e+00 +1.5736e-01 -1.0779e+00 +5.9492e-01
540 +2.282831254e+01 +2.282831254e+01 -3.438168746e+01 -3.438168746e+01 -2.1230e+00 +4.3754e+00 -1.4354e+00 -8.6390e-01 +3.4198e+00 +1.9009e+00 -5.4768e-01 -4.3282e+00 -4.2524e-01 -4.3895e-01 +1.2490e+00 -4.5613e-01 +1.5555e+00 +2.3507e+00 -2.2091e+00 -4.1915e+00 -2.4988e+00 -1.0842e+00 +1.6297e-01 -5.0347e-01
1096 +1.468349582e+01 +1.468349582e+01 -4.252650418e+01 -4.252650418e+01 -2.2666e+00 +4.4168e+00 -1.2692e+00 -9.1855e-01 +3.4518e+00 +1.5695e+00 -4.3027e-01 -4.1718e+00 -4.0943e-01 -4.7661e-01 +1.1307e+00 -4.7125e-01 +1.4127e+00 +2.1969e+00 -2.1438e+00 -4.1858e+00 -2.5351e+00 -1.1895e+00 -1.7399e-02 -5.7162e-01
3050 +9.998661594e+00 +9.998661594e+00 -4.721133841e+01 -4.721133841e+01 -2.4109e+00 +4.3909e+00 -1.2727e+00 -9.9173e-01 +3.2820e+00 +1.3945e+00 -2.6467e-01 -4.1926e+00 -2.5526e-01 -4.0408e-01 +1.1702e+00 -3.0943e-01 +1.4489e+00 +2.2055e+00 -2.1042e+00 -4.1458e+00 -2.5389e+00 -1.2446e+00 -9.0161e-02 -7.2438e-01
% function evaluation | noise-free fitness - Fopt (-2.778000000000e+01) | best noise-free fitness - Fopt | measured fitness | best measured fitness | x1 | x2...
1 +6.875423325e+01 +6.875423325e+01 +4.097423325e+01 +4.097423325e+01 +3.1472e+00 +4.0579e+00 -3.7301e+00 +4.1338e+00 +1.3236e+00 -4.0246e+00 -2.2150e+00 +4.6882e-01 +4.5751e+00 +4.6489e+00 -3.4239e+00 +4.7059e+00 +4.5717e+00 -1.4624e-01 +3.0028e+00 -3.5811e+00 -7.8239e-01 +4.1574e+00 +2.9221e+00 +4.5949e+00
6 +5.845457871e+01 +5.845457871e+01 +3.067457871e+01 +3.067457871e+01 -3.3782e+00 +2.9428e+00 -1.8878e+00 +2.8533e-01 -3.3435e+00 +1.0198e+00 -2.3703e+00 +1.5408e+00 +1.8921e+00 +2.4815e+00 -4.9458e-01 -4.1618e+00 -2.7102e+00 +4.1334e+00 -3.4762e+00 +3.2582e+00 +3.8342e-01 +4.9613e+00 -4.2182e+00 -5.7322e-01
49 +3.374948286e+01 +3.374948286e+01 +5.969482862e+00 +5.969482862e+00 +1.8025e+00 -1.0261e-01 -1.5831e+00 -1.9609e+00 -3.0355e+00 -2.6803e+00 +3.4205e+00 +3.5613e+00 -2.4791e-01 -3.4022e+00 -3.1645e+00 -4.6841e-01 +2.2119e+00 -3.8460e+00 -4.6834e+00 -2.3101e+00 +2.3719e+00 +1.3172e+00 +4.7746e-01 +5.0924e-01
420 +2.411880058e+01 +2.411880058e+01 -3.661199418e+00 -3.661199418e+00 +1.6722e+00 +6.6410e-01 -2.2714e+00 -8.9921e-01 +7.8954e-01 +1.4786e+00 +3.9613e-01 -5.9944e-01 -8.4483e-01 -1.7800e+00 +3.0206e-01 +2.4193e-01 +1.8954e+00 -2.2699e+00 +1.1342e+00 -7.7031e-01 +3.9089e-02 +6.3071e-01 +3.2883e-01 +9.5233e-01
2420 +1.529007439e+01 +1.529007439e+01 -1.248992561e+01 -1.248992561e+01 +1.6807e+00 +6.3459e-01 -2.3137e+00 -9.2199e-01 +6.6426e-01 +1.4654e+00 +3.5261e-01 -5.7839e-01 -9.0518e-01 -1.9631e+00 +4.0740e-01 +4.7382e-01 +1.5787e+00 -2.0393e+00 +1.0080e+00 -7.5102e-01 +7.0091e-02 +4.0634e-01 +4.5190e-01 +9.8707e-01
% function evaluation | noise-free fitness - Fopt (-4.871000000000e+01) | best noise-free fitness - Fopt | measured fitness | best measured fitness | x1 | x2...
1 +1.150404727e+02 +1.150404727e+02 +6.633047271e+01 +6.633047271e+01 +3.1472e+00 +4.0579e+00 -3.7301e+00 +4.1338e+00 +1.3236e+00 -4.0246e+00 -2.2150e+00 +4.6882e-01 +4.5751e+00 +4.6489e+00 -3.4239e+00 +4.7059e+00 +4.5717e+00 -1.4624e-01 +3.0028e+00 -3.5811e+00 -7.8239e-01 +4.1574e+00 +2.9221e+00 +4.5949e+00
2 +8.923270643e+01 +8.923270643e+01 +4.052270643e+01 +4.052270643e+01 +1.5574e+00 -4.6429e+00 +3.4913e+00 +4.3399e+00 +1.7874e+00 +2.5774e+00 +2.4313e+00 -1.0777e+00 +1.5548e+00 -3.2881e+00 +2.0605e+00 -4.6817e+00 -2.2308e+00 -4.5383e+00 -4.0287e+00 +3.2346e+00 +1.9483e+00 -1.8290e+00 +4.5022e+00 -4.6555e+00
4 +5.303390426e+01 +5.303390426e+01 +4.323904261e+00 +4.323904261e+00 +2.5127e+00 -2.4490e+00 +5.9571e-02 +1.9908e+00 +3.9090e+00 +4.5929e+00 +4.7216e-01 -3.6138e+00 -3.5071e+00 -2.4249e+00 +3.4072e+00 -2.4572e+00 +3.1428e+00 -2.5648e+00 +4.2926e+00 -1.5002e+00 -3.0340e+00 -2.4892e+00 +1.1604e+00 -2.6711e-01
226 +3.305585376e+01 +3.305585376e+01 -1.565414624e+01 -1.565414624e+01 +3.2041e+00 +7.0434e-01 +4.4861e+00 +1.5268e+00 +5.8171e-01 +1.1921e+00 +3.6367e+00 +4.4259e+00 -4.8251e+00 +3.5942e+00 +1.2260e+00 +4.4387e+00 +1.5538e-01 +1.5443e-01 +2.7720e+00 -6.2954e-02 -2.6248e-01 +1.0580e+00 +4.4603e-01 +6.3591e-01
562 +2.297701697e+01 +2.297701697e+01 -2.573298303e+01 -2.573298303e+01 +3.3191e+00 +1.1238e+00 +4.8744e+00 +1.2345e+00 +3.3834e-02 +1.4559e+00 +4.1330e+00 +3.9868e+00 -5.0000e+00 +3.8008e+00 +1.3495e+00 +4.1801e+00 +5.7629e-01 +8.5337e-01 +2.7844e+00 +6.7382e-03 -7.7490e-01 +1.3353e+00 +3.9556e-01 +1.2446e+00
1229 +1.537351371e+01 +1.537351371e+01 -3.333648629e+01 -3.333648629e+01 +3.7273e+00 +8.8227e-01 +5.0000e+00 +1.5371e+00 +3.0070e-01 +1.2475e+00 +4.2102e+00 +4.1433e+00 -4.8861e+00 +3.9639e+00 +1.4655e+00 +4.1736e+00 +9.0445e-01 +7.0490e-01 +3.0939e+00 -1.3248e-01 -6.0487e-01 +1.4021e+00 +2.9631e-01 +1.3470e+00
1739 +9.978779704e+00 +9.978779704e+00 -3.873122030e+01 -3.873122030e+01 +4.1095e+00 +9.7072e-01 +5.0000e+00 +1.4868e+00 +3.3863e-01 +1.3250e+00 +4.3177e+00 +3.9448e+00 -4.8147e+00 +3.8941e+00 +1.4509e+00 +4.0720e+00 +7.6793e-01 +7.9975e-01 +3.0113e+00 -1.8307e-01 -7.1072e-01 +1.5059e+00 +6.3036e-01 +1.1578e+00
2639 +6.272620504e+00 +6.272620504e+00 -4.243737950e+01 -4.243737950e+01 +4.1492e+00 +8.3589e-01 +5.0000e+00 +1.4817e+00 +3.7818e-01 +1.2942e+00 +4.3246e+00 +3.9261e+00 -4.8483e+00 +3.8337e+00 +1.5126e+00 +4.0226e+00 +7.7620e-01 +7.5584e-01 +3.0127e+00 -3.7024e-01 -6.6179e-01 +1.4794e+00 +6.9559e-01 +1.1992e+00
% function evaluation | noise-free fitness - Fopt (-1.667900000000e+02) | best noise-free fitness - Fopt | measured fitness | best measured fitness | x1 | x2...
1 +9.252985591e+01 +9.252985591e+01 -7.426014409e+01 -7.426014409e+01 +3.1472e+00 +4.0579e+00 -3.7301e+00 +4.1338e+00 +1.3236e+00 -4.0246e+00 -2.2150e+00 +4.6882e-01 +4.5751e+00 +4.6489e+00 -3.4239e+00 +4.7059e+00 +4.5717e+00 -1.4624e-01 +3.0028e+00 -3.5811e+00 -7.8239e-01 +4.1574e+00 +2.9221e+00 +4.5949e+00
3 +4.888840631e+01 +4.888840631e+01 -1.179015937e+02 -1.179015937e+02 -6.1256e-01 -1.1844e+00 +2.6552e+00 +2.9520e+00 -3.1313e+00 -1.0236e-01 -5.4414e-01 +1.4631e+00 +2.0936e+00 +2.5469e+00 -2.2397e+00 +1.7970e+00 +1.5510e+00 -3.3739e+00 -3.8100e+00 -1.6359e-02 +4.5974e+00 -1.5961e+00 +8.5268e-01 -2.7619e+00
18 +3.030450479e+01 +3.030450479e+01 -1.364854952e+02 -1.364854952e+02 +4.5163e+00 +4.2033e+00 -4.4732e+00 +2.3786e+00 -2.3088e+00 -7.7164e-01 +4.7871e-01 +4.4274e+00 -8.2256e-01 +4.8305e+00 -1.9855e+00 +2.0110e+00 +1.6634e+00 +3.9126e-01 +1.9811e+00 +1.6653e+00 -3.2187e+00 -3.7199e+00 +4.9908e+00 -3.2888e+00
462 +2.456952708e+01 +2.456952708e+01 -1.422204729e+02 -1.422204729e+02 +4.6413e+00 +3.8418e+00 -4.5441e+00 +2.0183e+00 -2.3809e+00 -7.7990e-01 +4.7847e-01 +4.3966e+00 -7.7611e-01 +2.5233e+00 -2.1448e+00 +1.6723e+00 +1.7847e+00 +2.4954e-01 +1.7737e+00 +1.4995e+00 -3.2659e+00 -3.4955e+00 +5.0000e+00 -3.0073e+00
913 +1.455599239e+01 +1.455599239e+01 -1.522340076e+02 -1.522340076e+02 +4.7434e+00 +3.7274e+00 -4.7346e+00 +2.0389e+00 -2.6101e+00 -9.5345e-01 +3.1657e-01 +4.4402e+00 -5.9516e-01 +2.5391e+00 -1.9157e+00 +1.6303e+00 +1.9888e+00 +2.6818e-01 +2.1145e+00 +1.5945e+00 -3.3838e+00 -3.5906e+00 +5.0000e+00 -2.9460e+00
2887 +9.997248134e+00 +9.997248134e+00 -1.567927519e+02 -1.567927519e+02 +4.8302e+00 +3.8037e+00 -4.7862e+00 +2.0528e+00 -2.6039e+00 -9.8132e-01 +3.5882e-01 +4.5115e+00 -5.6268e-01 +2.6167e+00 -1.9659e+00 +1.6099e+00 +2.0276e+00 +2.3726e-01 +1.9993e+00 +1.5970e+00 -3.4275e+00 -3.6137e+00 +5.0000e+00 -2.9872e+00
% function evaluation | noise-free fitness - Fopt (1.000000000000e+03) | best noise-free fitness - Fopt | measured fitness | best measured fitness | x1 | x2...
1 +1.098624067e+02 +1.098624067e+02 +1.109862407e+03 +1.109862407e+03 +3.1472e+00 +4.0579e+00 -3.7301e+00 +4.1338e+00 +1.3236e+00 -4.0246e+00 -2.2150e+00 +4.6882e-01 +4.5751e+00 +4.6489e+00 -3.4239e+00 +4.7059e+00 +4.5717e+00 -1.4624e-01 +3.0028e+00 -3.5811e+00 -7.8239e-01 +4.1574e+00 +2.9221e+00 +4.5949e+00
2 +6.249685457e+01 +6.249685457e+01 +1.062496855e+03 +1.062496855e+03 +1.5574e+00 -4.6429e+00 +3.4913e+00 +4.3399e+00 +1.7874e+00 +2.5774e+00 +2.4313e+00 -1.0777e+00 +1.5548e+00 -3.2881e+00 +2.0605e+00 -4.6817e+00 -2.2308e+00 -4.5383e+00 -4.0287e+00 +3.2346e+00 +1.9483e+00 -1.8290e+00 +4.5022e+00 -4.6555e+00
6 +3.555418891e+01 +3.555418891e+01 +1.035554189e+03 +1.035554189e+03 -3.3782e+00 +2.9428e+00 -1.8878e+00 +2.8533e-01 -3.3435e+00 +1.0198e+00 -2.3703e+00 +1.5408e+00 +1.8921e+00 +2.4815e+00 -4.9458e-01 -4.1618e+00 -2.7102e+00 +4.1334e+00 -3.4762e+00 +3.2582e+00 +3.8342e-01 +4.9613e+00 -4.2182e+00 -5.7322e-01
633 +2.425953676e+01 +2.425953676e+01 +1.024259537e+03 +1.024259537e+03 +1.5828e+00 +1.4036e-01 -1.7087e+00 -4.7650e-01 -2.8432e+00 -1.2535e+00 +2.7830e+00 +2.0717e+00 -8.8312e-02 -2.7098e+00 -1.1919e+00 -2.0664e+00 +3.4222e+00 -3.3802e+00 -2.9778e+00 -2.8992e+00 +9.5056e-02 +2.3234e+00 +1.8305e+00 +5.2702e-01
808 +1.482047750e+01 +1.482047750e+01 +1.014820478e+03 +1.014820478e+03 +1.3320e+00 -1.3749e+00 -2.8393e+00 +1.0675e+00 -6.0990e-01 -5.2212e-01 +3.0097e-01 +2.7786e+00 -1.0807e+00 -1.9687e+00 +1.1227e-01 -3.4740e+00 +3.8325e-01 -2.2368e+00 -1.4831e+00 -1.4327e+00 +1.2204e+00 +2.6630e+00 +1.8536e+00 -5.1330e-01
1739 +9.696153680e+00 +9.696153680e+00 +1.009696154e+03 +1.009696154e+03 +1.3033e+00 -1.3107e+00 -2.7766e+00 +1.0142e+00 -7.3432e-01 -4.9921e-01 +3.7418e-01 +2.8170e+00 -1.0495e+00 -2.0400e+00 -3.7520e-03 -3.4356e+00 +4.5747e-01 -2.2856e+00 -1.4840e+00 -1.4583e+00 +1.1592e+00 +2.6297e+00 +1.7281e+00 -5.0425e-01
% function evaluation | noise-free fitness - Fopt (-1.847000000000e+01) | best noise-free fitness - Fopt | measured fitness | best measured fitness | x1 | x2...
1 +8.052176074e+01 +8.052176074e+01 +6.205176074e+01 +6.205176074e+01 +3.1472e+00 +4.0579e+00 -3.7301e+00 +4.1338e+00 +1.3236e+00 -4.0246e+00 -2.2150e+00 +4.6882e-01 +4.5751e+00 +4.6489e+00 -3.4239e+00 +4.7059e+00 +4.5717e+00 -1.4624e-01 +3.0028e+00 -3.5811e+00 -7.8239e-01 +4.1574e+00 +2.9221e+00 +4.5949e+00
4 +5.299117282e+01 +5.299117282e+01 +3.452117282e+01 +3.452117282e+01 +2.5127e+00 -2.4490e+00 +5.9571e-02 +1.9908e+00 +3.9090e+00 +4.5929e+00 +4.7216e-01 -3.6138e+00 -3.5071e+00 -2.4249e+00 +3.4072e+00 -2.4572e+00 +3.1428e+00 -2.5648e+00 +4.2926e+00 -1.5002e+00 -3.0340e+00 -2.4892e+00 +1.1604e+00 -2.6711e-01
99 +1.796603735e+01 +1.796603735e+01 -5.039626485e-01 -5.039626485e-01 -2.6740e+00 -6.1392e-01 +1.8187e+00 +5.3068e-01 -3.6788e+00 -2.7024e+00 +1.6073e+00 +4.4403e+00 -1.5844e+00 +1.5552e+00 -3.8163e-01 -1.1203e+00 -1.0908e+00 -2.5540e+00 -2.0824e+00 -3.1166e+00 +1.8381e+00 -7.3812e-01 +3.0398e-01 +1.4361e-01
1864 +1.552882765e+01 +1.552882765e+01 -2.941172352e+00 -2.941172352e+00 -2.7323e+00 -6.1847e-01 +1.8249e+00 +5.1505e-01 -3.7228e+00 -2.6856e+00 +1.5742e+00 +4.4554e+00 -1.6170e+00 +1.5844e+00 -4.3107e-01 -1.1431e+00 -1.1120e+00 -2.5841e+00 -2.0837e+00 -3.0827e+00 +1.8658e+00 -7.2986e-01 +2.6355e-01 +1.2924e-01
% function evaluation | noise-free fitness - Fopt (-5.971000000000e+01) | best noise-free fitness - Fopt | measured fitness | best measured fitness | x1 | x2...
1 +5.960227107e+01 +5.960227107e+01 -1.077289348e-01 -1.077289348e-01 +3.1472e+00 +4.0579e+00 -3.7301e+00 +4.1338e+00 +1.3236e+00 -4.0246e+00 -2.2150e+00 +4.6882e-01 +4.5751e+00 +4.6489e+00 -3.4239e+00 +4.7059e+00 +4.5717e+00 -1.4624e-01 +3.0028e+00 -3.5811e+00 -7.8239e-01 +4.1574e+00 +2.9221e+00 +4.5949e+00
187 +3.963472735e+01 +3.963472735e+01 -2.007527265e+01 -2.007527265e+01 +9.8377e-01 -2.7702e+00 -8.1584e-01 +2.6350e+00 +6.9869e-01 +3.1875e-02 +2.5442e+00 +2.7274e+00 +9.2028e-01 -2.9363e+00 -1.8645e-01 -3.3673e+00 +2.5404e-01 -3.6966e+00 -3.8860e-01 -1.5147e-01 +2.9346e+00 +5.2751e-01 +3.2109e+00 -2.2064e+00
430 +2.369077584e+01 +2.369077584e+01 -3.601922416e+01 -3.601922416e+01 +4.5455e-01 +2.2918e-03 +6.0600e-02 +1.1492e+00 -2.4157e-01 -6.6586e-01 +2.1322e+00 +2.8289e+00 +1.4726e+00 -2.3954e+00 +1.0527e-01 -3.4789e+00 -1.0342e+00 -2.5727e+00 -2.6732e-02 +2.2444e-01 +1.0384e+00 -8.0301e-02 +3.8150e-01 -2.8886e+00
1305 +1.522252115e+01 +1.522252115e+01 -4.448747885e+01 -4.448747885e+01 +5.8106e-01 -8.7489e-01 -1.0000e-01 +2.8463e+00 +3.0711e-01 -7.8210e-01 +2.3772e+00 +2.9867e+00 +1.2682e+00 -2.6206e+00 -1.1941e-01 -3.5263e+00 -2.1173e-01 -2.5045e+00 +3.2997e-02 +4.2042e-01 +2.6159e+00 +3.4158e-03 +2.1790e+00 -2.1168e+00
2263 +9.998522617e+00 +9.998522617e+00 -4.971147738e+01 -4.971147738e+01 +5.9889e-01 -8.5715e-01 -6.9932e-02 +2.8855e+00 +2.1660e-01 -7.3689e-01 +2.2793e+00 +3.0187e+00 +1.2771e+00 -2.5907e+00 -1.1836e-01 -3.6178e+00 -2.7863e-01 -2.4301e+00 -3.4566e-02 +3.6690e-01 +2.6080e+00 +4.3880e-03 +2.1154e+00 -2.1741e+00
% function evaluation | noise-free fitness - Fopt (-9.684000000000e+01) | best noise-free fitness - Fopt | measured fitness | best measured fitness | x1 | x2...
1 +6.817312056e+01 +6.817312056e+01 -2.866687944e+01 -2.866687944e+01 +3.1472e+00 +4.0579e+00 -3.7301e+00 +4.1338e+00 +1.3236e+00 -4.0246e+00 -2.2150e+00 +4.6882e-01 +4.5751e+00 +4.6489e+00 -3.4239e+00 +4.7059e+00 +4.5717e+00 -1.4624e-01 +3.0028e+00 -3.5811e+00 -7.8239e-01 +4.1574e+00 +2.9221e+00 +4.5949e+00
8 +5.940664563e+01 +5.940664563e+01 -3.743335437e+01 -3.743335437e+01 +3.5303e+00 +1.2206e+00 -1.4905e+00 +1.3250e-01 -9.8192e-01 -4.2403e+00 -2.6008e+00 -3.7668e+00 -3.1609e+00 -2.6005e+00 -8.2733e-01 -4.5035e+00 +4.0272e+00 +4.4479e+00 -9.1359e-02 -1.0747e-01 -1.6228e+00 +4.0005e+00 -1.3075e+00 -3.8880e+00
14 +3.769984936e+01 +3.769984936e+01 -5.914015064e+01 -5.914015064e+01 -4.6226e+00 +3.8517e+00 +4.1329e+00 +2.9618e+00 -4.0129e+00 -2.3813e+00 -1.6464e+00 +1.7973e+00 -3.6345e+00 +2.2123e+00 -3.9324e+00 +1.5376e+00 -5.8261e-02 +2.7905e+00 +2.1504e+00 +4.0372e+00 +3.9092e+00 -1.6584e+00 +1.9875e+00 -3.0219e+00
748 +2.463755790e+01 +2.463755790e+01 -7.220244210e+01 -7.220244210e+01 +4.1043e-01 +3.8181e+00 -5.4379e-01 +2.3810e+00 -9.7635e-01 -1.5734e+00 -1.6611e+00 +2.1769e+00 +1.1695e+00 +1.3413e+00 -3.9257e+00 +1.6323e+00 +1.3920e+00 +1.7214e+00 +2.1539e+00 -4.7753e-01 +2.6146e+00 +9.9616e-01 +8.0640e-01 +2.3592e+00
1749 +1.547488843e+01 +1.547488843e+01 -8.136511157e+01 -8.136511157e+01 +5.6431e-01 +4.0996e+00 -1.1200e+00 +2.4539e+00 -1.0754e+00 -1.8378e+00 -1.5082e+00 +2.3926e+00 +1.6606e+00 +1.7948e+00 -4.3082e+00 +1.8056e+00 +1.7572e+00 +2.0503e+00 +1.9984e+00 -9.2975e-01 +2.3629e+00 +1.4229e+00 +9.2910e-01 +2.3851e+00
% function evaluation | noise-free fitness - Fopt (3.207000000000e+01) | best noise-free fitness - Fopt | measured fitness | best measured fitness | x1 | x2...
1 +1.165105173e+02 +1.165105173e+02 +1.485805173e+02 +1.485805173e+02 +3.1472e+00 +4.0579e+00 -3.7301e+00 +4.1338e+00 +1.3236e+00 -4.0246e+00 -2.2150e+00 +4.6882e-01 +4.5751e+00 +4.6489e+00 -3.4239e+00 +4.7059e+00 +4.5717e+00 -1.4624e-01 +3.0028e+00 -3.5811e+00 -7.8239e-01 +4.1574e+00 +2.9221e+00 +4.5949e+00
2 +7.965638993e+01 +7.965638993e+01 +1.117263899e+02 +1.117263899e+02 +1.5574e+00 -4.6429e+00 +3.4913e+00 +4.3399e+00 +1.7874e+00 +2.5774e+00 +2.4313e+00 -1.0777e+00 +1.5548e+00 -3.2881e+00 +2.0605e+00 -4.6817e+00 -2.2308e+00 -4.5383e+00 -4.0287e+00 +3.2346e+00 +1.9483e+00 -1.8290e+00 +4.5022e+00 -4.6555e+00
3 +4.793786745e+01 +4.793786745e+01 +8.000786745e+01 +8.000786745e+01 -6.1256e-01 -1.1844e+00 +2.6552e+00 +2.9520e+00 -3.1313e+00 -1.0236e-01 -5.4414e-01 +1.4631e+00 +2.0936e+00 +2.5469e+00 -2.2397e+00 +1.7970e+00 +1.5510e+00 -3.3739e+00 -3.8100e+00 -1.6359e-02 +4.5974e+00 -1.5961e+00 +8.5268e-01 -2.7619e+00
239 +3.890244686e+01 +3.890244686e+01 +7.097244686e+01 +7.097244686e+01 -2.9707e+00 -2.7979e+00 -2.3858e-01 +2.8154e+00 -9.4865e-01 +2.6217e-01 +1.4815e-01 -1.3942e+00 +1.0512e+00 -1.5237e-01 -7.5505e-01 -2.0063e+00 -4.4158e+00 +3.4897e+00 -2.0719e+00 -2.6942e+00 -1.0585e+00 -1.4466e+00 +8.4834e-02 -2.2841e+00
414 +1.769043687e+01 +1.769043687e+01 +4.976043687e+01 +4.976043687e+01 -2.4582e+00 -2.7658e+00 -5.6532e-01 +2.6119e+00 -2.4298e+00 +2.2298e-02 +7.9345e-02 -1.5242e+00 +1.2903e+00 -1.0944e-01 -1.1281e+00 -2.0628e+00 -4.6085e+00 +3.3266e+00 -2.0942e+00 -2.7847e+00 -1.0504e+00 -1.4956e+00 +5.4270e-02 -2.5692e+00
576 +1.481673401e+01 +1.481673401e+01 +4.688673401e+01 +4.688673401e+01 -2.5152e+00 -2.5726e+00 -6.5210e-01 +2.3461e+00 -2.2177e+00 -7.4591e-02 +3.6848e-01 -1.2160e+00 +1.1870e+00 -2.4694e-01 -8.8850e-01 -2.0469e+00 -3.6369e+00 +3.2189e+00 -1.8825e+00 -2.6706e+00 -9.5188e-01 -1.2689e+00 -1.0821e-01 -2.5729e+00
1141 +9.687360717e+00 +9.687360717e+00 +4.175736072e+01 +4.175736072e+01 -2.5227e+00 -2.4298e+00 -3.3466e-01 +2.4340e+00 -2.0713e+00 +4.0185e-03 +3.0110e-01 -1.1910e+00 +1.1749e+00 -3.6379e-01 -9.4097e-01 -2.0811e+00 -3.7062e+00 +3.2541e+00 -1.9843e+00 -2.5155e+00 -1.1426e+00 -1.3078e+00 -4.3490e-02 -2.6331e+00
2288 +6.130529710e+00 +6.130529710e+00 +3.820052971e+01 +3.820052971e+01 -2.4750e+00 -2.4309e+00 -2.9080e-01 +2.4132e+00 -2.0496e+00 +5.6355e-02 +3.0994e-01 -1.1488e+00 +1.1443e+00 -3.9091e-01 -9.7767e-01 -2.0590e+00 -3.6557e+00 +3.2140e+00 -2.0362e+00 -2.5001e+00 -1.1511e+00 -1.3046e+00 +2.6710e-02 -2.6661e+00
% function evaluation | noise-free fitness - Fopt (2.624000000000e+01) | best noise-free fitness - Fopt | measured fitness | best measured fitness | x1 | x2...
1 +7.492695447e+01 +7.492695447e+01 +1.011669545e+02 +1.011669545e+02 +3.1472e+00 +4.0579e+00 -3.7301e+00 +4.1338e+00 +1.3236e+00 -4.0246e+00 -2.2150e+00 +4.6882e-01 +4.5751e+00 +4.6489e+00 -3.4239e+00 +4.7059e+00 +4.5717e+00 -1.4624e-01 +3.0028e+00 -3.5811e+00 -7.8239e-01 +4.1574e+00 +2.9221e+00 +4.5949e+00
3 +5.504180854e+01 +5.504180854e+01 +8.128180854e+01 +8.128180854e+01 -6.1256e-01 -1.1844e+00 +2.6552e+00 +2.9520e+00 -3.1313e+00 -1.0236e-01 -5.4414e-01 +1.4631e+00 +2.0936e+00 +2.5469e+00 -2.2397e+00 +1.7970e+00 +1.5510e+00 -3.3739e+00 -3.8100e+00 -1.6359e-02 +4.5974e+00 -1.5961e+00 +8.5268e-01 -2.7619e+00
32 +3.119960680e+01 +3.119960680e+01 +5.743960680e+01 +5.743960680e+01 +2.3864e+00 +8.5987e-01 -2.5327e+00 +1.6642e+00 -4.1652e+00 +1.2596e+00 +1.6094e+00 +2.2975e+00 +3.9075e+00 +4.8230e+00 +2.6903e+00 +8.1446e-01 +4.2831e+00 +8.0090e-01 -4.8302e+00 -3.7914e+00 +3.6271e+00 -1.5703e-01 +3.4486e+00 -2.9059e+00
453 +2.084160649e+01 +2.084160649e+01 +4.708160649e+01 +4.708160649e+01 +2.1967e+00 +3.7160e-01 -2.4584e+00 -7.5644e-02 -4.5847e+00 -3.4569e-02 +9.1631e-01 +1.8451e+00 +1.9960e+00 +4.1375e+00 +1.8398e+00 +2.2420e+00 +3.2153e+00 +2.3641e+00 -4.0702e+00 -1.6767e+00 +1.3893e+00 +1.5728e-01 +3.3759e+00 -3.3105e+00
1671 +1.571624044e+01 +1.571624044e+01 +4.195624044e+01 +4.195624044e+01 +2.2196e+00 +3.8074e-01 -2.4563e+00 -1.1496e-01 -4.5547e+00 +4.3076e-02 +9.1188e-01 +1.8714e+00 +2.0342e+00 +4.1486e+00 +1.8256e+00 +2.2765e+00 +3.2572e+00 +2.4191e+00 -4.0654e+00 -1.7271e+00 +1.4346e+00 +1.6070e-01 +3.3743e+00 -3.3491e+00
% function evaluation | noise-free fitness - Fopt (-1.610000000000e+01) | best noise-free fitness - Fopt | measured fitness | best measured fitness | x1 | x2...
1 +6.047428769e+01 +6.047428769e+01 +4.437428769e+01 +4.437428769e+01 +3.1472e+00 +4.0579e+00 -3.7301e+00 +4.1338e+00 +1.3236e+00 -4.0246e+00 -2.2150e+00 +4.6882e-01 +4.5751e+00 +4.6489e+00 -3.4239e+00 +4.7059e+00 +4.5717e+00 -1.4624e-01 +3.0028e+00 -3.5811e+00 -7.8239e-01 +4.1574e+00 +2.9221e+00 +4.5949e+00
10 +3.850444359e+01 +3.850444359e+01 +2.240444359e+01 +2.240444359e+01 +4.7009e-01 -2.0368e+00 +2.4469e+00 -3.1104e+00 +1.8678e+00 -3.1649e+00 -1.3152e+00 +1.2562e+00 +2.8023e+00 -4.1887e+00 +4.2939e+00 +2.7571e+00 -1.3208e-01 -6.4141e-01 -5.3216e-01 -1.9365e+00 +8.5087e-02 +1.0772e-01 +3.1763e+00 +2.9483e+00
550 +1.912463015e+01 +1.912463015e+01 +3.024630150e+00 +3.024630150e+00 -1.8711e+00 +2.5335e-01 +3.3333e+00 -7.3990e-01 -1.5324e+00 -3.2034e+00 -3.3313e-01 +3.4621e-01 -2.6198e-01 +2.2447e-01 -1.6756e+00 +2.7347e+00 +9.5065e-01 +5.3363e-01 -2.3946e-01 +4.4233e-01 +1.5468e+00 +3.7047e-01 +3.5253e+00 +1.9525e-03
1139 +1.490521696e+01 +1.490521696e+01 -1.194783036e+00 -1.194783036e+00 -1.9002e+00 -6.8120e-02 +3.5013e+00 -1.0253e+00 -1.4483e+00 -3.3285e+00 -3.2073e-01 +4.1421e-01 -6.3150e-03 +4.2507e-01 -2.0516e+00 +2.6086e+00 +1.0925e+00 +1.9829e-01 -1.0702e-01 +3.1183e-01 +1.1812e+00 +5.4216e-01 +3.5650e+00 +1.8008e-02
1489 +9.784668696e+00 +9.784668696e+00 -6.315331304e+00 -6.315331304e+00 -1.8972e+00 -2.8759e-01 +3.4152e+00 -1.1383e+00 -1.3578e+00 -3.5197e+00 -4.1641e-01 +5.6108e-01 +4.1232e-02 +4.1428e-01 -2.0315e+00 +2.6656e+00 +1.1011e+00 +2.3314e-01 -2.0229e-01 +2.0051e-01 +1.1226e+00 +6.1577e-01 +3.6328e+00 +3.4470e-02
