% function evaluation | noise-free fitness - Fopt (3.590000000000e+01) | best noise-free fitness - Fopt | measured fitness | best measured fitness | x1 | x2...
1 +2.171404994e+05 +2.171404994e+05 +2.171763994e+05 +2.171763994e+05 +3.1472e+00 +4.0579e+00 -3.7301e+00 +4.1338e+00 +1.3236e+00
6 +1.180897702e+05 +1.180897702e+05 +1.181256702e+05 +1.181256702e+05 +2.5774e+00 +2.4313e+00 -1.0777e+00 +1.5548e+00 -3.2881e+00
8 +6.331582817e+04 +6.331582817e+04 +6.335172817e+04 +6.335172817e+04 +3.2346e+00 +1.9483e+00 -1.8290e+00 +4.5022e+00 -4.6555e+00
9 +1.945656506e+03 +1.945656506e+03 +1.981556506e+03 +1.981556506e+03 -6.1256e-01 -1.1844e+00 +2.6552e+00 +2.9520e+00 -3.1313e+00
21 +1.373654061e+02 +1.373654061e+02 +1.732654061e+02 +1.732654061e+02 -3.3782e+00 +2.9428e+00 -1.8878e+00 +2.8533e-01 -3.3435e+00
92 +6.470953914e+01 +6.470953914e+01 +1.006095391e+02 +1.006095391e+02 -1.0164e+00 +3.9830e+00 -5.9614e-01 +1.6091e+00 -2.5984e+00
152 +4.712582911e+01 +4.712582911e+01 +8.302582911e+01 +8.302582911e+01 -3.5781e-01 +3.7719e-01 +2.1097e+00 +6.9247e-01 -3.3120e+00
208 +2.611802017e+01 +2.611802017e+01 +6.201802017e+01 +6.201802017e+01 +2.3458e-01 +2.8421e+00 +1.1284e+00 +1.5022e+00 -2.4326e+00
319 +2.403250557e+01 +2.403250557e+01 +5.993250557e+01 +5.993250557e+01 +2.9386e-01 +3.1191e+00 +1.9620e+00 +1.7094e+00 -2.5322e+00
525 +1.497337860e+01 +1.497337860e+01 +5.087337860e+01 +5.087337860e+01 +1.0371e+00 +8.2342e-01 +2.2995e+00 +1.6690e+00 -3.0702e+00
693 +6.508769996e+00 +6.508769996e+00 +4.240877000e+01 +4.240877000e+01 +1.6689e+00 +2.1979e+00 +2.5442e+00 +3.5550e+00 -1.8976e+00
733 +5.893697727e+00 +5.893697727e+00 +4.179369773e+01 +4.179369773e+01 +1.6689e+00 +2.3569e+00 +2.0233e+00 +3.1600e+00 -1.4677e+00
1113 +3.536930878e+00 +3.536930878e+00 +3.943693088e+01 +3.943693088e+01 +2.1064e+00 +8.0731e-01 +2.8709e+00 +3.0894e+00 -2.3643e+00
1269 +2.214093685e+00 +2.214093685e+00 +3.811409368e+01 +3.811409368e+01 +2.3157e+00 +1.3827e+00 +2.5875e+00 +3.6505e+00 -1.9326e+00
1679 +1.289602866e+00 +1.289602866e+00 +3.718960287e+01 +3.718960287e+01 +2.2998e+00 +1.1549e+00 +2.4565e+00 +3.0286e+00 -1.7020e+00
1838 +7.325787505e-01 +7.325787505e-01 +3.663257875e+01 +3.663257875e+01 +2.4164e+00 +1.1945e+00 +2.5205e+00 +3.1688e+00 -1.6780e+00
1995 +5.874507554e-01 +5.874507554e-01 +3.648745076e+01 +3.648745076e+01 +2.6631e+00 +1.2478e+00 +2.6254e+00 +3.4285e+00 -1.7846e+00
2077 +1.772111185e-01 +1.772111185e-01 +3.607721112e+01 +3.607721112e+01 +2.7325e+00 +1.0790e+00 +2.5767e+00 +3.4328e+00 -1.6299e+00
2458 +1.378575092e-01 +1.378575092e-01 +3.603785751e+01 +3.603785751e+01 +2.7199e+00 +1.1036e+00 +2.5781e+00 +3.4575e+00 -1.5777e+00
2602 +6.814559581e-02 +6.814559581e-02 +3.596814560e+01 +3.596814560e+01 +2.7665e+00 +1.1497e+00 +2.5452e+00 +3.4576e+00 -1.5064e+00
2642 +5.430332756e-02 +5.430332756e-02 +3.595430333e+01 +3.595430333e+01 +2.7665e+00 +1.1205e+00 +2.5452e+00 +3.4576e+00 -1.5064e+00
2923 +3.841274545e-02 +3.841274545e-02 +3.593841275e+01 +3.593841275e+01 +2.7394e+00 +1.1269e+00 +2.5636e+00 +3.4547e+00 -1.4627e+00
3083 +2.692085991e-03 +2.692085991e-03 +3.590269209e+01 +3.590269209e+01 +2.7784e+00 +1.1201e+00 +2.5851e+00 +3.4411e+00 -1.4430e+00
3563 +1.565838771e-03 +1.565838771e-03 +3.590156584e+01 +3.590156584e+01 +2.7804e+00 +1.1183e+00 +2.5879e+00 +3.4389e+00 -1.4388e+00
4384 +9.995215511e-04 +9.995215511e-04 +3.590099952e+01 +3.590099952e+01 +2.7811e+00 +1.1211e+00 +2.5858e+00 +3.4381e+00 -1.4341e+00
4868 +5.263628595e-04 +5.263628595e-04 +3.590052636e+01 +3.590052636e+01 +2.7813e+00 +1.1171e+00 +2.5883e+00 +3.4356e+00 -1.4320e+00
% function evaluation | noise-free fitness - Fopt (3.137000000000e+01) | best noise-free fitness - Fopt | measured fitness | best measured fitness | x1 | x2...
1 +2.923583189e+05 +2.923583189e+05 +2.923896889e+05 +2.923896889e+05 +3.1472e+00 +4.0579e+00 -3.7301e+00 +4.1338e+00 +1.3236e+00
7 +2.084264199e+02 +2.084264199e+02 +2.397964199e+02 +2.397964199e+02 +2.0605e+00 -4.6817e+00 -2.2308e+00 -4.5383e+00 -4.0287e+00
56 +1.366421393e+02 +1.366421393e+02 +1.680121393e+02 +1.680121393e+02 -2.5002e+00 -2.0340e+00 -2.6183e+00 +1.6045e-01 -1.2671e+00
136 +9.816650739e+01 +9.816650739e+01 +1.295365074e+02 +1.295365074e+02 -3.3920e+00 -1.1422e+00 -2.7334e+00 -7.3136e-01 -2.1589e+00
189 +4.223136735e+01 +4.223136735e+01 +7.360136735e+01 +7.360136735e+01 +1.2491e+00 -8.5420e-01 -4.2170e+00 +1.8304e-01 -2.5258e+00
229 +3.776855133e+01 +3.776855133e+01 +6.913855133e+01 +6.913855133e+01 +5.3031e-01 -7.9524e-02 -3.8546e+00 +2.0421e-01 -3.1465e+00
366 +2.304393960e+01 +2.304393960e+01 +5.441393960e+01 +5.441393960e+01 -2.8885e-01 +4.1850e-01 -4.6863e+00 +1.4632e+00 -2.1110e+00
438 +1.523062003e+01 +1.523062003e+01 +4.660062003e+01 +4.660062003e+01 +8.0229e-01 +5.4745e-02 -3.6405e+00 +2.1253e+00 -2.4534e+00
478 +9.157540875e+00 +9.157540875e+00 +4.052754088e+01 +4.052754088e+01 +9.9543e-01 +8.8239e-01 -4.4605e+00 +2.4387e+00 -2.3640e+00
682 +3.965832090e+00 +3.965832090e+00 +3.533583209e+01 +3.533583209e+01 +4.7822e-01 +9.4887e-01 -4.7268e+00 +3.2723e+00 -2.0536e+00
882 +1.747196021e+00 +1.747196021e+00 +3.311719602e+01 +3.311719602e+01 +1.9689e-01 +1.3166e+00 -4.1662e+00 +3.2650e+00 -2.0482e+00
1092 +1.368191006e+00 +1.368191006e+00 +3.273819101e+01 +3.273819101e+01 -2.6195e-02 +1.3692e+00 -4.2158e+00 +3.4762e+00 -2.1437e+00
1612 +5.358911470e-01 +5.358911470e-01 +3.190589115e+01 +3.190589115e+01 -2.2954e-02 +1.6945e+00 -4.1162e+00 +3.4592e+00 -2.0089e+00
2132 +2.577172785e-01 +2.577172785e-01 +3.162771728e+01 +3.162771728e+01 -3.0915e-01 +1.7542e+00 -3.8433e+00 +3.5489e+00 -2.0739e+00
2438 +2.272965931e-01 +2.272965931e-01 +3.159729659e+01 +3.159729659e+01 -1.7087e-01 +1.7696e+00 -4.0407e+00 +3.5666e+00 -1.9377e+00
2531 +1.216067599e-01 +1.216067599e-01 +3.149160676e+01 +3.149160676e+01 -1.7495e-01 +1.7694e+00 -3.9698e+00 +3.6366e+00 -1.9812e+00
2870 +7.911981527e-02 +7.911981527e-02 +3.144911982e+01 +3.144911982e+01 -2.1026e-01 +1.8817e+00 -3.9967e+00 +3.6342e+00 -1.9166e+00
3041 +5.528565018e-02 +5.528565018e-02 +3.142528565e+01 +3.142528565e+01 -2.5636e-01 +1.8055e+00 -3.9090e+00 +3.6525e+00 -1.9331e+00
3255 +3.180132662e-02 +3.180132662e-02 +3.140180133e+01 +3.140180133e+01 -2.5688e-01 +1.8521e+00 -3.8690e+00 +3.6586e+00 -1.9123e+00
3375 +1.689105731e-02 +1.689105731e-02 +3.138689106e+01 +3.138689106e+01 -2.5688e-01 +1.8568e+00 -3.8847e+00 +3.6853e+00 -1.9105e+00
3535 +1.542100789e-02 +1.542100789e-02 +3.138542101e+01 +3.138542101e+01 -2.5050e-01 +1.8568e+00 -3.8847e+00 +3.6853e+00 -1.9259e+00
3730 +9.459822483e-03 +9.459822483e-03 +3.137945982e+01 +3.137945982e+01 -2.8278e-01 +1.8655e+00 -3.8833e+00 +3.6992e+00 -1.9370e+00
3987 +5.826273854e-03 +5.826273854e-03 +3.137582627e+01 +3.137582627e+01 -2.6327e-01 +1.8625e+00 -3.8894e+00 +3.7116e+00 -1.9384e+00
4369 +1.311250895e-03 +1.311250895e-03 +3.137131125e+01 +3.137131125e+01 -2.6428e-01 +1.8926e+00 -3.8937e+00 +3.7129e+00 -1.9226e+00
4453 +8.706553546e-04 +8.706553546e-04 +3.137087066e+01 +3.137087066e+01 -2.6628e-01 +1.8927e+00 -3.8887e+00 +3.7139e+00 -1.9211e+00
4561 +4.692768361e-04 +4.692768361e-04 +3.137046928e+01 +3.137046928e+01 -2.7298e-01 +1.8913e+00 -3.8860e+00 +3.7200e+00 -1.9220e+00
4856 +2.642120260e-04 +2.642120260e-04 +3.137026421e+01 +3.137026421e+01 -2.7137e-01 +1.8914e+00 -3.8861e+00 +3.7216e+00 -1.9221e+00
4932 +1.653156043e-04 +1.653156043e-04 +3.137016532e+01 +3.137016532e+01 -2.6955e-01 +1.8954e+00 -3.8865e+00 +3.7193e+00 -1.9205e+00
% function evaluation | noise-free fitness - Fopt (-1.000000000000e+03) | best noise-free fitness - Fopt | measured fitness | best measured fitness | x1 | x2...
1 +5.595581562e+05 +5.595581562e+05 +5.585581562e+05 +5.585581562e+05 +3.1472e+00 +4.0579e+00 -3.7301e+00 +4.1338e+00 +1.3236e+00
2 +1.778913359e+05 +1.778913359e+05 +1.768913359e+05 +1.768913359e+05 -4.0246e+00 -2.2150e+00 +4.6882e-01 +4.5751e+00 +4.6489e+00
3 +1.392717956e+04 +1.392717956e+04 +1.292717956e+04 +1.292717956e+04 -3.4239e+00 +4.7059e+00 +4.5717e+00 -1.4624e-01 +3.0028e+00
31 +3.686445251e+03 +3.686445251e+03 +2.686445251e+03 +2.686445251e+03 -8.2733e-01 -4.5035e+00 +4.0272e+00 +4.4479e+00 -9.1359e-02
71 +5.770064619e+02 +5.770064619e+02 -4.229935381e+02 -4.229935381e+02 -1.1847e+00 -4.1415e+00 +4.3266e+00 +4.5183e+00 +2.6523e-01
129 +1.265447814e+01 +1.265447814e+01 -9.873455219e+02 -9.873455219e+02 -2.2670e+00 -3.1844e+00 +4.2624e+00 +4.4747e+00 -1.1313e+00
375 +6.594361354e+00 +6.594361354e+00 -9.934056386e+02 -9.934056386e+02 -1.5928e+00 -3.0994e+00 +3.9028e+00 +2.4352e+00 -4.0764e-01
476 +5.005892041e+00 +5.005892041e+00 -9.949941080e+02 -9.949941080e+02 -1.1304e+00 -2.8742e+00 +3.6611e+00 +3.6009e+00 -5.0553e-01
530 +3.000325131e+00 +3.000325131e+00 -9.969996749e+02 -9.969996749e+02 -1.2458e+00 -3.5759e+00 +3.7207e+00 +3.1657e+00 -1.0250e+00
686 +1.674403862e+00 +1.674403862e+00 -9.983255961e+02 -9.983255961e+02 -1.0219e+00 -3.3991e+00 +3.2179e+00 +3.2466e+00 -9.2011e-01
720 +1.093372374e+00 +1.093372374e+00 -9.989066276e+02 -9.989066276e+02 -3.9231e-01 -3.0033e+00 +3.2310e+00 +3.8025e+00 -8.3980e-01
1019 +7.876836364e-01 +7.876836364e-01 -9.992123164e+02 -9.992123164e+02 -4.6885e-01 -3.1010e+00 +3.2582e+00 +3.7254e+00 -9.4148e-01
1478 +1.695894671e-01 +1.695894671e-01 -9.998304105e+02 -9.998304105e+02 -2.9382e-01 -3.2471e+00 +2.9470e+00 +3.6643e+00 -8.0595e-01
2180 +1.431246426e-01 +1.431246426e-01 -9.998568754e+02 -9.998568754e+02 -3.5827e-01 -3.2321e+00 +2.8930e+00 +3.5586e+00 -8.4921e-01
2308 +4.275175682e-02 +4.275175682e-02 -9.999572482e+02 -9.999572482e+02 -2.6616e-01 -3.2747e+00 +2.8645e+00 +3.5774e+00 -8.3927e-01
2682 +3.609777362e-02 +3.609777362e-02 -9.999639022e+02 -9.999639022e+02 -2.4120e-01 -3.2726e+00 +2.8557e+00 +3.5895e+00 -8.3829e-01
2921 +1.593961782e-02 +1.593961782e-02 -9.999840604e+02 -9.999840604e+02 -2.0422e-01 -3.2984e+00 +2.8587e+00 +3.5921e+00 -8.3353e-01
3002 +1.205420770e-02 +1.205420770e-02 -9.999879458e+02 -9.999879458e+02 -2.2643e-01 -3.3102e+00 +2.8631e+00 +3.5693e+00 -8.4651e-01
3642 +9.616000242e-03 +9.616000242e-03 -9.999903840e+02 -9.999903840e+02 -2.1904e-01 -3.3050e+00 +2.8571e+00 +3.5694e+00 -8.5147e-01
3990 +5.334824328e-03 +5.334824328e-03 -9.999946652e+02 -9.999946652e+02 -2.1885e-01 -3.3225e+00 +2.8497e+00 +3.5628e+00 -8.5196e-01
4202 +3.607478992e-03 +3.607478992e-03 -9.999963925e+02 -9.999963925e+02 -2.1480e-01 -3.3246e+00 +2.8396e+00 +3.5597e+00 -8.4967e-01
4212 +2.510467269e-03 +2.510467269e-03 -9.999974895e+02 -9.999974895e+02 -2.0686e-01 -3.3240e+00 +2.8400e+00 +3.5617e+00 -8.4133e-01
4392 +1.480766478e-03 +1.480766478e-03 -9.999985192e+02 -9.999985192e+02 -2.0145e-01 -3.3229e+00 +2.8333e+00 +3.5659e+00 -8.4127e-01
4526 +9.316101547e-04 +9.316101547e-04 -9.999990684e+02 -9.999990684e+02 -1.9310e-01 -3.3226e+00 +2.8287e+00 +3.5689e+00 -8.3838e-01
4620 +5.020679253e-04 +5.020679253e-04 -9.999994979e+02 -9.999994979e+02 -1.9355e-01 -3.3270e+00 +2.8297e+00 +3.5677e+00 -8.3980e-01
4705 +2.787108521e-04 +2.787108521e-04 -9.999997213e+02 -9.999997213e+02 -1.9221e-01 -3.3293e+00 +2.8282e+00 +3.5669e+00 -8.3873e-01
4711 +1.498023457e-04 +1.498023457e-04 -9.999998502e+02 -9.999998502e+02 -1.9070e-01 -3.3289e+00 +2.8266e+00 +3.5676e+00 -8.3968e-01
4864 +6.836808734e-05 +6.836808734e-05 -9.999999316e+02 -9.999999316e+02 -1.8945e-01 -3.3307e+00 +2.8262e+00 +3.5672e+00 -8.4001e-01
4870 +5.919752971e-05 +5.919752971e-05 -9.999999408e+02 -9.999999408e+02 -1.8858e-01 -3.3305e+00 +2.8257e+00 +3.5686e+00 -8.3936e-01
% function evaluation | noise-free fitness - Fopt (1.319200000000e+02) | best noise-free fitness - Fopt | measured fitness | best measured fitness | x1 | x2...
1 +6.962525587e+05 +6.962525587e+05 +6.963844787e+05 +6.963844787e+05 +3.1472e+00 +4.0579e+00 -3.7301e+00 +4.1338e+00 +1.3236e+00
2 +5.807312998e+05 +5.807312998e+05 +5.808632198e+05 +5.808632198e+05 -4.0246e+00 -2.2150e+00 +4.6882e-01 +4.5751e+00 +4.6489e+00
12 +3.867882347e+05 +3.867882347e+05 +3.869201547e+05 +3.869201547e+05 -1.6359e-02 +4.5974e+00 -1.5961e+00 +8.5268e-01 -2.7619e+00
21 +1.151573741e+05 +1.151573741e+05 +1.152892941e+05 +1.152892941e+05 -3.3782e+00 +2.9428e+00 -1.8878e+00 +2.8533e-01 -3.3435e+00
61 +3.022691109e+04 +3.022691109e+04 +3.035883109e+04 +3.035883109e+04 -4.1709e+00 +3.2704e+00 -2.7115e+00 -4.8607e-01 -3.3045e+00
141 +2.295627732e+03 +2.295627732e+03 +2.427547732e+03 +2.427547732e+03 -5.0000e+00 +3.1440e+00 -2.9935e+00 +3.5657e-02 -2.6962e+00
196 +5.940300754e+02 +5.940300754e+02 +7.259500754e+02 +7.259500754e+02 -5.0000e+00 +3.7185e+00 -3.1670e+00 -1.0405e+00 -3.0633e+00
221 +5.377412253e+01 +5.377412253e+01 +1.856941225e+02 +1.856941225e+02 -5.0000e+00 +3.1880e+00 -3.4640e+00 -4.4011e-01 -2.3630e+00
377 +1.242005189e+01 +1.242005189e+01 +1.443400519e+02 +1.443400519e+02 -5.0000e+00 +2.9124e+00 -4.1224e+00 -5.9969e-01 -8.2806e-01
385 +9.300242589e+00 +9.300242589e+00 +1.412202426e+02 +1.412202426e+02 -5.0000e+00 +3.3447e+00 -3.3972e+00 -6.5448e-01 -1.8270e+00
482 +5.579821522e+00 +5.579821522e+00 +1.374998215e+02 +1.374998215e+02 -5.0000e+00 +3.0707e+00 -3.1978e+00 +8.6448e-02 -1.3511e+00
587 +3.956699276e+00 +3.956699276e+00 +1.358766993e+02 +1.358766993e+02 -5.0000e+00 +1.9027e+00 -3.6033e+00 -2.2957e-01 -1.7697e+00
664 +1.829064640e+00 +1.829064640e+00 +1.337490646e+02 +1.337490646e+02 -4.7418e+00 +2.1543e+00 -3.3073e+00 -4.0053e-01 -9.7349e-01
932 +8.810040032e-01 +8.810040032e-01 +1.328010040e+02 +1.328010040e+02 -4.5229e+00 +1.9815e+00 -3.3827e+00 -5.6599e-01 -1.0936e+00
1648 +5.184785248e-01 +5.184785248e-01 +1.324384785e+02 +1.324384785e+02 -4.4078e+00 +1.8374e+00 -3.5167e+00 -5.0893e-01 -1.3249e+00
2048 +3.698498281e-01 +3.698498281e-01 +1.322898498e+02 +1.322898498e+02 -4.2362e+00 +2.1110e+00 -3.5696e+00 -4.3834e-01 -1.3382e+00
2617 +1.233635405e-01 +1.233635405e-01 +1.320433635e+02 +1.320433635e+02 -4.1271e+00 +2.0013e+00 -3.6275e+00 -3.9795e-01 -1.5155e+00
2737 +8.808741631e-02 +8.808741631e-02 +1.320080874e+02 +1.320080874e+02 -4.1271e+00 +1.9487e+00 -3.6275e+00 -4.1428e-01 -1.5070e+00
3177 +4.555877958e-02 +4.555877958e-02 +1.319655588e+02 +1.319655588e+02 -4.0662e+00 +1.9764e+00 -3.6523e+00 -4.1901e-01 -1.4561e+00
3289 +2.659114072e-02 +2.659114072e-02 +1.319465911e+02 +1.319465911e+02 -4.0344e+00 +1.9734e+00 -3.6770e+00 -4.3743e-01 -1.4980e+00
3409 +1.891302084e-02 +1.891302084e-02 +1.319389130e+02 +1.319389130e+02 -4.0070e+00 +1.9732e+00 -3.6952e+00 -4.3607e-01 -1.5126e+00
3818 +1.435651363e-02 +1.435651363e-02 +1.319343565e+02 +1.319343565e+02 -4.0251e+00 +1.9193e+00 -3.6688e+00 -4.3457e-01 -1.4923e+00
4066 +9.224983008e-03 +9.224983008e-03 +1.319292250e+02 +1.319292250e+02 -4.0256e+00 +1.9170e+00 -3.6784e+00 -4.7368e-01 -1.4884e+00
4136 +4.927039291e-03 +4.927039291e-03 +1.319249270e+02 +1.319249270e+02 -4.0123e+00 +1.9141e+00 -3.6888e+00 -4.7013e-01 -1.4984e+00
4452 +3.166267690e-03 +3.166267690e-03 +1.319231663e+02 +1.319231663e+02 -3.9998e+00 +1.9258e+00 -3.6934e+00 -4.5640e-01 -1.4998e+00
4479 +2.258089572e-03 +2.258089572e-03 +1.319222581e+02 +1.319222581e+02 -3.9976e+00 +1.9206e+00 -3.6859e+00 -4.6393e-01 -1.4852e+00
4559 +1.415135382e-03 +1.415135382e-03 +1.319214151e+02 +1.319214151e+02 -3.9968e+00 +1.9144e+00 -3.6884e+00 -4.6924e-01 -1.4912e+00
4906 +7.999938191e-04 +7.999938191e-04 +1.319208000e+02 +1.319208000e+02 -3.9931e+00 +1.9077e+00 -3.6951e+00 -4.6914e-01 -1.4925e+00
4950 +6.113061433e-04 +6.113061433e-04 +1.319206113e+02 +1.319206113e+02 -3.9926e+00 +1.9109e+00 -3.6931e+00 -4.6823e-01 -1.4933e+00
% function evaluation | noise-free fitness - Fopt (5.908400000000e+02) | best noise-free fitness - Fopt | measured fitness | best measured fitness | x1 | x2...
1 +1.354651141e+06 +1.354651141e+06 +1.355241981e+06 +1.355241981e+06 +3.1472e+00 +4.0579e+00 -3.7301e+00 +4.1338e+00 +1.3236e+00
2 +8.361237959e+05 +8.361237959e+05 +8.367146359e+05 +8.367146359e+05 -4.0246e+00 -2.2150e+00 +4.6882e-01 +4.5751e+00 +4.6489e+00
7 +1.008661126e+03 +1.008661126e+03 +1.599501126e+03 +1.599501126e+03 +2.0605e+00 -4.6817e+00 -2.2308e+00 -4.5383e+00 -4.0287e+00
110 +5.002296972e+02 +5.002296972e+02 +1.091069697e+03 +1.091069697e+03 -4.2403e+00 -2.6008e+00 -4.2973e+00 -3.1609e+00 -4.2872e+00
150 +9.003561595e+01 +9.003561595e+01 +6.808756159e+02 +6.808756159e+02 -4.2374e+00 -3.0346e+00 -3.7668e+00 -2.9196e+00 -3.3851e+00
180 +6.228486411e+01 +6.228486411e+01 +6.531248641e+02 +6.531248641e+02 -1.5877e+00 -2.8471e+00 -2.3061e+00 -4.4080e+00 -5.0000e+00
207 +2.418447392e+01 +2.418447392e+01 +6.150244739e+02 +6.150244739e+02 +1.2858e+00 -3.0000e+00 -2.4759e+00 -3.8615e+00 -3.8157e+00
382 +1.398289147e+01 +1.398289147e+01 +6.048228915e+02 +6.048228915e+02 +5.6855e-01 -2.5460e+00 -3.4592e+00 -3.1079e+00 -2.5185e+00
521 +8.586842059e+00 +8.586842059e+00 +5.994268421e+02 +5.994268421e+02 +1.7358e+00 -2.9421e+00 -3.7057e+00 -2.8662e+00 -1.6764e+00
653 +5.467142945e+00 +5.467142945e+00 +5.963071429e+02 +5.963071429e+02 +1.4771e+00 -3.6588e+00 -3.3786e+00 -2.4423e+00 -6.9604e-01
791 +3.339262306e+00 +3.339262306e+00 +5.941792623e+02 +5.941792623e+02 +1.3052e+00 -3.1140e+00 -3.5500e+00 -2.1332e+00 -1.0761e+00
1039 +1.363587556e+00 +1.363587556e+00 +5.922035876e+02 +5.922035876e+02 +1.4952e+00 -3.1317e+00 -3.6700e+00 -1.6874e+00 -6.8825e-01
1273 +8.238236388e-01 +8.238236388e-01 +5.916638236e+02 +5.916638236e+02 +1.5833e+00 -3.3691e+00 -3.3211e+00 -1.6361e+00 -7.3614e-01
1673 +5.732521290e-01 +5.732521290e-01 +5.914132521e+02 +5.914132521e+02 +1.5348e+00 -3.3236e+00 -3.2771e+00 -1.6917e+00 -4.3949e-01
1928 +2.856818181e-01 +2.856818181e-01 +5.911256818e+02 +5.911256818e+02 +1.4979e+00 -3.2602e+00 -3.4106e+00 -1.4929e+00 -5.2618e-01
2533 +2.346873246e-01 +2.346873246e-01 +5.910746873e+02 +5.910746873e+02 +1.4659e+00 -3.3400e+00 -3.3373e+00 -1.4555e+00 -4.4489e-01
2704 +1.283045959e-01 +1.283045959e-01 +5.909683046e+02 +5.909683046e+02 +1.4910e+00 -3.4000e+00 -3.4816e+00 -1.2897e+00 -3.3628e-01
2982 +8.050585041e-02 +8.050585041e-02 +5.909205059e+02 +5.909205059e+02 +1.4282e+00 -3.3595e+00 -3.5318e+00 -1.2403e+00 -3.2924e-01
3007 +2.244229765e-02 +2.244229765e-02 +5.908624423e+02 +5.908624423e+02 +1.4540e+00 -3.3211e+00 -3.5043e+00 -1.2019e+00 -3.5430e-01
3811 +1.433405532e-02 +1.433405532e-02 +5.908543341e+02 +5.908543341e+02 +1.4479e+00 -3.3180e+00 -3.4897e+00 -1.2078e+00 -3.3805e-01
3910 +9.221466458e-03 +9.221466458e-03 +5.908492215e+02 +5.908492215e+02 +1.4591e+00 -3.3325e+00 -3.4943e+00 -1.2006e+00 -3.1466e-01
3950 +5.076400474e-03 +5.076400474e-03 +5.908450764e+02 +5.908450764e+02 +1.4542e+00 -3.3291e+00 -3.4943e+00 -1.1811e+00 -3.2101e-01
3967 +2.998250511e-03 +2.998250511e-03 +5.908429983e+02 +5.908429983e+02 +1.4465e+00 -3.3369e+00 -3.4949e+00 -1.1701e+00 -3.0873e-01
4041 +1.600758651e-03 +1.600758651e-03 +5.908416008e+02 +5.908416008e+02 +1.4444e+00 -3.3342e+00 -3.4966e+00 -1.1686e+00 -2.9978e-01
4121 +2.749378715e-04 +2.749378715e-04 +5.908402749e+02 +5.908402749e+02 +1.4437e+00 -3.3367e+00 -3.4977e+00 -1.1562e+00 -2.9313e-01
4465 +2.242585022e-04 +2.242585022e-04 +5.908402243e+02 +5.908402243e+02 +1.4440e+00 -3.3366e+00 -3.4964e+00 -1.1546e+00 -2.9378e-01
4639 +1.483961148e-04 +1.483961148e-04 +5.908401484e+02 +5.908401484e+02 +1.4457e+00 -3.3356e+00 -3.4966e+00 -1.1574e+00 -2.9217e-01
% function evaluation | noise-free fitness - Fopt (3.098000000000e+01) | best noise-free fitness - Fopt | measured fitness | best measured fitness | x1 | x2...
1 +5.858879749e+05 +5.858879749e+05 +5.859189549e+05 +5.859189549e+05 +3.1472e+00 +4.0579e+00 -3.7301e+00 +4.1338e+00 +1.3236e+00
2 +2.896624443e+05 +2.896624443e+05 +2.896934243e+05 +2.896934243e+05 -4.0246e+00 -2.2150e+00 +4.6882e-01 +4.5751e+00 +4.6489e+00
4 +2.233464381e+05 +2.233464381e+05 +2.233774181e+05 +2.233774181e+05 -3.5811e+00 -7.8239e-01 +4.1574e+00 +2.9221e+00 +4.5949e+00
7 +1.579606219e+05 +1.579606219e+05 +1.579916019e+05 +1.579916019e+05 +2.0605e+00 -4.6817e+00 -2.2308e+00 -4.5383e+00 -4.0287e+00
15 +5.473000365e+04 +5.473000365e+04 +5.476098365e+04 +5.476098365e+04 +3.4072e+00 -2.4572e+00 +3.1428e+00 -2.5648e+00 +4.2926e+00
16 +3.973481701e+04 +3.973481701e+04 +3.976579701e+04 +3.976579701e+04 -1.5002e+00 -3.0340e+00 -2.4892e+00 +1.1604e+00 -2.6711e-01
35 +1.123874741e+04 +1.123874741e+04 +1.126972741e+04 +1.126972741e+04 -2.6522e+00 -1.4684e+00 +3.2119e+00 -4.8460e+00 -4.5698e+00
37 +8.933913396e+03 +8.933913396e+03 +8.964893396e+03 +8.964893396e+03 +4.7009e-01 -2.0368e+00 +2.4469e+00 -3.1104e+00 +1.8678e+00
87 +5.038924607e+01 +5.038924607e+01 +8.136924607e+01 +8.136924607e+01 +3.3259e-01 -3.6817e+00 +1.4176e+00 -3.5383e+00 -2.3466e+00
192 +2.411667671e+01 +2.411667671e+01 +5.509667671e+01 +5.509667671e+01 +5.8028e-01 -3.3861e+00 +1.5586e-01 -4.4642e+00 -1.8880e+00
214 +1.270907135e+01 +1.270907135e+01 +4.368907135e+01 +4.368907135e+01 +1.5929e+00 -2.5278e+00 -6.1376e-01 -4.0908e+00 -4.5401e-01
375 +6.905959087e+00 +6.905959087e+00 +3.788595909e+01 +3.788595909e+01 +2.4072e+00 -2.8561e+00 -9.7725e-01 -4.9165e+00 +7.8269e-02
415 +5.646924202e+00 +5.646924202e+00 +3.662692420e+01 +3.662692420e+01 +2.4813e+00 -2.8561e+00 -1.0269e+00 -4.9165e+00 -4.3057e-01
490 +3.705008165e+00 +3.705008165e+00 +3.468500816e+01 +3.468500816e+01 +1.5670e+00 -2.5361e+00 -1.8752e+00 -3.9064e+00 -4.6883e-01
540 +1.705108126e+00 +1.705108126e+00 +3.268510813e+01 +3.268510813e+01 +2.2858e+00 -2.4337e+00 -2.0046e+00 -4.0897e+00 +1.8071e-01
1083 +1.390240972e+00 +1.390240972e+00 +3.237024097e+01 +3.237024097e+01 +2.1899e+00 -2.5074e+00 -2.0118e+00 -4.2330e+00 -3.8394e-02
1386 +8.186452103e-01 +8.186452103e-01 +3.179864521e+01 +3.179864521e+01 +2.3184e+00 -2.6670e+00 -2.1900e+00 -4.2899e+00 +1.7687e-02
1629 +3.065357853e-01 +3.065357853e-01 +3.128653579e+01 +3.128653579e+01 +2.1116e+00 -2.4816e+00 -2.4948e+00 -4.0600e+00 -1.2040e-01
1843 +1.546499309e-01 +1.546499309e-01 +3.113464993e+01 +3.113464993e+01 +2.0660e+00 -2.5204e+00 -2.6492e+00 -3.9328e+00 +1.6501e-02
2713 +8.304329015e-02 +8.304329015e-02 +3.106304329e+01 +3.106304329e+01 +2.1631e+00 -2.5642e+00 -2.6383e+00 -3.8924e+00 +1.0761e-01
3203 +5.388058654e-02 +5.388058654e-02 +3.103388059e+01 +3.103388059e+01 +2.1152e+00 -2.5557e+00 -2.6982e+00 -3.8574e+00 +7.1767e-02
3212 +3.886224956e-02 +3.886224956e-02 +3.101886225e+01 +3.101886225e+01 +2.1894e+00 -2.5228e+00 -2.6855e+00 -3.8729e+00 +1.2137e-01
3418 +1.581855630e-02 +1.581855630e-02 +3.099581856e+01 +3.099581856e+01 +2.1458e+00 -2.4925e+00 -2.7292e+00 -3.8311e+00 +9.3979e-02
3748 +8.651611037e-03 +8.651611037e-03 +3.098865161e+01 +3.098865161e+01 +2.1556e+00 -2.4920e+00 -2.7274e+00 -3.8293e+00 +8.2525e-02
3831 +4.653154703e-03 +4.653154703e-03 +3.098465315e+01 +3.098465315e+01 +2.1644e+00 -2.4951e+00 -2.7329e+00 -3.8289e+00 +8.3896e-02
3886 +2.381647414e-03 +2.381647414e-03 +3.098238165e+01 +3.098238165e+01 +2.1663e+00 -2.4888e+00 -2.7451e+00 -3.8270e+00 +8.3832e-02
4505 +1.213942763e-03 +1.213942763e-03 +3.098121394e+01 +3.098121394e+01 +2.1694e+00 -2.4852e+00 -2.7508e+00 -3.8240e+00 +9.0673e-02
4625 +9.963817635e-04 +9.963817635e-04 +3.098099638e+01 +3.098099638e+01 +2.1713e+00 -2.4803e+00 -2.7508e+00 -3.8234e+00 +9.0656e-02
4779 +5.014578631e-04 +5.014578631e-04 +3.098050146e+01 +3.098050146e+01 +2.1718e+00 -2.4838e+00 -2.7523e+00 -3.8193e+00 +9.2253e-02
4873 +2.688386958e-04 +2.688386958e-04 +3.098026884e+01 +3.098026884e+01 +2.1746e+00 -2.4822e+00 -2.7519e+00 -3.8159e+00 +9.5374e-02
4993 +1.958730482e-04 +1.958730482e-04 +3.098019587e+01 +3.098019587e+01 +2.1746e+00 -2.4822e+00 -2.7529e+00 -3.8172e+00 +9.5374e-02
% function evaluation | noise-free fitness - Fopt (-1.445400000000e+02) | best noise-free fitness - Fopt | measured fitness | best measured fitness | x1 | x2...
1 +5.513170201e+05 +5.513170201e+05 +5.511724801e+05 +5.511724801e+05 +3.1472e+00 +4.0579e+00 -3.7301e+00 +4.1338e+00 +1.3236e+00
2 +3.175467798e+05 +3.175467798e+05 +3.174022398e+05 +3.174022398e+05 -4.0246e+00 -2.2150e+00 +4.6882e-01 +4.5751e+00 +4.6489e+00
16 +1.340034210e+05 +1.340034210e+05 +1.338588810e+05 +1.338588810e+05 -1.5002e+00 -3.0340e+00 -2.4892e+00 +1.1604e+00 -2.6711e-01
56 +9.845234111e+04 +9.845234111e+04 +9.830780111e+04 +9.830780111e+04 -2.5002e+00 -2.0340e+00 -2.9789e+00 +2.1604e+00 +7.3289e-01
136 +4.652188233e+04 +4.652188233e+04 +4.637734233e+04 +4.637734233e+04 -3.5002e+00 -1.0340e+00 -2.3130e+00 +1.1604e+00 +1.5574e+00
216 +3.411371378e+04 +3.411371378e+04 +3.396917378e+04 +3.396917378e+04 -4.3838e+00 -1.5044e-01 -1.7246e+00 +2.7684e-01 +2.2859e+00
220 +1.851010603e+04 +1.851010603e+04 +1.836556603e+04 +1.836556603e+04 -4.0000e+00 +1.6882e+00 -3.0295e+00 -3.3368e+00 +1.2630e+00
260 +1.167993838e+04 +1.167993838e+04 +1.153539838e+04 +1.153539838e+04 -3.3394e+00 +2.1474e+00 -3.7925e+00 -4.7209e+00 +9.5137e-01
330 +3.723565861e+03 +3.723565861e+03 +3.579025861e+03 +3.579025861e+03 -2.1361e+00 -3.6440e-01 -3.0998e+00 -8.0230e-01 +1.5326e+00
366 +1.974503470e+03 +1.974503470e+03 +1.829963470e+03 +1.829963470e+03 -2.3199e+00 +1.4313e+00 -3.1672e+00 -1.4452e+00 +1.7119e+00
373 +9.439619665e+02 +9.439619665e+02 +7.994219665e+02 +7.994219665e+02 -2.4873e+00 +2.1146e+00 -4.0969e+00 -1.0092e+00 +1.2007e+00
377 +2.940646777e+02 +2.940646777e+02 +1.495246777e+02 +1.495246777e+02 -2.3691e+00 +1.8714e+00 -3.9666e+00 -6.9755e-01 +1.8154e+00
388 +1.050426005e+02 +1.050426005e+02 -3.949739951e+01 -3.949739951e+01 -2.0564e+00 +2.0499e+00 -4.1974e+00 -2.1479e+00 +1.4495e+00
450 +1.327672567e+01 +1.327672567e+01 -1.312632743e+02 -1.312632743e+02 -1.5605e+00 -7.5733e-02 -4.5369e+00 -1.8992e+00 +1.8248e+00
642 +5.783049966e+00 +5.783049966e+00 -1.387569500e+02 -1.387569500e+02 -9.1657e-01 -4.6564e-01 -4.6510e+00 -5.4891e-01 +1.7497e+00
906 +3.699093859e+00 +3.699093859e+00 -1.408409061e+02 -1.408409061e+02 -1.1738e+00 -9.3625e-01 -4.6686e+00 -9.6367e-03 +1.8336e+00
1149 +2.491761581e+00 +2.491761581e+00 -1.420482384e+02 -1.420482384e+02 -1.3571e+00 -2.6858e-01 -3.9761e+00 -4.3160e-01 +1.9978e+00
1198 +1.176014757e+00 +1.176014757e+00 -1.433639852e+02 -1.433639852e+02 -1.3015e+00 -7.3497e-01 -3.8086e+00 -2.5012e-01 +1.8594e+00
1533 +5.412549105e-01 +5.412549105e-01 -1.439987451e+02 -1.439987451e+02 -1.5748e+00 -6.2667e-01 -3.7418e+00 +7.2812e-02 +2.0195e+00
1702 +3.104186631e-01 +3.104186631e-01 -1.442295813e+02 -1.442295813e+02 -1.6878e+00 -5.8717e-01 -3.5989e+00 -2.4513e-02 +2.0563e+00
2255 +2.488602292e-01 +2.488602292e-01 -1.442911398e+02 -1.442911398e+02 -1.7902e+00 -4.5864e-01 -3.5005e+00 +5.4958e-02 +2.1437e+00
2298 +1.276966190e-01 +1.276966190e-01 -1.444123034e+02 -1.444123034e+02 -1.7674e+00 -5.0491e-01 -3.4249e+00 +3.4412e-02 +2.0703e+00
2941 +9.383010040e-02 +9.383010040e-02 -1.444461699e+02 -1.444461699e+02 -1.7980e+00 -5.1407e-01 -3.4204e+00 +3.4681e-02 +2.0785e+00
3271 +4.798671710e-02 +4.798671710e-02 -1.444920133e+02 -1.444920133e+02 -1.8059e+00 -5.4439e-01 -3.3790e+00 +2.1907e-03 +2.0865e+00
3591 +2.984965249e-02 +2.984965249e-02 -1.445101503e+02 -1.445101503e+02 -1.8537e+00 -5.1053e-01 -3.3219e+00 -2.0612e-02 +2.0475e+00
3651 +2.192279769e-02 +2.192279769e-02 -1.445180772e+02 -1.445180772e+02 -1.8418e+00 -5.2921e-01 -3.3274e+00 -7.9584e-03 +2.0687e+00
3808 +1.376088662e-02 +1.376088662e-02 -1.445262391e+02 -1.445262391e+02 -1.8775e+00 -5.2738e-01 -3.3058e+00 -1.7720e-02 +2.0886e+00
3987 +5.057655713e-03 +5.057655713e-03 -1.445349423e+02 -1.445349423e+02 -1.8811e+00 -5.3220e-01 -3.2869e+00 -2.7862e-02 +2.0667e+00
4111 +3.311426683e-03 +3.311426683e-03 -1.445366886e+02 -1.445366886e+02 -1.8778e+00 -5.2315e-01 -3.2766e+00 -3.2424e-02 +2.0706e+00
4463 +2.350501216e-03 +2.350501216e-03 -1.445376495e+02 -1.445376495e+02 -1.8860e+00 -5.1752e-01 -3.2698e+00 -2.9791e-02 +2.0702e+00
4608 +1.235128908e-03 +1.235128908e-03 -1.445387649e+02 -1.445387649e+02 -1.8901e+00 -5.1754e-01 -3.2637e+00 -3.2778e-02 +2.0703e+00
4688 +5.507472735e-04 +5.507472735e-04 -1.445394493e+02 -1.445394493e+02 -1.8908e+00 -5.1610e-01 -3.2576e+00 -3.2774e-02 +2.0727e+00
4776 +3.798771443e-04 +3.798771443e-04 -1.445396201e+02 -1.445396201e+02 -1.8941e+00 -5.1556e-01 -3.2556e+00 -3.4820e-02 +2.0718e+00
% function evaluation | noise-free fitness - Fopt (-9.649000000000e+01) | best noise-free fitness - Fopt | measured fitness | best measured fitness | x1 | x2...
1 +4.190877262e+02 +4.190877262e+02 +3.225977262e+02 +3.225977262e+02 +3.1472e+00 +4.0579e+00 -3.7301e+00 +4.1338e+00 +1.3236e+00
10 +9.002263236e+01 +9.002263236e+01 -6.467367642e+00 -6.467367642e+00 -1.0236e-01 -5.4414e-01 +1.4631e+00 +2.0936e+00 +2.5469e+00
76 +4.872559433e+01 +4.872559433e+01 -4.776440567e+01 -4.776440567e+01 -2.3101e+00 +4.9115e-01 +1.3172e+00 +1.9872e+00 +5.0924e-01
124 +2.976886819e+01 +2.976886819e+01 -6.672113181e+01 -6.672113181e+01 -1.9496e+00 -9.8909e-02 +2.1574e+00 +9.2207e-01 +2.5949e+00
178 +2.304544823e+01 +2.304544823e+01 -7.344455177e+01 -7.344455177e+01 -2.0553e+00 +5.7200e-01 +2.2110e+00 -7.2903e-01 +1.2682e+00
289 +9.465034587e+00 +9.465034587e+00 -8.702496541e+01 -8.702496541e+01 -3.0956e+00 +7.8627e-01 +1.7923e+00 -8.9258e-01 +8.6873e-01
547 +5.177858890e+00 +5.177858890e+00 -9.131214111e+01 -9.131214111e+01 -3.9201e+00 +1.2510e+00 +2.1197e+00 -5.9560e-01 +1.8621e+00
710 +3.891193605e+00 +3.891193605e+00 -9.259880640e+01 -9.259880640e+01 -2.7742e+00 +1.4731e+00 +2.2634e+00 -1.0001e+00 +1.4618e+00
979 +1.813459231e+00 +1.813459231e+00 -9.467654077e+01 -9.467654077e+01 -3.0357e+00 +1.5555e+00 +2.6788e+00 -4.5352e-01 +1.8947e+00
1083 +1.300612226e+00 +1.300612226e+00 -9.518938777e+01 -9.518938777e+01 -3.0955e+00 +1.5784e+00 +2.6848e+00 -7.0243e-01 +1.6996e+00
1393 +8.000607139e-01 +8.000607139e-01 -9.568993929e+01 -9.568993929e+01 -2.8652e+00 +1.6796e+00 +3.0204e+00 -3.3970e-01 +1.9965e+00
1546 +5.354181822e-01 +5.354181822e-01 -9.595458182e+01 -9.595458182e+01 -3.0304e+00 +1.5478e+00 +3.0462e+00 -3.3556e-01 +1.7841e+00
1680 +3.801834982e-01 +3.801834982e-01 -9.610981650e+01 -9.610981650e+01 -2.9782e+00 +1.5210e+00 +3.0234e+00 -5.5000e-01 +2.0068e+00
2260 +2.477428716e-01 +2.477428716e-01 -9.624225713e+01 -9.624225713e+01 -3.1471e+00 +1.7136e+00 +3.1314e+00 -3.2419e-01 +1.8792e+00
2313 +1.440215551e-01 +1.440215551e-01 -9.634597844e+01 -9.634597844e+01 -3.0751e+00 +1.5413e+00 +3.0595e+00 -5.9148e-01 +1.8731e+00
2607 +8.464207511e-02 +8.464207511e-02 -9.640535792e+01 -9.640535792e+01 -3.1139e+00 +1.5913e+00 +3.0890e+00 -5.7912e-01 +1.9061e+00
2946 +5.047768591e-02 +5.047768591e-02 -9.643952231e+01 -9.643952231e+01 -3.0731e+00 +1.6222e+00 +3.1210e+00 -5.6125e-01 +1.9003e+00
3164 +3.773867886e-02 +3.773867886e-02 -9.645226132e+01 -9.645226132e+01 -3.0349e+00 +1.6518e+00 +3.1413e+00 -5.6663e-01 +1.9209e+00
3266 +1.691912835e-02 +1.691912835e-02 -9.647308087e+01 -9.647308087e+01 -3.0186e+00 +1.6354e+00 +3.1698e+00 -5.5968e-01 +1.9383e+00
3487 +1.500697169e-02 +1.500697169e-02 -9.647499303e+01 -9.647499303e+01 -3.0151e+00 +1.6488e+00 +3.1678e+00 -5.7758e-01 +1.9101e+00
3740 +8.474661358e-03 +8.474661358e-03 -9.648152534e+01 -9.648152534e+01 -2.9937e+00 +1.6616e+00 +3.1802e+00 -5.7890e-01 +1.9256e+00
3809 +4.669355817e-03 +4.669355817e-03 -9.648533064e+01 -9.648533064e+01 -2.9733e+00 +1.6419e+00 +3.1944e+00 -5.8055e-01 +1.9423e+00
3840 +3.950153284e-03 +3.950153284e-03 -9.648604985e+01 -9.648604985e+01 -2.9691e+00 +1.6537e+00 +3.1994e+00 -5.7604e-01 +1.9400e+00
3972 +2.505332093e-03 +2.505332093e-03 -9.648749467e+01 -9.648749467e+01 -2.9758e+00 +1.6604e+00 +3.1980e+00 -5.7833e-01 +1.9368e+00
4130 +1.392967347e-03 +1.392967347e-03 -9.648860703e+01 -9.648860703e+01 -2.9808e+00 +1.6585e+00 +3.1969e+00 -5.8677e-01 +1.9376e+00
4223 +9.742421856e-04 +9.742421856e-04 -9.648902576e+01 -9.648902576e+01 -2.9759e+00 +1.6589e+00 +3.2014e+00 -5.8528e-01 +1.9369e+00
4367 +5.167675257e-04 +5.167675257e-04 -9.648948323e+01 -9.648948323e+01 -2.9790e+00 +1.6566e+00 +3.2013e+00 -5.8931e-01 +1.9388e+00
4846 +3.940675440e-04 +3.940675440e-04 -9.648960593e+01 -9.648960593e+01 -2.9766e+00 +1.6564e+00 +3.2017e+00 -5.9223e-01 +1.9416e+00
% function evaluation | noise-free fitness - Fopt (1.000000000000e+03) | best noise-free fitness - Fopt | measured fitness | best measured fitness | x1 | x2...
1 +1.038356810e+05 +1.038356810e+05 +1.048356810e+05 +1.048356810e+05 +3.1472e+00 +4.0579e+00 -3.7301e+00 +4.1338e+00 +1.3236e+00
17 +7.498702240e+04 +7.498702240e+04 +7.598702240e+04 +7.598702240e+04 -1.4834e+00 +3.3083e+00 +8.5264e-01 +4.9724e-01 +4.1719e+00
83 +3.926902232e+04 +3.926902232e+04 +4.026902232e+04 +4.026902232e+04 -1.5851e+00 +3.7059e+00 +3.5729e+00 -1.7161e-01 +3.6245e+00
119 +4.097848176e+03 +4.097848176e+03 +5.097848176e+03 +5.097848176e+03 +1.9102e+00 +3.7571e+00 +8.6792e-01 -3.8745e-01 +3.8299e+00
298 +6.585093187e+00 +6.585093187e+00 +1.006585093e+03 +1.006585093e+03 +1.8584e+00 +3.6301e+00 +4.4192e-01 -4.5899e-01 +4.6782e+00
519 +5.943005729e+00 +5.943005729e+00 +1.005943006e+03 +1.005943006e+03 +1.8185e+00 +3.6228e+00 +8.6792e-01 -3.8745e-01 +4.6679e+00
616 +3.578876385e+00 +3.578876385e+00 +1.003578876e+03 +1.003578876e+03 +1.9587e+00 +4.2518e+00 +8.6401e-01 +5.5023e-01 +4.0000e+00
618 +2.475770760e+00 +2.475770760e+00 +1.002475771e+03 +1.002475771e+03 +2.0730e+00 +3.7306e+00 +5.1823e-01 +5.0100e-01 +4.3212e+00
1083 +1.381448728e+00 +1.381448728e+00 +1.001381449e+03 +1.001381449e+03 +1.9477e+00 +3.7006e+00 +7.0160e-01 +8.6248e-01 +4.1082e+00
1174 +9.070322296e-01 +9.070322296e-01 +1.000907032e+03 +1.000907032e+03 +1.9601e+00 +3.5466e+00 +7.6051e-01 +1.1738e+00 +3.9730e+00
1675 +4.192855122e-01 +4.192855122e-01 +1.000419286e+03 +1.000419286e+03 +1.9433e+00 +3.4253e+00 +5.1813e-01 +1.0241e+00 +3.8329e+00
1746 +2.373119797e-01 +2.373119797e-01 +1.000237312e+03 +1.000237312e+03 +1.9142e+00 +3.2858e+00 +5.9859e-01 +1.1548e+00 +3.8236e+00
2074 +1.488812215e-01 +1.488812215e-01 +1.000148881e+03 +1.000148881e+03 +1.8195e+00 +3.2857e+00 +6.1227e-01 +1.2465e+00 +3.8717e+00
2475 +8.442679006e-02 +8.442679006e-02 +1.000084427e+03 +1.000084427e+03 +1.7842e+00 +3.2074e+00 +6.8054e-01 +1.1940e+00 +3.8640e+00
2946 +5.617134004e-02 +5.617134004e-02 +1.000056171e+03 +1.000056171e+03 +1.7429e+00 +3.1916e+00 +6.5038e-01 +1.2270e+00 +3.8441e+00
3115 +3.917422785e-02 +3.917422785e-02 +1.000039174e+03 +1.000039174e+03 +1.7240e+00 +3.1493e+00 +6.6133e-01 +1.2400e+00 +3.8732e+00
3484 +2.348064824e-02 +2.348064824e-02 +1.000023481e+03 +1.000023481e+03 +1.7280e+00 +3.1190e+00 +7.0305e-01 +1.2574e+00 +3.8562e+00
3770 +1.104433717e-02 +1.104433717e-02 +1.000011044e+03 +1.000011044e+03 +1.7142e+00 +3.1124e+00 +6.9607e-01 +1.2895e+00 +3.8484e+00
4146 +8.548110278e-03 +8.548110278e-03 +1.000008548e+03 +1.000008548e+03 +1.7056e+00 +3.1064e+00 +7.0008e-01 +1.2987e+00 +3.8580e+00
4238 +4.678050858e-03 +4.678050858e-03 +1.000004678e+03 +1.000004678e+03 +1.6877e+00 +3.0868e+00 +6.9814e-01 +1.2911e+00 +3.8597e+00
4370 +3.305173594e-03 +3.305173594e-03 +1.000003305e+03 +1.000003305e+03 +1.6862e+00 +3.0812e+00 +7.0227e-01 +1.2975e+00 +3.8620e+00
4603 +2.286464322e-03 +2.286464322e-03 +1.000002286e+03 +1.000002286e+03 +1.6895e+00 +3.0822e+00 +7.0717e-01 +1.3091e+00 +3.8572e+00
4798 +1.439174372e-03 +1.439174372e-03 +1.000001439e+03 +1.000001439e+03 +1.6852e+00 +3.0769e+00 +7.0703e-01 +1.3090e+00 +3.8576e+00
4857 +6.911620554e-04 +6.911620554e-04 +1.000000691e+03 +1.000000691e+03 +1.6790e+00 +3.0731e+00 +7.1182e-01 +1.3096e+00 +3.8559e+00
% function evaluation | noise-free fitness - Fopt (-1.547600000000e+02) | best noise-free fitness - Fopt | measured fitness | best measured fitness | x1 | x2...
1 +1.484835078e+05 +1.484835078e+05 +1.483287478e+05 +1.483287478e+05 +3.1472e+00 +4.0579e+00 -3.7301e+00 +4.1338e+00 +1.3236e+00
15 +3.178327574e+04 +3.178327574e+04 +3.162851574e+04 +3.162851574e+04 +3.4072e+00 -2.4572e+00 +3.1428e+00 -2.5648e+00 +4.2926e+00
17 +2.005479528e+04 +2.005479528e+04 +1.990003528e+04 +1.990003528e+04 -1.4834e+00 +3.3083e+00 +8.5264e-01 +4.9724e-01 +4.1719e+00
55 +9.182586270e+03 +9.182586270e+03 +9.027826270e+03 +9.027826270e+03 +2.4072e+00 -1.4754e+00 +2.7716e+00 -1.5648e+00 +4.6498e+00
135 +3.538683378e+03 +3.538683378e+03 +3.383923378e+03 +3.383923378e+03 +1.5154e+00 -5.9981e-01 +2.4406e+00 -6.7295e-01 +4.9683e+00
170 +1.866042623e+01 +1.866042623e+01 -1.360995738e+02 -1.360995738e+02 +1.2103e+00 +2.3256e+00 +2.1513e+00 -4.4225e-01 +5.0000e+00
361 +1.184578663e+01 +1.184578663e+01 -1.429142134e+02 -1.429142134e+02 +1.8763e+00 +2.7812e+00 +1.2699e+00 -8.6624e-01 +5.0000e+00
401 +6.988006101e+00 +6.988006101e+00 -1.477719939e+02 -1.477719939e+02 +1.8763e+00 +2.4222e+00 +1.2699e+00 -1.2267e+00 +4.3538e+00
602 +5.159085388e+00 +5.159085388e+00 -1.496009146e+02 -1.496009146e+02 +2.2086e+00 +2.9753e+00 +1.2343e+00 -1.4315e+00 +4.0059e+00
648 +2.687415083e+00 +2.687415083e+00 -1.520725849e+02 -1.520725849e+02 +2.1508e+00 +2.8193e+00 +7.3064e-01 -1.3858e+00 +3.7495e+00
682 +1.392438827e+00 +1.392438827e+00 -1.533675612e+02 -1.533675612e+02 +1.7543e+00 +2.7608e+00 +6.1840e-01 -1.8116e+00 +3.5548e+00
1181 +7.307634555e-01 +7.307634555e-01 -1.540292365e+02 -1.540292365e+02 +1.5069e+00 +2.7094e+00 +4.1142e-01 -1.8469e+00 +3.2659e+00
1697 +3.962211620e-01 +3.962211620e-01 -1.543637788e+02 -1.543637788e+02 +1.5660e+00 +2.8512e+00 +3.8117e-01 -1.9656e+00 +3.2813e+00
2147 +1.660582148e-01 +1.660582148e-01 -1.545939418e+02 -1.545939418e+02 +1.5703e+00 +2.9318e+00 +2.3167e-01 -2.0100e+00 +3.1923e+00
2602 +1.520971725e-01 +1.520971725e-01 -1.546079028e+02 -1.546079028e+02 +1.5821e+00 +2.9661e+00 +2.2554e-01 -1.9738e+00 +3.1637e+00
2684 +8.038528823e-02 +8.038528823e-02 -1.546796147e+02 -1.546796147e+02 +1.5073e+00 +2.9365e+00 +1.4836e-01 -2.0568e+00 +3.1290e+00
2922 +4.252776711e-02 +4.252776711e-02 -1.547174722e+02 -1.547174722e+02 +1.5461e+00 +2.9076e+00 +2.0528e-01 -2.0457e+00 +3.0604e+00
3082 +3.319170164e-02 +3.319170164e-02 -1.547268083e+02 -1.547268083e+02 +1.5291e+00 +2.9057e+00 +2.0473e-01 -2.0733e+00 +3.0555e+00
3242 +2.353068735e-02 +2.353068735e-02 -1.547364693e+02 -1.547364693e+02 +1.5259e+00 +2.9058e+00 +2.0232e-01 -2.0680e+00 +3.0370e+00
3265 +1.395292143e-02 +1.395292143e-02 -1.547460471e+02 -1.547460471e+02 +1.5073e+00 +2.9090e+00 +1.9987e-01 -2.1185e+00 +3.0286e+00
3324 +4.599795921e-03 +4.599795921e-03 -1.547554002e+02 -1.547554002e+02 +1.4878e+00 +2.9164e+00 +1.6671e-01 -2.1149e+00 +3.0067e+00
4044 +3.490209307e-03 +3.490209307e-03 -1.547565098e+02 -1.547565098e+02 +1.4873e+00 +2.9160e+00 +1.6761e-01 -2.1215e+00 +3.0058e+00
4364 +2.486182475e-03 +2.486182475e-03 -1.547575138e+02 -1.547575138e+02 +1.4875e+00 +2.9170e+00 +1.7229e-01 -2.1228e+00 +3.0040e+00
4533 +1.344840965e-03 +1.344840965e-03 -1.547586552e+02 -1.547586552e+02 +1.4843e+00 +2.9242e+00 +1.6772e-01 -2.1265e+00 +3.0024e+00
4767 +7.836799026e-04 +7.836799026e-04 -1.547592163e+02 -1.547592163e+02 +1.4852e+00 +2.9247e+00 +1.6781e-01 -2.1324e+00 +2.9988e+00
4849 +5.427527225e-04 +5.427527225e-04 -1.547594572e+02 -1.547594572e+02 +1.4832e+00 +2.9217e+00 +1.6726e-01 -2.1338e+00 +2.9974e+00
% function evaluation | noise-free fitness - Fopt (3.914000000000e+01) | best noise-free fitness - Fopt | measured fitness | best measured fitness | x1 | x2...
1 +5.231330644e+05 +5.231330644e+05 +5.231722044e+05 +5.231722044e+05 +3.1472e+00 +4.0579e+00 -3.7301e+00 +4.1338e+00 +1.3236e+00
2 +2.953887157e+04 +2.953887157e+04 +2.957801157e+04 +2.957801157e+04 -4.0246e+00 -2.2150e+00 +4.6882e-01 +4.5751e+00 +4.6489e+00
19 +2.010063533e+04 +2.010063533e+04 +2.013977533e+04 +2.013977533e+04 -4.2415e+00 -4.4605e+00 +3.0798e-01 +2.7917e+00 +4.3401e+00
80 +8.146807949e+03 +8.146807949e+03 +8.185947949e+03 +8.185947949e+03 -2.9365e+00 -5.4309e-01 -2.0297e-01 +2.1763e+00 +3.9483e+00
82 +3.689495784e+03 +3.689495784e+03 +3.728635784e+03 +3.728635784e+03 -4.0246e+00 -4.8940e+00 -1.3485e+00 +3.1554e+00 +4.6489e+00
120 +4.098859966e+01 +4.098859966e+01 +8.012859966e+01 +8.012859966e+01 -4.2252e+00 -5.4309e-01 -7.8269e-01 +2.1763e+00 +3.8201e+00
299 +2.289052830e+01 +2.289052830e+01 +6.203052830e+01 +6.203052830e+01 -3.2173e+00 -1.9286e+00 -1.0351e+00 +2.8722e+00 +4.0267e+00
389 +1.281102681e+01 +1.281102681e+01 +5.195102681e+01 +5.195102681e+01 -1.4697e+00 -2.5593e+00 -1.8631e+00 +2.2827e+00 +4.0181e+00
594 +3.528885050e+00 +3.528885050e+00 +4.266888505e+01 +4.266888505e+01 -1.6905e+00 -2.1196e+00 -1.4820e+00 +1.8185e+00 +2.7255e+00
1022 +2.308524579e+00 +2.308524579e+00 +4.144852458e+01 +4.144852458e+01 -1.4412e+00 -2.2853e+00 -1.3039e+00 +1.7080e+00 +2.8334e+00
1026 +1.371666963e+00 +1.371666963e+00 +4.051166696e+01 +4.051166696e+01 -1.0506e+00 -2.4075e+00 -1.3257e+00 +2.2886e+00 +2.6265e+00
1340 +6.965704921e-01 +6.965704921e-01 +3.983657049e+01 +3.983657049e+01 -1.3078e+00 -2.6689e+00 -1.0561e+00 +1.7440e+00 +2.7959e+00
1975 +4.144212235e-01 +4.144212235e-01 +3.955442122e+01 +3.955442122e+01 -1.4362e+00 -2.5904e+00 -7.8738e-01 +1.3644e+00 +2.8696e+00
2215 +3.170107854e-01 +3.170107854e-01 +3.945701079e+01 +3.945701079e+01 -1.3933e+00 -2.6143e+00 -8.5843e-01 +1.5684e+00 +2.8321e+00
2260 +2.192621719e-01 +2.192621719e-01 +3.935926217e+01 +3.935926217e+01 -1.3273e+00 -2.5994e+00 -7.9200e-01 +1.6647e+00 +2.8614e+00
2696 +1.512191054e-01 +1.512191054e-01 +3.929121911e+01 +3.929121911e+01 -1.4934e+00 -2.5672e+00 -7.0907e-01 +1.5172e+00 +2.7955e+00
2763 +4.437779011e-02 +4.437779011e-02 +3.918437779e+01 +3.918437779e+01 -1.3559e+00 -2.5931e+00 -7.1348e-01 +1.5822e+00 +2.7804e+00
3102 +3.512497133e-02 +3.512497133e-02 +3.917512497e+01 +3.917512497e+01 -1.3509e+00 -2.6009e+00 -7.1033e-01 +1.5908e+00 +2.7561e+00
3580 +1.605240603e-02 +1.605240603e-02 +3.915605241e+01 +3.915605241e+01 -1.3824e+00 -2.5888e+00 -6.4761e-01 +1.5768e+00 +2.7733e+00
3700 +1.554840352e-02 +1.554840352e-02 +3.915554840e+01 +3.915554840e+01 -1.3846e+00 -2.5888e+00 -6.4981e-01 +1.5646e+00 +2.7733e+00
4044 +7.087016710e-03 +7.087016710e-03 +3.914708702e+01 +3.914708702e+01 -1.3920e+00 -2.6103e+00 -6.3592e-01 +1.5228e+00 +2.7773e+00
4124 +4.693738911e-03 +4.693738911e-03 +3.914469374e+01 +3.914469374e+01 -1.3882e+00 -2.6160e+00 -6.2945e-01 +1.5292e+00 +2.7826e+00
4225 +3.122081442e-03 +3.122081442e-03 +3.914312208e+01 +3.914312208e+01 -1.3811e+00 -2.6137e+00 -6.2119e-01 +1.5274e+00 +2.7834e+00
4311 +1.592841591e-03 +1.592841591e-03 +3.914159284e+01 +3.914159284e+01 -1.3849e+00 -2.6243e+00 -6.1950e-01 +1.5240e+00 +2.7797e+00
4364 +1.419307631e-03 +1.419307631e-03 +3.914141931e+01 +3.914141931e+01 -1.3850e+00 -2.6257e+00 -6.1745e-01 +1.5229e+00 +2.7797e+00
4456 +9.884382730e-04 +9.884382730e-04 +3.914098844e+01 +3.914098844e+01 -1.3845e+00 -2.6235e+00 -6.1269e-01 +1.5226e+00 +2.7819e+00
4558 +5.782610243e-04 +5.782610243e-04 +3.914057826e+01 +3.914057826e+01 -1.3843e+00 -2.6217e+00 -6.1207e-01 +1.5247e+00 +2.7791e+00
4783 +2.673448084e-04 +2.673448084e-04 +3.914026734e+01 +3.914026734e+01 -1.3834e+00 -2.6213e+00 -6.1215e-01 +1.5227e+00 +2.7760e+00
4936 +1.461705285e-04 +1.461705285e-04 +3.914014617e+01 +3.914014617e+01 -1.3831e+00 -2.6215e+00 -6.1201e-01 +1.5184e+00 +2.7755e+00
% function evaluation | noise-free fitness - Fopt (-1.186000000000e+01) | best noise-free fitness - Fopt | measured fitness | best measured fitness | x1 | x2...
1 +3.064796054e+05 +3.064796054e+05 +3.064677454e+05 +3.064677454e+05 +3.1472e+00 +4.0579e+00 -3.7301e+00 +4.1338e+00 +1.3236e+00
6 +1.057997861e+05 +1.057997861e+05 +1.057879261e+05 +1.057879261e+05 +2.5774e+00 +2.4313e+00 -1.0777e+00 +1.5548e+00 -3.2881e+00
7 +1.806816746e+04 +1.806816746e+04 +1.805630746e+04 +1.805630746e+04 +2.0605e+00 -4.6817e+00 -2.2308e+00 -4.5383e+00 -4.0287e+00
39 +7.992387414e+03 +7.992387414e+03 +7.980527414e+03 +7.980527414e+03 +4.2939e+00 +2.7571e+00 -1.3208e-01 -6.4141e-01 -5.3216e-01
54 +2.012104700e+03 +2.012104700e+03 +2.000244700e+03 +2.000244700e+03 +4.0714e+00 +1.4722e+00 -2.6138e+00 -2.5071e+00 -1.4458e+00
79 +1.005925207e+03 +1.005925207e+03 +9.940652069e+02 +9.940652069e+02 +5.0000e+00 +3.4405e+00 +4.3989e-01 -1.0721e+00 -3.6232e-01
206 +8.737387728e+02 +8.737387728e+02 +8.618787728e+02 +8.618787728e+02 +5.0000e+00 +4.1029e+00 +7.5450e-01 -1.4452e+00 -2.8813e-01
233 +9.272200552e+01 +9.272200552e+01 +8.086200552e+01 +8.086200552e+01 +5.0000e+00 +2.3941e-01 +3.9958e-01 -1.8851e+00 -1.0355e+00
295 +4.867030359e+01 +4.867030359e+01 +3.681030359e+01 +3.681030359e+01 +5.0000e+00 +1.1679e+00 -3.8346e-01 -1.1379e+00 +4.8303e-01
392 +3.969711293e+01 +3.969711293e+01 +2.783711293e+01 +2.783711293e+01 +4.5992e+00 +7.0317e-01 -9.3104e-01 -2.3831e+00 +8.2716e-01
451 +1.251392498e+01 +1.251392498e+01 +6.539249824e-01 +6.539249824e-01 +3.7603e+00 +1.1518e+00 -2.0012e+00 -2.8455e+00 +1.6981e+00
546 +6.871396004e+00 +6.871396004e+00 -4.988603996e+00 -4.988603996e+00 +4.0546e+00 +2.3370e+00 -2.5169e+00 -2.4648e+00 +2.0007e+00
619 +4.743019049e+00 +4.743019049e+00 -7.116980951e+00 -7.116980951e+00 +3.7236e+00 +2.4036e+00 -2.5697e+00 -4.1892e+00 +2.5312e+00
713 +3.481084907e+00 +3.481084907e+00 -8.378915093e+00 -8.378915093e+00 +3.1710e+00 +1.9217e+00 -2.5338e+00 -3.1924e+00 +1.8632e+00
967 +2.256315479e+00 +2.256315479e+00 -9.603684521e+00 -9.603684521e+00 +3.4312e+00 +3.2794e+00 -2.4350e+00 -3.2988e+00 +1.8251e+00
1107 +1.336609652e+00 +1.336609652e+00 -1.052339035e+01 -1.052339035e+01 +3.1347e+00 +3.3150e+00 -2.4938e+00 -3.5135e+00 +1.8976e+00
1690 +9.282968080e-01 +9.282968080e-01 -1.093170319e+01 -1.093170319e+01 +3.2375e+00 +2.7316e+00 -2.6073e+00 -3.1013e+00 +2.1198e+00
2094 +6.139801420e-01 +6.139801420e-01 -1.124601986e+01 -1.124601986e+01 +3.0782e+00 +2.9249e+00 -2.8292e+00 -3.4748e+00 +2.1100e+00
2156 +2.525112938e-01 +2.525112938e-01 -1.160748871e+01 -1.160748871e+01 +3.0808e+00 +2.6648e+00 -2.6759e+00 -3.4112e+00 +2.3418e+00
2470 +1.786134474e-01 +1.786134474e-01 -1.168138655e+01 -1.168138655e+01 +3.0354e+00 +2.5994e+00 -2.7051e+00 -3.3763e+00 +2.3346e+00
2687 +1.426737660e-01 +1.426737660e-01 -1.171732623e+01 -1.171732623e+01 +2.9929e+00 +2.6357e+00 -2.7055e+00 -3.3642e+00 +2.3111e+00
2879 +8.064610176e-02 +8.064610176e-02 -1.177935390e+01 -1.177935390e+01 +2.9829e+00 +2.6307e+00 -2.7796e+00 -3.3900e+00 +2.3146e+00
2956 +3.425915987e-02 +3.425915987e-02 -1.182574084e+01 -1.182574084e+01 +2.9342e+00 +2.5984e+00 -2.8022e+00 -3.3802e+00 +2.3418e+00
3116 +1.757819679e-02 +1.757819679e-02 -1.184242180e+01 -1.184242180e+01 +2.9144e+00 +2.6007e+00 -2.7863e+00 -3.3801e+00 +2.3515e+00
3199 +9.767505771e-03 +9.767505771e-03 -1.185023249e+01 -1.185023249e+01 +2.9039e+00 +2.6088e+00 -2.7868e+00 -3.3799e+00 +2.3591e+00
3676 +4.879898044e-03 +4.879898044e-03 -1.185512010e+01 -1.185512010e+01 +2.8976e+00 +2.6096e+00 -2.7972e+00 -3.3800e+00 +2.3603e+00
3730 +3.866853209e-03 +3.866853209e-03 -1.185613315e+01 -1.185613315e+01 +2.8986e+00 +2.6058e+00 -2.8037e+00 -3.3867e+00 +2.3690e+00
3905 +1.593120785e-03 +1.593120785e-03 -1.185840688e+01 -1.185840688e+01 +2.8980e+00 +2.6236e+00 -2.8082e+00 -3.3877e+00 +2.3683e+00
4065 +1.236108823e-03 +1.236108823e-03 -1.185876389e+01 -1.185876389e+01 +2.8963e+00 +2.6234e+00 -2.8104e+00 -3.3854e+00 +2.3697e+00
4079 +9.654455949e-04 +9.654455949e-04 -1.185903455e+01 -1.185903455e+01 +2.8909e+00 +2.6153e+00 -2.8082e+00 -3.3898e+00 +2.3696e+00
4216 +4.674170150e-04 +4.674170150e-04 -1.185953258e+01 -1.185953258e+01 +2.8885e+00 +2.6198e+00 -2.8080e+00 -3.3891e+00 +2.3698e+00
4281 +3.505381182e-04 +3.505381182e-04 -1.185964946e+01 -1.185964946e+01 +2.8902e+00 +2.6232e+00 -2.8091e+00 -3.3900e+00 +2.3712e+00
4711 +1.511633009e-04 +1.511633009e-04 -1.185984884e+01 -1.185984884e+01 +2.8883e+00 +2.6218e+00 -2.8102e+00 -3.3906e+00 +2.3737e+00
% function evaluation | noise-free fitness - Fopt (7.068000000000e+01) | best noise-free fitness - Fopt | measured fitness | best measured fitness | x1 | x2...
1 +4.607190864e+04 +4.607190864e+04 +4.614258864e+04 +4.614258864e+04 +3.1472e+00 +4.0579e+00 -3.7301e+00 +4.1338e+00 +1.3236e+00
25 +3.218573160e+04 +3.218573160e+04 +3.225641160e+04 +3.225641160e+04 -3.9335e+00 +4.6190e+00 -4.9537e+00 +2.7491e+00 +3.1730e+00
40 +6.813047660e+03 +6.813047660e+03 +6.883727660e+03 +6.883727660e+03 -1.9365e+00 +8.5087e-02 +1.0772e-01 +3.1763e+00 +2.9483e+00
41 +1.762815801e+03 +1.762815801e+03 +1.833495801e+03 +1.833495801e+03 +2.1472e+00 +3.0579e+00 -2.7301e+00 +3.1989e+00 +2.3236e+00
81 +1.142660507e+03 +1.142660507e+03 +1.213340507e+03 +1.213340507e+03 +2.1472e+00 +5.0000e+00 -2.1420e+00 +5.0000e+00 +3.2249e+00
189 +1.303430949e+01 +1.303430949e+01 +8.371430949e+01 +8.371430949e+01 +3.9664e-02 +2.3016e+00 -2.8828e+00 +1.8044e+00 +1.0181e+00
320 +5.703553363e+00 +5.703553363e+00 +7.638355336e+01 +7.638355336e+01 +2.0402e-01 +2.9506e+00 -2.2313e+00 +1.5669e+00 +9.4289e-01
469 +3.242966487e+00 +3.242966487e+00 +7.392296649e+01 +7.392296649e+01 -6.9688e-03 +3.0102e+00 -1.7877e+00 +1.7064e+00 +3.5814e-01
620 +1.854566713e+00 +1.854566713e+00 +7.253456671e+01 +7.253456671e+01 -1.1139e-01 +3.0167e+00 -1.9658e+00 +1.1582e+00 +5.0764e-01
696 +1.249033992e+00 +1.249033992e+00 +7.192903399e+01 +7.192903399e+01 -3.5230e-01 +3.0263e+00 -1.8164e+00 +8.3336e-01 +4.8841e-01
1242 +5.678286862e-01 +5.678286862e-01 +7.124782869e+01 +7.124782869e+01 -2.6702e-01 +3.0533e+00 -2.0631e+00 +4.2833e-01 +3.3073e-01
1439 +3.357463424e-01 +3.357463424e-01 +7.101574634e+01 +7.101574634e+01 -2.7371e-01 +3.1440e+00 -2.1243e+00 +5.5007e-01 +8.2014e-02
1993 +1.818581951e-01 +1.818581951e-01 +7.086185820e+01 +7.086185820e+01 -2.9194e-01 +3.1689e+00 -1.9912e+00 +5.8698e-01 +7.4449e-02
2284 +1.504800186e-01 +1.504800186e-01 +7.083048002e+01 +7.083048002e+01 -2.8134e-01 +3.1712e+00 -1.9926e+00 +4.9591e-01 +1.4069e-01
2353 +7.952040529e-02 +7.952040529e-02 +7.075952041e+01 +7.075952041e+01 -2.8298e-01 +3.1742e+00 -2.0454e+00 +3.9445e-01 +8.5134e-02
2546 +4.623413164e-02 +4.623413164e-02 +7.072623413e+01 +7.072623413e+01 -2.7827e-01 +3.2055e+00 -2.0405e+00 +3.8776e-01 +6.8956e-02
2684 +2.156989668e-02 +2.156989668e-02 +7.070156990e+01 +7.070156990e+01 -2.7028e-01 +3.1958e+00 -2.0678e+00 +3.2052e-01 +2.3137e-02
3328 +1.251792465e-02 +1.251792465e-02 +7.069251792e+01 +7.069251792e+01 -2.7073e-01 +3.2019e+00 -2.0669e+00 +3.0582e-01 +7.1137e-03
3425 +9.359934271e-03 +9.359934271e-03 +7.068935993e+01 +7.068935993e+01 -2.7479e-01 +3.2361e+00 -2.0745e+00 +3.1787e-01 -1.5601e-03
3745 +4.048336457e-03 +4.048336457e-03 +7.068404834e+01 +7.068404834e+01 -2.8250e-01 +3.2261e+00 -2.0592e+00 +3.1163e-01 -8.8705e-03
3905 +2.495984855e-03 +2.495984855e-03 +7.068249598e+01 +7.068249598e+01 -2.8278e-01 +3.2258e+00 -2.0525e+00 +3.1193e-01 -9.0580e-03
4144 +1.408885509e-03 +1.408885509e-03 +7.068140889e+01 +7.068140889e+01 -2.8627e-01 +3.2236e+00 -2.0407e+00 +3.1587e-01 -1.1053e-02
4385 +9.160225497e-04 +9.160225497e-04 +7.068091602e+01 +7.068091602e+01 -2.8635e-01 +3.2235e+00 -2.0404e+00 +3.1019e-01 -1.2482e-02
4613 +6.099958343e-04 +6.099958343e-04 +7.068061000e+01 +7.068061000e+01 -2.8806e-01 +3.2217e+00 -2.0419e+00 +3.0594e-01 -1.2621e-02
4781 +2.724241750e-04 +2.724241750e-04 +7.068027242e+01 +7.068027242e+01 -2.8908e-01 +3.2221e+00 -2.0467e+00 +3.0025e-01 -1.9531e-02
4863 +2.228749362e-04 +2.228749362e-04 +7.068022287e+01 +7.068022287e+01 -2.8924e-01 +3.2196e+00 -2.0440e+00 +3.0083e-01 -1.8359e-02
4903 +1.017020988e-04 +1.017020988e-04 +7.068010170e+01 +7.068010170e+01 -2.8924e-01 +3.2218e+00 -2.0435e+00 +3.0083e-01 -1.9146e-02
4927 +9.280109562e-05 +9.280109562e-05 +7.068009280e+01 +7.068009280e+01 -2.8979e-01 +3.2219e+00 -2.0423e+00 +3.0157e-01 -1.9001e-02
% function evaluation | noise-free fitness - Fopt (-6.260000000000e+00) | best noise-free fitness - Fopt | measured fitness | best measured fitness | x1 | x2...
1 +2.224217529e+05 +2.224217529e+05 +2.224154929e+05 +2.224154929e+05 +3.1472e+00 +4.0579e+00 -3.7301e+00 +4.1338e+00 +1.3236e+00
6 +1.375655547e+05 +1.375655547e+05 +1.375592947e+05 +1.375592947e+05 +2.5774e+00 +2.4313e+00 -1.0777e+00 +1.5548e+00 -3.2881e+00
16 +2.117509730e+04 +2.117509730e+04 +2.116883730e+04 +2.116883730e+04 -1.5002e+00 -3.0340e+00 -2.4892e+00 +1.1604e+00 -2.6711e-01
56 +1.015006555e+04 +1.015006555e+04 +1.014380555e+04 +1.014380555e+04 -2.5002e+00 -2.0340e+00 -2.8868e+00 +1.6045e-01 -1.2671e+00
70 +6.163260847e+03 +6.163260847e+03 +6.157000847e+03 +6.157000847e+03 -4.3792e+00 -2.5147e+00 -2.9699e+00 -3.3090e+00 -1.7310e+00
99 +3.773824148e+03 +3.773824148e+03 +3.767564148e+03 +3.767564148e+03 -5.0000e+00 -4.8430e+00 -3.1166e-01 +8.4324e-01 +2.6174e+00
136 +1.530671657e+03 +1.530671657e+03 +1.524411657e+03 +1.524411657e+03 -3.5002e+00 -3.0340e+00 -1.8868e+00 +1.8870e-01 -1.5858e+00
150 +5.431863403e+01 +5.431863403e+01 +4.805863403e+01 +4.805863403e+01 -5.0000e+00 -3.4260e+00 -1.9699e+00 -2.3090e+00 -7.3098e-01
210 +1.626652932e+01 +1.626652932e+01 +1.000652932e+01 +1.000652932e+01 -1.9730e+00 -3.5441e+00 -1.5369e+00 -9.0635e-01 +7.7548e-02
222 +1.351219505e+01 +1.351219505e+01 +7.252195052e+00 +7.252195052e+00 -1.9802e+00 -4.0253e+00 -1.4592e+00 -1.0362e+00 +8.7857e-01
451 +6.620210435e+00 +6.620210435e+00 +3.602104352e-01 +3.602104352e-01 -1.0431e+00 -3.5535e+00 -1.2866e+00 -1.1705e+00 +5.6854e-01
607 +5.267239872e+00 +5.267239872e+00 -9.927601275e-01 -9.927601275e-01 -8.3722e-01 -3.0832e+00 -1.6023e+00 -1.3599e+00 +2.9529e-01
636 +3.281446313e+00 +3.281446313e+00 -2.978553687e+00 -2.978553687e+00 -8.3645e-01 -2.7235e+00 -1.5511e+00 -1.5779e+00 +5.0213e-01
912 +2.418968735e+00 +2.418968735e+00 -3.841031265e+00 -3.841031265e+00 -5.2348e-01 -2.4011e+00 -1.7031e+00 -1.1404e+00 +5.1119e-01
1011 +1.387256603e+00 +1.387256603e+00 -4.872743397e+00 -4.872743397e+00 -4.7828e-02 -2.5519e+00 -1.7129e+00 -1.0331e+00 +5.6406e-01
1371 +7.295967668e-01 +7.295967668e-01 -5.530403233e+00 -5.530403233e+00 -4.7828e-02 -2.2429e+00 -1.7129e+00 -1.0331e+00 +6.5844e-01
1672 +3.995854905e-01 +3.995854905e-01 -5.860414509e+00 -5.860414509e+00 -4.5304e-02 -1.9519e+00 -1.6229e+00 -9.9347e-01 +6.7109e-01
1757 +3.967627115e-01 +3.967627115e-01 -5.863237288e+00 -5.863237288e+00 -1.7610e-02 -2.1012e+00 -1.5986e+00 -9.8698e-01 +6.8695e-01
1956 +2.443183744e-01 +2.443183744e-01 -6.015681626e+00 -6.015681626e+00 +8.4964e-02 -2.0914e+00 -1.5680e+00 -9.8274e-01 +6.8317e-01
2578 +8.888420339e-02 +8.888420339e-02 -6.171115797e+00 -6.171115797e+00 +1.6943e-01 -1.9989e+00 -1.5514e+00 -1.0505e+00 +5.7239e-01
3018 +5.382444385e-02 +5.382444385e-02 -6.206175556e+00 -6.206175556e+00 +2.0668e-01 -1.9556e+00 -1.5564e+00 -1.0436e+00 +5.9442e-01
3481 +3.629313294e-02 +3.629313294e-02 -6.223706867e+00 -6.223706867e+00 +2.3624e-01 -1.9490e+00 -1.5818e+00 -1.0403e+00 +5.9991e-01
3672 +2.417881914e-02 +2.417881914e-02 -6.235821181e+00 -6.235821181e+00 +2.7028e-01 -1.9550e+00 -1.5740e+00 -1.0414e+00 +6.0880e-01
3742 +9.317068328e-03 +9.317068328e-03 -6.250682932e+00 -6.250682932e+00 +2.8604e-01 -1.9214e+00 -1.6122e+00 -9.8851e-01 +6.2559e-01
4041 +5.510795356e-03 +5.510795356e-03 -6.254489205e+00 -6.254489205e+00 +3.0250e-01 -1.9207e+00 -1.5997e+00 -9.7791e-01 +6.2807e-01
4138 +2.563215745e-03 +2.563215745e-03 -6.257436784e+00 -6.257436784e+00 +3.1023e-01 -1.9009e+00 -1.6133e+00 -9.8079e-01 +6.2304e-01
4228 +2.365640731e-03 +2.365640731e-03 -6.257634359e+00 -6.257634359e+00 +3.1203e-01 -1.9038e+00 -1.6119e+00 -9.8066e-01 +6.2466e-01
4428 +1.238107274e-03 +1.238107274e-03 -6.258761893e+00 -6.258761893e+00 +3.1940e-01 -1.9047e+00 -1.6110e+00 -9.7714e-01 +6.2917e-01
4681 +9.440151265e-04 +9.440151265e-04 -6.259055985e+00 -6.259055985e+00 +3.1917e-01 -1.8958e+00 -1.6090e+00 -9.7527e-01 +6.2332e-01
4702 +6.098240991e-04 +6.098240991e-04 -6.259390176e+00 -6.259390176e+00 +3.2382e-01 -1.9017e+00 -1.6099e+00 -9.7655e-01 +6.2760e-01
4844 +3.588183101e-04 +3.588183101e-04 -6.259641182e+00 -6.259641182e+00 +3.2365e-01 -1.8914e+00 -1.6109e+00 -9.7630e-01 +6.2356e-01
4922 +2.432600980e-04 +2.432600980e-04 -6.259756740e+00 -6.259756740e+00 +3.2543e-01 -1.8925e+00 -1.6100e+00 -9.7470e-01 +6.2557e-01
% function evaluation | noise-free fitness - Fopt (1.838600000000e+02) | best noise-free fitness - Fopt | measured fitness | best measured fitness | x1 | x2...
1 +2.208783897e+05 +2.208783897e+05 +2.210622497e+05 +2.210622497e+05 +3.1472e+00 +4.0579e+00 -3.7301e+00 +4.1338e+00 +1.3236e+00
5 +1.382795051e+05 +1.382795051e+05 +1.384633651e+05 +1.384633651e+05 +1.5574e+00 -4.6429e+00 +3.4913e+00 +4.3399e+00 +1.7874e+00
6 +3.394809523e+04 +3.394809523e+04 +3.413195523e+04 +3.413195523e+04 +2.5774e+00 +2.4313e+00 -1.0777e+00 +1.5548e+00 -3.2881e+00
14 +1.280262384e+02 +1.280262384e+02 +3.118862384e+02 +3.118862384e+02 +4.5929e+00 +4.7216e-01 -3.6138e+00 -3.5071e+00 -2.4249e+00
26 +6.372892847e+01 +6.372892847e+01 +2.475889285e+02 +2.475889285e+02 +3.6869e+00 -4.1556e+00 -1.0022e+00 -2.4013e+00 +3.0007e+00
53 +6.122365144e+01 +6.122365144e+01 +2.450836514e+02 +2.450836514e+02 +1.8974e+00 -3.0026e+00 -5.4596e-01 +9.9077e-01 +2.9090e+00
135 +2.526793777e+01 +2.526793777e+01 +2.091279378e+02 +2.091279378e+02 +2.5807e+00 -2.8838e+00 +1.4795e+00 -1.0279e+00 +3.3593e+00
224 +1.183079733e+01 +1.183079733e+01 +1.956907973e+02 +1.956907973e+02 +1.6027e+00 -2.6166e+00 +1.9613e+00 -1.2182e+00 +1.1208e+00
369 +9.692343881e+00 +9.692343881e+00 +1.935523439e+02 +1.935523439e+02 +1.6743e+00 -3.2558e+00 +2.3120e+00 -1.9305e+00 +1.8345e+00
473 +6.115576035e+00 +6.115576035e+00 +1.899755760e+02 +1.899755760e+02 +6.5293e-01 -2.7676e+00 +2.6054e+00 -1.3210e+00 +1.7996e+00
553 +1.429715843e+00 +1.429715843e+00 +1.852897158e+02 +1.852897158e+02 +7.5358e-01 -3.7676e+00 +3.4442e+00 -1.4059e+00 +2.7722e+00
1012 +8.170841797e-01 +8.170841797e-01 +1.846770842e+02 +1.846770842e+02 +3.2621e-01 -3.5138e+00 +3.5164e+00 -1.2949e+00 +2.2517e+00
1732 +4.707617847e-01 +4.707617847e-01 +1.843307618e+02 +1.843307618e+02 +4.4096e-01 -3.5813e+00 +3.6239e+00 -1.3094e+00 +2.1481e+00
1910 +3.897030332e-01 +3.897030332e-01 +1.842497030e+02 +1.842497030e+02 +3.4942e-01 -3.6286e+00 +3.6827e+00 -1.3169e+00 +2.2433e+00
2316 +2.475675905e-01 +2.475675905e-01 +1.841075676e+02 +1.841075676e+02 +5.6100e-01 -3.7671e+00 +3.7775e+00 -1.3385e+00 +2.2383e+00
2476 +1.170484542e-01 +1.170484542e-01 +1.839770485e+02 +1.839770485e+02 +4.0192e-01 -3.7138e+00 +3.7980e+00 -1.3966e+00 +2.2955e+00
2636 +8.223341821e-02 +8.223341821e-02 +1.839422334e+02 +1.839422334e+02 +4.0286e-01 -3.7092e+00 +3.8149e+00 -1.4200e+00 +2.3026e+00
3195 +4.257741161e-02 +4.257741161e-02 +1.839025774e+02 +1.839025774e+02 +3.6174e-01 -3.7175e+00 +3.8551e+00 -1.4767e+00 +2.2911e+00
3358 +3.905448422e-02 +3.905448422e-02 +1.838990545e+02 +1.838990545e+02 +3.4191e-01 -3.6973e+00 +3.8696e+00 -1.4746e+00 +2.3320e+00
3576 +2.034620950e-02 +2.034620950e-02 +1.838803462e+02 +1.838803462e+02 +3.3775e-01 -3.7233e+00 +3.8848e+00 -1.4790e+00 +2.3395e+00
3910 +1.543494006e-02 +1.543494006e-02 +1.838754349e+02 +1.838754349e+02 +3.2444e-01 -3.7243e+00 +3.8920e+00 -1.4819e+00 +2.3296e+00
4009 +8.328318846e-03 +8.328318846e-03 +1.838683283e+02 +1.838683283e+02 +2.9741e-01 -3.7447e+00 +3.9051e+00 -1.4722e+00 +2.3630e+00
4068 +5.388742162e-03 +5.388742162e-03 +1.838653887e+02 +1.838653887e+02 +3.2446e-01 -3.7634e+00 +3.9176e+00 -1.4785e+00 +2.3746e+00
4353 +2.699324348e-03 +2.699324348e-03 +1.838626993e+02 +1.838626993e+02 +3.0969e-01 -3.7448e+00 +3.9248e+00 -1.4816e+00 +2.3562e+00
4521 +2.460599257e-03 +2.460599257e-03 +1.838624606e+02 +1.838624606e+02 +3.0486e-01 -3.7611e+00 +3.9236e+00 -1.4819e+00 +2.3706e+00
4666 +1.490077633e-03 +1.490077633e-03 +1.838614901e+02 +1.838614901e+02 +2.9414e-01 -3.7561e+00 +3.9262e+00 -1.4806e+00 +2.3730e+00
4706 +7.790111208e-04 +7.790111208e-04 +1.838607790e+02 +1.838607790e+02 +2.9713e-01 -3.7563e+00 +3.9305e+00 -1.4804e+00 +2.3705e+00
4762 +4.603387970e-04 +4.603387970e-04 +1.838604603e+02 +1.838604603e+02 +2.9957e-01 -3.7574e+00 +3.9358e+00 -1.4810e+00 +2.3710e+00
