% function evaluation | noise-free fitness - Fopt (1.000000000000e+03) | best noise-free fitness - Fopt | measured fitness | best measured fitness | x1 | x2...
1 +2.830080582e+03 +2.830080582e+03 +3.830080582e+03 +3.830080582e+03 +3.1472e+00 +4.0579e+00 -3.7301e+00
3 +4.270447244e+01 +4.270447244e+01 +1.042704472e+03 +1.042704472e+03 -2.2150e+00 +4.6882e-01 +4.5751e+00
86 +3.494348087e+01 +3.494348087e+01 +1.034943481e+03 +1.034943481e+03 -2.1288e+00 +1.2176e+00 +5.0000e+00
126 +2.427085316e+01 +2.427085316e+01 +1.024270853e+03 +1.024270853e+03 -1.2419e+00 +2.1095e+00 +5.0000e+00
182 +1.187450278e+01 +1.187450278e+01 +1.011874503e+03 +1.011874503e+03 -1.6167e+00 +1.9090e+00 +5.0000e+00
269 +9.645014266e+00 +9.645014266e+00 +1.009645014e+03 +1.009645014e+03 -1.8281e+00 +2.7770e+00 +5.0000e+00
1493 +6.303689674e+00 +6.303689674e+00 +1.006303690e+03 +1.006303690e+03 -1.3099e+00 +2.2633e+00 +4.9954e+00
% function evaluation | noise-free fitness - Fopt (7.003000000000e+01) | best noise-free fitness - Fopt | measured fitness | best measured fitness | x1 | x2...
1 +9.613752198e+01 +9.613752198e+01 +1.661675220e+02 +1.661675220e+02 +3.1472e+00 +4.0579e+00 -3.7301e+00
18 +5.095226633e+01 +5.095226633e+01 +1.209822663e+02 +1.209822663e+02 +1.7970e+00 +1.5510e+00 -3.3739e+00
73 +3.510061091e+01 +3.510061091e+01 +1.051306109e+02 +1.051306109e+02 +1.9490e-01 -8.9882e-01 -5.0000e+00
131 +2.167661233e+01 +2.167661233e+01 +9.170661233e+01 +9.170661233e+01 -9.3954e-01 -1.6817e+00 -5.0000e+00
195 +8.597420321e+00 +8.597420321e+00 +7.862742032e+01 +7.862742032e+01 -5.3448e-01 -1.7477e+00 -4.3706e+00
362 +5.889913094e+00 +5.889913094e+00 +7.591991309e+01 +7.591991309e+01 -6.3169e-01 -2.5198e+00 -4.5436e+00
474 +3.545928023e+00 +3.545928023e+00 +7.357592802e+01 +7.357592802e+01 -5.5138e-01 -2.4020e+00 -4.6371e+00
825 +2.374884055e+00 +2.374884055e+00 +7.240488405e+01 +7.240488405e+01 -5.6737e-01 -2.4602e+00 -4.5938e+00
1442 +1.448553297e+00 +1.448553297e+00 +7.147855330e+01 +7.147855330e+01 -1.1213e+00 -2.2970e+00 -4.3714e+00
2633 +9.977737409e-01 +9.977737409e-01 +7.102777374e+01 +7.102777374e+01 -1.1185e+00 -2.2975e+00 -4.3514e+00
% function evaluation | noise-free fitness - Fopt (-4.822000000000e+01) | best noise-free fitness - Fopt | measured fitness | best measured fitness | x1 | x2...
1 +7.105802840e+02 +7.105802840e+02 +6.623602840e+02 +6.623602840e+02 +3.1472e+00 +4.0579e+00 -3.7301e+00
2 +3.521259760e+02 +3.521259760e+02 +3.039059760e+02 +3.039059760e+02 +4.1338e+00 +1.3236e+00 -4.0246e+00
10 +5.419348408e+01 +5.419348408e+01 +5.973484082e+00 +5.973484082e+00 -1.0777e+00 +1.5548e+00 -3.2881e+00
20 +3.951776957e+01 +3.951776957e+01 -8.702230427e+00 -8.702230427e+00 -1.5961e+00 +8.5268e-01 -2.7619e+00
35 +2.473093411e+01 +2.473093411e+01 -2.348906589e+01 -2.348906589e+01 -1.8878e+00 +2.8533e-01 -3.3435e+00
63 +1.396805951e+01 +1.396805951e+01 -3.425194049e+01 -3.425194049e+01 -5.2784e-01 -2.6138e+00 -2.8540e+00
75 +6.977584435e+00 +6.977584435e+00 -4.124241556e+01 -4.124241556e+01 -2.0135e+00 -2.8200e-01 -2.6147e+00
151 +2.792814599e+00 +2.792814599e+00 -4.542718540e+01 -4.542718540e+01 -1.2415e+00 -1.4605e+00 -2.6920e+00
374 +1.653105420e+00 +1.653105420e+00 -4.656689458e+01 -4.656689458e+01 -1.2719e+00 -1.4309e+00 -2.7030e+00
475 +1.042025934e+00 +1.042025934e+00 -4.717797407e+01 -4.717797407e+01 -1.8385e+00 -1.0029e+00 -2.1946e+00
599 +5.691045616e-01 +5.691045616e-01 -4.765089544e+01 -4.765089544e+01 -1.8707e+00 -1.0085e+00 -2.2211e+00
745 +4.536849374e-02 +4.536849374e-02 -4.817463151e+01 -4.817463151e+01 -1.8393e+00 -1.0083e+00 -2.2312e+00
1150 +2.157014944e-02 +2.157014944e-02 -4.819842985e+01 -4.819842985e+01 -1.8416e+00 -1.0094e+00 -2.2307e+00
1330 +2.380933011e-03 +2.380933011e-03 -4.821761907e+01 -4.821761907e+01 -1.8424e+00 -1.0090e+00 -2.2352e+00
1730 +1.124233079e-03 +1.124233079e-03 -4.821887577e+01 -4.821887577e+01 -1.8428e+00 -1.0077e+00 -2.2359e+00
1767 +4.300004994e-04 +4.300004994e-04 -4.821957000e+01 -4.821957000e+01 -1.8433e+00 -1.0072e+00 -2.2344e+00
1813 +3.531844325e-04 +3.531844325e-04 -4.821964682e+01 -4.821964682e+01 -1.8429e+00 -1.0067e+00 -2.2351e+00
2113 +2.465908431e-05 +2.465908431e-05 -4.821997534e+01 -4.821997534e+01 -1.8424e+00 -1.0074e+00 -2.2352e+00
2327 +9.223684927e-07 +9.223684927e-07 -4.821999908e+01 -4.821999908e+01 -1.8424e+00 -1.0072e+00 -2.2352e+00
2823 +3.498711436e-07 +3.498711436e-07 -4.821999965e+01 -4.821999965e+01 -1.8424e+00 -1.0072e+00 -2.2352e+00
2927 +2.038343609e-07 +2.038343609e-07 -4.821999980e+01 -4.821999980e+01 -1.8424e+00 -1.0072e+00 -2.2352e+00
2967 +1.033216677e-07 +1.033216677e-07 -4.821999990e+01 -4.821999990e+01 -1.8424e+00 -1.0072e+00 -2.2352e+00
3053 +4.381035268e-08 +4.381035268e-08 -4.821999996e+01 -4.821999996e+01 -1.8424e+00 -1.0072e+00 -2.2352e+00
3197 +1.572935560e-08 +1.572935560e-08 -4.821999998e+01 -4.821999998e+01 -1.8424e+00 -1.0072e+00 -2.2352e+00
3253 +8.427669229e-09 +8.427669229e-09 -4.821999999e+01 -4.821999999e+01 -1.8424e+00 -1.0072e+00 -2.2352e+00
3275 +5.866127140e-09 +5.866127140e-09 -4.821999999e+01 -4.821999999e+01 -1.8424e+00 -1.0072e+00 -2.2352e+00
3293 +2.627864149e-09 +2.627864149e-09 -4.822000000e+01 -4.822000000e+01 -1.8424e+00 -1.0072e+00 -2.2352e+00
3413 +2.002039423e-09 +2.002039423e-09 -4.822000000e+01 -4.822000000e+01 -1.8424e+00 -1.0072e+00 -2.2352e+00
3477 +7.436113947e-10 +7.436113947e-10 -4.822000000e+01 -4.822000000e+01 -1.8424e+00 -1.0072e+00 -2.2352e+00
3607 +1.611226708e-10 +1.611226708e-10 -4.822000000e+01 -4.822000000e+01 -1.8424e+00 -1.0072e+00 -2.2352e+00
3693 +1.477644673e-10 +1.477644673e-10 -4.822000000e+01 -4.822000000e+01 -1.8424e+00 -1.0072e+00 -2.2352e+00
3716 +7.042899597e-11 +7.042899597e-11 -4.822000000e+01 -4.822000000e+01 -1.8424e+00 -1.0072e+00 -2.2352e+00
3783 +6.092193416e-11 +6.092193416e-11 -4.822000000e+01 -4.822000000e+01 -1.8424e+00 -1.0072e+00 -2.2352e+00
3826 +3.379341251e-11 +3.379341251e-11 -4.822000000e+01 -4.822000000e+01 -1.8424e+00 -1.0072e+00 -2.2352e+00
3903 +2.471978178e-11 +2.471978178e-11 -4.822000000e+01 -4.822000000e+01 -1.8424e+00 -1.0072e+00 -2.2352e+00
3963 +1.129762950e-11 +1.129762950e-11 -4.822000000e+01 -4.822000000e+01 -1.8424e+00 -1.0072e+00 -2.2352e+00
4005 +4.988010005e-12 +4.988010005e-12 -4.822000000e+01 -4.822000000e+01 -1.8424e+00 -1.0072e+00 -2.2352e+00
4125 +1.904254532e-12 +1.904254532e-12 -4.822000000e+01 -4.822000000e+01 -1.8424e+00 -1.0072e+00 -2.2352e+00
4166 +1.250555215e-12 +1.250555215e-12 -4.822000000e+01 -4.822000000e+01 -1.8424e+00 -1.0072e+00 -2.2352e+00
4246 +4.760636330e-13 +4.760636330e-13 -4.822000000e+01 -4.822000000e+01 -1.8424e+00 -1.0072e+00 -2.2352e+00
4285 +1.847411113e-13 +1.847411113e-13 -4.822000000e+01 -4.822000000e+01 -1.8424e+00 -1.0072e+00 -2.2352e+00
4331 +8.526512829e-14 +8.526512829e-14 -4.822000000e+01 -4.822000000e+01 -1.8424e+00 -1.0072e+00 -2.2352e+00
4435 +5.684341886e-14 +5.684341886e-14 -4.822000000e+01 -4.822000000e+01 -1.8424e+00 -1.0072e+00 -2.2352e+00
4515 +2.842170943e-14 +2.842170943e-14 -4.822000000e+01 -4.822000000e+01 -1.8424e+00 -1.0072e+00 -2.2352e+00
4533 +2.131628207e-14 +2.131628207e-14 -4.822000000e+01 -4.822000000e+01 -1.8424e+00 -1.0072e+00 -2.2352e+00
4565 +7.105427358e-15 +7.105427358e-15 -4.822000000e+01 -4.822000000e+01 -1.8424e+00 -1.0072e+00 -2.2352e+00
% function evaluation | noise-free fitness - Fopt (2.547000000000e+01) | best noise-free fitness - Fopt | measured fitness | best measured fitness | x1 | x2...
1 +3.546858982e+03 +3.546858982e+03 +3.572328982e+03 +3.572328982e+03 +3.1472e+00 +4.0579e+00 -3.7301e+00
2 +1.632699600e+03 +1.632699600e+03 +1.658169600e+03 +1.658169600e+03 +4.1338e+00 +1.3236e+00 -4.0246e+00
3 +7.253174661e+02 +7.253174661e+02 +7.507874661e+02 +7.507874661e+02 -2.2150e+00 +4.6882e-01 +4.5751e+00
6 +2.029856724e+02 +2.029856724e+02 +2.284556724e+02 +2.284556724e+02 -3.5811e+00 -7.8239e-01 +4.1574e+00
12 +6.936535554e+01 +6.936535554e+01 +9.483535554e+01 +9.483535554e+01 -4.5383e+00 -4.0287e+00 +3.2346e+00
14 +2.799531401e+01 +2.799531401e+01 +5.346531401e+01 +5.346531401e+01 -4.6555e+00 -6.1256e-01 -1.1844e+00
106 +2.481564396e+01 +2.481564396e+01 +5.028564396e+01 +5.028564396e+01 -3.5002e+00 -1.1531e+00 -1.1089e+00
218 +1.120275561e+01 +1.120275561e+01 +3.667275561e+01 +3.667275561e+01 -3.2030e+00 -1.7458e+00 -1.1460e+00
276 +8.655898594e+00 +8.655898594e+00 +3.412589859e+01 +3.412589859e+01 -4.2345e+00 -2.0347e+00 -1.0269e+00
329 +4.456359814e+00 +4.456359814e+00 +2.992635981e+01 +2.992635981e+01 -3.7331e+00 -1.8964e+00 -1.2576e+00
460 +2.655293094e+00 +2.655293094e+00 +2.812529309e+01 +2.812529309e+01 -3.7395e+00 -1.9089e+00 -1.2426e+00
562 +1.600858185e+00 +1.600858185e+00 +2.707085818e+01 +2.707085818e+01 -3.7917e+00 -1.8933e+00 -1.2451e+00
780 +8.331356123e-01 +8.331356123e-01 +2.630313561e+01 +2.630313561e+01 -3.7876e+00 -1.8826e+00 -1.2187e+00
949 +5.823127549e-01 +5.823127549e-01 +2.605231275e+01 +2.605231275e+01 -3.7866e+00 -1.9308e+00 -1.1700e+00
973 +1.883278104e-01 +1.883278104e-01 +2.565832781e+01 +2.565832781e+01 -3.7855e+00 -1.9248e+00 -1.1631e+00
1053 +1.514371550e-02 +1.514371550e-02 +2.548514372e+01 +2.548514372e+01 -3.7846e+00 -1.9123e+00 -1.1578e+00
1413 +8.613028417e-03 +8.613028417e-03 +2.547861303e+01 +2.547861303e+01 -3.7848e+00 -1.9149e+00 -1.1589e+00
2013 +4.153036102e-03 +4.153036102e-03 +2.547415304e+01 +2.547415304e+01 -3.7846e+00 -1.9144e+00 -1.1606e+00
2028 +3.065810514e-03 +3.065810514e-03 +2.547306581e+01 +2.547306581e+01 -3.7855e+00 -1.9131e+00 -1.1606e+00
2110 +1.441463615e-03 +1.441463615e-03 +2.547144146e+01 +2.547144146e+01 -3.7844e+00 -1.9135e+00 -1.1622e+00
2213 +9.654268633e-04 +9.654268633e-04 +2.547096543e+01 +2.547096543e+01 -3.7850e+00 -1.9130e+00 -1.1629e+00
2235 +7.406498604e-05 +7.406498604e-05 +2.547007406e+01 +2.547007406e+01 -3.7849e+00 -1.9121e+00 -1.1642e+00
2507 +5.181641290e-05 +5.181641290e-05 +2.547005182e+01 +2.547005182e+01 -3.7847e+00 -1.9121e+00 -1.1643e+00
2546 +1.863698843e-05 +1.863698843e-05 +2.547001864e+01 +2.547001864e+01 -3.7848e+00 -1.9119e+00 -1.1643e+00
2786 +1.499944760e-05 +1.499944760e-05 +2.547001500e+01 +2.547001500e+01 -3.7848e+00 -1.9119e+00 -1.1642e+00
3017 +9.067480104e-06 +9.067480104e-06 +2.547000907e+01 +2.547000907e+01 -3.7848e+00 -1.9120e+00 -1.1641e+00
3056 +4.626142552e-06 +4.626142552e-06 +2.547000463e+01 +2.547000463e+01 -3.7848e+00 -1.9119e+00 -1.1640e+00
3098 +3.974403462e-06 +3.974403462e-06 +2.547000397e+01 +2.547000397e+01 -3.7848e+00 -1.9119e+00 -1.1640e+00
3103 +3.613658421e-07 +3.613658421e-07 +2.547000036e+01 +2.547000036e+01 -3.7848e+00 -1.9120e+00 -1.1640e+00
3285 +2.156441852e-07 +2.156441852e-07 +2.547000022e+01 +2.547000022e+01 -3.7848e+00 -1.9120e+00 -1.1640e+00
3377 +1.373770537e-07 +1.373770537e-07 +2.547000014e+01 +2.547000014e+01 -3.7848e+00 -1.9120e+00 -1.1640e+00
3426 +2.832638302e-08 +2.832638302e-08 +2.547000003e+01 +2.547000003e+01 -3.7848e+00 -1.9120e+00 -1.1640e+00
3565 +2.077788253e-08 +2.077788253e-08 +2.547000002e+01 +2.547000002e+01 -3.7848e+00 -1.9120e+00 -1.1640e+00
3616 +2.411265854e-09 +2.411265854e-09 +2.547000000e+01 +2.547000000e+01 -3.7848e+00 -1.9120e+00 -1.1640e+00
3776 +1.449709686e-09 +1.449709686e-09 +2.547000000e+01 +2.547000000e+01 -3.7848e+00 -1.9120e+00 -1.1640e+00
3863 +8.639773341e-10 +8.639773341e-10 +2.547000000e+01 +2.547000000e+01 -3.7848e+00 -1.9120e+00 -1.1640e+00
3951 +4.961648870e-10 +4.961648870e-10 +2.547000000e+01 +2.547000000e+01 -3.7848e+00 -1.9120e+00 -1.1640e+00
3963 +3.112958780e-10 +3.112958780e-10 +2.547000000e+01 +2.547000000e+01 -3.7848e+00 -1.9120e+00 -1.1640e+00
4045 +2.258104814e-10 +2.258104814e-10 +2.547000000e+01 +2.547000000e+01 -3.7848e+00 -1.9120e+00 -1.1640e+00
4067 +1.455724430e-10 +1.455724430e-10 +2.547000000e+01 +2.547000000e+01 -3.7848e+00 -1.9120e+00 -1.1640e+00
4075 +6.393463536e-11 +6.393463536e-11 +2.547000000e+01 +2.547000000e+01 -3.7848e+00 -1.9120e+00 -1.1640e+00
4116 +2.166444801e-11 +2.166444801e-11 +2.547000000e+01 +2.547000000e+01 -3.7848e+00 -1.9120e+00 -1.1640e+00
4277 +1.181632570e-11 +1.181632570e-11 +2.547000000e+01 +2.547000000e+01 -3.7848e+00 -1.9120e+00 -1.1640e+00
4293 +5.549338766e-12 +5.549338766e-12 +2.547000000e+01 +2.547000000e+01 -3.7848e+00 -1.9120e+00 -1.1640e+00
4336 +3.407052418e-12 +3.407052418e-12 +2.547000000e+01 +2.547000000e+01 -3.7848e+00 -1.9120e+00 -1.1640e+00
4372 +2.266631327e-12 +2.266631327e-12 +2.547000000e+01 +2.547000000e+01 -3.7848e+00 -1.9120e+00 -1.1640e+00
4416 +2.913225217e-13 +2.913225217e-13 +2.547000000e+01 +2.547000000e+01 -3.7848e+00 -1.9120e+00 -1.1640e+00
4427 +2.060573934e-13 +2.060573934e-13 +2.547000000e+01 +2.547000000e+01 -3.7848e+00 -1.9120e+00 -1.1640e+00
4471 +8.171241461e-14 +8.171241461e-14 +2.547000000e+01 +2.547000000e+01 -3.7848e+00 -1.9120e+00 -1.1640e+00
4591 +3.552713679e-14 +3.552713679e-14 +2.547000000e+01 +2.547000000e+01 -3.7848e+00 -1.9120e+00 -1.1640e+00
4669 +1.421085472e-14 +1.421085472e-14 +2.547000000e+01 +2.547000000e+01 -3.7848e+00 -1.9120e+00 -1.1640e+00
4751 +3.552713679e-15 +3.552713679e-15 +2.547000000e+01 +2.547000000e+01 -3.7848e+00 -1.9120e+00 -1.1640e+00
4772 +0.000000000e+00 +0.000000000e+00 +2.547000000e+01 +2.547000000e+01 -3.7848e+00 -1.9120e+00 -1.1640e+00
% function evaluation | noise-free fitness - Fopt (-1.008100000000e+02) | best noise-free fitness - Fopt | measured fitness | best measured fitness | x1 | x2...
1 +3.859742649e+02 +3.859742649e+02 +2.851642649e+02 +2.851642649e+02 +3.1472e+00 +4.0579e+00 -3.7301e+00
3 +2.170013855e+02 +2.170013855e+02 +1.161913855e+02 +1.161913855e+02 -2.2150e+00 +4.6882e-01 +4.5751e+00
4 +1.007761984e+02 +1.007761984e+02 -3.380160801e-02 -3.380160801e-02 +4.6489e+00 -3.4239e+00 +4.7059e+00
5 +6.815830206e+01 +6.815830206e+01 -3.265169794e+01 -3.265169794e+01 +4.5717e+00 -1.4624e-01 +3.0028e+00
16 +5.459995315e+01 +5.459995315e+01 -4.621004685e+01 -4.621004685e+01 -1.0236e-01 -5.4414e-01 +1.4631e+00
30 +3.516755786e+01 +3.516755786e+01 -6.564244214e+01 -6.564244214e+01 +2.5373e+00 -1.1955e+00 +6.7822e-01
45 +2.447820913e+01 +2.447820913e+01 -7.633179087e+01 -7.633179087e+01 +3.5717e+00 -1.1462e+00 +2.0028e+00
101 +8.002578591e+00 +8.002578591e+00 -9.280742141e+01 -9.280742141e+01 +2.7273e+00 -4.4905e-01 +1.7676e+00
739 +3.018479973e+00 +3.018479973e+00 -9.779152003e+01 -9.779152003e+01 +1.0933e+00 +5.0776e-02 +5.1809e-01
1266 +2.175873980e+00 +2.175873980e+00 -9.863412602e+01 -9.863412602e+01 +1.0917e+00 +8.1470e-02 +5.4593e-01
% function evaluation | noise-free fitness - Fopt (8.333000000000e+01) | best noise-free fitness - Fopt | measured fitness | best measured fitness | x1 | x2...
1 +3.284311185e+02 +3.284311185e+02 +4.117611185e+02 +4.117611185e+02 +3.1472e+00 +4.0579e+00 -3.7301e+00
3 +1.099981475e+02 +1.099981475e+02 +1.933281475e+02 +1.933281475e+02 -2.2150e+00 +4.6882e-01 +4.5751e+00
5 +9.760360309e+01 +9.760360309e+01 +1.809336031e+02 +1.809336031e+02 +4.5717e+00 -1.4624e-01 +3.0028e+00
34 +6.268970784e+01 +6.268970784e+01 +1.460197078e+02 +1.460197078e+02 -1.6288e+00 -3.3782e+00 +2.9428e+00
53 +3.582116877e+01 +3.582116877e+01 +1.191511688e+02 +1.191511688e+02 +9.4829e-01 -1.7134e+00 +3.6584e+00
93 +1.212752791e+01 +1.212752791e+01 +9.545752791e+01 +9.545752791e+01 +5.2351e-02 -1.6098e+00 +2.9024e+00
148 +8.957867644e+00 +8.957867644e+00 +9.228786764e+01 +9.228786764e+01 +3.0829e-01 -1.4628e+00 +3.1682e+00
165 +3.390714099e+00 +3.390714099e+00 +8.672071410e+01 +8.672071410e+01 +5.7167e-01 -2.3376e+00 +3.6805e+00
580 +2.013293249e+00 +2.013293249e+00 +8.534329325e+01 +8.534329325e+01 +5.6325e-01 -2.2549e+00 +3.6667e+00
1115 +1.485578315e+00 +1.485578315e+00 +8.481557832e+01 +8.481557832e+01 +5.7533e-01 -2.2540e+00 +3.6786e+00
2245 +9.999075688e-01 +9.999075688e-01 +8.432990757e+01 +8.432990757e+01 +5.9804e-01 -2.2397e+00 +3.6663e+00
% function evaluation | noise-free fitness - Fopt (2.085600000000e+02) | best noise-free fitness - Fopt | measured fitness | best measured fitness | x1 | x2...
1 +2.138203890e+02 +2.138203890e+02 +4.223803890e+02 +4.223803890e+02 +3.1472e+00 +4.0579e+00 -3.7301e+00
2 +6.930493081e+01 +6.930493081e+01 +2.778649308e+02 +2.778649308e+02 +4.1338e+00 +1.3236e+00 -4.0246e+00
7 +4.688341385e+01 +4.688341385e+01 +2.554434139e+02 +2.554434139e+02 +2.9221e+00 +4.5949e+00 +1.5574e+00
58 +2.636941045e+01 +2.636941045e+01 +2.349294104e+02 +2.349294104e+02 +2.7970e+00 +2.5510e+00 -2.3739e+00
77 +1.249009170e+01 +1.249009170e+01 +2.210500917e+02 +2.210500917e+02 +2.4526e+00 +3.4815e+00 +5.0542e-01
140 +9.987992840e+00 +9.987992840e+00 +2.185479928e+02 +2.185479928e+02 +1.4039e+00 +3.8083e+00 +2.3812e-01
464 +4.641724408e+00 +4.641724408e+00 +2.132017244e+02 +2.132017244e+02 +1.4144e+00 +3.5751e+00 +8.3261e-01
468 +2.437301757e+00 +2.437301757e+00 +2.109973018e+02 +2.109973018e+02 +2.3096e+00 +3.4754e+00 +6.6967e-01
818 +9.931638792e-01 +9.931638792e-01 +2.095531639e+02 +2.095531639e+02 +2.2002e+00 +3.6836e+00 +1.5057e-01
1262 +6.139340360e-01 +6.139340360e-01 +2.091739340e+02 +2.091739340e+02 +2.1959e+00 +3.6904e+00 +1.8016e-01
1493 +3.083466063e-01 +3.083466063e-01 +2.088683466e+02 +2.088683466e+02 +2.1760e+00 +3.6941e+00 +2.1228e-01
1510 +5.237837444e-02 +5.237837444e-02 +2.086123784e+02 +2.086123784e+02 +2.1829e+00 +3.6756e+00 +1.8149e-01
1568 +1.226159264e-02 +1.226159264e-02 +2.085722616e+02 +2.085722616e+02 +2.1817e+00 +3.6751e+00 +1.8712e-01
1773 +8.704735479e-03 +8.704735479e-03 +2.085687047e+02 +2.085687047e+02 +2.1812e+00 +3.6742e+00 +1.8686e-01
1891 +3.127797985e-03 +3.127797985e-03 +2.085631278e+02 +2.085631278e+02 +2.1844e+00 +3.6712e+00 +1.8234e-01
1938 +2.228912077e-03 +2.228912077e-03 +2.085622289e+02 +2.085622289e+02 +2.1837e+00 +3.6716e+00 +1.8342e-01
2137 +1.197413544e-03 +1.197413544e-03 +2.085611974e+02 +2.085611974e+02 +2.1851e+00 +3.6714e+00 +1.8514e-01
2258 +8.152851515e-04 +8.152851515e-04 +2.085608153e+02 +2.085608153e+02 +2.1843e+00 +3.6712e+00 +1.8378e-01
2378 +5.681310813e-04 +5.681310813e-04 +2.085605681e+02 +2.085605681e+02 +2.1845e+00 +3.6712e+00 +1.8407e-01
2388 +2.426455456e-04 +2.426455456e-04 +2.085602426e+02 +2.085602426e+02 +2.1846e+00 +3.6722e+00 +1.8556e-01
2440 +5.866173541e-05 +5.866173541e-05 +2.085600587e+02 +2.085600587e+02 +2.1847e+00 +3.6720e+00 +1.8515e-01
2445 +1.983777102e-05 +1.983777102e-05 +2.085600198e+02 +2.085600198e+02 +2.1847e+00 +3.6721e+00 +1.8505e-01
3017 +1.574661033e-05 +1.574661033e-05 +2.085600157e+02 +2.085600157e+02 +2.1846e+00 +3.6721e+00 +1.8500e-01
3071 +9.629686730e-06 +9.629686730e-06 +2.085600096e+02 +2.085600096e+02 +2.1848e+00 +3.6721e+00 +1.8496e-01
3128 +5.100850331e-06 +5.100850331e-06 +2.085600051e+02 +2.085600051e+02 +2.1847e+00 +3.6720e+00 +1.8488e-01
3178 +3.800520830e-06 +3.800520830e-06 +2.085600038e+02 +2.085600038e+02 +2.1848e+00 +3.6721e+00 +1.8491e-01
3268 +7.907886754e-07 +7.907886754e-07 +2.085600008e+02 +2.085600008e+02 +2.1848e+00 +3.6720e+00 +1.8481e-01
3365 +5.407704577e-07 +5.407704577e-07 +2.085600005e+02 +2.085600005e+02 +2.1848e+00 +3.6720e+00 +1.8482e-01
3504 +3.939991302e-07 +3.939991302e-07 +2.085600004e+02 +2.085600004e+02 +2.1848e+00 +3.6720e+00 +1.8482e-01
3506 +7.712213801e-08 +7.712213801e-08 +2.085600001e+02 +2.085600001e+02 +2.1848e+00 +3.6720e+00 +1.8479e-01
3544 +5.674763770e-08 +5.674763770e-08 +2.085600001e+02 +2.085600001e+02 +2.1848e+00 +3.6720e+00 +1.8479e-01
3588 +3.039991725e-08 +3.039991725e-08 +2.085600000e+02 +2.085600000e+02 +2.1848e+00 +3.6720e+00 +1.8480e-01
3591 +5.080892151e-09 +5.080892151e-09 +2.085600000e+02 +2.085600000e+02 +2.1848e+00 +3.6720e+00 +1.8480e-01
3668 +1.503394742e-09 +1.503394742e-09 +2.085600000e+02 +2.085600000e+02 +2.1848e+00 +3.6720e+00 +1.8480e-01
3771 +2.467572813e-10 +2.467572813e-10 +2.085600000e+02 +2.085600000e+02 +2.1848e+00 +3.6720e+00 +1.8480e-01
3984 +5.201172826e-11 +5.201172826e-11 +2.085600000e+02 +2.085600000e+02 +2.1848e+00 +3.6720e+00 +1.8480e-01
4024 +1.307398634e-11 +1.307398634e-11 +2.085600000e+02 +2.085600000e+02 +2.1848e+00 +3.6720e+00 +1.8480e-01
4144 +9.805489753e-12 +9.805489753e-12 +2.085600000e+02 +2.085600000e+02 +2.1848e+00 +3.6720e+00 +1.8480e-01
4228 +3.552713679e-12 +3.552713679e-12 +2.085600000e+02 +2.085600000e+02 +2.1848e+00 +3.6720e+00 +1.8480e-01
4329 +1.762145985e-12 +1.762145985e-12 +2.085600000e+02 +2.085600000e+02 +2.1848e+00 +3.6720e+00 +1.8480e-01
4363 +7.105427358e-13 +7.105427358e-13 +2.085600000e+02 +2.085600000e+02 +2.1848e+00 +3.6720e+00 +1.8480e-01
4368 +4.831690603e-13 +4.831690603e-13 +2.085600000e+02 +2.085600000e+02 +2.1848e+00 +3.6720e+00 +1.8480e-01
4369 +3.979039320e-13 +3.979039320e-13 +2.085600000e+02 +2.085600000e+02 +2.1848e+00 +3.6720e+00 +1.8480e-01
4411 +1.989519660e-13 +1.989519660e-13 +2.085600000e+02 +2.085600000e+02 +2.1848e+00 +3.6720e+00 +1.8480e-01
4449 +8.526512829e-14 +8.526512829e-14 +2.085600000e+02 +2.085600000e+02 +2.1848e+00 +3.6720e+00 +1.8480e-01
4493 +2.842170943e-14 +2.842170943e-14 +2.085600000e+02 +2.085600000e+02 +2.1848e+00 +3.6720e+00 +1.8480e-01
4818 +0.000000000e+00 +0.000000000e+00 +2.085600000e+02 +2.085600000e+02 +2.1848e+00 +3.6720e+00 +1.8480e-01
% function evaluation | noise-free fitness - Fopt (-1.345800000000e+02) | best noise-free fitness - Fopt | measured fitness | best measured fitness | x1 | x2...
1 +2.708108520e+02 +2.708108520e+02 +1.362308520e+02 +1.362308520e+02 +3.1472e+00 +4.0579e+00 -3.7301e+00
2 +1.378780064e+02 +1.378780064e+02 +3.298006389e+00 +3.298006389e+00 +4.1338e+00 +1.3236e+00 -4.0246e+00
3 +2.078105912e+01 +2.078105912e+01 -1.137989409e+02 -1.137989409e+02 -2.2150e+00 +4.6882e-01 +4.5751e+00
177 +1.543672678e+01 +1.543672678e+01 -1.191432732e+02 -1.191432732e+02 -1.9064e+00 +4.5996e-01 +1.7603e+00
237 +6.583259147e+00 +6.583259147e+00 -1.279967409e+02 -1.279967409e+02 -1.4342e+00 +2.9337e-01 +2.5054e+00
478 +6.081472993e+00 +6.081472993e+00 -1.284985270e+02 -1.284985270e+02 -1.1595e+00 +6.7596e-01 +2.7421e+00
1658 +3.253343169e+00 +3.253343169e+00 -1.313266568e+02 -1.313266568e+02 -1.7833e+00 +7.1695e-01 +2.2607e+00
1743 +2.474203175e+00 +2.474203175e+00 -1.321057968e+02 -1.321057968e+02 -1.7832e+00 +6.9901e-01 +2.2632e+00
% function evaluation | noise-free fitness - Fopt (1.205900000000e+02) | best noise-free fitness - Fopt | measured fitness | best measured fitness | x1 | x2...
1 +3.235249047e+02 +3.235249047e+02 +4.441149047e+02 +4.441149047e+02 +3.1472e+00 +4.0579e+00 -3.7301e+00
2 +1.649015631e+02 +1.649015631e+02 +2.854915631e+02 +2.854915631e+02 +4.1338e+00 +1.3236e+00 -4.0246e+00
10 +6.425083644e+01 +6.425083644e+01 +1.848408364e+02 +1.848408364e+02 -1.0777e+00 +1.5548e+00 -3.2881e+00
20 +2.669623989e+01 +2.669623989e+01 +1.472862399e+02 +1.472862399e+02 -1.5961e+00 +8.5268e-01 -2.7619e+00
100 +2.280513546e+01 +2.280513546e+01 +1.433951355e+02 +1.433951355e+02 -1.4067e+00 +7.9201e-01 -1.9531e+00
157 +7.130097383e+00 +7.130097383e+00 +1.277200974e+02 +1.277200974e+02 -1.1079e+00 -2.7735e-01 -1.8891e+00
378 +6.056134104e+00 +6.056134104e+00 +1.266461341e+02 +1.266461341e+02 -9.4675e-01 +2.4795e-02 -1.5281e+00
524 +3.654111317e+00 +3.654111317e+00 +1.242441113e+02 +1.242441113e+02 -1.0190e+00 -9.7898e-03 -1.5814e+00
1243 +2.059488878e+00 +2.059488878e+00 +1.226494889e+02 +1.226494889e+02 -1.2058e+00 -2.5333e-01 -1.7934e+00
1351 +1.465985793e+00 +1.465985793e+00 +1.220559858e+02 +1.220559858e+02 -1.0647e+00 +2.1293e-02 -1.5086e+00
2476 +9.965326800e-01 +9.965326800e-01 +1.215865327e+02 +1.215865327e+02 -1.0550e+00 +2.3543e-02 -1.5223e+00
% function evaluation | noise-free fitness - Fopt (1.000000000000e+03) | best noise-free fitness - Fopt | measured fitness | best measured fitness | x1 | x2...
1 +1.480687695e+03 +1.480687695e+03 +2.480687695e+03 +2.480687695e+03 +3.1472e+00 +4.0579e+00 -3.7301e+00
2 +8.787060066e+02 +8.787060066e+02 +1.878706007e+03 +1.878706007e+03 +4.1338e+00 +1.3236e+00 -4.0246e+00
6 +5.837103578e+02 +5.837103578e+02 +1.583710358e+03 +1.583710358e+03 -3.5811e+00 -7.8239e-01 +4.1574e+00
10 +1.676848891e+02 +1.676848891e+02 +1.167684889e+03 +1.167684889e+03 -1.0777e+00 +1.5548e+00 -3.2881e+00
11 +7.776307604e+01 +7.776307604e+01 +1.077763076e+03 +1.077763076e+03 +2.0605e+00 -4.6817e+00 -2.2308e+00
14 +6.014129660e+01 +6.014129660e+01 +1.060141297e+03 +1.060141297e+03 -4.6555e+00 -6.1256e-01 -1.1844e+00
26 +2.464278184e+01 +2.464278184e+01 +1.024642782e+03 +1.024642782e+03 -1.5002e+00 -3.0340e+00 -2.4892e+00
151 +1.228322238e+01 +1.228322238e+01 +1.012283222e+03 +1.012283222e+03 -1.2415e+00 -2.1690e+00 -2.6920e+00
209 +9.616632974e+00 +9.616632974e+00 +1.009616633e+03 +1.009616633e+03 -3.0385e+00 -2.4226e+00 -2.4251e+00
532 +5.602948322e+00 +5.602948322e+00 +1.005602948e+03 +1.005602948e+03 -2.3533e+00 -2.7175e+00 -2.4901e+00
1075 +3.040326259e+00 +3.040326259e+00 +1.003040326e+03 +1.003040326e+03 -1.8633e+00 -2.4673e+00 -2.1678e+00
1110 +1.697268255e+00 +1.697268255e+00 +1.001697268e+03 +1.001697268e+03 -1.8163e+00 -2.4956e+00 -2.1880e+00
1250 +1.146417064e+00 +1.146417064e+00 +1.001146417e+03 +1.001146417e+03 -1.8512e+00 -2.4937e+00 -2.1958e+00
2187 +9.989241592e-01 +9.989241592e-01 +1.000998924e+03 +1.000998924e+03 -1.8672e+00 -2.4972e+00 -2.2074e+00
% function evaluation | noise-free fitness - Fopt (-9.166000000000e+01) | best noise-free fitness - Fopt | measured fitness | best measured fitness | x1 | x2...
1 +1.343949131e+03 +1.343949131e+03 +1.252289131e+03 +1.252289131e+03 +3.1472e+00 +4.0579e+00 -3.7301e+00
2 +8.368693334e+02 +8.368693334e+02 +7.452093334e+02 +7.452093334e+02 +4.1338e+00 +1.3236e+00 -4.0246e+00
3 +1.327229004e+02 +1.327229004e+02 +4.106290040e+01 +4.106290040e+01 -2.2150e+00 +4.6882e-01 +4.5751e+00
4 +6.804110942e+01 +6.804110942e+01 -2.361889058e+01 -2.361889058e+01 +4.6489e+00 -3.4239e+00 +4.7059e+00
34 +3.081376334e+01 +3.081376334e+01 -6.084623666e+01 -6.084623666e+01 -1.6288e+00 -3.3782e+00 +2.9428e+00
101 +2.225759690e+01 +2.225759690e+01 -6.940240310e+01 -6.940240310e+01 +5.1267e-01 -4.2857e+00 +2.0596e+00
206 +1.456262142e+01 +1.456262142e+01 -7.709737858e+01 -7.709737858e+01 +1.0176e+00 -4.5024e+00 +2.4275e+00
282 +8.857778651e+00 +8.857778651e+00 -8.280222135e+01 -8.280222135e+01 +5.5295e-01 -4.3100e+00 +2.9424e+00
837 +6.250540345e+00 +6.250540345e+00 -8.540945966e+01 -8.540945966e+01 +6.5695e-01 -4.4228e+00 +2.7861e+00
1711 +2.405992544e+00 +2.405992544e+00 -8.925400746e+01 -8.925400746e+01 -6.3146e-01 -3.9371e+00 +3.0952e+00
1722 +1.169149610e+00 +1.169149610e+00 -9.049085039e+01 -9.049085039e+01 -6.3295e-01 -3.9556e+00 +3.0918e+00
2546 +9.960939015e-01 +9.960939015e-01 -9.066390610e+01 -9.066390610e+01 -6.2957e-01 -3.9565e+00 +3.1037e+00
% function evaluation | noise-free fitness - Fopt (5.961500000000e+02) | best noise-free fitness - Fopt | measured fitness | best measured fitness | x1 | x2...
1 +9.534727615e+01 +9.534727615e+01 +6.914972761e+02 +6.914972761e+02 +3.1472e+00 +4.0579e+00 -3.7301e+00
10 +2.769008804e+01 +2.769008804e+01 +6.238400880e+02 +6.238400880e+02 -1.0777e+00 +1.5548e+00 -3.2881e+00
107 +2.133344855e+01 +2.133344855e+01 +6.174834486e+02 +6.174834486e+02 +6.3655e-01 +1.3414e+00 -2.3007e+00
115 +7.142724859e+00 +7.142724859e+00 +6.032927249e+02 +6.032927249e+02 -1.6618e+00 -3.4314e-03 -2.0485e+00
289 +4.765190397e+00 +4.765190397e+00 +6.009151904e+02 +6.009151904e+02 -2.2133e+00 -2.7079e-01 -2.6017e+00
463 +2.573408264e+00 +2.573408264e+00 +5.987234083e+02 +5.987234083e+02 -2.3143e+00 -2.6118e-01 -2.5761e+00
609 +2.276522409e+00 +2.276522409e+00 +5.984265224e+02 +5.984265224e+02 -2.4135e+00 -2.8892e-01 -2.6164e+00
864 +1.435991373e+00 +1.435991373e+00 +5.975859914e+02 +5.975859914e+02 -2.4197e+00 -2.6825e-01 -2.6056e+00
2155 +9.991219160e-01 +9.991219160e-01 +5.971491219e+02 +5.971491219e+02 -2.4121e+00 -2.8391e-01 -2.5879e+00
% function evaluation | noise-free fitness - Fopt (1.325100000000e+02) | best noise-free fitness - Fopt | measured fitness | best measured fitness | x1 | x2...
1 +4.021376392e+02 +4.021376392e+02 +5.346476392e+02 +5.346476392e+02 +3.1472e+00 +4.0579e+00 -3.7301e+00
3 +2.254933268e+02 +2.254933268e+02 +3.580033268e+02 +3.580033268e+02 -2.2150e+00 +4.6882e-01 +4.5751e+00
5 +1.525050756e+02 +1.525050756e+02 +2.850150756e+02 +2.850150756e+02 +4.5717e+00 -1.4624e-01 +3.0028e+00
9 +3.314221013e+01 +3.314221013e+01 +1.656522101e+02 +1.656522101e+02 +1.7874e+00 +2.5774e+00 +2.4313e+00
136 +9.595160335e+00 +9.595160335e+00 +1.421051603e+02 +1.421051603e+02 +1.4902e+00 +2.4559e+00 +1.8368e+00
830 +5.743240738e+00 +5.743240738e+00 +1.382532407e+02 +1.382532407e+02 +1.2247e+00 +2.2656e+00 +1.8840e+00
1750 +3.979977672e+00 +3.979977672e+00 +1.364899777e+02 +1.364899777e+02 +1.2070e+00 +2.2093e+00 +1.8198e+00
% function evaluation | noise-free fitness - Fopt (-2.401800000000e+02) | best noise-free fitness - Fopt | measured fitness | best measured fitness | x1 | x2...
1 +4.270222959e+03 +4.270222959e+03 +4.030042959e+03 +4.030042959e+03 +3.1472e+00 +4.0579e+00 -3.7301e+00
3 +1.150682169e+02 +1.150682169e+02 -1.251117831e+02 -1.251117831e+02 -2.2150e+00 +4.6882e-01 +4.5751e+00
6 +9.259686183e+01 +9.259686183e+01 -1.475831382e+02 -1.475831382e+02 -3.5811e+00 -7.8239e-01 +4.1574e+00
39 +2.132221996e+01 +2.132221996e+01 -2.188577800e+02 -2.188577800e+02 -3.4762e+00 +3.2582e+00 +3.8342e-01
123 +1.241846679e+01 +1.241846679e+01 -2.277615332e+02 -2.277615332e+02 -4.3364e+00 +3.4688e+00 +1.5751e+00
181 +5.958873783e+00 +5.958873783e+00 -2.342211262e+02 -2.342211262e+02 -1.4873e+00 +1.5510e+00 +1.4663e+00
1022 +3.963042595e+00 +3.963042595e+00 -2.362169574e+02 -2.362169574e+02 -2.2573e+00 +1.8494e+00 +1.1405e+00
2271 +2.410639689e+00 +2.410639689e+00 -2.377693603e+02 -2.377693603e+02 -2.2599e+00 +1.7986e+00 +1.1431e+00
2713 +1.122457407e+00 +1.122457407e+00 -2.390575426e+02 -2.390575426e+02 -2.8012e+00 +1.9531e+00 +8.8998e-01
3168 +9.961773154e-01 +9.961773154e-01 -2.391838227e+02 -2.391838227e+02 -2.8027e+00 +1.9720e+00 +8.8378e-01
% function evaluation | noise-free fitness - Fopt (-3.941600000000e+02) | best noise-free fitness - Fopt | measured fitness | best measured fitness | x1 | x2...
1 +1.179403445e+03 +1.179403445e+03 +7.852434454e+02 +7.852434454e+02 +3.1472e+00 +4.0579e+00 -3.7301e+00
3 +2.276409540e+02 +2.276409540e+02 -1.665190460e+02 -1.665190460e+02 -2.2150e+00 +4.6882e-01 +4.5751e+00
9 +1.548514940e+02 +1.548514940e+02 -2.393085060e+02 -2.393085060e+02 +1.7874e+00 +2.5774e+00 +2.4313e+00
14 +8.352701231e+01 +8.352701231e+01 -3.106329877e+02 -3.106329877e+02 -4.6555e+00 -6.1256e-01 -1.1844e+00
31 +4.508308255e+01 +4.508308255e+01 -3.490769174e+02 -3.490769174e+02 -4.2415e+00 -4.4605e+00 +3.0798e-01
94 +3.770537821e+01 +3.770537821e+01 -3.564546218e+02 -3.564546218e+02 -4.2117e+00 -2.6126e+00 +8.1558e-01
106 +1.913469274e+01 +1.913469274e+01 -3.750253073e+02 -3.750253073e+02 -3.5002e+00 -4.4943e+00 -4.8916e-01
174 +1.432574773e+01 +1.432574773e+01 -3.798342523e+02 -3.798342523e+02 -4.0017e+00 -3.9481e+00 -3.1735e-01
227 +9.770681386e+00 +9.770681386e+00 -3.843893186e+02 -3.843893186e+02 -2.4986e+00 -3.9156e+00 -3.1481e-01
378 +2.714617192e+00 +2.714617192e+00 -3.914453828e+02 -3.914453828e+02 -2.5447e+00 -3.4375e+00 +3.7536e-01
538 +2.198920016e+00 +2.198920016e+00 -3.919610800e+02 -3.919610800e+02 -2.5595e+00 -3.4727e+00 +3.4051e-01
2367 +9.258649084e-01 +9.258649084e-01 -3.932341351e+02 -3.932341351e+02 -2.9213e+00 -3.5221e+00 -2.3053e-01
2483 +4.320707680e-01 +4.320707680e-01 -3.937279292e+02 -3.937279292e+02 -2.8953e+00 -3.5166e+00 -2.1234e-01
2803 +2.613356478e-01 +2.613356478e-01 -3.938986644e+02 -3.938986644e+02 -2.8992e+00 -3.5235e+00 -2.0974e-01
2843 +2.283984976e-01 +2.283984976e-01 -3.939316015e+02 -3.939316015e+02 -2.9056e+00 -3.5280e+00 -2.1625e-01
3018 +1.002303954e-01 +1.002303954e-01 -3.940597696e+02 -3.940597696e+02 -2.8851e+00 -3.5284e+00 -2.0774e-01
3058 +7.276729930e-02 +7.276729930e-02 -3.940872327e+02 -3.940872327e+02 -2.8790e+00 -3.5297e+00 -2.0873e-01
3092 +2.066585523e-02 +2.066585523e-02 -3.941393341e+02 -3.941393341e+02 -2.8949e+00 -3.5377e+00 -2.1416e-01
3281 +1.500942914e-02 +1.500942914e-02 -3.941449906e+02 -3.941449906e+02 -2.8886e+00 -3.5361e+00 -2.1221e-01
3321 +9.340033992e-03 +9.340033992e-03 -3.941506600e+02 -3.941506600e+02 -2.8888e+00 -3.5370e+00 -2.1304e-01
3334 +3.126083436e-03 +3.126083436e-03 -3.941568739e+02 -3.941568739e+02 -2.8867e+00 -3.5386e+00 -2.1255e-01
3361 +1.799354331e-03 +1.799354331e-03 -3.941582006e+02 -3.941582006e+02 -2.8860e+00 -3.5397e+00 -2.1281e-01
3491 +1.058778311e-03 +1.058778311e-03 -3.941589412e+02 -3.941589412e+02 -2.8883e+00 -3.5393e+00 -2.1325e-01
3521 +9.215997318e-04 +9.215997318e-04 -3.941590784e+02 -3.941590784e+02 -2.8871e+00 -3.5397e+00 -2.1305e-01
3538 +4.622678737e-04 +4.622678737e-04 -3.941595377e+02 -3.941595377e+02 -2.8874e+00 -3.5405e+00 -2.1337e-01
3563 +1.202576107e-04 +1.202576107e-04 -3.941598797e+02 -3.941598797e+02 -2.8886e+00 -3.5403e+00 -2.1354e-01
3612 +6.695963737e-05 +6.695963737e-05 -3.941599330e+02 -3.941599330e+02 -2.8888e+00 -3.5411e+00 -2.1354e-01
3614 +5.646016825e-05 +5.646016825e-05 -3.941599435e+02 -3.941599435e+02 -2.8888e+00 -3.5408e+00 -2.1343e-01
3643 +2.918357086e-05 +2.918357086e-05 -3.941599708e+02 -3.941599708e+02 -2.8887e+00 -3.5406e+00 -2.1348e-01
3763 +1.960134148e-05 +1.960134148e-05 -3.941599804e+02 -3.941599804e+02 -2.8888e+00 -3.5408e+00 -2.1371e-01
3806 +1.117135707e-05 +1.117135707e-05 -3.941599888e+02 -3.941599888e+02 -2.8890e+00 -3.5409e+00 -2.1367e-01
3843 +9.594159849e-06 +9.594159849e-06 -3.941599904e+02 -3.941599904e+02 -2.8888e+00 -3.5407e+00 -2.1360e-01
3915 +3.432470066e-06 +3.432470066e-06 -3.941599966e+02 -3.941599966e+02 -2.8887e+00 -3.5408e+00 -2.1360e-01
3967 +2.235291277e-06 +2.235291277e-06 -3.941599978e+02 -3.941599978e+02 -2.8888e+00 -3.5407e+00 -2.1359e-01
4052 +1.499265181e-06 +1.499265181e-06 -3.941599985e+02 -3.941599985e+02 -2.8887e+00 -3.5408e+00 -2.1359e-01
4115 +8.875751973e-07 +8.875751973e-07 -3.941599991e+02 -3.941599991e+02 -2.8888e+00 -3.5408e+00 -2.1362e-01
4163 +1.712038511e-07 +1.712038511e-07 -3.941599998e+02 -3.941599998e+02 -2.8888e+00 -3.5408e+00 -2.1359e-01
4241 +9.348531194e-08 +9.348531194e-08 -3.941599999e+02 -3.941599999e+02 -2.8888e+00 -3.5408e+00 -2.1360e-01
4281 +3.397656201e-08 +3.397656201e-08 -3.941600000e+02 -3.941600000e+02 -2.8888e+00 -3.5408e+00 -2.1360e-01
4298 +1.421426532e-08 +1.421426532e-08 -3.941600000e+02 -3.941600000e+02 -2.8888e+00 -3.5408e+00 -2.1360e-01
4411 +7.198423191e-09 +7.198423191e-09 -3.941600000e+02 -3.941600000e+02 -2.8888e+00 -3.5408e+00 -2.1360e-01
4443 +3.862453468e-09 +3.862453468e-09 -3.941600000e+02 -3.941600000e+02 -2.8888e+00 -3.5408e+00 -2.1360e-01
4498 +1.477360456e-10 +1.477360456e-10 -3.941600000e+02 -3.941600000e+02 -2.8888e+00 -3.5408e+00 -2.1360e-01
4752 +5.911715562e-11 +5.911715562e-11 -3.941600000e+02 -3.941600000e+02 -2.8888e+00 -3.5408e+00 -2.1360e-01
4795 +3.336708687e-11 +3.336708687e-11 -3.941600000e+02 -3.941600000e+02 -2.8888e+00 -3.5408e+00 -2.1360e-01
4888 +9.606537787e-12 +9.606537787e-12 -3.941600000e+02 -3.941600000e+02 -2.8888e+00 -3.5408e+00 -2.1360e-01
4961 +5.684341886e-12 +5.684341886e-12 -3.941600000e+02 -3.941600000e+02 -2.8888e+00 -3.5408e+00 -2.1360e-01
4972 +1.875832822e-12 +1.875832822e-12 -3.941600000e+02 -3.941600000e+02 -2.8888e+00 -3.5408e+00 -2.1360e-01
