% function evaluation | noise-free fitness - Fopt (9.294000000000e+01) | best noise-free fitness - Fopt | measured fitness | best measured fitness | x1 | x2...
1 +4.083611383e+03 +4.083611383e+03 +4.176551383e+03 +4.176551383e+03 +3.1472e+00 +4.0579e+00 -3.7301e+00 +4.1338e+00 +1.3236e+00 -4.0246e+00 -2.2150e+00 +4.6882e-01 +4.5751e+00 +4.6489e+00 -3.4239e+00 +4.7059e+00 +4.5717e+00 -1.4624e-01 +3.0028e+00 -3.5811e+00 -7.8239e-01 +4.1574e+00 +2.9221e+00 +4.5949e+00
2 +1.923155348e+03 +1.923155348e+03 +2.016095348e+03 +2.016095348e+03 +1.5574e+00 -4.6429e+00 +3.4913e+00 +4.3399e+00 +1.7874e+00 +2.5774e+00 +2.4313e+00 -1.0777e+00 +1.5548e+00 -3.2881e+00 +2.0605e+00 -4.6817e+00 -2.2308e+00 -4.5383e+00 -4.0287e+00 +3.2346e+00 +1.9483e+00 -1.8290e+00 +4.5022e+00 -4.6555e+00
3 +1.164685047e+03 +1.164685047e+03 +1.257625047e+03 +1.257625047e+03 -6.1256e-01 -1.1844e+00 +2.6552e+00 +2.9520e+00 -3.1313e+00 -1.0236e-01 -5.4414e-01 +1.4631e+00 +2.0936e+00 +2.5469e+00 -2.2397e+00 +1.7970e+00 +1.5510e+00 -3.3739e+00 -3.8100e+00 -1.6359e-02 +4.5974e+00 -1.5961e+00 +8.5268e-01 -2.7619e+00
23 +9.075003203e+02 +9.075003203e+02 +1.000440320e+03 +1.000440320e+03 -2.4521e+00 -2.7596e+00 +1.6783e+00 +3.4439e+00 -1.5554e+00 +2.8052e+00 +1.7533e+00 -4.9328e+00 +1.0217e+00 -1.1323e+00 +4.1599e+00 -4.9885e+00 -3.7551e-01 -7.5651e-01 -3.9084e-01 +2.7016e+00 -1.7753e+00 +2.8474e+00 -2.8643e-01 -4.6424e+00
105 +5.817307255e+02 +5.817307255e+02 +6.746707255e+02 +6.746707255e+02 -1.4735e-01 +3.0727e+00 +1.3579e+00 -1.3632e+00 -1.7430e+00 +2.0928e+00 +9.0431e-01 -3.8060e+00 +3.4668e+00 +1.1680e+00 -3.2529e+00 -3.6665e+00 +2.7029e+00 -1.4978e+00 +6.8062e-01 -3.1594e+00 +3.4193e+00 +8.6319e-01 -2.4356e+00 +1.1346e+00
319 +3.963342785e+02 +3.963342785e+02 +4.892742785e+02 +4.892742785e+02 +7.2167e-01 -4.1011e+00 +9.7421e-01 +2.7724e+00 +2.2013e+00 +2.1048e+00 +1.0253e-01 -4.7696e+00 +3.9768e+00 +2.7116e+00 +2.0318e+00 -3.2457e+00 +8.0100e-01 +3.5544e+00 +4.4815e-01 -5.3437e-01 +1.0718e+00 -1.2480e+00 -3.8432e+00 -1.0896e+00
365 +2.305247037e+02 +2.305247037e+02 +3.234647037e+02 +3.234647037e+02 -3.7938e+00 -1.8480e+00 -5.2293e-01 +3.4034e+00 +1.0452e+00 +5.0855e+00 -8.2802e-01 +9.5700e-02 +3.3268e+00 +2.4912e+00 -2.0230e+00 -9.5836e-01 +2.9295e+00 +1.0963e+00 +4.2562e-01 +8.6731e-02 +6.1741e+00 -3.0609e-01 +3.9187e+00 +1.2140e+00
720 +1.485576773e+02 +1.485576773e+02 +2.414976773e+02 +2.414976773e+02 +5.7046e-01 -1.3560e+00 +6.5701e-01 +3.7052e+00 -1.0234e+00 +4.5807e+00 +1.0505e-01 +1.0423e+00 +3.0734e+00 +3.3116e+00 -5.2191e-01 -3.1621e+00 -1.1461e+00 +9.3955e-01 +1.1197e+00 -4.7819e-01 +4.1514e+00 -3.4911e+00 +1.6398e+00 -1.2910e+00
800 +8.387827609e+01 +8.387827609e+01 +1.768182761e+02 +1.768182761e+02 +5.7046e-01 +9.4686e-01 -6.9737e-01 +3.7052e+00 +1.4664e+00 +5.4803e+00 +2.9561e+00 +1.0423e+00 +2.1544e+00 +3.3116e+00 -1.8304e+00 -1.3547e+00 -1.1461e+00 +9.3955e-01 +1.7596e+00 -2.0400e+00 +4.1514e+00 -3.4911e+00 +1.6398e+00 -1.2910e+00
1115 +6.195768523e+01 +6.195768523e+01 +1.548976852e+02 +1.548976852e+02 -7.1403e-02 +6.6865e-01 +5.9912e-01 +3.1732e+00 +1.5668e+00 +5.3829e+00 -9.7583e-01 -1.7519e+00 +1.7189e+00 +3.5010e+00 -4.9140e-01 -1.5372e+00 -2.5594e+00 +1.1602e+00 +1.5451e+00 -1.4551e+00 +3.8078e+00 -2.2219e+00 +2.3778e+00 -1.5035e+00
1760 +3.831828573e+01 +3.831828573e+01 +1.312582857e+02 +1.312582857e+02 +1.8797e-01 +1.6462e+00 +9.4219e-01 +1.4704e+00 +6.9372e-01 +5.2728e+00 +4.8419e-01 +1.3166e+00 +2.6904e+00 +4.0396e+00 -9.0944e-01 -2.9688e+00 -7.9788e-01 +1.0996e+00 +1.8830e+00 -1.1325e+00 +4.2791e+00 -3.5120e+00 +1.6398e+00 -1.2910e+00
2971 +2.481551903e+01 +2.481551903e+01 +1.177555190e+02 +1.177555190e+02 -1.8601e-01 +1.2821e+00 -2.4632e-01 +2.4442e+00 +1.3520e+00 +4.7425e+00 +9.4517e-01 -3.2325e-01 +3.3615e+00 +3.0410e+00 -8.7552e-01 -1.8809e+00 -1.1720e+00 +9.5163e-01 +1.9774e+00 -8.3672e-01 +4.4607e+00 -3.1206e+00 +1.1852e+00 +5.8109e-01
3585 +1.537866804e+01 +1.537866804e+01 +1.083186680e+02 +1.083186680e+02 +4.8748e-01 +8.2680e-01 -1.5419e-01 +2.8053e+00 +1.4531e+00 +5.0613e+00 +8.6411e-01 -2.5845e-01 +2.7270e+00 +3.2636e+00 +2.1089e-01 -2.6262e+00 -1.2061e+00 +1.1579e+00 +1.9650e+00 -2.5001e-01 +4.2463e+00 -3.4983e+00 +1.9959e+00 +5.9071e-02
% function evaluation | noise-free fitness - Fopt (3.535000000000e+01) | best noise-free fitness - Fopt | measured fitness | best measured fitness | x1 | x2...
1 +4.170912737e+03 +4.170912737e+03 +4.206262737e+03 +4.206262737e+03 +3.1472e+00 +4.0579e+00 -3.7301e+00 +4.1338e+00 +1.3236e+00 -4.0246e+00 -2.2150e+00 +4.6882e-01 +4.5751e+00 +4.6489e+00 -3.4239e+00 +4.7059e+00 +4.5717e+00 -1.4624e-01 +3.0028e+00 -3.5811e+00 -7.8239e-01 +4.1574e+00 +2.9221e+00 +4.5949e+00
2 +2.122189275e+03 +2.122189275e+03 +2.157539275e+03 +2.157539275e+03 +1.5574e+00 -4.6429e+00 +3.4913e+00 +4.3399e+00 +1.7874e+00 +2.5774e+00 +2.4313e+00 -1.0777e+00 +1.5548e+00 -3.2881e+00 +2.0605e+00 -4.6817e+00 -2.2308e+00 -4.5383e+00 -4.0287e+00 +3.2346e+00 +1.9483e+00 -1.8290e+00 +4.5022e+00 -4.6555e+00
29 +1.422163783e+03 +1.422163783e+03 +1.457513783e+03 +1.457513783e+03 +3.2172e+00 -7.0079e-01 +3.8777e+00 -1.0882e+00 +2.6911e+00 -1.0321e+00 +3.0851e+00 +2.5508e+00 -1.2260e+00 -2.8398e+00 +2.9041e+00 +4.4930e+00 -1.7243e+00 +1.7126e+00 -6.1355e-01 +3.3350e+00 +2.6885e+00 -3.3275e+00 +3.6198e+00 +4.8987e+00
153 +9.730818306e+02 +9.730818306e+02 +1.008431831e+03 +1.008431831e+03 +1.1810e+00 -2.3507e+00 +9.9031e-01 +2.6213e+00 -4.1092e+00 -2.0157e-01 +2.2704e+00 -3.0749e+00 -3.7692e+00 +4.9737e+00 -2.5172e+00 -3.1093e+00 +3.8090e+00 +1.4117e+00 -9.1025e-01 -1.9308e-02 +2.2720e+00 +5.7572e-01 +1.7963e+00 -1.7649e+00
199 +5.282540624e+02 +5.282540624e+02 +5.636040624e+02 +5.636040624e+02 +2.5984e+00 +3.6876e+00 +3.2657e+00 +2.0278e+00 -4.1355e+00 -6.7897e-01 +1.0787e+00 -1.2349e+00 +4.0385e+00 -2.0395e+00 +2.7567e+00 -7.3016e+00 -1.5500e+00 +1.6792e+00 -2.6132e+00 +1.4703e-01 +2.0090e+00 -1.1291e+00 +2.0419e+00 -2.4253e+00
269 +2.983913566e+02 +2.983913566e+02 +3.337413566e+02 +3.337413566e+02 +3.5226e+00 -7.0079e-01 +3.8777e+00 -1.0882e+00 +5.5026e-01 -3.4754e+00 +1.3219e-01 +2.5508e+00 -1.2260e+00 -2.8398e+00 +3.5144e+00 -4.2030e+00 +1.9706e+00 +5.1021e+00 -6.1355e-01 +3.3350e+00 +2.6885e+00 +3.8155e-01 +2.3346e+00 +4.8987e+00
309 +1.580138292e+02 +1.580138292e+02 +1.933638292e+02 +1.933638292e+02 +3.3945e+00 +3.2297e+00 +2.7385e+00 -1.0882e+00 +5.5026e-01 -3.4754e+00 +2.4549e+00 +2.5508e+00 -1.2260e+00 -2.8398e+00 -4.8495e-01 -3.6268e+00 +1.9706e+00 +4.8755e+00 -6.2198e-01 +3.3350e+00 +2.6885e+00 -5.2372e-01 +2.3346e+00 +4.8987e+00
734 +7.034224726e+01 +7.034224726e+01 +1.056922473e+02 +1.056922473e+02 +2.3812e+00 -1.5400e+00 +1.8388e+00 +2.4192e+00 -3.6812e+00 -2.7039e+00 +1.6563e+00 +1.6357e+00 +1.2245e+00 -3.2341e+00 +3.9418e+00 -3.9832e+00 +2.1828e+00 +3.6105e+00 -5.7401e-02 +2.9124e-01 +3.9960e+00 -3.9822e-02 +2.4509e-01 +2.2779e+00
1535 +6.148249827e+01 +6.148249827e+01 +9.683249827e+01 +9.683249827e+01 +2.8384e+00 +3.2046e+00 +3.5980e+00 +4.0812e+00 -2.2197e+00 -2.9265e+00 +8.8511e-01 +1.4432e+00 +7.6592e-01 -5.3000e-01 +1.0591e-01 -3.7128e+00 +3.2914e+00 +4.2432e+00 -1.6464e+00 +3.3439e+00 +1.3391e+00 +1.2175e+00 +2.3552e+00 +1.3489e+00
2670 +3.712502589e+01 +3.712502589e+01 +7.247502589e+01 +7.247502589e+01 +2.7978e+00 +6.7206e-01 +3.8135e+00 +2.0051e+00 -2.9329e+00 -3.1397e+00 +1.5286e+00 +1.2563e+00 +1.0583e+00 -3.1580e+00 +2.1186e+00 -3.9736e+00 +2.0231e+00 +4.1217e+00 -2.9555e-01 +3.0451e+00 +2.8161e+00 +3.9737e-01 +1.8403e+00 +2.1118e+00
3277 +2.404151120e+01 +2.404151120e+01 +5.939151120e+01 +5.939151120e+01 +2.1454e+00 +8.8871e-01 +3.4180e+00 +2.0963e+00 -3.0405e+00 -3.1600e+00 +1.1854e+00 +1.2485e+00 +1.3517e+00 -4.0050e+00 +2.0984e+00 -3.8123e+00 +2.4630e+00 +4.6794e+00 -3.6148e-02 +1.4024e+00 +2.7848e+00 +1.0706e+00 +1.0708e+00 +1.9566e+00
% function evaluation | noise-free fitness - Fopt (3.820000000000e+00) | best noise-free fitness - Fopt | measured fitness | best measured fitness | x1 | x2...
1 +1.461981915e+03 +1.461981915e+03 +1.465801915e+03 +1.465801915e+03 +3.1472e+00 +4.0579e+00 -3.7301e+00 +4.1338e+00 +1.3236e+00 -4.0246e+00 -2.2150e+00 +4.6882e-01 +4.5751e+00 +4.6489e+00 -3.4239e+00 +4.7059e+00 +4.5717e+00 -1.4624e-01 +3.0028e+00 -3.5811e+00 -7.8239e-01 +4.1574e+00 +2.9221e+00 +4.5949e+00
10 +7.183381995e+02 +7.183381995e+02 +7.221581995e+02 +7.221581995e+02 +4.7009e-01 -2.0368e+00 +2.4469e+00 -3.1104e+00 +1.8678e+00 -3.1649e+00 -1.3152e+00 +1.2562e+00 +2.8023e+00 -4.1887e+00 +4.2939e+00 +2.7571e+00 -1.3208e-01 -6.4141e-01 -5.3216e-01 -1.9365e+00 +8.5087e-02 +1.0772e-01 +3.1763e+00 +2.9483e+00
108 +4.266567793e+02 +4.266567793e+02 +4.304767793e+02 +4.304767793e+02 +1.6920e+00 -3.5000e+00 +2.8213e+00 -2.3785e+00 +3.8200e+00 +2.5493e+00 -2.5721e+00 -5.7598e-01 -1.6793e+00 -5.2277e-01 +4.2843e+00 +1.1522e-02 -1.4438e-01 -2.1153e+00 +2.4938e+00 +1.0710e+00 -1.6914e+00 -4.5392e+00 +1.7160e+00 +4.2558e+00
188 +2.187762645e+02 +2.187762645e+02 +2.225962645e+02 +2.225962645e+02 +1.6920e+00 -1.2612e+00 +1.9153e+00 -3.4059e+00 +3.8200e+00 +2.5493e+00 -2.1692e+00 -5.7598e-01 -1.6793e+00 -5.2277e-01 +2.5166e+00 +1.1522e-02 -1.4438e-01 -1.9534e+00 -5.1843e-02 -1.0152e+00 -1.6914e+00 +5.2489e-01 -2.2957e-01 +2.4641e+00
675 +1.065790330e+02 +1.065790330e+02 +1.103990330e+02 +1.103990330e+02 +1.5829e+00 -1.9560e+00 +4.1005e+00 -2.5438e+00 -1.9332e-01 -5.7682e-01 +5.4637e-01 -4.1000e+00 -2.5569e+00 -8.2002e-01 +2.3854e+00 +7.5582e-01 +3.8308e-02 -1.9926e+00 +1.7271e+00 +4.2416e+00 +4.3960e-01 +3.2592e-01 +5.7063e-01 +1.7589e+00
1055 +9.599343338e+01 +9.599343338e+01 +9.981343338e+01 +9.981343338e+01 +2.6101e+00 -1.8815e+00 +2.8528e+00 -1.5928e+00 +3.8947e-01 -6.1450e-01 +4.2039e-01 -3.3851e+00 -1.2662e+00 -8.5758e-01 +1.0142e+00 +1.0803e+00 +4.5787e-01 -2.4462e+00 +2.0022e+00 +3.2199e+00 +7.5556e-01 +9.0875e-01 +7.0135e-01 +2.5106e+00
1502 +6.275584913e+01 +6.275584913e+01 +6.657584913e+01 +6.657584913e+01 +1.9775e+00 -8.9954e-01 +1.6816e+00 -3.7462e+00 -2.1433e-01 -1.5732e+00 -5.6922e-01 -4.0732e+00 +2.6951e-02 -2.3618e+00 +2.1528e+00 +1.0962e+00 -1.5068e-01 -2.9131e+00 -1.4894e-01 +2.0510e+00 +5.7049e-01 +1.7181e-01 +9.9061e-02 +1.7646e+00
2351 +2.945088724e+01 +2.945088724e+01 +3.327088724e+01 +3.327088724e+01 +2.9295e+00 -9.2074e-01 +2.1072e+00 -2.7618e+00 +5.7279e-01 +1.4148e-03 +2.9716e-01 -2.2724e+00 -5.5276e-02 -1.2353e+00 +1.8218e+00 +1.8448e+00 +4.5762e-01 -2.4799e+00 -2.0334e-01 +2.5550e+00 +3.7198e-01 +6.9553e-01 -1.0163e-01 +1.5302e+00
2942 +2.251486850e+01 +2.251486850e+01 +2.633486850e+01 +2.633486850e+01 +3.2027e+00 -1.9788e-01 +2.3927e+00 -2.6750e+00 +1.0956e+00 +1.3649e+00 +4.2622e-01 -2.4324e+00 -2.8617e-01 -7.7631e-01 +2.2410e+00 +1.4885e+00 +8.1411e-01 -2.9131e+00 -1.5056e-01 +2.2906e+00 +7.3266e-01 +5.6969e-01 +4.3830e-01 +2.7560e+00
4687 +1.576287599e+01 +1.576287599e+01 +1.958287599e+01 +1.958287599e+01 +3.0697e+00 -8.7634e-01 +1.6378e+00 -2.9401e+00 +1.0483e+00 -3.7379e-01 +4.4146e-01 -3.6923e+00 -1.9346e-01 -1.5279e+00 +1.7325e+00 +1.4948e+00 +1.0496e-01 -2.7206e+00 -2.5786e-01 +2.6830e+00 -1.3502e-01 +6.0642e-01 +3.6185e-01 +2.5129e+00
% function evaluation | noise-free fitness - Fopt (2.175000000000e+01) | best noise-free fitness - Fopt | measured fitness | best measured fitness | x1 | x2...
1 +9.839573376e+02 +9.839573376e+02 +1.005707338e+03 +1.005707338e+03 +3.1472e+00 +4.0579e+00 -3.7301e+00 +4.1338e+00 +1.3236e+00 -4.0246e+00 -2.2150e+00 +4.6882e-01 +4.5751e+00 +4.6489e+00 -3.4239e+00 +4.7059e+00 +4.5717e+00 -1.4624e-01 +3.0028e+00 -3.5811e+00 -7.8239e-01 +4.1574e+00 +2.9221e+00 +4.5949e+00
41 +6.114658492e+02 +6.114658492e+02 +6.332158492e+02 +6.332158492e+02 -2.3384e+00 -3.3448e+00 -3.7301e+00 -1.1382e+00 +1.3236e+00 -4.0246e+00 -2.2150e+00 +4.6882e-01 +8.1778e-01 +4.6489e+00 -3.4239e+00 +4.7059e+00 +1.9744e+00 +2.2955e+00 -1.6432e+00 -3.5811e+00 -7.8239e-01 +4.1574e+00 -1.4928e+00 -2.8495e+00
241 +3.959214638e+02 +3.959214638e+02 +4.176714638e+02 +4.176714638e+02 -2.3384e+00 -3.3448e+00 -3.7301e+00 +2.0201e+00 +1.3236e+00 -2.4210e+00 +7.5227e-01 +4.6882e-01 +8.1778e-01 +1.9615e+00 +4.0087e+00 -5.8871e+00 +5.2446e+00 -4.8433e+00 -1.0514e-01 +9.5644e-01 +4.1012e-01 +4.1574e+00 -1.4928e+00 -2.6687e+00
500 +2.178740147e+02 +2.178740147e+02 +2.396240147e+02 +2.396240147e+02 -5.9925e-02 -1.2389e+00 -1.4552e-01 -2.1006e+00 -5.8001e+00 -3.3491e+00 +2.3025e+00 -1.5612e+00 +3.1995e+00 -3.8317e-01 +4.0631e+00 -1.5428e+00 +4.9390e+00 -1.5779e-01 +3.1538e-01 -3.5179e+00 +1.6688e-01 +3.0194e+00 -4.5494e+00 +8.3689e-01
581 +1.527275887e+02 +1.527275887e+02 +1.744775887e+02 +1.744775887e+02 +1.9453e+00 +5.9285e-01 +9.8054e-01 -2.9076e-01 -3.8092e+00 -4.9451e+00 +4.0851e+00 +3.8399e-01 +2.8947e+00 +2.1595e+00 +3.6002e+00 -1.7276e+00 +3.9518e+00 +3.2601e+00 -5.7301e-01 -4.2306e+00 -1.2591e+00 +2.7617e+00 -2.2299e-01 -1.6269e+00
1211 +9.525117783e+01 +9.525117783e+01 +1.170011778e+02 +1.170011778e+02 +1.2461e+00 +1.0579e+00 +1.3266e-01 -1.0549e+00 +4.5203e-01 -2.4902e+00 +4.7142e+00 -5.5018e-01 +1.2586e+00 +1.7540e+00 +2.9709e+00 -2.2314e+00 +4.1970e+00 -2.3505e-01 -7.2649e-01 -4.0011e+00 -9.9536e-01 +1.8749e+00 -2.0130e-01 -1.0107e+00
1630 +5.579195771e+01 +5.579195771e+01 +7.754195771e+01 +7.754195771e+01 -3.4803e-01 +1.2923e+00 -7.2399e-01 +1.8034e+00 +1.6260e+00 -4.1095e+00 +3.0266e+00 +5.2711e-01 +1.4663e+00 +3.2728e+00 +2.3436e+00 -1.6281e+00 +4.0114e+00 -7.3512e-01 -6.2359e-01 -3.4855e+00 -3.4401e-01 +1.8806e+00 -1.5971e+00 +8.7964e-01
2109 +2.998672904e+01 +2.998672904e+01 +5.173672904e+01 +5.173672904e+01 +2.7527e+00 +1.7339e-01 +2.2795e-01 +1.9028e+00 -7.5987e-01 -3.2857e+00 +2.0581e+00 +1.2367e+00 +1.2592e+00 +3.5057e+00 +3.5998e+00 -1.7967e+00 +3.7749e+00 -1.9740e-01 -1.1030e+00 -2.3361e+00 -1.3764e+00 +8.0946e-01 -2.4231e+00 +3.7554e-01
2281 +1.949958692e+01 +1.949958692e+01 +4.124958692e+01 +4.124958692e+01 +2.9517e+00 +5.5364e-01 +3.9167e-02 +1.7830e+00 -4.7487e-01 -2.9085e+00 +3.7999e+00 +9.9090e-01 +1.2641e+00 +3.3333e+00 +3.5349e+00 -1.8236e+00 +3.9044e+00 -5.0021e-01 -1.0982e+00 -2.3938e+00 -7.9471e-01 +7.2602e-01 -2.0767e+00 +2.6497e-01
3400 +1.490618760e+01 +1.490618760e+01 +3.665618760e+01 +3.665618760e+01 +2.7114e+00 +5.0797e-01 +1.3073e-01 +1.6008e+00 -5.3761e-01 -3.1442e+00 +3.6771e+00 +1.0015e+00 +1.5710e+00 +3.2231e+00 +2.5520e+00 -1.6759e+00 +3.8186e+00 -1.3127e+00 -1.1034e+00 -2.7827e+00 -1.0319e+00 +7.3079e-01 -2.0714e+00 +2.0306e-01
4347 +9.785324224e+00 +9.785324224e+00 +3.153532422e+01 +3.153532422e+01 +2.9129e+00 +1.1810e+00 -6.3399e-01 +2.6255e+00 -4.0202e-01 -2.9375e+00 +3.7440e+00 +1.2556e+00 +1.4982e+00 +3.4686e+00 +2.7706e+00 -1.8321e+00 +3.8968e+00 -1.1481e+00 -1.5528e+00 -2.8757e+00 -8.2958e-01 +8.3605e-01 -2.0610e+00 +7.5444e-01
% function evaluation | noise-free fitness - Fopt (6.479000000000e+01) | best noise-free fitness - Fopt | measured fitness | best measured fitness | x1 | x2...
1 +3.037575078e+03 +3.037575078e+03 +3.102365078e+03 +3.102365078e+03 +3.1472e+00 +4.0579e+00 -3.7301e+00 +4.1338e+00 +1.3236e+00 -4.0246e+00 -2.2150e+00 +4.6882e-01 +4.5751e+00 +4.6489e+00 -3.4239e+00 +4.7059e+00 +4.5717e+00 -1.4624e-01 +3.0028e+00 -3.5811e+00 -7.8239e-01 +4.1574e+00 +2.9221e+00 +4.5949e+00
3 +2.226542685e+03 +2.226542685e+03 +2.291332685e+03 +2.291332685e+03 -6.1256e-01 -1.1844e+00 +2.6552e+00 +2.9520e+00 -3.1313e+00 -1.0236e-01 -5.4414e-01 +1.4631e+00 +2.0936e+00 +2.5469e+00 -2.2397e+00 +1.7970e+00 +1.5510e+00 -3.3739e+00 -3.8100e+00 -1.6359e-02 +4.5974e+00 -1.5961e+00 +8.5268e-01 -2.7619e+00
5 +1.533125041e+03 +1.533125041e+03 +1.597915041e+03 +1.597915041e+03 -1.4834e+00 +3.3083e+00 +8.5264e-01 +4.9724e-01 +4.1719e+00 -2.1416e+00 +2.5720e+00 +2.5373e+00 -1.1955e+00 +6.7822e-01 -4.2415e+00 -4.4605e+00 +3.0798e-01 +2.7917e+00 +4.3401e+00 -3.7009e+00 +6.8824e-01 -3.0609e-01 -4.8810e+00 -1.6288e+00
6 +9.025478554e+02 +9.025478554e+02 +9.673378554e+02 +9.673378554e+02 -3.3782e+00 +2.9428e+00 -1.8878e+00 +2.8533e-01 -3.3435e+00 +1.0198e+00 -2.3703e+00 +1.5408e+00 +1.8921e+00 +2.4815e+00 -4.9458e-01 -4.1618e+00 -2.7102e+00 +4.1334e+00 -3.4762e+00 +3.2582e+00 +3.8342e-01 +4.9613e+00 -4.2182e+00 -5.7322e-01
8 +5.400891710e+02 +5.400891710e+02 +6.048791710e+02 +6.048791710e+02 +3.5303e+00 +1.2206e+00 -1.4905e+00 +1.3250e-01 -9.8192e-01 -4.2403e+00 -2.6008e+00 -3.7668e+00 -3.1609e+00 -2.6005e+00 -8.2733e-01 -4.5035e+00 +4.0272e+00 +4.4479e+00 -9.1359e-02 -1.0747e-01 -1.6228e+00 +4.0005e+00 -1.3075e+00 -3.8880e+00
337 +2.463657342e+02 +2.463657342e+02 +3.111557342e+02 +3.111557342e+02 +2.2563e+00 -1.2424e+00 -1.4221e+00 +3.8276e-01 -1.1049e+00 -5.5054e+00 -2.3925e+00 -8.3201e-01 +1.5088e+00 -1.1359e+00 +4.9699e-01 -4.2231e+00 +7.6627e-01 +3.0807e+00 -9.7170e-01 +1.3070e+00 -1.3651e+00 +2.6766e+00 -1.4365e+00 -2.0740e+00
725 +1.214144924e+02 +1.214144924e+02 +1.862044924e+02 +1.862044924e+02 -1.5792e+00 -4.8258e+00 -1.2606e+00 +4.0422e+00 -2.8170e+00 -4.2897e+00 -3.9097e+00 +8.7273e-02 -3.6692e+00 +6.0579e+00 +4.0574e+00 -2.4532e+00 +1.3964e+00 +8.6744e-01 +1.9822e-01 +4.4890e+00 -4.2908e+00 -1.8048e+00 +3.2534e+00 -2.1034e+00
1148 +7.845830301e+01 +7.845830301e+01 +1.432483030e+02 +1.432483030e+02 -1.0692e+00 -1.6625e+00 -3.2620e+00 +4.8790e+00 -3.8924e+00 -4.3967e+00 -3.7049e+00 +1.3658e+00 +3.3786e-01 +2.0174e+00 +4.4316e+00 -4.4271e-01 +1.2662e+00 +2.2420e+00 +4.3761e-01 +4.3307e+00 -5.5466e+00 -1.9522e+00 +4.6492e+00 -1.1040e+00
1987 +5.738116663e+01 +5.738116663e+01 +1.221711666e+02 +1.221711666e+02 -3.3210e+00 -3.9566e-01 +5.4592e-01 +2.4495e+00 -1.6992e+00 -1.3374e+00 -3.7654e+00 +6.8322e-01 -1.3340e+00 +1.8974e+00 +2.3002e+00 -9.3746e-01 +2.4488e-01 -1.7543e-01 -3.1544e-01 +8.8754e-01 +2.2581e-01 +3.9537e-01 -3.0023e+00 +1.8855e-01
2434 +3.760143050e+01 +3.760143050e+01 +1.023914305e+02 +1.023914305e+02 -2.6697e+00 -2.4281e+00 -1.5686e-01 +2.4495e+00 -2.1872e+00 -2.8804e+00 -3.6865e+00 +1.3148e+00 -1.7702e+00 +3.2545e+00 +2.2602e+00 -5.9839e-01 +8.7906e-01 +2.5977e-01 -6.3491e-01 +1.9431e+00 -5.3717e-01 +1.4332e-01 -8.7727e-01 -2.0704e-01
3406 +2.428124413e+01 +2.428124413e+01 +8.907124413e+01 +8.907124413e+01 -2.9894e+00 -1.5592e+00 -1.1295e+00 +2.4808e+00 -2.0868e+00 -3.9782e+00 -3.6936e+00 +5.6816e-01 -2.3097e+00 +3.0843e+00 +2.3264e+00 -2.1787e+00 +1.2365e+00 +9.9410e-01 -4.8168e-01 +2.5182e+00 -2.9072e+00 -9.8881e-01 -2.4936e-02 +3.6985e-01
4303 +1.542368399e+01 +1.542368399e+01 +8.021368399e+01 +8.021368399e+01 -1.7175e+00 -1.8092e+00 -1.0047e+00 +2.0643e+00 -2.2178e+00 -3.6931e+00 -3.9048e+00 +6.7514e-01 -2.1796e+00 +3.0409e+00 +2.4839e+00 -1.8714e+00 +1.6364e+00 +4.6936e-01 -8.1329e-01 +2.7249e+00 -3.2924e+00 -4.3175e-01 -2.3897e-01 -7.6201e-01
% function evaluation | noise-free fitness - Fopt (5.407000000000e+01) | best noise-free fitness - Fopt | measured fitness | best measured fitness | x1 | x2...
1 +2.892310988e+03 +2.892310988e+03 +2.946380988e+03 +2.946380988e+03 +3.1472e+00 +4.0579e+00 -3.7301e+00 +4.1338e+00 +1.3236e+00 -4.0246e+00 -2.2150e+00 +4.6882e-01 +4.5751e+00 +4.6489e+00 -3.4239e+00 +4.7059e+00 +4.5717e+00 -1.4624e-01 +3.0028e+00 -3.5811e+00 -7.8239e-01 +4.1574e+00 +2.9221e+00 +4.5949e+00
3 +1.668164124e+03 +1.668164124e+03 +1.722234124e+03 +1.722234124e+03 -6.1256e-01 -1.1844e+00 +2.6552e+00 +2.9520e+00 -3.1313e+00 -1.0236e-01 -5.4414e-01 +1.4631e+00 +2.0936e+00 +2.5469e+00 -2.2397e+00 +1.7970e+00 +1.5510e+00 -3.3739e+00 -3.8100e+00 -1.6359e-02 +4.5974e+00 -1.5961e+00 +8.5268e-01 -2.7619e+00
9 +1.006799555e+03 +1.006799555e+03 +1.060869555e+03 +1.060869555e+03 +2.8025e+00 -1.1026e+00 -2.5831e+00 -9.6088e-01 -4.0355e+00 -3.6803e+00 +4.4205e+00 +4.5613e+00 +7.5209e-01 -4.4022e+00 -2.6522e+00 -1.4684e+00 +3.2119e+00 -4.8460e+00 -4.5698e+00 -3.3101e+00 +1.4912e+00 +2.3172e+00 +1.4775e+00 -4.9076e-01
49 +7.970163045e+02 +7.970163045e+02 +8.510863045e+02 +8.510863045e+02 -1.8044e+00 -1.1026e+00 -2.5831e+00 -9.6088e-01 -4.0355e+00 +3.9769e+00 +3.1923e+00 -2.0954e+00 +7.5209e-01 -4.4022e+00 -2.6522e+00 +3.3298e+00 +3.2119e+00 -4.8460e+00 +1.2145e+00 -3.3101e+00 +1.4912e+00 +2.3172e+00 -2.4354e+00 -4.9076e-01
163 +4.324276427e+02 +4.324276427e+02 +4.864976427e+02 +4.864976427e+02 -1.4569e+00 -1.1844e+00 -1.1406e+00 -9.4402e-01 -5.1988e+00 -1.0236e-01 -5.4414e-01 +1.4631e+00 -3.0681e-01 -6.0273e+00 -1.9459e+00 +3.0960e+00 +1.5510e+00 -4.3122e+00 +4.6618e-01 -1.6359e-02 +9.8424e-01 +2.1793e+00 -2.8865e+00 -2.7619e+00
283 +3.858599935e+02 +3.858599935e+02 +4.399299935e+02 +4.399299935e+02 -1.4569e+00 -1.1844e+00 +1.5644e+00 -9.4402e-01 -5.1988e+00 -1.5907e+00 -5.4414e-01 +8.0305e+00 -3.0681e-01 -6.0273e+00 -1.9459e+00 -6.2137e-02 +1.5510e+00 -4.3122e+00 +4.6618e-01 -1.6359e-02 +9.8424e-01 -4.1082e-01 -2.8865e+00 -1.4795e+00
587 +2.314566465e+02 +2.314566465e+02 +2.855266465e+02 +2.855266465e+02 -9.5420e-01 -3.2389e+00 -1.3418e+00 +3.4937e+00 -4.5610e+00 +1.8459e+00 +6.3371e-01 +6.1295e+00 -2.7526e+00 +5.1484e-01 -1.4703e+00 +1.3304e-01 +2.5404e-01 -9.6406e-01 +4.6738e+00 -3.7890e+00 +5.1927e-01 -4.4868e-01 -2.5713e+00 -1.4255e+00
913 +1.459695195e+02 +1.459695195e+02 +2.000395195e+02 +2.000395195e+02 -1.5521e+00 -2.8869e+00 +6.1726e+00 +4.8407e-01 -3.9661e+00 +1.5945e+00 +6.0873e+00 +2.5398e+00 -4.0511e+00 -2.6463e+00 -2.4716e+00 +2.4691e+00 +2.1888e+00 -1.3280e+00 +1.1552e+00 -2.8774e+00 +4.3478e-01 +4.5745e-01 -2.2667e+00 -1.3819e+00
1115 +8.599352297e+01 +8.599352297e+01 +1.400635230e+02 +1.400635230e+02 -1.7427e+00 -2.5491e-01 +5.5731e+00 +3.4986e+00 -4.5582e+00 +8.5270e-01 +3.7367e+00 +6.0623e+00 -2.1931e+00 -3.8965e+00 -1.5916e+00 +1.3237e+00 +3.0394e+00 -1.8416e+00 +1.4446e+00 -3.9202e+00 +1.0231e+00 +8.5117e-02 -1.7864e+00 -1.9089e+00
1235 +4.894895660e+01 +4.894895660e+01 +1.030189566e+02 +1.030189566e+02 -1.2437e+00 -1.2515e+00 +5.5731e+00 +1.4460e+00 -4.6642e+00 +8.5270e-01 +3.7367e+00 +4.6777e+00 -2.1931e+00 -3.8965e+00 -2.5193e+00 +1.6453e+00 +2.4693e+00 -1.8416e+00 +1.4446e+00 -3.9202e+00 +1.5628e+00 +8.5117e-02 -2.2348e+00 -1.9089e+00
1993 +3.382954410e+01 +3.382954410e+01 +8.789954410e+01 +8.789954410e+01 -4.0692e-01 -2.4221e+00 +3.8321e+00 +2.7696e+00 -4.8523e+00 +1.4242e+00 +3.7836e+00 +4.6543e+00 -2.6651e+00 -3.1880e+00 -1.9223e+00 +1.3227e+00 +8.9060e-01 -1.2085e+00 +6.2960e-01 -3.9689e+00 +2.4311e+00 +4.5745e-01 -2.8244e+00 -2.1438e-01
2860 +2.036393947e+01 +2.036393947e+01 +7.443393947e+01 +7.443393947e+01 -7.3098e-01 -2.0754e+00 +4.1746e+00 +2.2259e+00 -4.1782e+00 +1.9538e+00 +2.4367e+00 +4.3404e+00 -2.9329e+00 -2.9296e+00 -2.4371e+00 +1.3375e+00 +1.1049e+00 -1.1708e+00 +2.4710e+00 -3.7492e+00 +1.8131e+00 +7.5772e-02 -3.1189e+00 -1.7133e+00
3953 +1.533590606e+01 +1.533590606e+01 +6.940590606e+01 +6.940590606e+01 +6.1884e-01 -2.3026e+00 +3.7518e+00 +2.9416e+00 -4.0143e+00 +6.4885e-01 +1.7694e+00 +4.6786e+00 -2.9026e+00 -2.9638e+00 -2.2323e+00 +1.4016e+00 +4.5129e-01 -5.3925e-01 +2.6939e+00 -3.2345e+00 +1.6443e+00 -2.3927e-01 -1.8624e+00 -1.8583e+00
% function evaluation | noise-free fitness - Fopt (-9.152000000000e+01) | best noise-free fitness - Fopt | measured fitness | best measured fitness | x1 | x2...
1 +5.009980008e+03 +5.009980008e+03 +4.918460008e+03 +4.918460008e+03 +3.1472e+00 +4.0579e+00 -3.7301e+00 +4.1338e+00 +1.3236e+00 -4.0246e+00 -2.2150e+00 +4.6882e-01 +4.5751e+00 +4.6489e+00 -3.4239e+00 +4.7059e+00 +4.5717e+00 -1.4624e-01 +3.0028e+00 -3.5811e+00 -7.8239e-01 +4.1574e+00 +2.9221e+00 +4.5949e+00
2 +2.147563127e+03 +2.147563127e+03 +2.056043127e+03 +2.056043127e+03 +1.5574e+00 -4.6429e+00 +3.4913e+00 +4.3399e+00 +1.7874e+00 +2.5774e+00 +2.4313e+00 -1.0777e+00 +1.5548e+00 -3.2881e+00 +2.0605e+00 -4.6817e+00 -2.2308e+00 -4.5383e+00 -4.0287e+00 +3.2346e+00 +1.9483e+00 -1.8290e+00 +4.5022e+00 -4.6555e+00
3 +1.440535536e+03 +1.440535536e+03 +1.349015536e+03 +1.349015536e+03 -6.1256e-01 -1.1844e+00 +2.6552e+00 +2.9520e+00 -3.1313e+00 -1.0236e-01 -5.4414e-01 +1.4631e+00 +2.0936e+00 +2.5469e+00 -2.2397e+00 +1.7970e+00 +1.5510e+00 -3.3739e+00 -3.8100e+00 -1.6359e-02 +4.5974e+00 -1.5961e+00 +8.5268e-01 -2.7619e+00
6 +4.540206347e+02 +4.540206347e+02 +3.625006347e+02 +3.625006347e+02 -3.3782e+00 +2.9428e+00 -1.8878e+00 +2.8533e-01 -3.3435e+00 +1.0198e+00 -2.3703e+00 +1.5408e+00 +1.8921e+00 +2.4815e+00 -4.9458e-01 -4.1618e+00 -2.7102e+00 +4.1334e+00 -3.4762e+00 +3.2582e+00 +3.8342e-01 +4.9613e+00 -4.2182e+00 -5.7322e-01
262 +3.936861348e+02 +3.936861348e+02 +3.021661348e+02 +3.021661348e+02 -8.9119e-01 +2.4350e+00 +3.0663e+00 +3.0332e+00 -2.6624e+00 -8.5282e-01 -9.4942e-01 -9.7226e-01 +2.0188e+00 +2.3096e+00 +1.8052e-01 -4.0872e-01 -2.2406e+00 +4.8936e+00 -2.5139e+00 +3.0207e+00 +1.3061e+00 +3.9715e+00 -3.6189e+00 -2.5507e+00
417 +2.119326653e+02 +2.119326653e+02 +1.204126653e+02 +1.204126653e+02 -1.9341e+00 -7.4305e-01 +1.7732e-01 +2.4292e+00 +1.3076e+00 +3.6385e+00 +1.1692e+00 -5.0211e+00 -3.8237e+00 +2.8544e+00 -5.2944e-01 +4.2504e+00 -4.0874e-01 +1.3614e+00 +9.0540e-01 -4.6067e-01 -2.8403e-01 +1.9068e+00 +2.9838e-01 -7.6254e-01
889 +1.334736816e+02 +1.334736816e+02 +4.195368163e+01 +4.195368163e+01 -4.0834e+00 +1.2592e+00 +5.2788e-01 +1.7245e+00 +7.0374e-01 +2.9753e+00 -8.3047e-01 +1.8406e+00 -2.4732e+00 +3.8025e+00 +1.4897e+00 -1.4333e-01 -3.1398e+00 +2.8104e+00 -2.8846e-01 -1.1269e+00 +3.2667e+00 +2.1971e+00 +4.3046e-01 -1.0326e+00
1261 +8.989605310e+01 +8.989605310e+01 -1.623946899e+00 -1.623946899e+00 -4.5645e+00 +1.7828e+00 +5.9780e-01 +2.2439e+00 +8.2624e-01 +3.2735e+00 -4.1874e-01 +8.5989e-01 -1.9771e+00 +3.1176e+00 +1.6551e+00 +6.1436e-01 -3.5515e+00 +1.6473e+00 +3.5943e-01 -9.4294e-01 +2.5273e+00 +2.7587e+00 +3.2829e-01 -1.7887e+00
1507 +6.147760842e+01 +6.147760842e+01 -3.004239158e+01 -3.004239158e+01 -2.9884e+00 +1.5551e+00 +6.4499e-01 +2.4232e+00 +9.2545e-01 +2.1936e+00 -6.4917e-01 +1.2418e+00 -1.8443e+00 +3.7502e+00 +1.3360e+00 +5.6048e-01 -2.7273e+00 +1.9014e+00 +1.4061e-01 -3.3213e-01 +6.3531e-02 +4.6027e+00 +7.1590e-02 -2.1108e+00
1907 +2.838740792e+01 +2.838740792e+01 -6.313259208e+01 -6.313259208e+01 -2.9884e+00 +1.5551e+00 -1.1525e+00 +2.0026e+00 +1.0393e+00 +1.6536e+00 +3.7950e-01 +2.7148e+00 -2.5816e+00 +4.1263e+00 +1.3360e+00 +2.1559e+00 -3.2800e+00 +1.9014e+00 -5.7656e-01 +1.3765e-01 +6.3531e-02 +5.0456e+00 +7.0717e-01 -1.2903e+00
2229 +2.310104108e+01 +2.310104108e+01 -6.841895892e+01 -6.841895892e+01 -3.2569e+00 +1.2706e+00 -1.2867e+00 +2.1908e+00 +1.4924e+00 +2.1858e+00 +1.0218e+00 +1.8129e+00 -2.2699e+00 +3.4550e+00 +8.2758e-02 +1.6067e+00 -4.4272e+00 +1.9214e+00 -1.8495e-01 +2.1789e-01 -3.5619e-01 +4.4137e+00 +8.9193e-01 -9.0690e-01
3515 +1.361977068e+01 +1.361977068e+01 -7.790022932e+01 -7.790022932e+01 -2.4712e+00 +2.0847e+00 -1.3955e+00 +2.1420e+00 +1.5876e+00 +1.9777e+00 +1.3693e+00 +1.8917e+00 -2.2673e+00 +3.6101e+00 +4.4851e-01 +2.7717e+00 -4.1529e+00 +1.8066e+00 -3.9696e-01 +3.5340e-02 -5.2237e-01 +4.5320e+00 +9.9691e-01 -9.9541e-01
4534 +9.378287862e+00 +9.378287862e+00 -8.214171214e+01 -8.214171214e+01 -2.6868e+00 +2.3257e+00 -6.3055e-01 +2.2622e+00 +1.3232e+00 +1.7944e+00 +1.4146e+00 +2.0484e+00 -2.2866e+00 +3.4584e+00 +8.1629e-01 +3.1824e+00 -3.7386e+00 +1.4357e+00 -3.4246e-01 +2.7136e-01 -1.1099e-01 +4.3278e+00 +7.7376e-01 -1.7659e+00
% function evaluation | noise-free fitness - Fopt (2.263000000000e+01) | best noise-free fitness - Fopt | measured fitness | best measured fitness | x1 | x2...
1 +3.568322726e+03 +3.568322726e+03 +3.590952726e+03 +3.590952726e+03 +3.1472e+00 +4.0579e+00 -3.7301e+00 +4.1338e+00 +1.3236e+00 -4.0246e+00 -2.2150e+00 +4.6882e-01 +4.5751e+00 +4.6489e+00 -3.4239e+00 +4.7059e+00 +4.5717e+00 -1.4624e-01 +3.0028e+00 -3.5811e+00 -7.8239e-01 +4.1574e+00 +2.9221e+00 +4.5949e+00
2 +1.408711541e+03 +1.408711541e+03 +1.431341541e+03 +1.431341541e+03 +1.5574e+00 -4.6429e+00 +3.4913e+00 +4.3399e+00 +1.7874e+00 +2.5774e+00 +2.4313e+00 -1.0777e+00 +1.5548e+00 -3.2881e+00 +2.0605e+00 -4.6817e+00 -2.2308e+00 -4.5383e+00 -4.0287e+00 +3.2346e+00 +1.9483e+00 -1.8290e+00 +4.5022e+00 -4.6555e+00
69 +9.951125817e+02 +9.951125817e+02 +1.017742582e+03 +1.017742582e+03 +3.2172e+00 -1.4612e+00 +3.8777e+00 -3.7067e-01 +2.6911e+00 +3.2371e+00 +3.0851e+00 +2.5508e+00 +2.3834e+00 -3.6798e+00 -3.4761e+00 +3.2852e+00 +2.8264e+00 -6.2110e+00 -6.1355e-01 +3.3350e+00 +2.6885e+00 +3.1051e+00 +3.6198e+00 -5.6430e-01
185 +6.292987822e+02 +6.292987822e+02 +6.519287822e+02 +6.519287822e+02 +1.4762e+00 -1.6162e+00 +1.3579e+00 +4.4517e+00 +3.5457e+00 +2.0928e+00 -1.7473e+00 -3.8060e+00 +1.0730e+00 -4.9862e-01 -1.1365e+00 +2.3698e+00 -6.7022e-01 -6.1540e+00 +6.6741e-01 -1.4244e+00 +2.0604e+00 -2.2826e+00 -2.4356e+00 +3.4371e+00
466 +3.416564678e+02 +3.416564678e+02 +3.642864678e+02 +3.642864678e+02 +2.8022e+00 -1.6981e+00 +3.4977e+00 +6.0123e-01 -2.8273e+00 +4.8418e+00 +4.3440e+00 +1.4555e+00 -2.0537e-01 -1.3082e+00 -2.9911e+00 +1.9332e-01 +6.9481e+00 -9.7804e-01 +3.2678e+00 +3.0802e+00 +5.3329e+00 +2.3178e+00 -2.9589e+00 +2.5216e+00
506 +1.591991593e+02 +1.591991593e+02 +1.818291593e+02 +1.818291593e+02 +2.9111e+00 -2.3298e+00 +3.4977e+00 -3.0127e+00 +4.9581e-01 +3.6598e+00 +4.3440e+00 +1.4555e+00 -2.0537e-01 -1.3082e+00 +2.5227e+00 -7.3988e-01 +6.9481e+00 -2.7542e+00 +3.2678e+00 +3.0802e+00 +5.3329e+00 -1.4438e+00 -2.9589e+00 +4.7525e+00
883 +1.552898477e+02 +1.552898477e+02 +1.779198477e+02 +1.779198477e+02 +2.1532e+00 -4.5216e+00 +2.4225e+00 +1.6759e+00 +1.8807e+00 -2.7450e+00 +4.4044e+00 +7.5662e-01 +1.7604e+00 -1.0272e+00 -2.2377e+00 +5.1786e-01 +1.6362e+00 -4.6406e+00 +1.4726e+00 +1.3775e+00 +5.6114e+00 -1.0420e-01 -5.1564e+00 +4.2842e+00
1223 +9.160378685e+01 +9.160378685e+01 +1.142337868e+02 +1.142337868e+02 +2.0440e+00 -3.6432e+00 +3.7702e+00 +1.5906e+00 -6.5443e-02 +1.1170e+00 +1.9886e+00 +5.6988e-01 +1.6854e+00 +3.0157e-01 -1.2773e+00 -1.7013e-01 +3.7077e+00 -3.8704e+00 +1.6611e+00 +2.7016e+00 +4.4239e+00 -4.8302e-02 -4.4266e+00 +3.3377e+00
1372 +5.669951266e+01 +5.669951266e+01 +7.932951266e+01 +7.932951266e+01 +3.2750e+00 -4.7829e+00 +2.2812e+00 +2.1866e+00 +2.1632e+00 +4.3181e+00 +3.1541e+00 -2.9100e+00 +2.0938e+00 +2.7248e+00 -9.3200e-01 +8.4772e-01 +1.4211e+00 -5.3735e+00 +1.8665e+00 +1.7642e+00 +3.2145e+00 +1.1116e+00 -5.6635e+00 +3.2850e+00
1880 +3.793612256e+01 +3.793612256e+01 +6.056612256e+01 +6.056612256e+01 +2.5507e+00 -4.7335e+00 +3.3177e+00 +2.0524e+00 +1.3585e+00 +2.3426e+00 +4.2429e+00 +1.0748e+00 +2.3130e+00 +2.7472e+00 -4.1779e-01 +8.6054e-01 +2.2357e+00 -4.9166e+00 +2.7302e+00 +4.8166e-01 +4.0359e+00 +4.5941e-01 -2.9898e+00 +3.3069e+00
2502 +2.137938577e+01 +2.137938577e+01 +4.400938577e+01 +4.400938577e+01 +1.9579e+00 -3.7567e+00 +3.5317e+00 +2.6103e+00 +2.1706e+00 +2.2726e+00 +4.2986e+00 +6.6429e-01 +2.5027e+00 +1.4085e+00 -5.8734e-01 +7.7418e-01 +3.6112e+00 -3.7943e+00 +9.2476e-01 +1.0805e+00 +4.6070e+00 -2.0969e-01 -4.5357e+00 +2.3241e+00
3114 +1.563880644e+01 +1.563880644e+01 +3.826880644e+01 +3.826880644e+01 +1.7900e+00 -4.8567e+00 +3.4475e+00 +1.5851e+00 +1.6789e+00 +3.3981e+00 +3.9764e+00 +7.3027e-01 +2.1711e+00 +1.8168e+00 +1.2239e-01 +4.1941e-01 +2.8654e+00 -3.2196e+00 +1.6312e+00 +1.4146e+00 +4.0412e+00 +1.7841e-01 -5.0981e+00 +2.8357e+00
4796 +9.862979361e+00 +9.862979361e+00 +3.249297936e+01 +3.249297936e+01 +1.9105e+00 -4.5166e+00 +2.7152e+00 +1.8062e+00 +2.2443e+00 +3.2824e+00 +4.1483e+00 +6.4804e-01 +2.4079e+00 +1.2969e+00 +5.2882e-02 +3.9773e-01 +3.0251e+00 -3.5518e+00 +1.7744e+00 +1.2512e+00 +4.0170e+00 +2.4947e-02 -4.2139e+00 +2.8398e+00
% function evaluation | noise-free fitness - Fopt (1.554000000000e+01) | best noise-free fitness - Fopt | measured fitness | best measured fitness | x1 | x2...
1 +6.393530133e+03 +6.393530133e+03 +6.409070133e+03 +6.409070133e+03 +3.1472e+00 +4.0579e+00 -3.7301e+00 +4.1338e+00 +1.3236e+00 -4.0246e+00 -2.2150e+00 +4.6882e-01 +4.5751e+00 +4.6489e+00 -3.4239e+00 +4.7059e+00 +4.5717e+00 -1.4624e-01 +3.0028e+00 -3.5811e+00 -7.8239e-01 +4.1574e+00 +2.9221e+00 +4.5949e+00
2 +2.574906195e+03 +2.574906195e+03 +2.590446195e+03 +2.590446195e+03 +1.5574e+00 -4.6429e+00 +3.4913e+00 +4.3399e+00 +1.7874e+00 +2.5774e+00 +2.4313e+00 -1.0777e+00 +1.5548e+00 -3.2881e+00 +2.0605e+00 -4.6817e+00 -2.2308e+00 -4.5383e+00 -4.0287e+00 +3.2346e+00 +1.9483e+00 -1.8290e+00 +4.5022e+00 -4.6555e+00
6 +2.335921429e+03 +2.335921429e+03 +2.351461429e+03 +2.351461429e+03 -3.3782e+00 +2.9428e+00 -1.8878e+00 +2.8533e-01 -3.3435e+00 +1.0198e+00 -2.3703e+00 +1.5408e+00 +1.8921e+00 +2.4815e+00 -4.9458e-01 -4.1618e+00 -2.7102e+00 +4.1334e+00 -3.4762e+00 +3.2582e+00 +3.8342e-01 +4.9613e+00 -4.2182e+00 -5.7322e-01
10 +1.108002108e+03 +1.108002108e+03 +1.123542108e+03 +1.123542108e+03 +4.7009e-01 -2.0368e+00 +2.4469e+00 -3.1104e+00 +1.8678e+00 -3.1649e+00 -1.3152e+00 +1.2562e+00 +2.8023e+00 -4.1887e+00 +4.2939e+00 +2.7571e+00 -1.3208e-01 -6.4141e-01 -5.3216e-01 -1.9365e+00 +8.5087e-02 +1.0772e-01 +3.1763e+00 +2.9483e+00
19 +7.857053889e+02 +7.857053889e+02 +8.012453889e+02 +8.012453889e+02 -4.6740e+00 +6.1200e-01 +3.8187e+00 +1.6918e+00 -3.0957e+00 -1.3108e+00 -3.9274e-01 +4.8164e+00 -3.4360e+00 +3.5552e+00 +1.4476e+00 -1.2373e+00 -3.0908e+00 -7.1747e-01 -1.7978e-01 -3.7939e+00 +8.9507e-01 -2.7381e+00 -1.1538e+00 +8.2986e-01
130 +5.678873061e+02 +5.678873061e+02 +5.834273061e+02 +5.834273061e+02 -2.8846e+00 -3.0999e+00 +7.5102e-01 -3.1104e+00 +1.5694e-01 -3.1649e+00 +9.9870e-01 +3.2537e+00 +3.0726e+00 -3.9746e+00 +2.9588e+00 -1.2344e+00 -1.3208e-01 +1.9763e+00 -1.5517e-01 -1.9365e+00 -1.9300e-01 +3.9814e+00 -5.3708e+00 -3.9196e+00
269 +3.841420910e+02 +3.841420910e+02 +3.996820910e+02 +3.996820910e+02 -6.6284e-01 -3.9077e+00 +1.4676e+00 +1.2261e+00 -2.5611e+00 -3.4530e+00 +5.9817e-01 +4.4072e+00 -1.2260e+00 -9.0759e-01 +2.8045e+00 -1.0867e+00 +1.4016e-01 +1.7433e+00 +4.0404e-01 -2.3338e+00 -1.1642e-01 -1.4419e+00 -4.0416e+00 -9.9430e-01
314 +2.259832246e+02 +2.259832246e+02 +2.415232246e+02 +2.415232246e+02 -1.6045e+00 -3.4928e+00 +4.5566e+00 +1.6481e-01 -1.6182e+00 -1.6839e+00 +1.2441e+00 +7.1148e-01 +3.0503e+00 -3.4749e+00 +3.2641e+00 -8.3601e-01 -1.1096e+00 +1.3028e+00 -1.1403e+00 -1.4910e+00 +1.7955e-01 -2.3282e+00 -2.8723e+00 +2.2866e+00
675 +1.513236453e+02 +1.513236453e+02 +1.668636453e+02 +1.668636453e+02 -9.8960e-01 -1.3619e+00 -2.1633e-01 -2.0561e+00 -2.7118e+00 -2.1198e+00 +2.1658e+00 +2.9901e+00 -2.0654e-01 -3.8235e+00 +3.3543e+00 -3.2352e+00 -1.2831e+00 +6.3297e-01 -2.0581e+00 -6.8890e+00 -2.4873e+00 +2.8385e+00 -2.3756e+00 -2.3846e-01
914 +9.190241723e+01 +9.190241723e+01 +1.074424172e+02 +1.074424172e+02 -2.0919e+00 -3.4928e+00 +1.6430e+00 +1.6481e-01 -1.1653e+00 -1.7909e+00 +1.1945e+00 +2.7342e+00 +3.0503e+00 -2.6087e+00 +3.0952e+00 -2.3962e+00 +4.8765e-01 +1.7950e+00 -1.1833e+00 +1.2007e-01 +3.2595e-01 -2.3282e+00 -1.6333e+00 +4.2363e+00
1228 +5.964963174e+01 +5.964963174e+01 +7.518963174e+01 +7.518963174e+01 -2.3058e+00 -3.5636e+00 +9.2908e-01 +1.9421e+00 -3.4825e+00 -2.0612e+00 +9.5994e-01 +2.1639e+00 +4.9231e+00 -3.0030e+00 +4.1524e+00 -2.7577e+00 -9.8750e-01 +6.9808e-01 -1.5958e+00 -3.3811e+00 -1.1376e+00 +1.6217e-02 -2.8604e+00 +4.3679e+00
1425 +3.591066875e+01 +3.591066875e+01 +5.145066875e+01 +5.145066875e+01 -2.9826e+00 -4.7909e-01 +1.4925e+00 +1.7724e+00 -3.9012e+00 -2.0306e+00 +7.9105e-01 +3.2599e+00 +4.5069e+00 -3.5082e+00 +3.6330e+00 -4.4023e+00 -1.3978e+00 +2.8190e-01 -1.7047e+00 -2.7692e+00 -3.1647e+00 +6.0611e-01 -1.6601e+00 +3.2758e+00
2401 +2.450055399e+01 +2.450055399e+01 +4.004055399e+01 +4.004055399e+01 -2.3013e+00 -2.1256e+00 +1.2474e+00 +1.6175e+00 -2.5455e+00 -2.0065e+00 +6.0907e-01 +3.0474e+00 +4.0784e+00 -3.4420e+00 +4.2911e+00 -4.5143e+00 -1.6568e+00 +3.3301e-01 -2.5893e+00 -2.6949e+00 -2.4104e+00 -3.1331e-01 -1.7018e+00 +2.7112e+00
2557 +1.581317141e+01 +1.581317141e+01 +3.135317141e+01 +3.135317141e+01 -2.5296e+00 -8.7928e-01 +9.1508e-01 +1.3088e+00 -3.8738e+00 -2.1273e+00 +8.5465e-01 +1.9871e+00 +4.5899e+00 -3.4166e+00 +4.1120e+00 -3.5519e+00 -9.6076e-01 +1.8701e+00 -2.9105e+00 -3.2930e+00 -2.3545e+00 -1.9963e-01 -1.6384e+00 +3.0785e+00
3614 +7.563289496e+00 +7.563289496e+00 +2.310328950e+01 +2.310328950e+01 -2.5889e+00 -1.2432e+00 +1.0344e+00 +1.0648e+00 -3.3177e+00 -1.9896e+00 +5.2996e-01 +2.9739e+00 +2.3680e+00 -3.7912e+00 +3.6743e+00 -3.6189e+00 -9.6904e-01 +7.6325e-01 -2.5301e+00 -4.9524e+00 -1.7827e+00 +5.1178e-01 -2.2977e+00 +2.8667e+00
4680 +5.131055874e+00 +5.131055874e+00 +2.067105587e+01 +2.067105587e+01 -1.8754e+00 -1.6083e+00 +1.4439e+00 +1.8570e+00 -3.3238e+00 -2.2720e+00 +5.0541e-01 +3.2275e+00 +3.2563e+00 -3.2215e+00 +3.9159e+00 -3.9239e+00 -1.7760e+00 +4.2876e-01 -2.4001e+00 -4.2701e+00 -1.9838e+00 +1.4238e-01 -1.5462e+00 +2.0480e+00
% function evaluation | noise-free fitness - Fopt (-3.765100000000e+02) | best noise-free fitness - Fopt | measured fitness | best measured fitness | x1 | x2...
1 +1.006904300e+04 +1.006904300e+04 +9.692532996e+03 +9.692532996e+03 +3.1472e+00 +4.0579e+00 -3.7301e+00 +4.1338e+00 +1.3236e+00 -4.0246e+00 -2.2150e+00 +4.6882e-01 +4.5751e+00 +4.6489e+00 -3.4239e+00 +4.7059e+00 +4.5717e+00 -1.4624e-01 +3.0028e+00 -3.5811e+00 -7.8239e-01 +4.1574e+00 +2.9221e+00 +4.5949e+00
2 +1.202169129e+03 +1.202169129e+03 +8.256591295e+02 +8.256591295e+02 +1.5574e+00 -4.6429e+00 +3.4913e+00 +4.3399e+00 +1.7874e+00 +2.5774e+00 +2.4313e+00 -1.0777e+00 +1.5548e+00 -3.2881e+00 +2.0605e+00 -4.6817e+00 -2.2308e+00 -4.5383e+00 -4.0287e+00 +3.2346e+00 +1.9483e+00 -1.8290e+00 +4.5022e+00 -4.6555e+00
5 +8.957975668e+02 +8.957975668e+02 +5.192875668e+02 +5.192875668e+02 -1.4834e+00 +3.3083e+00 +8.5264e-01 +4.9724e-01 +4.1719e+00 -2.1416e+00 +2.5720e+00 +2.5373e+00 -1.1955e+00 +6.7822e-01 -4.2415e+00 -4.4605e+00 +3.0798e-01 +2.7917e+00 +4.3401e+00 -3.7009e+00 +6.8824e-01 -3.0609e-01 -4.8810e+00 -1.6288e+00
85 +4.392622911e+02 +4.392622911e+02 +6.275229114e+01 +6.275229114e+01 -3.7938e+00 -1.8790e+00 +8.5264e-01 +3.4034e+00 -9.0466e-01 +5.0855e+00 +2.5720e+00 -6.2739e-01 -1.1955e+00 -3.2526e+00 +5.0545e+00 -5.4825e+00 +1.3325e+00 +2.7917e+00 +4.3401e+00 -3.1164e+00 +1.0685e+00 -3.0609e-01 -4.8810e+00 -1.6288e+00
253 +3.556214284e+02 +3.556214284e+02 -2.088857162e+01 -2.088857162e+01 -4.2874e+00 +3.6483e+00 +2.3275e+00 +4.2653e+00 +1.5237e+00 -1.6459e+00 +4.9361e+00 -1.0417e+00 -3.1831e+00 +2.0522e+00 +3.4041e-01 +1.7969e+00 +6.2486e-01 +4.7670e+00 +1.8709e+00 +5.1246e-01 +4.0924e+00 -1.7980e+00 +5.8784e-01 -3.1398e+00
569 +1.886859518e+02 +1.886859518e+02 -1.878240482e+02 -1.878240482e+02 -3.1932e+00 +2.8758e+00 +2.1079e+00 +2.1680e+00 +7.6527e-01 +1.9366e+00 +1.3733e+00 -1.5930e+00 -9.0825e-01 -2.7256e+00 +3.7096e-01 -3.1982e+00 -6.9441e-01 +3.0352e+00 +1.5653e+00 -7.7451e-01 +2.4255e+00 -3.5618e-01 -2.2051e-01 -2.2234e+00
672 +1.338489461e+02 +1.338489461e+02 -2.426610539e+02 -2.426610539e+02 -3.2811e+00 +6.6389e-01 +3.8716e+00 +4.6118e+00 +2.6532e+00 +2.7486e+00 +5.2384e+00 +8.5737e-01 +1.7209e+00 -2.1064e+00 +6.1909e+00 -4.2203e+00 -1.4176e-02 -8.4368e-01 +4.8707e+00 +3.0290e+00 +7.0234e-01 +3.4001e+00 -1.1680e+00 -3.8483e+00
1371 +9.350949031e+01 +9.350949031e+01 -2.830005097e+02 -2.830005097e+02 -2.8674e+00 -7.0121e-01 +2.1847e+00 -3.0107e+00 -1.0918e+00 -1.8391e+00 +3.8510e+00 -7.7667e+00 -1.5401e+00 -3.1969e-01 +2.5351e+00 -1.0191e+00 -2.7157e-01 +2.4589e+00 +4.6045e+00 +2.3519e+00 +1.5784e+00 +3.6859e+00 -3.5371e+00 -4.2222e+00
1769 +5.369234010e+01 +5.369234010e+01 -3.228176599e+02 -3.228176599e+02 -4.5481e+00 +6.3073e-02 +1.2168e+00 +1.9252e+00 +9.9918e-01 +5.3996e-01 +3.3510e+00 -1.3753e-01 -9.4663e-01 +2.1806e-03 +3.5638e+00 -2.8181e+00 -1.1352e+00 +2.4239e+00 +3.0613e+00 +1.2075e+00 +1.9495e+00 +3.3878e+00 -1.4544e+00 -3.5532e+00
2225 +3.808006314e+01 +3.808006314e+01 -3.384299369e+02 -3.384299369e+02 -3.0627e+00 +1.9580e-01 +1.8437e+00 +1.4078e+00 +1.8020e+00 +7.0593e-01 +4.3064e+00 -1.2089e+00 +3.6258e-02 -5.7006e-01 +3.6489e+00 -2.7678e+00 -8.1166e-01 +7.6467e-01 +4.2996e+00 +1.7523e+00 +1.9123e+00 +4.4432e+00 -1.7495e+00 -3.4350e+00
2953 +2.407680623e+01 +2.407680623e+01 -3.524331938e+02 -3.524331938e+02 -3.0285e+00 +1.5434e+00 +2.4849e+00 +2.1844e+00 +1.0638e+00 +1.4216e-01 +4.7002e+00 -1.6916e+00 -6.9262e-01 -2.4164e+00 +1.3688e+00 -2.6668e+00 -1.1775e+00 +1.3494e+00 +3.5379e+00 +1.0073e+00 +1.7074e+00 +4.6872e+00 -1.4116e+00 -4.0626e+00
4077 +1.527134537e+01 +1.527134537e+01 -3.612386546e+02 -3.612386546e+02 -3.6358e+00 +7.4710e-01 +1.6500e+00 +2.1269e+00 +7.3374e-01 +5.0366e-01 +3.7855e+00 -2.0197e+00 -2.4218e-01 -1.7684e+00 +2.9729e+00 -2.8110e+00 -9.4559e-01 +1.1192e+00 +3.8249e+00 +1.7204e-01 +2.0215e+00 +3.7813e+00 -2.2797e+00 -3.9933e+00
% function evaluation | noise-free fitness - Fopt (3.960400000000e+02) | best noise-free fitness - Fopt | measured fitness | best measured fitness | x1 | x2...
1 +1.387171929e+03 +1.387171929e+03 +1.783211929e+03 +1.783211929e+03 +3.1472e+00 +4.0579e+00 -3.7301e+00 +4.1338e+00 +1.3236e+00 -4.0246e+00 -2.2150e+00 +4.6882e-01 +4.5751e+00 +4.6489e+00 -3.4239e+00 +4.7059e+00 +4.5717e+00 -1.4624e-01 +3.0028e+00 -3.5811e+00 -7.8239e-01 +4.1574e+00 +2.9221e+00 +4.5949e+00
25 +6.244592017e+02 +6.244592017e+02 +1.020499202e+03 +1.020499202e+03 +1.4762e+00 +1.7902e+00 +1.3579e+00 +4.4517e+00 -2.9107e+00 +2.0928e+00 -2.6377e+00 -3.8060e+00 +1.0730e+00 -4.9862e-01 -4.1275e-01 +1.6194e+00 +2.7029e+00 -1.4978e+00 +1.6201e+00 -8.3841e-01 +3.4193e+00 +3.3292e+00 -2.4356e+00 +1.1346e+00
131 +3.798169033e+02 +3.798169033e+02 +7.758569033e+02 +7.758569033e+02 +1.5302e+00 -1.2139e+00 +2.8124e+00 +1.5573e-01 -1.4927e+00 +4.3900e+00 -4.8473e+00 +2.9346e+00 +1.6773e+00 +2.7584e+00 -2.9226e+00 -1.1662e+00 +4.7516e+00 -2.6951e+00 -8.9103e-01 -3.0524e+00 -4.3955e-01 +3.7341e+00 -2.7234e+00 +2.2518e+00
367 +2.395986818e+02 +2.395986818e+02 +6.356386818e+02 +6.356386818e+02 -2.5856e-01 +3.4330e-02 -4.9537e+00 +4.0355e+00 -4.2293e+00 -3.8007e-01 -4.1556e+00 +2.0283e+00 +2.1895e+00 +1.9544e-01 +3.1661e+00 +3.5689e-01 +4.6095e-01 +1.6457e+00 -2.8689e+00 +2.9022e-01 +3.6380e+00 -1.3365e+00 -2.9900e+00 -1.5044e+00
750 +1.581700177e+02 +1.581700177e+02 +5.542100177e+02 +5.542100177e+02 +2.3642e-01 -3.3080e-01 +1.3003e+00 +4.0183e+00 -1.2485e+00 +4.1241e+00 -2.4522e+00 +4.6141e+00 +1.3641e+00 +2.9398e+00 -3.1583e+00 -4.6042e-01 +2.1041e+00 -2.3872e+00 +7.3695e-01 -1.5139e+00 -2.6379e-03 +2.7541e+00 -3.1383e+00 +1.2293e+00
993 +6.770065205e+01 +6.770065205e+01 +4.637406520e+02 +4.637406520e+02 -1.1870e+00 +1.6877e-02 +3.3692e-01 +4.7634e+00 -2.6416e+00 +4.4217e+00 -2.0890e+00 +4.1150e+00 +1.8812e+00 +1.8498e-02 -9.5602e-01 -5.8168e-01 +2.5037e+00 -2.1965e+00 +4.6597e-01 +4.1712e-01 +1.5226e+00 +2.6607e+00 -3.8817e+00 +3.4242e+00
1407 +5.824821151e+01 +5.824821151e+01 +4.542882115e+02 +4.542882115e+02 -2.5994e+00 -2.6574e+00 -1.1769e+00 +3.5522e+00 -2.6865e+00 +6.1794e-01 -4.1556e+00 +2.0283e+00 +1.3375e+00 +2.3735e-01 -2.2167e+00 +4.9781e-01 +2.9894e+00 -9.4811e-01 +9.3639e-01 -4.2639e-01 +1.8704e+00 +2.1555e+00 -2.9900e+00 +1.9486e+00
1629 +3.872639996e+01 +3.872639996e+01 +4.347664000e+02 +4.347664000e+02 -3.9880e-02 -1.9411e+00 -5.2800e-01 +5.1386e+00 -3.6776e+00 +1.6414e+00 -3.0815e+00 +2.4414e+00 +3.5804e+00 +5.0768e-01 -4.0429e-01 +7.9843e-01 +1.9414e+00 -2.3670e+00 -1.1840e+00 +4.7604e-01 +1.0178e+00 +1.9624e+00 -3.2997e+00 +4.5178e-01
2982 +2.502793675e+01 +2.502793675e+01 +4.210679368e+02 +4.210679368e+02 -2.1675e+00 -4.2354e+00 -1.9055e+00 +4.7073e+00 -3.2276e+00 +2.1596e+00 -2.1580e+00 +3.9936e+00 +1.9781e+00 +1.0050e+00 -2.1915e+00 +6.2405e-01 +2.0923e+00 -1.3822e+00 +5.2853e-01 +2.6387e-02 +1.5460e+00 +1.7800e+00 -3.8691e+00 +2.3121e+00
4154 +1.569919941e+01 +1.569919941e+01 +4.117391994e+02 +4.117391994e+02 -2.1647e+00 -2.7738e+00 -6.7455e-01 +3.5633e+00 -3.3726e+00 +1.8503e+00 -3.7959e+00 +3.6637e+00 +2.5061e+00 +5.1537e-01 -2.1380e+00 +3.1604e-01 +2.1477e+00 -1.4805e+00 +5.6876e-01 +4.9502e-01 +1.6561e+00 +1.8404e+00 -3.8341e+00 +2.3945e+00
4647 +7.769982357e+00 +7.769982357e+00 +4.038099824e+02 +4.038099824e+02 -2.4204e+00 -4.3312e+00 -1.3507e+00 +3.8730e+00 -3.7857e+00 +1.6526e+00 -3.2515e+00 +3.6544e+00 +2.0688e+00 +9.1328e-01 -2.3328e+00 +4.1105e-01 +2.1795e+00 -1.3503e+00 +7.5414e-01 +2.4628e-01 +1.7120e+00 +3.8271e+00 -3.8460e+00 +3.6690e+00
% function evaluation | noise-free fitness - Fopt (1.281100000000e+02) | best noise-free fitness - Fopt | measured fitness | best measured fitness | x1 | x2...
1 +1.726753643e+03 +1.726753643e+03 +1.854863643e+03 +1.854863643e+03 +3.1472e+00 +4.0579e+00 -3.7301e+00 +4.1338e+00 +1.3236e+00 -4.0246e+00 -2.2150e+00 +4.6882e-01 +4.5751e+00 +4.6489e+00 -3.4239e+00 +4.7059e+00 +4.5717e+00 -1.4624e-01 +3.0028e+00 -3.5811e+00 -7.8239e-01 +4.1574e+00 +2.9221e+00 +4.5949e+00
5 +1.247960183e+03 +1.247960183e+03 +1.376070183e+03 +1.376070183e+03 -1.4834e+00 +3.3083e+00 +8.5264e-01 +4.9724e-01 +4.1719e+00 -2.1416e+00 +2.5720e+00 +2.5373e+00 -1.1955e+00 +6.7822e-01 -4.2415e+00 -4.4605e+00 +3.0798e-01 +2.7917e+00 +4.3401e+00 -3.7009e+00 +6.8824e-01 -3.0609e-01 -4.8810e+00 -1.6288e+00
25 +7.297333870e+02 +7.297333870e+02 +8.578433870e+02 +8.578433870e+02 +1.4762e+00 +1.7902e+00 +1.3579e+00 +4.4517e+00 -2.9107e+00 +2.0928e+00 -2.6377e+00 -3.8060e+00 +1.0730e+00 -4.9862e-01 -4.1275e-01 +1.6194e+00 +2.7029e+00 -1.4978e+00 +1.6201e+00 -8.3841e-01 +3.4193e+00 +3.3292e+00 -2.4356e+00 +1.1346e+00
89 +4.050322430e+02 +4.050322430e+02 +5.331422430e+02 +5.331422430e+02 -5.6939e-01 -2.2425e+00 -2.5831e+00 -9.6088e-01 +2.6769e+00 -1.1053e-02 -5.3103e-01 +2.1091e+00 +1.1434e+00 -4.9429e+00 -2.6522e+00 +2.7519e+00 -1.5181e-01 -6.6824e-03 +1.2145e+00 -2.8632e+00 +3.5753e+00 +2.3172e+00 +1.6830e+00 -4.9076e-01
287 +3.359069792e+02 +3.359069792e+02 +4.640169792e+02 +4.640169792e+02 +2.2972e+00 -5.1459e-01 -3.3474e+00 -1.5672e+00 +3.1730e+00 +3.6869e+00 -3.6932e-01 -4.6026e+00 +7.4503e-01 +3.6238e-01 -1.4728e+00 +3.9886e+00 -1.2617e+00 +2.3774e+00 +2.3037e+00 -9.8052e-01 +2.3227e+00 -8.7001e-03 -2.0418e+00 -4.0812e+00
420 +2.336264763e+02 +2.336264763e+02 +3.617364763e+02 +3.617364763e+02 -2.2927e+00 -1.2159e+00 +2.1640e+00 +6.5790e-01 -3.6108e+00 +1.6007e+00 -2.6020e-01 +3.6190e-01 -1.6170e+00 -1.9031e+00 -1.1240e+00 +6.7590e-01 -2.9938e+00 +2.8621e+00 -4.9307e-01 +3.2172e+00 +4.7962e-01 +1.9402e+00 -3.7226e-01 -1.3405e+00
917 +1.298092149e+02 +1.298092149e+02 +2.579192149e+02 +2.579192149e+02 +6.2459e-02 -5.6258e-01 -1.8252e+00 +3.2838e-01 +3.0603e+00 +4.1464e+00 -8.4264e-01 +9.6750e-01 -1.5826e+00 +4.1074e-02 -1.5320e+00 +4.8333e-01 +1.5857e+00 +1.2912e+00 +6.7967e-01 -3.0699e+00 +2.1164e+00 +1.5693e+00 +1.4367e+00 -7.7008e-01
1239 +9.853637427e+01 +9.853637427e+01 +2.266463743e+02 +2.266463743e+02 +1.7048e-01 -4.6610e-01 -1.5740e+00 +9.5519e-01 +2.6458e+00 -3.9755e-01 -1.0520e+00 -1.4655e+00 -1.2768e+00 +6.5751e-01 -1.8732e+00 +5.6116e-01 -3.7347e-01 +1.5300e+00 +1.2398e+00 +1.1796e+00 +1.5435e+00 +3.0704e+00 +3.9021e+00 +2.9465e-01
1390 +6.216577272e+01 +6.216577272e+01 +1.902757727e+02 +1.902757727e+02 -1.8952e-01 -3.6987e-01 -1.2895e+00 +6.5003e-01 +2.6570e+00 +1.0465e+00 -7.9592e-01 -3.9035e+00 -8.9351e-01 +3.7211e+00 -1.6424e+00 +6.9009e-01 -6.8549e-01 +1.1078e+00 +1.1140e+00 -9.7350e-01 +2.2860e+00 +1.0624e+00 +2.7427e+00 -1.0040e+00
2588 +3.771161886e+01 +3.771161886e+01 +1.658216189e+02 +1.658216189e+02 -7.1199e-01 -3.0476e-01 -1.7042e+00 +5.1033e-01 -8.5830e-01 +7.2102e-01 -1.5786e+00 -3.9636e+00 -1.3215e+00 +2.6468e+00 -9.9598e-01 +8.3678e-01 -1.2193e-01 +1.7354e+00 +1.1001e+00 +1.9418e+00 +4.3208e-01 +8.0888e-01 +2.5902e+00 -2.5082e-01
3028 +2.402886494e+01 +2.402886494e+01 +1.521388649e+02 +1.521388649e+02 -2.4217e+00 -7.2167e-02 -1.7042e+00 +1.1592e+00 +9.6870e-01 +3.4564e-01 -1.1466e+00 -3.3243e+00 -1.2586e+00 +1.8804e+00 -6.7494e-01 +8.2366e-01 +2.3161e-01 +1.7882e+00 +1.1855e+00 +1.3035e+00 +1.9105e+00 +7.0774e-01 +3.3171e+00 -4.6719e-01
4306 +1.515060389e+01 +1.515060389e+01 +1.432606039e+02 +1.432606039e+02 -2.1464e+00 -1.3056e-01 -1.3577e+00 +3.4863e-01 +3.4205e-01 +3.7306e-01 -1.5323e+00 -2.5690e+00 -9.2678e-01 +1.9850e+00 -1.7794e-01 +8.9050e-01 -4.2500e-01 +2.1248e+00 +1.2397e+00 +2.3621e+00 +1.6915e+00 +9.4265e-01 +2.0041e+00 +1.5969e-01
% function evaluation | noise-free fitness - Fopt (-2.923500000000e+02) | best noise-free fitness - Fopt | measured fitness | best measured fitness | x1 | x2...
1 +1.086009524e+03 +1.086009524e+03 +7.936595241e+02 +7.936595241e+02 +3.1472e+00 +4.0579e+00 -3.7301e+00 +4.1338e+00 +1.3236e+00 -4.0246e+00 -2.2150e+00 +4.6882e-01 +4.5751e+00 +4.6489e+00 -3.4239e+00 +4.7059e+00 +4.5717e+00 -1.4624e-01 +3.0028e+00 -3.5811e+00 -7.8239e-01 +4.1574e+00 +2.9221e+00 +4.5949e+00
17 +8.539832568e+02 +8.539832568e+02 +5.616332568e+02 +5.616332568e+02 -3.2661e+00 -1.0906e+00 +3.3138e+00 +3.0336e+00 -4.3953e+00 -1.0074e+00 +2.6876e-01 -8.3201e-01 +1.5686e+00 +1.2797e+00 -2.0802e+00 -6.8349e-01 -4.8451e+00 +4.8406e+00 -3.3283e+00 -3.9378e+00 -1.2759e+00 -3.0188e+00 -1.0312e-01 -1.6051e+00
127 +5.637082657e+02 +5.637082657e+02 +2.713582657e+02 +2.713582657e+02 -2.2480e+00 -1.6342e+00 -3.7838e+00 +1.0521e+00 +2.4013e+00 -2.8629e+00 -2.9640e+00 +2.9822e+00 +2.5300e+00 +3.0007e+00 +5.0491e+00 -3.0101e+00 +3.4256e+00 +8.6985e-01 -3.5446e+00 -3.8726e+00 +1.5793e+00 -1.8223e+00 +4.9860e-01 +3.5373e+00
170 +3.691390481e+02 +3.691390481e+02 +7.678904808e+01 +7.678904808e+01 -6.7321e-01 -7.2261e-01 +3.5234e+00 +6.0452e-01 -2.7574e+00 -3.1649e+00 -4.6649e-01 +1.2562e+00 +2.8023e+00 -4.2839e+00 +4.2939e+00 +2.7571e+00 -1.3208e-01 -6.4141e-01 -4.8813e+00 -1.9365e+00 +8.5087e-02 +1.0772e-01 +3.1763e+00 -3.1458e+00
519 +2.218278892e+02 +2.218278892e+02 -7.052211079e+01 -7.052211079e+01 +1.3944e+00 +1.9145e-02 +2.4982e+00 +1.5162e+00 +1.5861e+00 -2.5499e+00 -2.8656e+00 -8.3201e-01 +3.1452e+00 -2.4887e+00 +1.3790e+00 +2.6463e+00 +1.1801e+00 +1.6792e+00 -3.3283e+00 -1.2504e+00 -9.3891e-02 +1.4741e+00 +2.0136e+00 -2.7168e+00
753 +1.389391024e+02 +1.389391024e+02 -1.534108976e+02 -1.534108976e+02 -2.3401e+00 -5.1565e+00 +3.4182e+00 -7.3649e-01 +3.5572e+00 -4.5047e+00 -2.0968e+00 +2.3008e+00 +5.4541e-01 -3.5222e+00 +2.5330e+00 +2.0769e+00 +6.1809e-01 +4.3345e+00 -4.2932e+00 -1.4284e+00 -3.6343e-01 +4.5015e-01 +6.3805e-01 -2.2521e+00
1662 +9.239082437e+01 +9.239082437e+01 -1.999591756e+02 -1.999591756e+02 -1.3206e+00 -6.3817e+00 +1.6504e+00 -2.5785e-02 +3.7231e+00 -3.1836e+00 -2.1142e+00 +6.3711e-01 -7.6810e-01 -2.8893e+00 +2.0641e+00 +3.6363e+00 +1.3336e+00 +6.1481e+00 -4.6164e+00 -1.8950e+00 +2.7060e+00 +4.0402e-01 -4.1353e+00 -2.1691e+00
2020 +6.163667287e+01 +6.163667287e+01 -2.307133271e+02 -2.307133271e+02 -1.0281e+00 -4.5844e+00 +2.5830e+00 +4.1227e-01 +3.0266e+00 -3.9791e+00 -2.4855e+00 +8.7418e-01 +1.3161e-01 -2.5149e+00 +1.9757e+00 +2.8982e+00 +1.3391e+00 +4.6339e+00 -2.4430e+00 -2.7680e+00 +7.2414e-01 +2.3428e-01 +4.1026e-01 -1.2247e+00
3409 +3.651630525e+01 +3.651630525e+01 -2.558336948e+02 -2.558336948e+02 -1.8929e-01 -3.2995e+00 +2.2172e+00 +1.8663e+00 +3.0751e+00 -3.5414e+00 -1.8994e+00 +6.4351e-01 +8.1030e-01 -1.0919e+00 +2.4591e+00 +4.6793e+00 +2.1274e+00 +1.7414e+00 -2.5018e+00 -1.5042e+00 +2.1729e-01 +7.3358e-01 +1.6876e+00 -1.6513e+00
4094 +2.391829142e+01 +2.391829142e+01 -2.684317086e+02 -2.684317086e+02 -9.0806e-01 -3.3369e+00 +2.1591e+00 +1.1558e+00 +2.8835e+00 -3.2385e+00 -3.3737e+00 +1.0250e+00 +1.0298e+00 -1.4199e+00 +2.2766e+00 +4.5801e+00 +1.9872e+00 +1.8498e+00 -2.7276e+00 -1.2696e+00 +3.3205e-02 +9.8667e-01 +1.8479e+00 -1.1992e+00
% function evaluation | noise-free fitness - Fopt (3.110100000000e+02) | best noise-free fitness - Fopt | measured fitness | best measured fitness | x1 | x2...
1 +3.439750561e+03 +3.439750561e+03 +3.750760561e+03 +3.750760561e+03 +3.1472e+00 +4.0579e+00 -3.7301e+00 +4.1338e+00 +1.3236e+00 -4.0246e+00 -2.2150e+00 +4.6882e-01 +4.5751e+00 +4.6489e+00 -3.4239e+00 +4.7059e+00 +4.5717e+00 -1.4624e-01 +3.0028e+00 -3.5811e+00 -7.8239e-01 +4.1574e+00 +2.9221e+00 +4.5949e+00
2 +2.351252240e+03 +2.351252240e+03 +2.662262240e+03 +2.662262240e+03 +1.5574e+00 -4.6429e+00 +3.4913e+00 +4.3399e+00 +1.7874e+00 +2.5774e+00 +2.4313e+00 -1.0777e+00 +1.5548e+00 -3.2881e+00 +2.0605e+00 -4.6817e+00 -2.2308e+00 -4.5383e+00 -4.0287e+00 +3.2346e+00 +1.9483e+00 -1.8290e+00 +4.5022e+00 -4.6555e+00
5 +1.221958488e+03 +1.221958488e+03 +1.532968488e+03 +1.532968488e+03 -1.4834e+00 +3.3083e+00 +8.5264e-01 +4.9724e-01 +4.1719e+00 -2.1416e+00 +2.5720e+00 +2.5373e+00 -1.1955e+00 +6.7822e-01 -4.2415e+00 -4.4605e+00 +3.0798e-01 +2.7917e+00 +4.3401e+00 -3.7009e+00 +6.8824e-01 -3.0609e-01 -4.8810e+00 -1.6288e+00
55 +7.801801118e+02 +7.801801118e+02 +1.091190112e+03 +1.091190112e+03 +3.7446e-01 +9.0163e-01 +2.2436e-04 -2.0078e-01 +4.0472e+00 +1.0987e+00 +2.9604e-01 +3.5944e+00 +3.0549e+00 -1.6742e+00 -3.1708e+00 -2.6007e+00 -5.1035e+00 -4.7133e+00 -1.0099e-01 +7.5971e-01 +1.8543e+00 -4.6533e-01 +4.7162e-03 -2.8912e-01
129 +6.280264854e+02 +6.280264854e+02 +9.390364854e+02 +9.390364854e+02 +1.0744e+00 -1.1430e+00 -3.4685e+00 -1.7873e+00 +3.8591e+00 -2.6268e+00 -5.3103e-01 +1.1503e+00 -8.8956e-01 -5.4512e+00 -2.6522e+00 +3.3467e+00 -5.2621e-01 +9.0573e-01 +4.2430e-02 -4.4713e+00 +3.5753e+00 +2.3172e+00 -3.2791e+00 -4.9076e-01
243 +3.784854385e+02 +3.784854385e+02 +6.894954385e+02 +6.894954385e+02 +2.0830e+00 -1.1844e+00 -2.0260e+00 -2.6874e+00 +4.1667e+00 -1.0236e-01 +4.2161e-01 +3.1151e+00 -1.3972e+00 -2.5882e+00 -1.5169e+00 -2.8415e-01 -4.1749e-01 +6.8287e-01 +5.5076e-02 -1.6922e+00 +3.0684e+00 +2.0337e+00 -4.8702e+00 -2.8942e+00
487 +2.465752403e+02 +2.465752403e+02 +5.575852403e+02 +5.575852403e+02 -1.2880e+00 -1.8158e+00 -4.2164e+00 -2.5706e+00 +2.2156e+00 -4.0502e+00 +7.9869e-01 +3.1689e+00 +1.5059e-02 -3.8781e+00 -1.7681e+00 -1.4764e+00 +8.9079e-01 +1.2381e+00 -8.2749e-01 +4.7208e+00 +2.7021e+00 -1.5043e+00 -3.6848e+00 -7.8796e-01
731 +1.578076685e+02 +1.578076685e+02 +4.688176685e+02 +4.688176685e+02 -7.7629e-01 -2.7485e+00 -3.5183e+00 +2.1887e+00 +3.7843e+00 -2.1395e+00 +1.9522e+00 +2.8360e+00 -1.5521e+00 -3.1506e+00 +4.5893e-01 +1.7775e+00 +1.5232e+00 -5.9323e-01 +9.9613e-01 +1.8881e+00 +3.4481e+00 -3.2929e+00 -2.7234e+00 +1.9549e+00
1432 +8.359700370e+01 +8.359700370e+01 +3.946070037e+02 +3.946070037e+02 -1.4645e+00 -2.2686e+00 -1.4999e+00 -1.4505e+00 +2.8977e+00 -1.9609e-01 +1.2565e+00 +3.2309e+00 -8.6410e-01 -3.5591e+00 -2.0152e+00 +2.7232e+00 -3.5451e+00 -2.0766e+00 +9.5822e-01 -1.7040e+00 +1.8795e-01 -1.9915e+00 -4.9499e+00 -4.7472e-01
2599 +5.423511371e+01 +5.423511371e+01 +3.652451137e+02 +3.652451137e+02 -1.1267e+00 -2.1299e+00 -1.0979e+00 -5.0133e-01 +1.7648e+00 -5.5772e-02 +2.1174e+00 +3.4027e+00 +1.1132e-01 -2.4038e+00 -1.0620e+00 +1.6316e+00 +5.5775e-01 -2.4100e+00 +6.1462e-02 +2.9425e+00 +3.0905e+00 -1.9875e+00 -4.8878e+00 +1.1979e+00
2902 +2.970581485e+01 +2.970581485e+01 +3.407158149e+02 +3.407158149e+02 -1.1011e+00 -2.3768e+00 -1.9234e+00 -1.5283e+00 +2.1112e+00 +7.9501e-01 +1.5142e+00 +3.5412e+00 +3.8135e-02 -2.4710e+00 -1.6043e+00 +1.9511e+00 -4.9146e-01 -2.5441e+00 -7.3408e-01 +1.7401e+00 +3.6545e+00 -1.2448e+00 -4.6781e+00 +1.7079e+00
4152 +2.456983011e+01 +2.456983011e+01 +3.355798301e+02 +3.355798301e+02 -1.3444e+00 -2.7656e+00 -2.1456e+00 -1.9701e+00 +2.8437e+00 +5.9744e-01 +1.3290e+00 +3.2832e+00 +1.6202e-01 -2.9496e+00 -2.6312e+00 +2.1071e+00 -1.3745e+00 -1.7213e+00 -4.8382e-01 +1.9443e+00 +3.7087e+00 -1.5630e+00 -4.6528e+00 +2.0148e+00
% function evaluation | noise-free fitness - Fopt (-8.051800000000e+02) | best noise-free fitness - Fopt | measured fitness | best measured fitness | x1 | x2...
1 +3.880623485e+03 +3.880623485e+03 +3.075443485e+03 +3.075443485e+03 +3.1472e+00 +4.0579e+00 -3.7301e+00 +4.1338e+00 +1.3236e+00 -4.0246e+00 -2.2150e+00 +4.6882e-01 +4.5751e+00 +4.6489e+00 -3.4239e+00 +4.7059e+00 +4.5717e+00 -1.4624e-01 +3.0028e+00 -3.5811e+00 -7.8239e-01 +4.1574e+00 +2.9221e+00 +4.5949e+00
2 +2.107833278e+03 +2.107833278e+03 +1.302653278e+03 +1.302653278e+03 +1.5574e+00 -4.6429e+00 +3.4913e+00 +4.3399e+00 +1.7874e+00 +2.5774e+00 +2.4313e+00 -1.0777e+00 +1.5548e+00 -3.2881e+00 +2.0605e+00 -4.6817e+00 -2.2308e+00 -4.5383e+00 -4.0287e+00 +3.2346e+00 +1.9483e+00 -1.8290e+00 +4.5022e+00 -4.6555e+00
4 +1.450477470e+03 +1.450477470e+03 +6.452974695e+02 +6.452974695e+02 +2.5127e+00 -2.4490e+00 +5.9571e-02 +1.9908e+00 +3.9090e+00 +4.5929e+00 +4.7216e-01 -3.6138e+00 -3.5071e+00 -2.4249e+00 +3.4072e+00 -2.4572e+00 +3.1428e+00 -2.5648e+00 +4.2926e+00 -1.5002e+00 -3.0340e+00 -2.4892e+00 +1.1604e+00 -2.6711e-01
21 +5.844355867e+02 +5.844355867e+02 -2.207444133e+02 -2.207444133e+02 -7.7114e-01 -4.0577e+00 +9.8524e-01 -2.9076e-01 +1.9595e+00 +1.9989e+00 +1.3853e+00 -4.6640e+00 -4.3119e+00 -1.8040e+00 +3.0864e-01 +1.5445e+00 -9.2381e-01 +3.1998e+00 +2.1836e+00 +4.6865e+00 +3.1334e-01 -1.7485e+00 -3.9437e+00 +1.1096e+00
166 +3.927696795e+02 +3.927696795e+02 -4.124103205e+02 -4.124103205e+02 -4.4989e-01 -1.6010e+00 -1.8878e+00 +2.8533e-01 +4.5324e+00 +1.0491e+00 -3.6387e-01 +3.4781e-01 +2.7209e+00 -4.7297e+00 -1.4953e+00 -4.1618e+00 +4.8875e-02 +2.2037e+00 +1.2559e+00 +3.2582e+00 +3.8342e-01 +2.1260e+00 -4.2182e+00 -3.5588e+00
567 +1.787968360e+02 +1.787968360e+02 -6.263831640e+02 -6.263831640e+02 +1.5448e+00 -1.1069e+00 +9.3444e-02 +1.0521e+00 +2.3260e+00 -2.4223e+00 -1.1578e+00 +3.4193e-01 +1.3520e+00 -2.5998e+00 +2.5757e-01 -1.0717e+00 +3.4470e-01 +3.5453e+00 +2.8717e+00 +4.5771e+00 -2.6760e-02 -5.7325e-01 -2.8511e-01 +2.7903e+00
755 +1.196037602e+02 +1.196037602e+02 -6.855762398e+02 -6.855762398e+02 +1.9846e+00 -2.3245e+00 -1.7912e+00 +5.9005e-02 +1.4363e+00 -4.2421e+00 +1.1289e+00 +1.8886e+00 +3.8933e+00 -2.1445e-01 +3.9494e+00 -6.5548e-01 -1.6522e+00 -2.7114e-01 +3.9669e+00 +2.2337e+00 -9.9523e-01 -2.1907e-01 -7.2466e-01 -5.6994e-01
1053 +9.574646219e+01 +9.574646219e+01 -7.094335378e+02 -7.094335378e+02 +1.8156e+00 -1.8001e+00 -3.4098e-01 -1.2672e-01 +2.4075e+00 -2.4935e+00 +7.9498e-01 -1.9188e+00 +2.0457e+00 -1.1764e+00 +1.8982e+00 -2.5730e-01 +1.1559e+00 -8.0044e-01 +9.6251e-01 +3.4650e+00 -2.6520e+00 -2.0337e+00 -9.9418e-01 +8.9397e-01
2054 +5.935683975e+01 +5.935683975e+01 -7.458231602e+02 -7.458231602e+02 +1.3265e+00 -3.1240e+00 -7.5524e-01 +1.4973e+00 +5.3438e+00 -3.7964e+00 +1.6749e+00 -3.5080e+00 +3.1596e+00 -6.3295e-02 +2.5504e+00 -9.1568e-01 +2.1091e+00 +3.1432e+00 +1.4586e+00 +2.9007e+00 -6.9907e-01 -4.6975e-01 -3.2201e-01 -4.3957e-01
3024 +3.959607533e+01 +3.959607533e+01 -7.655839247e+02 -7.655839247e+02 +2.1548e+00 -1.5927e+00 +8.5664e-01 +2.8334e-01 +1.9822e+00 -6.8365e-01 -3.6553e-01 +3.0665e-01 +1.7358e+00 +2.2230e-01 +2.1299e+00 -1.6655e+00 +7.0397e-01 +1.0131e+00 +2.1454e+00 +3.2029e+00 -3.2063e+00 -1.7310e+00 -2.4413e+00 +4.4411e-02
4066 +2.410804048e+01 +2.410804048e+01 -7.810719595e+02 -7.810719595e+02 +1.7215e+00 -2.7107e+00 -3.1672e-02 +1.2305e+00 +2.6798e+00 -6.4889e-01 -4.8189e-01 -7.5453e-01 +2.3999e+00 -3.5621e-01 +1.4759e+00 -1.4661e+00 +1.0674e+00 +1.5300e+00 +1.3099e+00 +3.1591e+00 -2.5386e+00 -1.7766e+00 -1.5383e+00 -5.3299e-01
