% function evaluation | noise-free fitness - Fopt (-1.025500000000e+02) | best noise-free fitness - Fopt | measured fitness | best measured fitness | x1 | x2...
1 +3.513876858e+01 +3.513876858e+01 -6.741123142e+01 -6.741123142e+01 -4.1456e+00 -2.3716e+00
3 +1.957001977e+01 +1.957001977e+01 -8.297998023e+01 -8.297998023e+01 +1.3077e+00 +2.4750e+00
4 +1.072118632e+01 +1.072118632e+01 -9.182881368e+01 -9.182881368e+01 +4.2893e+00 +3.5540e+00
24 +8.509502682e+00 +8.509502682e+00 -9.404049732e+01 -9.404049732e+01 +2.4019e+00 +4.8248e+00
35 +4.622394393e+00 +4.622394393e+00 -9.792760561e+01 -9.792760561e+01 +2.1900e+00 +2.4031e+00
41 +2.820352812e+00 +2.820352812e+00 -9.972964719e+01 -9.972964719e+01 +1.6488e+00 +2.9062e+00
52 +7.480189542e-01 +7.480189542e-01 -1.018019810e+02 -1.018019810e+02 +2.4412e+00 +1.7968e-01
63 +5.349497264e-01 +5.349497264e-01 -1.020150503e+02 -1.020150503e+02 +4.1071e+00 +1.2311e+00
79 +2.313128305e-01 +2.313128305e-01 -1.023186872e+02 -1.023186872e+02 +4.9857e+00 +2.2873e+00
216 +1.503955882e-01 +1.503955882e-01 -1.023996044e+02 -1.023996044e+02 +3.4144e+00 +7.4342e-01
552 +9.414446652e-02 +9.414446652e-02 -1.024558555e+02 -1.024558555e+02 +3.6984e+00 +1.3548e+00
784 +3.942662469e-02 +3.942662469e-02 -1.025105734e+02 -1.025105734e+02 +2.1463e+00 +9.6582e-02
1461 +2.044458730e-02 +2.044458730e-02 -1.025295554e+02 -1.025295554e+02 +1.9786e+00 -8.6012e-02
3006 +1.578120426e-02 +1.578120426e-02 -1.025342188e+02 -1.025342188e+02 +1.7548e+00 -3.4768e-01
% function evaluation | noise-free fitness - Fopt (7.169000000000e+01) | best noise-free fitness - Fopt | measured fitness | best measured fitness | x1 | x2...
1 +2.646327617e+00 +2.646327617e+00 +7.433632762e+01 +7.433632762e+01 +7.2243e-01 -2.6423e+00
3 +9.875844004e-02 +9.875844004e-02 +7.178875844e+01 +7.178875844e+01 +1.0991e+00 +6.8668e-01
539 +3.631204028e-02 +3.631204028e-02 +7.172631204e+01 +7.172631204e+01 +8.7553e-01 +1.6325e-01
548 +1.570935255e-02 +1.570935255e-02 +7.170570935e+01 +7.170570935e+01 +1.1712e+00 +1.0510e+00
% function evaluation | noise-free fitness - Fopt (2.140100000000e+02) | best noise-free fitness - Fopt | measured fitness | best measured fitness | x1 | x2...
1 +1.047644170e+01 +1.047644170e+01 +2.244864417e+02 +2.244864417e+02 -4.5976e+00 +1.1827e+00
2 +7.369753819e+00 +7.369753819e+00 +2.213797538e+02 +2.213797538e+02 -4.9954e+00 +8.4284e-01
23 +4.470289909e+00 +4.470289909e+00 +2.184802899e+02 +2.184802899e+02 -3.6922e+00 +1.3299e+00
31 +2.322978853e+00 +2.322978853e+00 +2.163329789e+02 +2.163329789e+02 -2.2779e+00 -1.4298e-01
33 +2.004641012e-01 +2.004641012e-01 +2.142104641e+02 +2.142104641e+02 -1.5620e+00 +1.1208e+00
39 +1.742379213e-02 +1.742379213e-02 +2.140274238e+02 +2.140274238e+02 -5.8691e-01 +5.6823e-01
605 +2.307381036e-03 +2.307381036e-03 +2.140123074e+02 +2.140123074e+02 -6.3569e-01 +7.4025e-01
3143 +3.667440660e-04 +3.667440660e-04 +2.140103667e+02 +2.140103667e+02 -4.3073e-01 +5.9847e-01
4192 +8.556164821e-05 +8.556164821e-05 +2.140100856e+02 +2.140100856e+02 -4.1519e-01 +5.7879e-01
5026 +2.250293304e-05 +2.250293304e-05 +2.140100225e+02 +2.140100225e+02 -3.7457e-01 +5.5007e-01
36706 +8.824699108e-06 +8.824699108e-06 +2.140100088e+02 +2.140100088e+02 -4.4101e-01 +6.0250e-01
% function evaluation | noise-free fitness - Fopt (-5.848000000000e+01) | best noise-free fitness - Fopt | measured fitness | best measured fitness | x1 | x2...
1 +1.531066163e+01 +1.531066163e+01 -4.316933837e+01 -4.316933837e+01 +4.9359e+00 -1.3538e-01
4 +9.177135804e+00 +9.177135804e+00 -4.930286420e+01 -4.930286420e+01 -4.5546e+00 -5.7047e-01
7 +3.620137983e+00 +3.620137983e+00 -5.485986202e+01 -5.485986202e+01 -3.3971e+00 +2.9939e-02
30 +2.006604977e+00 +2.006604977e+00 -5.647339502e+01 -5.647339502e+01 -2.6758e+00 +1.1016e-01
208 +1.229526512e+00 +1.229526512e+00 -5.725047349e+01 -5.725047349e+01 -2.3839e+00 +4.0552e-01
223 +8.170068897e-01 +8.170068897e-01 -5.766299311e+01 -5.766299311e+01 -1.7494e+00 -2.8480e-02
262 +1.446787420e-01 +1.446787420e-01 -5.833532126e+01 -5.833532126e+01 -1.2434e+00 +4.3797e-01
534 +4.363192067e-02 +4.363192067e-02 -5.843636808e+01 -5.843636808e+01 -3.2241e-01 -2.2957e-01
640 +4.226364797e-03 +4.226364797e-03 -5.847577364e+01 -5.847577364e+01 +1.9621e-01 -3.3631e-01
711 +7.516052620e-04 +7.516052620e-04 -5.847924839e+01 -5.847924839e+01 +5.2143e-01 -5.1431e-01
1329 +2.082806125e-05 +2.082806125e-05 -5.847997917e+01 -5.847997917e+01 +4.1801e-01 -4.5661e-01
3083 +1.414459151e-05 +1.414459151e-05 -5.847998586e+01 -5.847998586e+01 +4.3872e-01 -4.6856e-01
5201 +4.156475853e-06 +4.156475853e-06 -5.847999584e+01 -5.847999584e+01 +5.1741e-01 -5.0571e-01
32201 +7.352225282e-07 +7.352225282e-07 -5.847999926e+01 -5.847999926e+01 +4.8105e-01 -4.8838e-01
% function evaluation | noise-free fitness - Fopt (-6.130800000000e+02) | best noise-free fitness - Fopt | measured fitness | best measured fitness | x1 | x2...
1 +1.250159500e+01 +1.250159500e+01 -6.005784050e+02 -6.005784050e+02 +2.4822e+00 +1.8566e-02
4 +4.903687633e+00 +4.903687633e+00 -6.081763124e+02 -6.081763124e+02 +1.7219e+00 -3.7904e-01
16 +6.653735939e-02 +6.653735939e-02 -6.130134626e+02 -6.130134626e+02 -9.2060e-01 +3.5480e-01
% function evaluation | noise-free fitness - Fopt (-1.852700000000e+02) | best noise-free fitness - Fopt | measured fitness | best measured fitness | x1 | x2...
1 +2.909199765e+01 +2.909199765e+01 -1.561780023e+02 -1.561780023e+02 +1.5600e+00 -2.3874e+00
2 +1.396716273e+01 +1.396716273e+01 -1.713028373e+02 -1.713028373e+02 +3.1748e+00 +2.0507e+00
4 +1.607311115e-02 +1.607311115e-02 -1.852539269e+02 -1.852539269e+02 +1.0548e+00 +6.4280e-01
556 +7.603876566e-04 +7.603876566e-04 -1.852692396e+02 -1.852692396e+02 +5.9707e-01 +2.1125e-01
2101 +5.931725194e-04 +5.931725194e-04 -1.852694068e+02 -1.852694068e+02 +5.2637e-01 +1.6388e-01
2620 +2.244739415e-04 +2.244739415e-04 -1.852697755e+02 -1.852697755e+02 +6.0000e-01 +2.1555e-01
6104 +7.667645264e-05 +7.667645264e-05 -1.852699233e+02 -1.852699233e+02 +6.0071e-01 +2.1746e-01
9735 +1.929756382e-05 +1.929756382e-05 -1.852699807e+02 -1.852699807e+02 +7.1650e-01 +3.2113e-01
14564 +9.913258310e-06 +9.913258310e-06 -1.852699901e+02 -1.852699901e+02 +7.1099e-01 +3.1445e-01
20667 +1.323685694e-06 +1.323685694e-06 -1.852699987e+02 -1.852699987e+02 +6.2525e-01 +2.4092e-01
22146 +6.699697792e-07 +6.699697792e-07 -1.852699993e+02 -1.852699993e+02 +6.3178e-01 +2.4680e-01
23637 +2.788277129e-07 +2.788277129e-07 -1.852699997e+02 -1.852699997e+02 +6.5350e-01 +2.6573e-01
% function evaluation | noise-free fitness - Fopt (3.747000000000e+01) | best noise-free fitness - Fopt | measured fitness | best measured fitness | x1 | x2...
1 +6.104907308e+01 +6.104907308e+01 +9.851907308e+01 +9.851907308e+01 -2.5789e+00 -2.3080e+00
2 +8.176630864e+00 +8.176630864e+00 +4.564663086e+01 +4.564663086e+01 -1.2483e+00 +2.4706e-01
4 +6.190724097e-01 +6.190724097e-01 +3.808907241e+01 +3.808907241e+01 +1.0250e+00 +7.7603e-01
73 +3.690835918e-01 +3.690835918e-01 +3.783908359e+01 +3.783908359e+01 +1.7208e+00 +1.4814e+00
157 +1.710688815e-01 +1.710688815e-01 +3.764106888e+01 +3.764106888e+01 +1.3195e+00 -7.6031e-02
215 +1.222413176e-01 +1.222413176e-01 +3.759224132e+01 +3.759224132e+01 +6.4322e-01 +3.0531e-02
235 +9.333003399e-02 +9.333003399e-02 +3.756333003e+01 +3.756333003e+01 +1.4533e+00 +1.0177e+00
435 +1.617363148e-02 +1.617363148e-02 +3.748617363e+01 +3.748617363e+01 +1.6910e+00 +1.6608e+00
8779 +1.578726175e-02 +1.578726175e-02 +3.748578726e+01 +3.748578726e+01 +1.7358e+00 +2.0373e+00
% function evaluation | noise-free fitness - Fopt (-3.944700000000e+02) | best noise-free fitness - Fopt | measured fitness | best measured fitness | x1 | x2...
1 +8.689641019e+00 +8.689641019e+00 -3.857803590e+02 -3.857803590e+02 -2.3330e-01 +3.0294e+00
2 +4.008170068e+00 +4.008170068e+00 -3.904618299e+02 -3.904618299e+02 +8.8892e-01 -5.7109e-01
6 +1.353591094e+00 +1.353591094e+00 -3.931164089e+02 -3.931164089e+02 +1.1593e+00 -4.3402e-01
13 +9.996344369e-01 +9.996344369e-01 -3.934703656e+02 -3.934703656e+02 +6.0307e-01 -7.6968e-01
23 +7.429733421e-02 +7.429733421e-02 -3.943957027e+02 -3.943957027e+02 +5.1966e-01 +1.1017e-01
50 +3.281233608e-02 +3.281233608e-02 -3.944371877e+02 -3.944371877e+02 -8.7216e-01 +2.1510e+00
610 +2.305552359e-02 +2.305552359e-02 -3.944469445e+02 -3.944469445e+02 -9.3966e-01 +2.3964e+00
6516 +1.584351808e-02 +1.584351808e-02 -3.944541565e+02 -3.944541565e+02 -9.7723e-01 +1.7560e+00
% function evaluation | noise-free fitness - Fopt (-1.026200000000e+02) | best noise-free fitness - Fopt | measured fitness | best measured fitness | x1 | x2...
1 +4.957100940e+00 +4.957100940e+00 -9.766289906e+01 -9.766289906e+01 -3.1941e-01 +3.9716e+00
47 +2.860006747e+00 +2.860006747e+00 -9.975999325e+01 -9.975999325e+01 -4.0203e-01 +3.2312e+00
54 +6.647883537e-01 +6.647883537e-01 -1.019552116e+02 -1.019552116e+02 -6.7817e-01 +3.0146e+00
121 +5.453901247e-01 +5.453901247e-01 -1.020746099e+02 -1.020746099e+02 -3.5099e-01 +1.4383e+00
125 +1.732108740e-01 +1.732108740e-01 -1.024467891e+02 -1.024467891e+02 -8.1895e-01 -1.9962e-01
143 +5.527164203e-03 +5.527164203e-03 -1.026144728e+02 -1.026144728e+02 +5.3791e-02 +6.6192e-01
291 +1.192579019e-04 +1.192579019e-04 -1.026198807e+02 -1.026198807e+02 +8.0075e-02 +5.8007e-01
377 +1.403337610e-05 +1.403337610e-05 -1.026199860e+02 -1.026199860e+02 +4.2823e-02 +7.3212e-01
8467 +2.808549340e-07 +2.808549340e-07 -1.026199997e+02 -1.026199997e+02 +5.3553e-02 +6.9842e-01
36644 +3.435630447e-08 +3.435630447e-08 -1.026200000e+02 -1.026200000e+02 +4.9450e-02 +7.1259e-01
% function evaluation | noise-free fitness - Fopt (2.728300000000e+02) | best noise-free fitness - Fopt | measured fitness | best measured fitness | x1 | x2...
1 +1.929728896e+01 +1.929728896e+01 +2.921272890e+02 +2.921272890e+02 +1.6679e+00 +1.8632e-01
4 +1.274703868e+00 +1.274703868e+00 +2.741047039e+02 +2.741047039e+02 +1.7127e+00 +1.6273e+00
10 +5.635285221e-01 +5.635285221e-01 +2.733935285e+02 +2.733935285e+02 +1.1887e+00 +1.0128e+00
27 +3.866862345e-01 +3.866862345e-01 +2.732166862e+02 +2.732166862e+02 +7.7813e-01 -1.5037e-02
84 +1.893787186e-01 +1.893787186e-01 +2.730193787e+02 +2.730193787e+02 +3.4232e-01 +4.2899e-01
112 +7.775147909e-02 +7.775147909e-02 +2.729077515e+02 +2.729077515e+02 -4.5042e-01 +1.1503e+00
140 +3.916886107e-02 +3.916886107e-02 +2.728691689e+02 +2.728691689e+02 -1.4147e-01 +3.0278e-01
691 +1.784204346e-02 +1.784204346e-02 +2.728478420e+02 +2.728478420e+02 -8.8377e-03 -8.1019e-01
730 +3.043950647e-05 +3.043950647e-05 +2.728300304e+02 +2.728300304e+02 +4.0886e-02 -6.2115e-01
3521 +1.910203878e-06 +1.910203878e-06 +2.728300019e+02 +2.728300019e+02 +6.0539e-03 -7.3351e-01
3679 +3.179802661e-07 +3.179802661e-07 +2.728300003e+02 +2.728300003e+02 +1.3749e-02 -7.0519e-01
% function evaluation | noise-free fitness - Fopt (-3.400000000000e+00) | best noise-free fitness - Fopt | measured fitness | best measured fitness | x1 | x2...
1 +2.257729187e+01 +2.257729187e+01 +1.917729187e+01 +1.917729187e+01 +3.7501e+00 -1.7361e+00
4 +5.262973670e+00 +5.262973670e+00 +1.862973670e+00 +1.862973670e+00 -4.0231e+00 +1.1137e+00
6 +3.769523292e+00 +3.769523292e+00 +3.695232918e-01 +3.695232918e-01 +2.0245e+00 -1.4476e-01
7 +2.263887989e+00 +2.263887989e+00 -1.136112011e+00 -1.136112011e+00 +3.9943e+00 -4.0151e+00
35 +2.807952864e-01 +2.807952864e-01 -3.119204714e+00 -3.119204714e+00 +1.6340e-01 -1.9435e+00
79 +2.470808325e-01 +2.470808325e-01 -3.152919168e+00 -3.152919168e+00 -1.6190e-01 -1.6987e+00
213 +8.648093767e-03 +8.648093767e-03 -3.391351906e+00 -3.391351906e+00 +1.0461e+00 +5.4407e-01
486 +6.013461607e-03 +6.013461607e-03 -3.393986538e+00 -3.393986538e+00 +3.8413e-01 +3.6001e-01
635 +5.944517376e-05 +5.944517376e-05 -3.399940555e+00 -3.399940555e+00 +6.8905e-01 +4.4939e-01
5645 +1.140026858e-05 +1.140026858e-05 -3.399988600e+00 -3.399988600e+00 +6.3074e-01 +4.3398e-01
16389 +8.230648692e-06 +8.230648692e-06 -3.399991769e+00 -3.399991769e+00 +5.2343e-01 +4.0036e-01
20172 +5.930513964e-07 +5.930513964e-07 -3.399999407e+00 -3.399999407e+00 +5.9814e-01 +4.2320e-01
% function evaluation | noise-free fitness - Fopt (-1.851700000000e+02) | best noise-free fitness - Fopt | measured fitness | best measured fitness | x1 | x2...
1 +4.285710445e+01 +4.285710445e+01 -1.423128955e+02 -1.423128955e+02 +3.9171e+00 -4.1651e+00
2 +2.322418841e+01 +2.322418841e+01 -1.619458116e+02 -1.619458116e+02 +2.1074e+00 +9.3878e-01
8 +3.241853354e+00 +3.241853354e+00 -1.819281466e+02 -1.819281466e+02 +2.0423e+00 -1.2700e+00
9 +1.424639849e+00 +1.424639849e+00 -1.837453602e+02 -1.837453602e+02 +1.9735e+00 -2.6070e-01
68 +1.823342312e-01 +1.823342312e-01 -1.849876658e+02 -1.849876658e+02 -7.3609e-02 -4.5202e-01
69 +1.316945073e-01 +1.316945073e-01 -1.850383055e+02 -1.850383055e+02 -1.7225e-01 -6.9819e-02
70 +1.240812011e-02 +1.240812011e-02 -1.851575919e+02 -1.851575919e+02 -8.2514e-01 +8.7396e-01
85 +8.255042244e-03 +8.255042244e-03 -1.851617450e+02 -1.851617450e+02 -5.3516e-01 +6.6646e-01
1251 +3.225461489e-03 +3.225461489e-03 -1.851667745e+02 -1.851667745e+02 -4.9887e-01 +6.5834e-01
1629 +2.593285802e-05 +2.593285802e-05 -1.851699741e+02 -1.851699741e+02 -4.7562e-01 +6.3492e-01
2025 +3.501769754e-07 +3.501769754e-07 -1.851699996e+02 -1.851699996e+02 -4.1347e-01 +5.8773e-01
% function evaluation | noise-free fitness - Fopt (1.013400000000e+02) | best noise-free fitness - Fopt | measured fitness | best measured fitness | x1 | x2...
1 +1.469753157e+01 +1.469753157e+01 +1.160375316e+02 +1.160375316e+02 -3.6111e+00 -6.1343e-01
2 +3.288311544e+00 +3.288311544e+00 +1.046283115e+02 +1.046283115e+02 -3.6899e+00 +9.8418e-01
22 +2.297508586e+00 +2.297508586e+00 +1.036375086e+02 +1.036375086e+02 -4.9988e+00 +1.9962e+00
30 +1.352025498e+00 +1.352025498e+00 +1.026920255e+02 +1.026920255e+02 -5.0000e+00 +2.4858e+00
49 +8.354131260e-01 +8.354131260e-01 +1.021754131e+02 +1.021754131e+02 -4.9782e+00 +3.0832e+00
126 +2.989849898e-01 +2.989849898e-01 +1.016389850e+02 +1.016389850e+02 -2.5107e+00 -1.4267e+00
283 +2.204943700e-01 +2.204943700e-01 +1.015604944e+02 +1.015604944e+02 -4.9664e+00 -1.8910e+00
288 +6.373566540e-02 +6.373566540e-02 +1.014037357e+02 +1.014037357e+02 -4.7788e+00 -1.9625e+00
365 +4.043370122e-02 +4.043370122e-02 +1.013804337e+02 +1.013804337e+02 -4.0438e+00 -1.8969e+00
1023 +3.142846800e-02 +3.142846800e-02 +1.013714285e+02 +1.013714285e+02 -3.1741e+00 -1.9120e+00
% function evaluation | noise-free fitness - Fopt (-2.400000000000e+00) | best noise-free fitness - Fopt | measured fitness | best measured fitness | x1 | x2...
1 +2.421442034e+01 +2.421442034e+01 +2.181442034e+01 +2.181442034e+01 -4.3464e+00 -2.4993e+00
4 +3.146919062e+00 +3.146919062e+00 +7.469190621e-01 +7.469190621e-01 +2.9831e+00 +2.7595e-01
16 +1.544294698e+00 +1.544294698e+00 -8.557053016e-01 -8.557053016e-01 +5.0000e+00 -1.9088e+00
23 +3.971680394e-01 +3.971680394e-01 -2.002831961e+00 -2.002831961e+00 +4.2428e+00 +2.8248e+00
189 +2.395899910e-01 +2.395899910e-01 -2.160410009e+00 -2.160410009e+00 +1.1815e+00 +9.1831e-01
244 +4.728421859e-03 +4.728421859e-03 -2.395271578e+00 -2.395271578e+00 +5.0383e-01 +7.4658e-01
454 +2.725609175e-03 +2.725609175e-03 -2.397274391e+00 -2.397274391e+00 +5.3575e-01 +7.7589e-01
461 +1.957902390e-03 +1.957902390e-03 -2.398042098e+00 -2.398042098e+00 +3.4031e-01 +6.1982e-01
1394 +1.707334281e-04 +1.707334281e-04 -2.399829267e+00 -2.399829267e+00 +2.6192e-01 +5.3526e-01
4331 +3.061974504e-05 +3.061974504e-05 -2.399969380e+00 -2.399969380e+00 +2.9262e-01 +5.6538e-01
9542 +1.426969084e-05 +1.426969084e-05 -2.399985730e+00 -2.399985730e+00 +2.8436e-01 +5.6000e-01
12680 +4.481999071e-06 +4.481999071e-06 -2.399995518e+00 -2.399995518e+00 +3.5644e-01 +6.2758e-01
19958 +2.498505555e-06 +2.498505555e-06 -2.399997501e+00 -2.399997501e+00 +3.1647e-01 +5.9040e-01
24547 +9.063980304e-07 +9.063980304e-07 -2.399999094e+00 -2.399999094e+00 +3.5320e-01 +6.2218e-01
% function evaluation | noise-free fitness - Fopt (-2.778000000000e+01) | best noise-free fitness - Fopt | measured fitness | best measured fitness | x1 | x2...
1 +9.558438699e+01 +9.558438699e+01 +6.780438699e+01 +6.780438699e+01 +4.5893e+00 +3.1843e+00
2 +1.950600010e+01 +1.950600010e+01 -8.273999903e+00 -8.273999903e+00 -6.8044e-02 -3.5414e+00
4 +7.125557411e+00 +7.125557411e+00 -2.065444259e+01 -2.065444259e+01 -3.1150e+00 -4.5797e+00
7 +6.757959566e-01 +6.757959566e-01 -2.710420404e+01 -2.710420404e+01 +8.4696e-01 -2.0756e+00
43 +1.931818204e-01 +1.931818204e-01 -2.758681818e+01 -2.758681818e+01 -1.6861e-01 -4.9735e-01
92 +6.212730165e-03 +6.212730165e-03 -2.777378727e+01 -2.777378727e+01 +3.8891e-01 -1.0635e+00
