% function evaluation | noise-free fitness - Fopt (4.078000000000e+01) | best noise-free fitness - Fopt | measured fitness | best measured fitness | x1 | x2...
1 +6.779929285e+01 +6.779929285e+01 +1.085792928e+02 +1.085792928e+02 +3.1472e+00 +4.0579e+00 -3.7301e+00 +4.1338e+00 +1.3236e+00
8 +3.368022629e+01 +3.368022629e+01 +7.446022629e+01 +7.446022629e+01 +3.2346e+00 +1.9483e+00 -1.8290e+00 +4.5022e+00 -4.6555e+00
25 +2.486529262e+01 +2.486529262e+01 +6.564529262e+01 +6.564529262e+01 -3.9335e+00 +4.6190e+00 -4.9537e+00 +2.7491e+00 +3.1730e+00
115 +1.062964573e+01 +1.062964573e+01 +5.140964573e+01 +5.140964573e+01 -2.6522e+00 +5.3159e-01 +1.2119e+00 -2.8460e+00 -2.7197e+00
157 +7.066604422e+00 +7.066604422e+00 +4.784660442e+01 +4.784660442e+01 -5.2991e-01 +9.6321e-01 +2.1628e-01 -1.7186e+00 +8.6775e-01
203 +2.863893907e+00 +2.863893907e+00 +4.364389391e+01 +4.364389391e+01 -1.3696e+00 +1.4320e+00 +4.3691e-01 -6.8391e-01 +6.4791e-01
243 +1.952184774e+00 +1.952184774e+00 +4.273218477e+01 +4.273218477e+01 -1.5383e+00 +1.0686e+00 +2.4894e-01 -1.6839e+00 +2.0903e-01
300 +1.487044086e+00 +1.487044086e+00 +4.226704409e+01 +4.226704409e+01 -1.5476e+00 +1.1248e+00 +4.8502e-01 -1.5424e+00 +6.6019e-01
% function evaluation | noise-free fitness - Fopt (-1.600000000000e+00) | best noise-free fitness - Fopt | measured fitness | best measured fitness | x1 | x2...
1 +7.988909922e+01 +7.988909922e+01 +7.828909922e+01 +7.828909922e+01 +3.1472e+00 +4.0579e+00 -3.7301e+00 +4.1338e+00 +1.3236e+00
3 +6.256863846e+01 +6.256863846e+01 +6.096863846e+01 +6.096863846e+01 -3.4239e+00 +4.7059e+00 +4.5717e+00 -1.4624e-01 +3.0028e+00
4 +3.213690084e+01 +3.213690084e+01 +3.053690084e+01 +3.053690084e+01 -3.5811e+00 -7.8239e-01 +4.1574e+00 +2.9221e+00 +4.5949e+00
10 +2.213597397e+01 +2.213597397e+01 +2.053597397e+01 +2.053597397e+01 -1.0236e-01 -5.4414e-01 +1.4631e+00 +2.0936e+00 +2.5469e+00
63 +4.628393734e+00 +4.628393734e+00 +3.028393734e+00 +3.028393734e+00 +2.4886e-01 -3.1618e+00 -1.7102e+00 +3.1334e+00 -2.4762e+00
169 +3.000263365e+00 +3.000263365e+00 +1.400263365e+00 +1.400263365e+00 +4.3275e-01 -2.7378e+00 +1.0707e+00 +2.7385e+00 -7.5265e-01
206 +1.273644843e+00 +1.273644843e+00 -3.263551570e-01 -3.263551570e-01 +6.9882e-01 -2.5687e+00 -1.0075e+00 +2.8888e+00 -2.7877e+00
250 +9.593788864e-01 +9.593788864e-01 -6.406211136e-01 -6.406211136e-01 +5.6619e-01 -2.5140e+00 +3.4088e-01 +2.8022e+00 -8.8361e-01
262 +5.313238482e-01 +5.313238482e-01 -1.068676152e+00 -1.068676152e+00 +6.9008e-01 -2.2436e+00 -5.2512e-01 +3.0230e+00 -2.7258e+00
322 +5.201490732e-02 +5.201490732e-02 -1.547985093e+00 -1.547985093e+00 +1.2301e+00 -2.3378e+00 -1.7197e-01 +3.0987e+00 -2.8572e+00
420 +3.203199136e-02 +3.203199136e-02 -1.567968009e+00 -1.567968009e+00 +1.2874e+00 -2.2156e+00 +5.7039e-03 +3.1411e+00 -2.7794e+00
449 +1.176523807e-02 +1.176523807e-02 -1.588234762e+00 -1.588234762e+00 +1.3111e+00 -2.1433e+00 +2.7680e-01 +3.0456e+00 -2.6675e+00
493 +9.676424412e-03 +9.676424412e-03 -1.590323576e+00 -1.590323576e+00 +1.3009e+00 -2.1257e+00 +3.2576e-01 +3.0261e+00 -2.6475e+00
546 +3.849624719e-03 +3.849624719e-03 -1.596150375e+00 -1.596150375e+00 +1.2247e+00 -1.8378e+00 +6.3898e-01 +3.1624e+00 -2.1977e+00
583 +1.258166057e-03 +1.258166057e-03 -1.598741834e+00 -1.598741834e+00 +1.3216e+00 -1.8603e+00 +6.3167e-01 +3.1151e+00 -2.1466e+00
606 +7.989219422e-04 +7.989219422e-04 -1.599201078e+00 -1.599201078e+00 +1.0852e+00 -2.1456e+00 +5.3811e-01 +2.9448e+00 -2.0607e+00
666 +2.195068863e-04 +2.195068863e-04 -1.599780493e+00 -1.599780493e+00 +1.2138e+00 -2.0463e+00 +5.5441e-01 +3.0211e+00 -2.2797e+00
869 +1.401840230e-04 +1.401840230e-04 -1.599859816e+00 -1.599859816e+00 +1.1622e+00 -2.0884e+00 +5.5407e-01 +2.9869e+00 -2.1900e+00
915 +9.901614551e-05 +9.901614551e-05 -1.599900984e+00 -1.599900984e+00 +1.1680e+00 -2.0767e+00 +5.4453e-01 +3.0055e+00 -2.2268e+00
918 +2.743515098e-05 +2.743515098e-05 -1.599972565e+00 -1.599972565e+00 +1.1463e+00 -2.0540e+00 +5.8719e-01 +2.9962e+00 -2.1537e+00
986 +1.016033749e-05 +1.016033749e-05 -1.599989840e+00 -1.599989840e+00 +1.1147e+00 -1.9959e+00 +6.3192e-01 +3.0205e+00 -2.0394e+00
1146 +6.874092333e-06 +6.874092333e-06 -1.599993126e+00 -1.599993126e+00 +1.1147e+00 -2.0137e+00 +6.2434e-01 +3.0094e+00 -2.0582e+00
1153 +2.184385470e-06 +2.184385470e-06 -1.599997816e+00 -1.599997816e+00 +1.1016e+00 -2.0101e+00 +5.6133e-01 +3.0069e+00 -2.0720e+00
1408 +6.989061918e-07 +6.989061918e-07 -1.599999301e+00 -1.599999301e+00 +1.1091e+00 -2.0179e+00 +5.6423e-01 +3.0178e+00 -2.0944e+00
1502 +4.128874644e-07 +4.128874644e-07 -1.599999587e+00 -1.599999587e+00 +1.1108e+00 -2.0240e+00 +5.6174e-01 +3.0147e+00 -2.0997e+00
1556 +2.316783443e-07 +2.316783443e-07 -1.599999768e+00 -1.599999768e+00 +1.1205e+00 -2.0324e+00 +5.5265e-01 +3.0114e+00 -2.1105e+00
1831 +7.707501459e-08 +7.707501459e-08 -1.599999923e+00 -1.599999923e+00 +1.1188e+00 -2.0241e+00 +5.5156e-01 +3.0096e+00 -2.1384e+00
1925 +5.758058808e-08 +5.758058808e-08 -1.599999942e+00 -1.599999942e+00 +1.1198e+00 -2.0289e+00 +5.5388e-01 +3.0113e+00 -2.1280e+00
2045 +1.411685457e-08 +1.411685457e-08 -1.599999986e+00 -1.599999986e+00 +1.1333e+00 -2.0161e+00 +5.6279e-01 +3.0121e+00 -2.1389e+00
2151 +8.543104446e-09 +8.543104446e-09 -1.599999991e+00 -1.599999991e+00 +1.1262e+00 -2.0222e+00 +5.5716e-01 +3.0124e+00 -2.1278e+00
2158 +2.933940868e-09 +2.933940868e-09 -1.599999997e+00 -1.599999997e+00 +1.1285e+00 -2.0132e+00 +5.6510e-01 +3.0119e+00 -2.1296e+00
2183 +2.050391856e-09 +2.050391856e-09 -1.599999998e+00 -1.599999998e+00 +1.1307e+00 -2.0147e+00 +5.6683e-01 +3.0104e+00 -2.1289e+00
2189 +1.276248662e-09 +1.276248662e-09 -1.599999999e+00 -1.599999999e+00 +1.1253e+00 -2.0114e+00 +5.6873e-01 +3.0126e+00 -2.1204e+00
2271 +6.518678930e-10 +6.518678930e-10 -1.599999999e+00 -1.599999999e+00 +1.1272e+00 -2.0111e+00 +5.6870e-01 +3.0130e+00 -2.1215e+00
2337 +5.864917441e-10 +5.864917441e-10 -1.599999999e+00 -1.599999999e+00 +1.1298e+00 -2.0126e+00 +5.6617e-01 +3.0132e+00 -2.1257e+00
2406 +3.711715379e-10 +3.711715379e-10 -1.600000000e+00 -1.600000000e+00 +1.1255e+00 -2.0162e+00 +5.6515e-01 +3.0106e+00 -2.1226e+00
2509 +1.895281709e-10 +1.895281709e-10 -1.600000000e+00 -1.600000000e+00 +1.1279e+00 -2.0126e+00 +5.6683e-01 +3.0130e+00 -2.1189e+00
2570 +1.358073654e-10 +1.358073654e-10 -1.600000000e+00 -1.600000000e+00 +1.1285e+00 -2.0131e+00 +5.6654e-01 +3.0132e+00 -2.1195e+00
2593 +9.612288743e-11 +9.612288743e-11 -1.600000000e+00 -1.600000000e+00 +1.1286e+00 -2.0147e+00 +5.6764e-01 +3.0130e+00 -2.1198e+00
2666 +3.745070920e-11 +3.745070920e-11 -1.600000000e+00 -1.600000000e+00 +1.1292e+00 -2.0127e+00 +5.6813e-01 +3.0132e+00 -2.1199e+00
2723 +2.086752993e-11 +2.086752993e-11 -1.600000000e+00 -1.600000000e+00 +1.1293e+00 -2.0126e+00 +5.6875e-01 +3.0129e+00 -2.1205e+00
2783 +1.565303442e-11 +1.565303442e-11 -1.600000000e+00 -1.600000000e+00 +1.1294e+00 -2.0133e+00 +5.6891e-01 +3.0127e+00 -2.1210e+00
2816 +6.028288979e-12 +6.028288979e-12 -1.600000000e+00 -1.600000000e+00 +1.1293e+00 -2.0129e+00 +5.7036e-01 +3.0125e+00 -2.1203e+00
2941 +3.848255048e-12 +3.848255048e-12 -1.600000000e+00 -1.600000000e+00 +1.1294e+00 -2.0131e+00 +5.6965e-01 +3.0123e+00 -2.1201e+00
2953 +1.507238778e-12 +1.507238778e-12 -1.600000000e+00 -1.600000000e+00 +1.1293e+00 -2.0124e+00 +5.7028e-01 +3.0124e+00 -2.1196e+00
3034 +6.705747069e-13 +6.705747069e-13 -1.600000000e+00 -1.600000000e+00 +1.1291e+00 -2.0126e+00 +5.7005e-01 +3.0122e+00 -2.1194e+00
3056 +2.742250871e-13 +2.742250871e-13 -1.600000000e+00 -1.600000000e+00 +1.1290e+00 -2.0124e+00 +5.7043e-01 +3.0121e+00 -2.1190e+00
3081 +1.714184350e-13 +1.714184350e-13 -1.600000000e+00 -1.600000000e+00 +1.1287e+00 -2.0123e+00 +5.7052e-01 +3.0120e+00 -2.1193e+00
3111 +6.394884622e-14 +6.394884622e-14 -1.600000000e+00 -1.600000000e+00 +1.1289e+00 -2.0126e+00 +5.7094e-01 +3.0118e+00 -2.1189e+00
3250 +6.061817714e-14 +6.061817714e-14 -1.600000000e+00 -1.600000000e+00 +1.1289e+00 -2.0126e+00 +5.7097e-01 +3.0118e+00 -2.1189e+00
3262 +2.442490654e-15 +2.442490654e-15 -1.600000000e+00 -1.600000000e+00 +1.1287e+00 -2.0125e+00 +5.7101e-01 +3.0119e+00 -2.1187e+00
3351 +1.554312234e-15 +1.554312234e-15 -1.600000000e+00 -1.600000000e+00 +1.1286e+00 -2.0124e+00 +5.7102e-01 +3.0118e+00 -2.1186e+00
3366 +4.440892099e-16 +4.440892099e-16 -1.600000000e+00 -1.600000000e+00 +1.1285e+00 -2.0124e+00 +5.7111e-01 +3.0119e+00 -2.1184e+00
3469 +2.220446049e-16 +2.220446049e-16 -1.600000000e+00 -1.600000000e+00 +1.1285e+00 -2.0124e+00 +5.7107e-01 +3.0118e+00 -2.1185e+00
3569 +0.000000000e+00 +0.000000000e+00 -1.600000000e+00 -1.600000000e+00 +1.1285e+00 -2.0124e+00 +5.7114e-01 +3.0118e+00 -2.1184e+00
% function evaluation | noise-free fitness - Fopt (-3.708400000000e+02) | best noise-free fitness - Fopt | measured fitness | best measured fitness | x1 | x2...
1 +7.364660713e+01 +7.364660713e+01 -2.971933929e+02 -2.971933929e+02 +3.1472e+00 +4.0579e+00 -3.7301e+00 +4.1338e+00 +1.3236e+00
4 +5.086126799e+01 +5.086126799e+01 -3.199787320e+02 -3.199787320e+02 -3.5811e+00 -7.8239e-01 +4.1574e+00 +2.9221e+00 +4.5949e+00
10 +3.134827785e+01 +3.134827785e+01 -3.394917221e+02 -3.394917221e+02 -1.0236e-01 -5.4414e-01 +1.4631e+00 +2.0936e+00 +2.5469e+00
25 +2.388974149e+01 +2.388974149e+01 -3.469502585e+02 -3.469502585e+02 -3.9335e+00 +4.6190e+00 -4.9537e+00 +2.7491e+00 +3.1730e+00
69 +1.518865103e+01 +1.518865103e+01 -3.556513490e+02 -3.556513490e+02 +2.5303e+00 +2.2206e+00 -2.4905e+00 +1.1325e+00 +1.8080e-02
133 +5.332309162e+00 +5.332309162e+00 -3.655076908e+02 -3.655076908e+02 +1.8196e+00 +5.5095e-01 -2.6378e+00 +1.8968e+00 +9.7351e-01
201 +2.012791397e+00 +2.012791397e+00 -3.688272086e+02 -3.688272086e+02 +2.2529e+00 +2.9684e-01 -3.3477e+00 +1.6506e+00 +1.1287e+00
229 +1.169296953e+00 +1.169296953e+00 -3.696707030e+02 -3.696707030e+02 +2.6522e+00 +5.3980e-01 -1.9879e+00 +1.8107e+00 +3.7173e-01
269 +8.095015030e-01 +8.095015030e-01 -3.700304985e+02 -3.700304985e+02 +2.6429e+00 +3.2502e-02 -2.1410e+00 +2.4782e+00 +5.9150e-01
317 +5.499284929e-01 +5.499284929e-01 -3.702900715e+02 -3.702900715e+02 +2.5359e+00 +2.2531e-01 -2.1617e+00 +2.1607e+00 +5.6706e-01
319 +3.666637862e-01 +3.666637862e-01 -3.704733362e+02 -3.704733362e+02 +3.1217e+00 -5.8697e-01 -1.5776e+00 +1.6890e+00 +2.2315e-01
328 +1.471215859e-01 +1.471215859e-01 -3.706928784e+02 -3.706928784e+02 +3.1845e+00 -7.9104e-01 -1.5204e+00 +2.2987e+00 +8.0011e-01
333 +1.462182735e-02 +1.462182735e-02 -3.708253782e+02 -3.708253782e+02 +3.1437e+00 -4.7322e-01 -1.6978e+00 +1.8235e+00 +4.6140e-01
413 +3.759825006e-03 +3.759825006e-03 -3.708362402e+02 -3.708362402e+02 +2.9859e+00 -4.5454e-01 -1.6989e+00 +1.9560e+00 +5.9392e-01
603 +1.446163580e-03 +1.446163580e-03 -3.708385538e+02 -3.708385538e+02 +3.0818e+00 -5.6764e-01 -1.6891e+00 +1.9357e+00 +5.1985e-01
857 +5.704900069e-04 +5.704900069e-04 -3.708394295e+02 -3.708394295e+02 +3.1561e+00 -6.7653e-01 -1.5601e+00 +1.8420e+00 +6.5487e-01
931 +1.923621635e-04 +1.923621635e-04 -3.708398076e+02 -3.708398076e+02 +3.1179e+00 -6.3358e-01 -1.6044e+00 +1.8742e+00 +6.1550e-01
986 +1.562810980e-04 +1.562810980e-04 -3.708398437e+02 -3.708398437e+02 +3.0565e+00 -6.7582e-01 -1.6160e+00 +1.9381e+00 +6.2545e-01
1239 +6.722679228e-05 +6.722679228e-05 -3.708399328e+02 -3.708399328e+02 +3.1350e+00 -7.0336e-01 -1.5628e+00 +1.9026e+00 +5.7660e-01
1319 +6.046401847e-05 +6.046401847e-05 -3.708399395e+02 -3.708399395e+02 +3.1185e+00 -6.7606e-01 -1.5872e+00 +1.8987e+00 +5.9796e-01
1333 +3.938509286e-05 +3.938509286e-05 -3.708399606e+02 -3.708399606e+02 +3.1143e+00 -6.9117e-01 -1.5687e+00 +1.9090e+00 +6.0300e-01
1390 +2.295281666e-05 +2.295281666e-05 -3.708399770e+02 -3.708399770e+02 +3.1034e+00 -7.2231e-01 -1.6175e+00 +1.9446e+00 +6.1707e-01
1487 +1.566793981e-05 +1.566793981e-05 -3.708399843e+02 -3.708399843e+02 +3.0934e+00 -7.2313e-01 -1.6071e+00 +1.9198e+00 +5.9307e-01
1573 +7.652571242e-06 +7.652571242e-06 -3.708399923e+02 -3.708399923e+02 +3.1190e+00 -7.3417e-01 -1.5736e+00 +1.9197e+00 +6.1961e-01
1635 +5.907507045e-06 +5.907507045e-06 -3.708399941e+02 -3.708399941e+02 +3.1284e+00 -7.4317e-01 -1.5672e+00 +1.9299e+00 +6.0460e-01
1767 +2.777405598e-06 +2.777405598e-06 -3.708399972e+02 -3.708399972e+02 +3.1356e+00 -7.6384e-01 -1.5501e+00 +1.9323e+00 +6.0283e-01
1837 +1.671675477e-06 +1.671675477e-06 -3.708399983e+02 -3.708399983e+02 +3.1305e+00 -7.9268e-01 -1.5463e+00 +1.9353e+00 +6.1195e-01
1848 +1.564706622e-06 +1.564706622e-06 -3.708399984e+02 -3.708399984e+02 +3.1286e+00 -7.9595e-01 -1.5469e+00 +1.9337e+00 +6.0862e-01
1907 +5.734008823e-07 +5.734008823e-07 -3.708399994e+02 -3.708399994e+02 +3.1249e+00 -7.7159e-01 -1.5795e+00 +1.9377e+00 +5.9902e-01
1967 +3.640017212e-07 +3.640017212e-07 -3.708399996e+02 -3.708399996e+02 +3.1259e+00 -7.8442e-01 -1.5776e+00 +1.9407e+00 +6.0557e-01
2066 +2.493740112e-07 +2.493740112e-07 -3.708399998e+02 -3.708399998e+02 +3.1265e+00 -8.0035e-01 -1.5591e+00 +1.9380e+00 +5.9991e-01
2082 +1.187845555e-08 +1.187845555e-08 -3.708400000e+02 -3.708400000e+02 +3.1174e+00 -8.1252e-01 -1.5879e+00 +1.9349e+00 +5.9782e-01
2133 +1.474859346e-09 +1.474859346e-09 -3.708400000e+02 -3.708400000e+02 +3.1182e+00 -8.1584e-01 -1.5830e+00 +1.9372e+00 +6.0552e-01
2254 +7.821086001e-10 +7.821086001e-10 -3.708400000e+02 -3.708400000e+02 +3.1187e+00 -8.0951e-01 -1.5856e+00 +1.9367e+00 +6.0106e-01
2280 +4.175149115e-10 +4.175149115e-10 -3.708400000e+02 -3.708400000e+02 +3.1182e+00 -8.1249e-01 -1.5835e+00 +1.9367e+00 +6.0275e-01
2322 +2.837055035e-10 +2.837055035e-10 -3.708400000e+02 -3.708400000e+02 +3.1172e+00 -8.1001e-01 -1.5882e+00 +1.9361e+00 +6.0227e-01
2420 +1.271018846e-10 +1.271018846e-10 -3.708400000e+02 -3.708400000e+02 +3.1176e+00 -8.1147e-01 -1.5862e+00 +1.9361e+00 +6.0279e-01
2426 +9.072209650e-11 +9.072209650e-11 -3.708400000e+02 -3.708400000e+02 +3.1173e+00 -8.1097e-01 -1.5860e+00 +1.9365e+00 +6.0364e-01
2658 +4.939693099e-11 +4.939693099e-11 -3.708400000e+02 -3.708400000e+02 +3.1158e+00 -8.0982e-01 -1.5885e+00 +1.9362e+00 +6.0418e-01
2697 +3.353761713e-11 +3.353761713e-11 -3.708400000e+02 -3.708400000e+02 +3.1153e+00 -8.1071e-01 -1.5897e+00 +1.9358e+00 +6.0434e-01
2796 +2.205524652e-11 +2.205524652e-11 -3.708400000e+02 -3.708400000e+02 +3.1148e+00 -8.1046e-01 -1.5906e+00 +1.9349e+00 +6.0401e-01
2904 +1.261923899e-11 +1.261923899e-11 -3.708400000e+02 -3.708400000e+02 +3.1154e+00 -8.1006e-01 -1.5886e+00 +1.9346e+00 +6.0426e-01
2931 +3.410605132e-12 +3.410605132e-12 -3.708400000e+02 -3.708400000e+02 +3.1151e+00 -8.1005e-01 -1.5899e+00 +1.9346e+00 +6.0490e-01
2996 +2.273736754e-12 +2.273736754e-12 -3.708400000e+02 -3.708400000e+02 +3.1151e+00 -8.1041e-01 -1.5900e+00 +1.9337e+00 +6.0465e-01
3003 +1.136868377e-12 +1.136868377e-12 -3.708400000e+02 -3.708400000e+02 +3.1148e+00 -8.1036e-01 -1.5905e+00 +1.9334e+00 +6.0501e-01
3050 +5.684341886e-13 +5.684341886e-13 -3.708400000e+02 -3.708400000e+02 +3.1149e+00 -8.0992e-01 -1.5903e+00 +1.9335e+00 +6.0490e-01
3091 +3.410605132e-13 +3.410605132e-13 -3.708400000e+02 -3.708400000e+02 +3.1151e+00 -8.0999e-01 -1.5901e+00 +1.9335e+00 +6.0509e-01
3128 +1.136868377e-13 +1.136868377e-13 -3.708400000e+02 -3.708400000e+02 +3.1149e+00 -8.0948e-01 -1.5904e+00 +1.9333e+00 +6.0502e-01
3168 +0.000000000e+00 +0.000000000e+00 -3.708400000e+02 -3.708400000e+02 +3.1150e+00 -8.0891e-01 -1.5903e+00 +1.9334e+00 +6.0503e-01
% function evaluation | noise-free fitness - Fopt (-3.256000000000e+01) | best noise-free fitness - Fopt | measured fitness | best measured fitness | x1 | x2...
1 +2.463075797e+01 +2.463075797e+01 -7.929242026e+00 -7.929242026e+00 +3.1472e+00 +4.0579e+00 -3.7301e+00 +4.1338e+00 +1.3236e+00
46 +3.565791808e+00 +3.565791808e+00 -2.899420819e+01 -2.899420819e+01 +1.5774e+00 +1.4313e+00 -2.0777e+00 +2.5548e+00 -3.6358e+00
128 +2.313237483e+00 +2.313237483e+00 -3.024676252e+01 -3.024676252e+01 +1.4220e+00 +1.3519e+00 -2.2591e+00 +2.2491e+00 -3.6344e+00
395 +1.560066461e+00 +1.560066461e+00 -3.099993354e+01 -3.099993354e+01 +5.8085e-01 +1.8270e+00 -1.4531e+00 +2.0409e+00 -3.3835e+00
% function evaluation | noise-free fitness - Fopt (5.154000000000e+02) | best noise-free fitness - Fopt | measured fitness | best measured fitness | x1 | x2...
1 +7.552797446e+01 +7.552797446e+01 +5.909279745e+02 +5.909279745e+02 +3.1472e+00 +4.0579e+00 -3.7301e+00 +4.1338e+00 +1.3236e+00
3 +6.186202927e+01 +6.186202927e+01 +5.772620293e+02 +5.772620293e+02 -3.4239e+00 +4.7059e+00 +4.5717e+00 -1.4624e-01 +3.0028e+00
6 +3.377116631e+01 +3.377116631e+01 +5.491711663e+02 +5.491711663e+02 +2.5774e+00 +2.4313e+00 -1.0777e+00 +1.5548e+00 -3.2881e+00
30 +2.476742218e+01 +2.476742218e+01 +5.401674222e+02 +5.401674222e+02 -4.2403e+00 -2.6008e+00 -3.7668e+00 -3.1609e+00 -2.6005e+00
129 +1.254560706e+01 +1.254560706e+01 +5.279456071e+02 +5.279456071e+02 -2.7094e+00 -1.8937e+00 -2.2326e-01 +7.1280e-01 -1.6156e+00
165 +9.000102520e+00 +9.000102520e+00 +5.244001025e+02 +5.244001025e+02 -2.4426e+00 -8.3189e-01 -5.0871e-01 +3.3993e-01 -2.2126e+00
169 +2.133647583e+00 +2.133647583e+00 +5.175336476e+02 +5.175336476e+02 -2.7955e+00 -1.0059e+00 -1.0031e+00 +5.0044e-01 -2.0455e+00
187 +1.192788024e+00 +1.192788024e+00 +5.165927880e+02 +5.165927880e+02 -2.7360e+00 +2.7106e-01 -3.3824e+00 -1.9433e-01 -2.0892e+00
209 +4.701379444e-01 +4.701379444e-01 +5.158701379e+02 +5.158701379e+02 -2.8449e+00 -5.9320e-03 -2.0031e+00 +2.2675e-03 -2.4450e+00
263 +1.150224655e-01 +1.150224655e-01 +5.155150225e+02 +5.155150225e+02 -3.1581e+00 -6.3608e-01 -2.7732e+00 +1.3337e-01 -1.9907e+00
333 +5.500942233e-02 +5.500942233e-02 +5.154550094e+02 +5.154550094e+02 -3.9832e+00 -5.8932e-01 -3.1000e+00 +3.1095e-01 -2.8114e+00
371 +2.005605533e-02 +2.005605533e-02 +5.154200561e+02 +5.154200561e+02 -3.5005e+00 -6.6586e-01 -2.4386e+00 +2.1152e-01 -2.3465e+00
421 +1.195594086e-02 +1.195594086e-02 +5.154119559e+02 +5.154119559e+02 -3.2350e+00 -5.7145e-01 -2.4950e+00 +2.8301e-01 -2.4385e+00
446 +9.852912798e-03 +9.852912798e-03 +5.154098529e+02 +5.154098529e+02 -3.2435e+00 -5.8229e-01 -2.5062e+00 +2.8002e-01 -2.4260e+00
456 +7.001073604e-04 +7.001073604e-04 +5.154007001e+02 +5.154007001e+02 -3.3393e+00 -6.3049e-01 -2.6627e+00 +3.7176e-01 -2.4134e+00
591 +5.208589694e-04 +5.208589694e-04 +5.154005209e+02 +5.154005209e+02 -3.3751e+00 -6.3063e-01 -2.7046e+00 +3.7826e-01 -2.4145e+00
651 +2.113443082e-04 +2.113443082e-04 +5.154002113e+02 +5.154002113e+02 -3.4511e+00 -5.9596e-01 -2.6467e+00 +3.1461e-01 -2.4063e+00
731 +3.111384115e-05 +3.111384115e-05 +5.154000311e+02 +5.154000311e+02 -3.4179e+00 -6.1131e-01 -2.6110e+00 +3.5351e-01 -2.3934e+00
1118 +1.027258031e-05 +1.027258031e-05 +5.154000103e+02 +5.154000103e+02 -3.4402e+00 -6.6082e-01 -2.6217e+00 +3.9190e-01 -2.3792e+00
1408 +7.106117664e-06 +7.106117664e-06 +5.154000071e+02 +5.154000071e+02 -3.4577e+00 -6.6580e-01 -2.6264e+00 +3.8822e-01 -2.3871e+00
1488 +1.654555035e-06 +1.654555035e-06 +5.154000017e+02 +5.154000017e+02 -3.4798e+00 -6.9125e-01 -2.6095e+00 +3.9027e-01 -2.4124e+00
1573 +1.565119646e-06 +1.565119646e-06 +5.154000016e+02 +5.154000016e+02 -3.4838e+00 -7.0003e-01 -2.5835e+00 +4.0845e-01 -2.4158e+00
1663 +7.865494354e-07 +7.865494354e-07 +5.154000008e+02 +5.154000008e+02 -3.4827e+00 -7.4091e-01 -2.5712e+00 +4.3289e-01 -2.3971e+00
1693 +5.022786809e-08 +5.022786809e-08 +5.154000001e+02 +5.154000001e+02 -3.4877e+00 -7.5068e-01 -2.5925e+00 +4.2281e-01 -2.3970e+00
1774 +1.220780632e-08 +1.220780632e-08 +5.154000000e+02 +5.154000000e+02 -3.4667e+00 -7.1880e-01 -2.5954e+00 +4.1499e-01 -2.3981e+00
1878 +3.004288374e-09 +3.004288374e-09 +5.154000000e+02 +5.154000000e+02 -3.4841e+00 -7.3830e-01 -2.5954e+00 +4.2000e-01 -2.4002e+00
1887 +7.336211638e-10 +7.336211638e-10 +5.154000000e+02 +5.154000000e+02 -3.4811e+00 -7.3323e-01 -2.5976e+00 +4.1788e-01 -2.4000e+00
2111 +3.329887477e-10 +3.329887477e-10 +5.154000000e+02 +5.154000000e+02 -3.4789e+00 -7.3273e-01 -2.5970e+00 +4.1814e-01 -2.3989e+00
2271 +2.432898327e-10 +2.432898327e-10 +5.154000000e+02 +5.154000000e+02 -3.4786e+00 -7.3010e-01 -2.5966e+00 +4.1632e-01 -2.3986e+00
2466 +8.674305718e-11 +8.674305718e-11 +5.154000000e+02 +5.154000000e+02 -3.4748e+00 -7.2830e-01 -2.5956e+00 +4.1597e-01 -2.3980e+00
2611 +2.808064892e-11 +2.808064892e-11 +5.154000000e+02 +5.154000000e+02 -3.4734e+00 -7.2883e-01 -2.5957e+00 +4.1584e-01 -2.3968e+00
2653 +2.069100447e-11 +2.069100447e-11 +5.154000000e+02 +5.154000000e+02 -3.4748e+00 -7.2945e-01 -2.5958e+00 +4.1590e-01 -2.3969e+00
2742 +1.341504685e-11 +1.341504685e-11 +5.154000000e+02 +5.154000000e+02 -3.4742e+00 -7.3011e-01 -2.5940e+00 +4.1642e-01 -2.3966e+00
2773 +9.890754882e-12 +9.890754882e-12 +5.154000000e+02 +5.154000000e+02 -3.4739e+00 -7.2969e-01 -2.5953e+00 +4.1601e-01 -2.3963e+00
2778 +6.139089237e-12 +6.139089237e-12 +5.154000000e+02 +5.154000000e+02 -3.4750e+00 -7.3034e-01 -2.5949e+00 +4.1638e-01 -2.3964e+00
2885 +3.524291969e-12 +3.524291969e-12 +5.154000000e+02 +5.154000000e+02 -3.4732e+00 -7.2920e-01 -2.5945e+00 +4.1594e-01 -2.3960e+00
2927 +1.705302566e-12 +1.705302566e-12 +5.154000000e+02 +5.154000000e+02 -3.4725e+00 -7.2964e-01 -2.5938e+00 +4.1569e-01 -2.3947e+00
2965 +1.250555215e-12 +1.250555215e-12 +5.154000000e+02 +5.154000000e+02 -3.4721e+00 -7.2892e-01 -2.5935e+00 +4.1547e-01 -2.3949e+00
2978 +6.821210263e-13 +6.821210263e-13 +5.154000000e+02 +5.154000000e+02 -3.4738e+00 -7.2969e-01 -2.5944e+00 +4.1593e-01 -2.3954e+00
3005 +1.136868377e-13 +1.136868377e-13 +5.154000000e+02 +5.154000000e+02 -3.4726e+00 -7.2882e-01 -2.5935e+00 +4.1538e-01 -2.3948e+00
3068 +0.000000000e+00 +0.000000000e+00 +5.154000000e+02 +5.154000000e+02 -3.4728e+00 -7.2863e-01 -2.5935e+00 +4.1538e-01 -2.3948e+00
% function evaluation | noise-free fitness - Fopt (9.862300000000e+02) | best noise-free fitness - Fopt | measured fitness | best measured fitness | x1 | x2...
1 +6.003008921e+01 +6.003008921e+01 +1.046260089e+03 +1.046260089e+03 +3.1472e+00 +4.0579e+00 -3.7301e+00 +4.1338e+00 +1.3236e+00
14 +2.638830850e+01 +2.638830850e+01 +1.012618309e+03 +1.012618309e+03 +4.5929e+00 +4.7216e-01 -3.6138e+00 -3.5071e+00 -2.4249e+00
25 +5.986161479e+00 +5.986161479e+00 +9.922161615e+02 +9.922161615e+02 -3.9335e+00 +4.6190e+00 -4.9537e+00 +2.7491e+00 +3.1730e+00
240 +3.719705786e+00 +3.719705786e+00 +9.899497058e+02 +9.899497058e+02 -3.1480e+00 +3.9842e+00 -3.8731e+00 +2.9763e+00 +2.9828e+00
269 +2.272862316e+00 +2.272862316e+00 +9.885028623e+02 +9.885028623e+02 -2.4697e+00 +4.4817e+00 -4.6563e+00 +2.9121e+00 +3.7988e+00
449 +1.142506665e+00 +1.142506665e+00 +9.873725067e+02 +9.873725067e+02 -2.9835e+00 +4.7770e+00 -4.4929e+00 +2.6446e+00 +3.3756e+00
567 +9.757779865e-01 +9.757779865e-01 +9.872057780e+02 +9.872057780e+02 -2.9943e+00 +4.8278e+00 -4.5680e+00 +2.8587e+00 +3.2998e+00
% function evaluation | noise-free fitness - Fopt (1.240800000000e+02) | best noise-free fitness - Fopt | measured fitness | best measured fitness | x1 | x2...
1 +7.047860074e+01 +7.047860074e+01 +1.945586007e+02 +1.945586007e+02 +3.1472e+00 +4.0579e+00 -3.7301e+00 +4.1338e+00 +1.3236e+00
4 +3.283514013e+01 +3.283514013e+01 +1.569151401e+02 +1.569151401e+02 -3.5811e+00 -7.8239e-01 +4.1574e+00 +2.9221e+00 +4.5949e+00
9 +1.134217714e+01 +1.134217714e+01 +1.354221771e+02 +1.354221771e+02 -6.1256e-01 -1.1844e+00 +2.6552e+00 +2.9520e+00 -3.1313e+00
42 +9.063524155e+00 +9.063524155e+00 +1.331435242e+02 +1.331435242e+02 -3.0246e+00 -1.2150e+00 +1.4688e+00 +3.6567e+00 +3.6489e+00
319 +2.911521158e+00 +2.911521158e+00 +1.269915212e+02 +1.269915212e+02 +9.6030e-01 -1.3833e+00 +2.0373e+00 +2.7030e+00 +1.4142e-01
333 +2.048902492e+00 +2.048902492e+00 +1.261289025e+02 +1.261289025e+02 +1.4704e+00 -1.0940e+00 +2.1228e+00 +2.5969e+00 -7.2976e-01
% function evaluation | noise-free fitness - Fopt (-4.683100000000e+02) | best noise-free fitness - Fopt | measured fitness | best measured fitness | x1 | x2...
1 +5.620392445e+01 +5.620392445e+01 -4.121060756e+02 -4.121060756e+02 +3.1472e+00 +4.0579e+00 -3.7301e+00 +4.1338e+00 +1.3236e+00
9 +2.606722364e+01 +2.606722364e+01 -4.422427764e+02 -4.422427764e+02 -6.1256e-01 -1.1844e+00 +2.6552e+00 +2.9520e+00 -3.1313e+00
20 +2.180512105e+01 +2.180512105e+01 -4.465048790e+02 -4.465048790e+02 -3.7009e+00 +6.8824e-01 -3.0609e-01 -4.8810e+00 -1.6288e+00
31 +9.754523415e+00 +9.754523415e+00 -4.585554766e+02 -4.585554766e+02 -8.2733e-01 -4.5035e+00 +4.0272e+00 +4.4479e+00 -9.1359e-02
71 +5.267504079e+00 +5.267504079e+00 -4.630424959e+02 -4.630424959e+02 -1.1847e+00 -4.1415e+00 +4.3266e+00 +4.5183e+00 +2.6523e-01
125 +2.207671799e+00 +2.207671799e+00 -4.661023282e+02 -4.661023282e+02 -1.4426e+00 -2.9944e+00 +4.8597e+00 +4.0732e+00 -2.8222e-01
464 +1.544432825e+00 +1.544432825e+00 -4.667655672e+02 -4.667655672e+02 -1.0388e+00 -3.7436e+00 +4.6103e+00 +3.8246e+00 -5.1068e-02
% function evaluation | noise-free fitness - Fopt (-6.062000000000e+01) | best noise-free fitness - Fopt | measured fitness | best measured fitness | x1 | x2...
1 +5.361051338e+01 +5.361051338e+01 -7.009486623e+00 -7.009486623e+00 +3.1472e+00 +4.0579e+00 -3.7301e+00 +4.1338e+00 +1.3236e+00
10 +1.892924206e+01 +1.892924206e+01 -4.169075794e+01 -4.169075794e+01 -1.0236e-01 -5.4414e-01 +1.4631e+00 +2.0936e+00 +2.5469e+00
52 +1.556291209e+01 +1.556291209e+01 -4.505708791e+01 -4.505708791e+01 +1.7280e-01 +3.5974e+00 -5.9614e-01 +1.1068e+00 -1.7619e+00
85 +9.551191840e+00 +9.551191840e+00 -5.106880816e+01 -5.106880816e+01 -4.4259e-01 -2.6429e+00 +1.4913e+00 +2.3399e+00 +3.1449e+00
253 +5.935482295e+00 +5.935482295e+00 -5.468451770e+01 -5.468451770e+01 -1.7764e+00 -1.7947e+00 +2.1836e+00 +2.8579e+00 +2.4192e+00
363 +2.847227614e+00 +2.847227614e+00 -5.777277239e+01 -5.777277239e+01 -1.4089e+00 -2.0345e+00 +1.9979e+00 +2.5257e+00 +2.9077e+00
869 +2.486586869e+00 +2.486586869e+00 -5.813341313e+01 -5.813341313e+01 -1.1919e+00 -2.1161e+00 +2.1578e+00 +2.5898e+00 +2.8956e+00
% function evaluation | noise-free fitness - Fopt (2.864600000000e+02) | best noise-free fitness - Fopt | measured fitness | best measured fitness | x1 | x2...
1 +4.787344260e+01 +4.787344260e+01 +3.343334426e+02 +3.343334426e+02 +3.1472e+00 +4.0579e+00 -3.7301e+00 +4.1338e+00 +1.3236e+00
32 +1.987047633e+01 +1.987047633e+01 +3.063304763e+02 +3.063304763e+02 -1.0747e-01 -1.6228e+00 +4.0005e+00 -1.3075e+00 -3.8880e+00
72 +8.884424545e+00 +8.884424545e+00 +2.953444245e+02 +2.953444245e+02 +1.9228e-01 -2.2022e+00 +3.3310e+00 -4.0919e-01 -4.4800e+00
272 +5.755895617e+00 +5.755895617e+00 +2.922158956e+02 +2.922158956e+02 +4.0485e-01 -2.2119e+00 +3.0079e+00 -6.8133e-01 -3.3161e+00
328 +2.713741618e+00 +2.713741618e+00 +2.891737416e+02 +2.891737416e+02 +9.3549e-01 -1.6661e+00 +3.6486e+00 -1.3864e+00 -3.0000e+00
349 +2.417803759e+00 +2.417803759e+00 +2.888778038e+02 +2.888778038e+02 +1.3146e+00 -1.5732e+00 +3.7058e+00 -1.6578e+00 -2.3385e+00
% function evaluation | noise-free fitness - Fopt (1.134200000000e+02) | best noise-free fitness - Fopt | measured fitness | best measured fitness | x1 | x2...
1 +6.207873022e+01 +6.207873022e+01 +1.754987302e+02 +1.754987302e+02 +3.1472e+00 +4.0579e+00 -3.7301e+00 +4.1338e+00 +1.3236e+00
5 +3.749469575e+01 +3.749469575e+01 +1.509146958e+02 +1.509146958e+02 +1.5574e+00 -4.6429e+00 +3.4913e+00 +4.3399e+00 +1.7874e+00
16 +1.904242609e+01 +1.904242609e+01 +1.324624261e+02 +1.324624261e+02 -1.5002e+00 -3.0340e+00 -2.4892e+00 +1.1604e+00 -2.6711e-01
118 +9.560755668e+00 +9.560755668e+00 +1.229807557e+02 +1.229807557e+02 -1.2518e+00 -3.0529e+00 -7.4381e-01 +8.1404e-01 -2.2740e+00
280 +4.494241634e+00 +4.494241634e+00 +1.179142416e+02 +1.179142416e+02 -1.0694e+00 -3.3937e+00 -1.5454e+00 +5.8981e-01 -6.9013e-01
386 +3.038996750e+00 +3.038996750e+00 +1.164589967e+02 +1.164589967e+02 -9.7687e-01 -3.2936e+00 -1.4810e+00 +2.2318e-01 -4.7402e-01
899 +2.499798016e+00 +2.499798016e+00 +1.159197980e+02 +1.159197980e+02 -2.0847e-01 -3.0037e+00 -1.1037e+00 +5.8111e-01 -1.5181e-01
% function evaluation | noise-free fitness - Fopt (-1.958600000000e+02) | best noise-free fitness - Fopt | measured fitness | best measured fitness | x1 | x2...
1 +4.931565754e+01 +4.931565754e+01 -1.465443425e+02 -1.465443425e+02 +3.1472e+00 +4.0579e+00 -3.7301e+00 +4.1338e+00 +1.3236e+00
6 +1.585262906e+01 +1.585262906e+01 -1.800073709e+02 -1.800073709e+02 +2.5774e+00 +2.4313e+00 -1.0777e+00 +1.5548e+00 -3.2881e+00
81 +1.226098038e+01 +1.226098038e+01 -1.835990196e+02 -1.835990196e+02 +2.7297e+00 +2.6110e+00 -1.7969e+00 +2.8308e+00 -5.9259e-01
154 +9.385139454e+00 +9.385139454e+00 -1.864748605e+02 -1.864748605e+02 -6.8027e-01 +1.7358e+00 +1.5613e+00 +2.6086e+00 -1.4311e+00
178 +5.750439554e+00 +5.750439554e+00 -1.901095604e+02 -1.901095604e+02 +3.2259e-01 +1.9685e+00 +5.2220e-01 +2.8045e+00 -7.9017e-01
202 +2.524767509e+00 +2.524767509e+00 -1.933352325e+02 -1.933352325e+02 +9.6014e-01 +2.6425e+00 -2.1682e-01 +2.7399e+00 -3.5111e-01
238 +1.699161782e+00 +1.699161782e+00 -1.941608382e+02 -1.941608382e+02 -6.4864e-01 +1.8409e+00 +2.9693e-01 +2.6197e+00 -1.3435e+00
456 +1.534285737e+00 +1.534285737e+00 -1.943257143e+02 -1.943257143e+02 -8.3591e-01 +1.4044e+00 +6.0151e-02 +2.4741e+00 -1.0760e+00
% function evaluation | noise-free fitness - Fopt (-5.760000000000e+00) | best noise-free fitness - Fopt | measured fitness | best measured fitness | x1 | x2...
1 +7.093653819e+01 +7.093653819e+01 +6.517653819e+01 +6.517653819e+01 +3.1472e+00 +4.0579e+00 -3.7301e+00 +4.1338e+00 +1.3236e+00
3 +3.884305921e+01 +3.884305921e+01 +3.308305921e+01 +3.308305921e+01 -3.4239e+00 +4.7059e+00 +4.5717e+00 -1.4624e-01 +3.0028e+00
32 +7.111554051e+00 +7.111554051e+00 +1.351554051e+00 +1.351554051e+00 -1.0747e-01 -1.6228e+00 +4.0005e+00 -1.3075e+00 -3.8880e+00
338 +6.246242051e+00 +6.246242051e+00 +4.862420514e-01 +4.862420514e-01 -3.5122e-01 -2.3590e+00 +3.7839e+00 -1.7521e+00 -3.7345e+00
463 +3.907127515e+00 +3.907127515e+00 -1.852872485e+00 -1.852872485e+00 -1.5197e-01 -2.1435e+00 +3.8462e+00 -1.9326e+00 -3.6333e+00
1853 +2.498507387e+00 +2.498507387e+00 -3.261492613e+00 -3.261492613e+00 -3.0437e-01 -2.8421e+00 +2.1220e+00 -2.1881e+00 -4.1536e+00
% function evaluation | noise-free fitness - Fopt (-4.986500000000e+02) | best noise-free fitness - Fopt | measured fitness | best measured fitness | x1 | x2...
1 +7.288174004e+01 +7.288174004e+01 -4.257682600e+02 -4.257682600e+02 +3.1472e+00 +4.0579e+00 -3.7301e+00 +4.1338e+00 +1.3236e+00
5 +8.193046624e+00 +8.193046624e+00 -4.904569534e+02 -4.904569534e+02 +1.5574e+00 -4.6429e+00 +3.4913e+00 +4.3399e+00 +1.7874e+00
202 +5.516356121e+00 +5.516356121e+00 -4.931336439e+02 -4.931336439e+02 +9.7540e-01 -3.7982e+00 +4.2134e+00 +3.7728e+00 +2.2769e+00
311 +2.447172501e+00 +2.447172501e+00 -4.962028275e+02 -4.962028275e+02 +1.2884e+00 -3.7542e+00 +3.3093e+00 +3.3566e+00 +3.0887e+00
% function evaluation | noise-free fitness - Fopt (-4.286000000000e+01) | best noise-free fitness - Fopt | measured fitness | best measured fitness | x1 | x2...
1 +7.671528001e+01 +7.671528001e+01 +3.385528001e+01 +3.385528001e+01 +3.1472e+00 +4.0579e+00 -3.7301e+00 +4.1338e+00 +1.3236e+00
6 +5.168993359e+01 +5.168993359e+01 +8.829933587e+00 +8.829933587e+00 +2.5774e+00 +2.4313e+00 -1.0777e+00 +1.5548e+00 -3.2881e+00
9 +9.818914260e+00 +9.818914260e+00 -3.304108574e+01 -3.304108574e+01 -6.1256e-01 -1.1844e+00 +2.6552e+00 +2.9520e+00 -3.1313e+00
310 +6.095940035e+00 +6.095940035e+00 -3.676405996e+01 -3.676405996e+01 -2.1859e+00 -1.7136e+00 -7.6681e-01 -1.9042e+00 -2.4117e+00
444 +2.634329107e+00 +2.634329107e+00 -4.022567089e+01 -4.022567089e+01 -2.1276e+00 -1.9551e+00 -2.5502e-01 -2.5414e+00 -3.0087e+00
1073 +2.508703436e+00 +2.508703436e+00 -4.035129656e+01 -4.035129656e+01 -2.0631e+00 -1.9004e+00 -3.8986e-01 -2.4298e+00 -3.0937e+00
