% function evaluation | noise-free fitness - Fopt (-6.211100000000e+02) | best noise-free fitness - Fopt | measured fitness | best measured fitness | x1 | x2...
1 +9.063322323e+07 +9.063322323e+07 +9.063260212e+07 +9.063260212e+07 +3.1472e+00 +4.0579e+00 -3.7301e+00
3 +3.354276958e+07 +3.354276958e+07 +3.354214847e+07 +3.354214847e+07 -2.2150e+00 +4.6882e-01 +4.5751e+00
5 +1.945291824e+07 +1.945291824e+07 +1.945229713e+07 +1.945229713e+07 +4.5717e+00 -1.4624e-01 +3.0028e+00
7 +1.563113761e+07 +1.563113761e+07 +1.563051650e+07 +1.563051650e+07 +2.9221e+00 +4.5949e+00 +1.5574e+00
9 +8.828835709e+06 +8.828835709e+06 +8.828214599e+06 +8.828214599e+06 +1.7874e+00 +2.5774e+00 +2.4313e+00
28 +2.714317944e+06 +2.714317944e+06 +2.713696834e+06 +2.713696834e+06 +3.3083e+00 +8.5264e-01 +4.9724e-01
37 +3.092449703e+05 +3.092449703e+05 +3.086238603e+05 +3.086238603e+05 +1.8921e+00 +2.4815e+00 -4.9458e-01
77 +8.395120790e+04 +8.395120790e+04 +8.333009790e+04 +8.333009790e+04 +1.4567e+00 +2.3172e+00 -3.2377e-01
201 +1.810329818e+04 +1.810329818e+04 +1.748218818e+04 +1.748218818e+04 +2.2087e+00 +1.5712e+00 -7.3013e-01
447 +1.446932079e+04 +1.446932079e+04 +1.384821079e+04 +1.384821079e+04 +8.1977e-01 +2.5958e+00 -2.8359e-01
557 +9.870683551e+03 +9.870683551e+03 +9.249573551e+03 +9.249573551e+03 +1.7097e+00 +1.8895e+00 -6.3291e-01
757 +4.721265684e+03 +4.721265684e+03 +4.100155684e+03 +4.100155684e+03 +1.3587e+00 +2.2631e+00 -5.1443e-01
809 +3.902183397e+03 +3.902183397e+03 +3.281073397e+03 +3.281073397e+03 +1.2038e+00 +2.3750e+00 -4.8102e-01
946 +1.529290945e+02 +1.529290945e+02 -4.681809055e+02 -4.681809055e+02 +1.2871e+00 +2.2216e+00 -4.8373e-01
1462 +3.638740801e+01 +3.638740801e+01 -5.847225920e+02 -5.847225920e+02 +4.4380e-01 +2.8925e+00 -3.0322e-01
2894 +1.920969511e+01 +1.920969511e+01 -6.019003049e+02 -6.019003049e+02 -1.0121e+00 +4.1051e+00 +2.0811e-01
4254 +4.827245244e+00 +4.827245244e+00 -6.162827548e+02 -6.162827548e+02 -9.6283e-01 +4.0560e+00 +1.9486e-01
% function evaluation | noise-free fitness - Fopt (-2.548200000000e+02) | best noise-free fitness - Fopt | measured fitness | best measured fitness | x1 | x2...
1 +1.286405138e+07 +1.286405138e+07 +1.286379656e+07 +1.286379656e+07 +3.1472e+00 +4.0579e+00 -3.7301e+00
7 +5.927413013e+06 +5.927413013e+06 +5.927158193e+06 +5.927158193e+06 +2.9221e+00 +4.5949e+00 +1.5574e+00
11 +2.171775206e+06 +2.171775206e+06 +2.171520386e+06 +2.171520386e+06 +2.0605e+00 -4.6817e+00 -2.2308e+00
27 +1.078118924e+06 +1.078118924e+06 +1.077864104e+06 +1.077864104e+06 +1.1604e+00 -2.6711e-01 -1.4834e+00
63 +6.840099199e+05 +6.840099199e+05 +6.837550999e+05 +6.837550999e+05 +6.8676e-01 -2.6138e+00 -2.5071e+00
67 +3.977816356e+05 +3.977816356e+05 +3.975268156e+05 +3.975268156e+05 +1.7322e+00 +2.6359e-01 -1.2236e+00
138 +1.965426053e+05 +1.965426053e+05 +1.962877853e+05 +1.962877853e+05 +1.9120e+00 +2.4907e-02 -1.3739e+00
143 +1.149994414e+04 +1.149994414e+04 +1.124512414e+04 +1.124512414e+04 +1.6868e+00 -1.6138e+00 -1.5071e+00
209 +4.951303153e+03 +4.951303153e+03 +4.696483153e+03 +4.696483153e+03 +2.8406e+00 +1.7617e+00 -5.6868e-01
481 +3.700237892e+03 +3.700237892e+03 +3.445417892e+03 +3.445417892e+03 +3.0134e+00 +1.9993e+00 -4.2532e-01
582 +1.892314261e+03 +1.892314261e+03 +1.637494261e+03 +1.637494261e+03 +3.1358e+00 +2.2245e+00 -4.0709e-01
583 +1.227675915e+03 +1.227675915e+03 +9.728559145e+02 +9.728559145e+02 +1.6868e+00 -1.6138e+00 -1.6027e+00
971 +4.683222124e+02 +4.683222124e+02 +2.135022124e+02 +2.135022124e+02 +2.2127e+00 -8.8245e-02 -1.0832e+00
1170 +2.914934256e+02 +2.914934256e+02 +3.667342561e+01 +3.667342561e+01 +2.1621e+00 -2.7884e-01 -1.1571e+00
1604 +1.324397192e+02 +1.324397192e+02 -1.223802808e+02 -1.223802808e+02 +2.1215e+00 -4.3083e-01 -1.1864e+00
1934 +5.213196568e+01 +5.213196568e+01 -2.026880343e+02 -2.026880343e+02 +2.7926e+00 +1.4253e+00 -6.4309e-01
2656 +3.785782851e+01 +3.785782851e+01 -2.169621715e+02 -2.169621715e+02 +2.4118e+00 +4.0379e-01 -9.3648e-01
4134 +2.314046233e+01 +2.314046233e+01 -2.316795377e+02 -2.316795377e+02 +2.7967e+00 +1.4418e+00 -6.3695e-01
4878 +1.227392509e+01 +1.227392509e+01 -2.425460749e+02 -2.425460749e+02 +2.7916e+00 +1.4327e+00 -6.3915e-01
% function evaluation | noise-free fitness - Fopt (5.661000000000e+01) | best noise-free fitness - Fopt | measured fitness | best measured fitness | x1 | x2...
1 +1.411515986e+09 +1.411515986e+09 +1.411516043e+09 +1.411516043e+09 +3.1472e+00 +4.0579e+00 -3.7301e+00
10 +8.792751684e+07 +8.792751684e+07 +8.792757345e+07 +8.792757345e+07 -1.0777e+00 +1.5548e+00 -3.2881e+00
11 +6.155606135e+07 +6.155606135e+07 +6.155611796e+07 +6.155611796e+07 +2.0605e+00 -4.6817e+00 -2.2308e+00
14 +3.715494679e+07 +3.715494679e+07 +3.715500340e+07 +3.715500340e+07 -4.6555e+00 -6.1256e-01 -1.1844e+00
23 +1.962882604e+07 +1.962882604e+07 +1.962888265e+07 +1.962888265e+07 +4.7216e-01 -3.6138e+00 -3.5071e+00
26 +5.864975491e+06 +5.864975491e+06 +5.865032101e+06 +5.865032101e+06 -1.5002e+00 -3.0340e+00 -2.4892e+00
134 +1.471538529e+06 +1.471538529e+06 +1.471595139e+06 +1.471595139e+06 -4.2442e+00 -2.6126e+00 -2.5661e+00
174 +8.007163807e+05 +8.007163807e+05 +8.007729907e+05 +8.007729907e+05 -4.8495e+00 -1.7855e+00 -2.5661e+00
254 +5.317299748e+03 +5.317299748e+03 +5.373909748e+03 +5.373909748e+03 -4.7819e+00 -1.6154e+00 -3.4021e+00
835 +8.121856694e+02 +8.121856694e+02 +8.687956694e+02 +8.687956694e+02 -4.2383e+00 -1.9572e+00 -3.6216e+00
1160 +6.191060113e+02 +6.191060113e+02 +6.757160113e+02 +6.757160113e+02 -4.2741e+00 -1.9778e+00 -3.5709e+00
1689 +6.467101137e+01 +6.467101137e+01 +1.212810114e+02 +1.212810114e+02 -4.3471e+00 -1.9051e+00 -3.5516e+00
1801 +6.284847351e+01 +6.284847351e+01 +1.194584735e+02 +1.194584735e+02 -4.3072e+00 -1.9301e+00 -3.5563e+00
2321 +1.274844241e+01 +1.274844241e+01 +6.935844241e+01 +6.935844241e+01 -4.3604e+00 -1.8980e+00 -3.5347e+00
2936 +4.798278628e+00 +4.798278628e+00 +6.140827863e+01 +6.140827863e+01 -4.3357e+00 -1.9137e+00 -3.5503e+00
3816 +2.090272797e+00 +2.090272797e+00 +5.870027280e+01 +5.870027280e+01 -4.3333e+00 -1.9191e+00 -3.5518e+00
4056 +8.047342495e-01 +8.047342495e-01 +5.741473425e+01 +5.741473425e+01 -4.3362e+00 -1.9164e+00 -3.5507e+00
4376 +4.061230304e-01 +4.061230304e-01 +5.701612303e+01 +5.701612303e+01 -4.3354e+00 -1.9165e+00 -3.5507e+00
4456 +3.692124773e-01 +3.692124773e-01 +5.697921248e+01 +5.697921248e+01 -4.3350e+00 -1.9165e+00 -3.5507e+00
% function evaluation | noise-free fitness - Fopt (-1.810000000000e+01) | best noise-free fitness - Fopt | measured fitness | best measured fitness | x1 | x2...
1 +4.739364723e+08 +4.739364723e+08 +4.739364542e+08 +4.739364542e+08 +3.1472e+00 +4.0579e+00 -3.7301e+00
3 +1.333483229e+06 +1.333483229e+06 +1.333465129e+06 +1.333465129e+06 -2.2150e+00 +4.6882e-01 +4.5751e+00
6 +2.458229750e+03 +2.458229750e+03 +2.440129750e+03 +2.440129750e+03 -3.5811e+00 -7.8239e-01 +4.1574e+00
679 +1.158020409e+03 +1.158020409e+03 +1.139920409e+03 +1.139920409e+03 -3.8520e+00 -9.5626e-01 +4.2411e+00
1121 +5.566721199e+02 +5.566721199e+02 +5.385721199e+02 +5.385721199e+02 -2.7776e+00 -3.8959e-01 +3.8150e+00
1549 +1.601196448e+02 +1.601196448e+02 +1.420196448e+02 +1.420196448e+02 -3.6566e+00 -8.8830e-01 +4.2001e+00
1551 +1.818001712e+01 +1.818001712e+01 +8.001711555e-02 +8.001711555e-02 -3.4138e+00 -7.5129e-01 +4.0900e+00
3435 +1.353984411e+01 +1.353984411e+01 -4.560155893e+00 -4.560155893e+00 -3.4362e+00 -7.6301e-01 +4.0975e+00
% function evaluation | noise-free fitness - Fopt (3.777000000000e+01) | best noise-free fitness - Fopt | measured fitness | best measured fitness | x1 | x2...
1 +7.385440559e+06 +7.385440559e+06 +7.385478329e+06 +7.385478329e+06 +3.1472e+00 +4.0579e+00 -3.7301e+00
6 +1.196005316e+06 +1.196005316e+06 +1.196043086e+06 +1.196043086e+06 -3.5811e+00 -7.8239e-01 +4.1574e+00
158 +8.052564724e+05 +8.052564724e+05 +8.052942424e+05 +8.052942424e+05 -3.7169e+00 -9.8318e-01 +4.3015e+00
253 +2.543973097e+05 +2.543973097e+05 +2.544350797e+05 +2.544350797e+05 -4.3008e-01 +1.8071e+00 +5.1525e-01
283 +1.552987329e+05 +1.552987329e+05 +1.553365029e+05 +1.553365029e+05 -3.5255e+00 -8.9002e-01 +2.9253e+00
304 +6.685990368e+04 +6.685990368e+04 +6.689767368e+04 +6.689767368e+04 -2.4249e+00 +3.7100e-01 +1.5428e+00
336 +6.219365989e+04 +6.219365989e+04 +6.223142989e+04 +6.223142989e+04 -2.5177e+00 +3.9313e-01 +1.7556e+00
382 +3.758227703e+04 +3.758227703e+04 +3.762004703e+04 +3.762004703e+04 -2.2630e+00 +1.0338e+00 +1.2986e+00
424 +6.816529342e+03 +6.816529342e+03 +6.854299342e+03 +6.854299342e+03 -2.5617e+00 +3.7100e-01 +1.5428e+00
568 +1.474186989e+03 +1.474186989e+03 +1.511956989e+03 +1.511956989e+03 -2.5769e+00 +4.5206e-01 +1.5791e+00
976 +2.897082429e+02 +2.897082429e+02 +3.274782429e+02 +3.274782429e+02 -1.9740e+00 +1.1511e+00 +9.8263e-01
1522 +3.208160375e+01 +3.208160375e+01 +6.985160375e+01 +6.985160375e+01 -1.1428e+00 +1.9457e+00 +5.2272e-01
2162 +6.658290039e+00 +6.658290039e+00 +4.442829004e+01 +4.442829004e+01 -1.1428e+00 +1.9457e+00 +5.3071e-01
3911 +8.924220106e-02 +8.924220106e-02 +3.785924220e+01 +3.785924220e+01 -1.1411e+00 +1.9448e+00 +5.2849e-01
4202 +3.979503300e-02 +3.979503300e-02 +3.780979503e+01 +3.780979503e+01 -1.1404e+00 +1.9452e+00 +5.2849e-01
4866 +2.346045923e-02 +2.346045923e-02 +3.779346046e+01 +3.779346046e+01 -1.1402e+00 +1.9451e+00 +5.2847e-01
% function evaluation | noise-free fitness - Fopt (-1.523000000000e+01) | best noise-free fitness - Fopt | measured fitness | best measured fitness | x1 | x2...
1 +1.447929741e+07 +1.447929741e+07 +1.447928218e+07 +1.447928218e+07 +3.1472e+00 +4.0579e+00 -3.7301e+00
2 +2.555999645e+06 +2.555999645e+06 +2.555984415e+06 +2.555984415e+06 +4.1338e+00 +1.3236e+00 -4.0246e+00
18 +1.149622563e+06 +1.149622563e+06 +1.149607333e+06 +1.149607333e+06 +1.7970e+00 +1.5510e+00 -3.3739e+00
42 +5.685303481e+05 +5.685303481e+05 +5.685151181e+05 +5.685151181e+05 +3.1338e+00 +1.9593e+00 -3.0246e+00
147 +2.818446445e+04 +2.818446445e+04 +2.816923445e+04 +2.816923445e+04 +3.0757e+00 +1.4478e+00 -2.3497e+00
187 +2.045059106e+04 +2.045059106e+04 +2.043536106e+04 +2.043536106e+04 +3.2481e+00 +1.4478e+00 -2.3497e+00
201 +9.239595356e+03 +9.239595356e+03 +9.224365356e+03 +9.224365356e+03 +2.5689e+00 +1.0579e+00 -2.5450e+00
307 +2.409470579e+03 +2.409470579e+03 +2.394240579e+03 +2.394240579e+03 +3.0757e+00 +1.3314e+00 -2.4420e+00
407 +1.403758025e+03 +1.403758025e+03 +1.388528025e+03 +1.388528025e+03 +1.5544e+00 +6.5149e-01 -2.4968e+00
596 +6.458071498e+02 +6.458071498e+02 +6.305771498e+02 +6.305771498e+02 +4.5716e+00 +1.8587e+00 -2.4592e+00
664 +1.788152297e+02 +1.788152297e+02 +1.635852297e+02 +1.635852297e+02 +2.3844e+00 +1.0913e+00 -2.5127e+00
989 +6.173418527e+01 +6.173418527e+01 +4.650418527e+01 +4.650418527e+01 +4.7493e+00 +1.9066e+00 -2.4402e+00
1217 +2.144454555e+01 +2.144454555e+01 +6.214545552e+00 +6.214545552e+00 +1.5572e+00 +6.5270e-01 -2.5332e+00
3510 +1.166403447e+01 +1.166403447e+01 -3.565965525e+00 -3.565965525e+00 +1.8793e+00 +8.3647e-01 -2.5283e+00
3561 +9.873300146e+00 +9.873300146e+00 -5.356699854e+00 -5.356699854e+00 +1.8730e+00 +8.3200e-01 -2.5276e+00
4570 +3.372680414e+00 +3.372680414e+00 -1.185731959e+01 -1.185731959e+01 +2.3093e+00 +1.0440e+00 -2.5152e+00
% function evaluation | noise-free fitness - Fopt (-1.614300000000e+02) | best noise-free fitness - Fopt | measured fitness | best measured fitness | x1 | x2...
1 +1.622560454e+07 +1.622560454e+07 +1.622544311e+07 +1.622544311e+07 +3.1472e+00 +4.0579e+00 -3.7301e+00
7 +7.638133180e+06 +7.638133180e+06 +7.637971750e+06 +7.637971750e+06 +2.9221e+00 +4.5949e+00 +1.5574e+00
9 +4.300522407e+06 +4.300522407e+06 +4.300360977e+06 +4.300360977e+06 +1.7874e+00 +2.5774e+00 +2.4313e+00
16 +5.806390152e+05 +5.806390152e+05 +5.804775852e+05 +5.804775852e+05 -1.0236e-01 -5.4414e-01 +1.4631e+00
49 +2.233345760e+05 +2.233345760e+05 +2.231731460e+05 +2.231731460e+05 +7.8735e-01 +1.5774e+00 +1.4313e+00
244 +8.175614194e+04 +8.175614194e+04 +8.159471194e+04 +8.159471194e+04 +9.1185e-01 -4.2387e-01 +1.7313e+00
285 +5.402954460e+04 +5.402954460e+04 +5.386811460e+04 +5.386811460e+04 +5.7167e-01 +1.1256e+00 +1.3403e+00
316 +1.030194904e+04 +1.030194904e+04 +1.014051904e+04 +1.014051904e+04 +7.2915e-01 +2.2972e-01 +1.5745e+00
385 +2.217691421e+03 +2.217691421e+03 +2.056261421e+03 +2.056261421e+03 +6.6983e-01 +2.3360e-01 +1.4521e+00
665 +1.579330000e+03 +1.579330000e+03 +1.417900000e+03 +1.417900000e+03 +6.6983e-01 +9.3366e-02 +1.5960e+00
838 +9.226245243e+02 +9.226245243e+02 +7.611945243e+02 +7.611945243e+02 +6.4557e-01 +7.9782e-01 +1.2640e+00
1312 +2.176778914e+02 +2.176778914e+02 +5.624789136e+01 +5.624789136e+01 +6.5233e-01 +7.7072e-02 +1.5524e+00
1681 +7.017805718e+01 +7.017805718e+01 -9.125194282e+01 -9.125194282e+01 +6.3695e-01 -3.3598e-01 +1.7371e+00
2009 +3.594266362e+01 +3.594266362e+01 -1.254873364e+02 -1.254873364e+02 +5.9209e-01 -1.2780e+00 +2.1495e+00
2401 +2.041983446e+01 +2.041983446e+01 -1.410101655e+02 -1.410101655e+02 +6.2241e-01 -6.1121e-01 +1.8577e+00
2568 +1.037882022e+01 +1.037882022e+01 -1.510511798e+02 -1.510511798e+02 +5.4596e-01 -2.5886e+00 +2.7017e+00
3775 +9.027042534e+00 +9.027042534e+00 -1.524029575e+02 -1.524029575e+02 +5.2653e-01 -3.0280e+00 +2.8921e+00
3921 +3.536144802e+00 +3.536144802e+00 -1.578938552e+02 -1.578938552e+02 +5.1310e-01 -3.4659e+00 +3.0814e+00
% function evaluation | noise-free fitness - Fopt (3.280300000000e+02) | best noise-free fitness - Fopt | measured fitness | best measured fitness | x1 | x2...
1 +1.047851110e+08 +1.047851110e+08 +1.047854390e+08 +1.047854390e+08 +3.1472e+00 +4.0579e+00 -3.7301e+00
3 +3.506415011e+07 +3.506415011e+07 +3.506447814e+07 +3.506447814e+07 -2.2150e+00 +4.6882e-01 +4.5751e+00
4 +1.989041647e+07 +1.989041647e+07 +1.989074450e+07 +1.989074450e+07 +4.6489e+00 -3.4239e+00 +4.7059e+00
5 +8.418097454e+06 +8.418097454e+06 +8.418425484e+06 +8.418425484e+06 +4.5717e+00 -1.4624e-01 +3.0028e+00
7 +9.960412386e+04 +9.960412386e+04 +9.993215386e+04 +9.993215386e+04 +2.9221e+00 +4.5949e+00 +1.5574e+00
127 +1.850168538e+04 +1.850168538e+04 +1.882971538e+04 +1.882971538e+04 +3.0919e+00 +3.3859e+00 +2.7596e+00
287 +1.501896097e+04 +1.501896097e+04 +1.534699097e+04 +1.534699097e+04 +3.1466e+00 +3.1085e+00 +3.0741e+00
477 +8.870801481e+03 +8.870801481e+03 +9.198831481e+03 +9.198831481e+03 +2.9115e+00 +4.2144e+00 +1.5063e+00
493 +1.359122366e+03 +1.359122366e+03 +1.687152366e+03 +1.687152366e+03 +3.3194e+00 +2.9876e+00 +3.1952e+00
900 +2.015427603e+02 +2.015427603e+02 +5.295727603e+02 +5.295727603e+02 +3.0840e+00 +3.9726e+00 +1.8042e+00
1081 +7.909834038e+01 +7.909834038e+01 +4.071283404e+02 +4.071283404e+02 +3.1847e+00 +3.5483e+00 +2.4037e+00
2167 +2.817098424e+01 +2.817098424e+01 +3.562009842e+02 +3.562009842e+02 +3.5492e+00 +2.0431e+00 +4.6416e+00
3616 +3.458492491e+00 +3.458492491e+00 +3.314884925e+02 +3.314884925e+02 +3.2622e+00 +3.1725e+00 +2.9827e+00
3859 +1.610467234e+00 +1.610467234e+00 +3.296404672e+02 +3.296404672e+02 +3.1739e+00 +3.6477e+00 +2.2561e+00
% function evaluation | noise-free fitness - Fopt (-3.213000000000e+01) | best noise-free fitness - Fopt | measured fitness | best measured fitness | x1 | x2...
1 +4.934859090e+07 +4.934859090e+07 +4.934855877e+07 +4.934855877e+07 +3.1472e+00 +4.0579e+00 -3.7301e+00
3 +6.015609613e+06 +6.015609613e+06 +6.015577483e+06 +6.015577483e+06 -2.2150e+00 +4.6882e-01 +4.5751e+00
7 +3.103116498e+06 +3.103116498e+06 +3.103084368e+06 +3.103084368e+06 +2.9221e+00 +4.5949e+00 +1.5574e+00
9 +6.010518465e+05 +6.010518465e+05 +6.010197165e+05 +6.010197165e+05 +1.7874e+00 +2.5774e+00 +2.4313e+00
102 +1.956273850e+05 +1.956273850e+05 +1.955952550e+05 +1.955952550e+05 +2.2423e+00 +3.0785e+00 +3.3787e+00
205 +5.740170296e+03 +5.740170296e+03 +5.708040296e+03 +5.708040296e+03 +1.6328e+00 +2.8538e+00 +3.2621e+00
507 +2.664208466e+03 +2.664208466e+03 +2.632078466e+03 +2.632078466e+03 +1.5363e+00 +2.8644e+00 +3.1755e+00
619 +4.133332084e+02 +4.133332084e+02 +3.812032084e+02 +3.812032084e+02 +1.8035e+00 +3.1557e+00 +3.2281e+00
822 +1.925671032e+02 +1.925671032e+02 +1.604371032e+02 +1.604371032e+02 +2.1302e+00 +3.6198e+00 +3.1994e+00
965 +2.994116189e+01 +2.994116189e+01 -2.188838113e+00 -2.188838113e+00 +1.5821e+00 +2.8538e+00 +3.1938e+00
1793 +1.121515012e+01 +1.121515012e+01 -2.091484988e+01 -2.091484988e+01 +2.0308e+00 +3.4908e+00 +3.2113e+00
3297 +8.084950497e+00 +8.084950497e+00 -2.404504950e+01 -2.404504950e+01 +1.7136e+00 +3.0400e+00 +3.2087e+00
3887 +4.588208335e+00 +4.588208335e+00 -2.754179166e+01 -2.754179166e+01 +1.7401e+00 +3.0751e+00 +3.2094e+00
4137 +2.496050948e+00 +2.496050948e+00 -2.963394905e+01 -2.963394905e+01 +1.7396e+00 +3.0746e+00 +3.2082e+00
% function evaluation | noise-free fitness - Fopt (1.576000000000e+01) | best noise-free fitness - Fopt | measured fitness | best measured fitness | x1 | x2...
1 +3.883274784e+07 +3.883274784e+07 +3.883276360e+07 +3.883276360e+07 +3.1472e+00 +4.0579e+00 -3.7301e+00
2 +1.764781963e+07 +1.764781963e+07 +1.764783539e+07 +1.764783539e+07 +4.1338e+00 +1.3236e+00 -4.0246e+00
5 +1.101012571e+07 +1.101012571e+07 +1.101014147e+07 +1.101014147e+07 +4.5717e+00 -1.4624e-01 +3.0028e+00
11 +3.921595758e+06 +3.921595758e+06 +3.921611518e+06 +3.921611518e+06 +2.0605e+00 -4.6817e+00 -2.2308e+00
21 +6.417605564e+05 +6.417605564e+05 +6.417763164e+05 +6.417763164e+05 +2.5127e+00 -2.4490e+00 +5.9571e-02
28 +6.053001291e+05 +6.053001291e+05 +6.053158891e+05 +6.053158891e+05 +3.3083e+00 +8.5264e-01 +4.9724e-01
51 +1.946263476e+05 +1.946263476e+05 +1.946421076e+05 +1.946421076e+05 +3.0605e+00 -3.6817e+00 -1.2308e+00
101 +1.538987938e+05 +1.538987938e+05 +1.539145538e+05 +1.539145538e+05 +3.4988e+00 -2.7389e+00 -4.4938e-01
150 +8.325551857e+04 +8.325551857e+04 +8.327127857e+04 +8.327127857e+04 +2.8690e+00 -7.2944e-01 -1.7958e-02
156 +5.505496125e+03 +5.505496125e+03 +5.521256125e+03 +5.521256125e+03 +3.0109e+00 -2.1073e+00 -4.5921e-01
428 +2.506478734e+03 +2.506478734e+03 +2.522238734e+03 +2.522238734e+03 +3.1174e+00 -2.5865e+00 -6.1610e-01
666 +7.375392524e+02 +7.375392524e+02 +7.532992524e+02 +7.532992524e+02 +3.0765e+00 -2.8131e+00 -6.1931e-01
988 +1.702016182e+02 +1.702016182e+02 +1.859616182e+02 +1.859616182e+02 +3.1203e+00 -2.9372e+00 -6.2849e-01
1171 +5.560861626e+01 +5.560861626e+01 +7.136861626e+01 +7.136861626e+01 +3.1015e+00 -2.3182e+00 -5.1994e-01
1546 +1.849494580e+01 +1.849494580e+01 +3.425494580e+01 +3.425494580e+01 +3.1026e+00 -2.6669e+00 -5.7848e-01
1685 +7.159944121e+00 +7.159944121e+00 +2.291994412e+01 +2.291994412e+01 +3.0353e+00 -1.4167e+00 -3.2454e-01
2029 +4.669815069e+00 +4.669815069e+00 +2.042981507e+01 +2.042981507e+01 +3.1163e+00 -3.1962e+00 -6.9122e-01
2243 +1.416419560e+00 +1.416419560e+00 +1.717641956e+01 +1.717641956e+01 +3.1132e+00 -3.1225e+00 -6.7446e-01
2746 +7.383420914e-01 +7.383420914e-01 +1.649834209e+01 +1.649834209e+01 +3.1040e+00 -2.6387e+00 -5.7755e-01
4507 +4.079364642e-01 +4.079364642e-01 +1.616793646e+01 +1.616793646e+01 +3.1040e+00 -2.6539e+00 -5.7975e-01
4707 +3.930267299e-01 +3.930267299e-01 +1.615302673e+01 +1.615302673e+01 +3.1038e+00 -2.6531e+00 -5.7969e-01
% function evaluation | noise-free fitness - Fopt (3.735000000000e+01) | best noise-free fitness - Fopt | measured fitness | best measured fitness | x1 | x2...
1 +1.745417818e+08 +1.745417818e+08 +1.745418192e+08 +1.745418192e+08 +3.1472e+00 +4.0579e+00 -3.7301e+00
3 +9.749866998e+06 +9.749866998e+06 +9.749904348e+06 +9.749904348e+06 -2.2150e+00 +4.6882e-01 +4.5751e+00
6 +8.339598161e+05 +8.339598161e+05 +8.339971661e+05 +8.339971661e+05 -3.5811e+00 -7.8239e-01 +4.1574e+00
74 +1.520293144e+05 +1.520293144e+05 +1.520666644e+05 +1.520666644e+05 -1.8486e+00 -3.0380e+00 +3.9428e+00
123 +2.905286206e+04 +2.905286206e+04 +2.909021206e+04 +2.909021206e+04 -3.3465e+00 -1.5312e+00 +3.5083e+00
368 +1.532633253e+04 +1.532633253e+04 +1.536368253e+04 +1.536368253e+04 -3.3522e+00 -1.4180e+00 +3.2597e+00
399 +9.789051499e+03 +9.789051499e+03 +9.826401499e+03 +9.826401499e+03 -3.1492e+00 -1.7418e+00 +3.5147e+00
452 +1.389023374e+03 +1.389023374e+03 +1.426373374e+03 +1.426373374e+03 -3.1074e+00 -1.5549e+00 +3.4810e+00
661 +3.977665108e+02 +3.977665108e+02 +4.351165108e+02 +4.351165108e+02 -3.1364e+00 -1.6029e+00 +3.4803e+00
751 +1.231085862e+02 +1.231085862e+02 +1.604585862e+02 +1.604585862e+02 -2.6961e+00 -2.2644e+00 +3.7264e+00
1076 +9.231252652e+01 +9.231252652e+01 +1.296625265e+02 +1.296625265e+02 -3.4729e+00 -1.0815e+00 +3.2534e+00
1845 +5.667697003e+01 +5.667697003e+01 +9.402697003e+01 +9.402697003e+01 -2.6056e+00 -2.4035e+00 +3.7860e+00
2353 +2.120171280e+01 +2.120171280e+01 +5.855171280e+01 +5.855171280e+01 -3.6230e+00 -8.8730e-01 +3.1640e+00
2482 +2.627072945e+00 +2.627072945e+00 +3.997707294e+01 +3.997707294e+01 -3.5951e+00 -9.3155e-01 +3.1832e+00
3456 +1.972890307e+00 +1.972890307e+00 +3.932289031e+01 +3.932289031e+01 -3.5290e+00 -1.0267e+00 +3.2245e+00
% function evaluation | noise-free fitness - Fopt (-3.096300000000e+02) | best noise-free fitness - Fopt | measured fitness | best measured fitness | x1 | x2...
1 +3.178928236e+08 +3.178928236e+08 +3.178925140e+08 +3.178925140e+08 +3.1472e+00 +4.0579e+00 -3.7301e+00
3 +3.231326145e+07 +3.231326145e+07 +3.231295182e+07 +3.231295182e+07 -2.2150e+00 +4.6882e-01 +4.5751e+00
7 +1.361194571e+07 +1.361194571e+07 +1.361163608e+07 +1.361163608e+07 +2.9221e+00 +4.5949e+00 +1.5574e+00
14 +5.427107234e+06 +5.427107234e+06 +5.426797604e+06 +5.426797604e+06 -4.6555e+00 -6.1256e-01 -1.1844e+00
39 +1.025363556e+06 +1.025363556e+06 +1.025053926e+06 +1.025053926e+06 -3.4762e+00 +3.2582e+00 +3.8342e-01
54 +1.357538018e+05 +1.357538018e+05 +1.354441718e+05 +1.354441718e+05 -5.0000e+00 +3.8744e-01 -1.1628e+00
220 +4.444889702e+04 +4.444889702e+04 +4.413926702e+04 +4.413926702e+04 -4.0899e+00 +1.1989e+00 -2.8447e-01
260 +1.092986896e+04 +1.092986896e+04 +1.062023896e+04 +1.062023896e+04 -4.0899e+00 +1.5179e+00 -1.4325e-01
466 +3.543171197e+03 +3.543171197e+03 +3.233541197e+03 +3.233541197e+03 -4.1967e+00 +1.4058e+00 -5.8102e-02
864 +4.008804999e+01 +4.008804999e+01 -2.695419500e+02 -2.695419500e+02 -4.0581e+00 +1.5051e+00 -1.2808e-02
1064 +1.670069692e+01 +1.670069692e+01 -2.929293031e+02 -2.929293031e+02 -4.0581e+00 +1.5051e+00 -4.8104e-03
1216 +6.285882435e+00 +6.285882435e+00 -3.033441176e+02 -3.033441176e+02 -3.9935e+00 +1.5655e+00 +5.1958e-02
1302 +1.449828723e+00 +1.449828723e+00 -3.081801713e+02 -3.081801713e+02 -3.6231e+00 +1.9854e+00 +4.5603e-01
3270 +1.289510881e-01 +1.289510881e-01 -3.095010489e+02 -3.095010489e+02 -3.6226e+00 +1.9862e+00 +4.5820e-01
3990 +6.564318178e-02 +6.564318178e-02 -3.095643568e+02 -3.095643568e+02 -3.6232e+00 +1.9860e+00 +4.5816e-01
4470 +5.909035821e-02 +5.909035821e-02 -3.095709096e+02 -3.095709096e+02 -3.6230e+00 +1.9860e+00 +4.5814e-01
% function evaluation | noise-free fitness - Fopt (-1.000000000000e+03) | best noise-free fitness - Fopt | measured fitness | best measured fitness | x1 | x2...
1 +3.665716910e+03 +3.665716910e+03 +2.665716910e+03 +2.665716910e+03 +3.1472e+00 +4.0579e+00 -3.7301e+00
527 +6.129259066e+02 +6.129259066e+02 -3.870740934e+02 -3.870740934e+02 +3.4351e+00 +3.5308e+00 -2.3540e+00
561 +3.785787636e+02 +3.785787636e+02 -6.214212364e+02 -6.214212364e+02 +3.1009e+00 +4.0079e+00 -3.6134e+00
800 +1.062983060e+02 +1.062983060e+02 -8.937016940e+02 -8.937016940e+02 +3.1154e+00 +3.9282e+00 -3.4917e+00
1607 +7.304444548e+01 +7.304444548e+01 -9.269555545e+02 -9.269555545e+02 +3.3982e+00 +3.5944e+00 -2.5145e+00
2337 +4.426171808e+01 +4.426171808e+01 -9.557382819e+02 -9.557382819e+02 +2.8303e+00 +4.4556e+00 -4.4592e+00
2898 +2.631713635e+01 +2.631713635e+01 -9.736828636e+02 -9.736828636e+02 +3.2306e+00 +3.7963e+00 -3.1542e+00
3046 +3.619706822e+00 +3.619706822e+00 -9.963802932e+02 -9.963802932e+02 +3.6376e+00 +3.3469e+00 -1.7334e+00
3720 +1.678775346e+00 +1.678775346e+00 -9.983212247e+02 -9.983212247e+02 +3.1389e+00 +3.9199e+00 -3.4591e+00
% function evaluation | noise-free fitness - Fopt (5.800000000000e+01) | best noise-free fitness - Fopt | measured fitness | best measured fitness | x1 | x2...
1 +5.734297574e+07 +5.734297574e+07 +5.734303374e+07 +5.734303374e+07 +3.1472e+00 +4.0579e+00 -3.7301e+00
10 +1.205416818e+07 +1.205416818e+07 +1.205422618e+07 +1.205422618e+07 -1.0777e+00 +1.5548e+00 -3.2881e+00
24 +5.115626556e+05 +5.115626556e+05 +5.116206556e+05 +5.116206556e+05 -2.4249e+00 +3.4072e+00 -2.4572e+00
178 +6.853794033e+04 +6.853794033e+04 +6.859594033e+04 +6.859594033e+04 -2.6870e+00 +3.5510e+00 -3.4938e+00
239 +3.206332732e+04 +3.206332732e+04 +3.212132732e+04 +3.212132732e+04 -3.3971e+00 +3.7462e+00 -2.6166e+00
418 +2.189622588e+04 +2.189622588e+04 +2.195422588e+04 +2.195422588e+04 -1.8268e+00 +3.4119e+00 -3.4938e+00
432 +1.364941879e+04 +1.364941879e+04 +1.370741879e+04 +1.370741879e+04 -2.7108e+00 +3.6828e+00 -3.1932e+00
574 +9.778763081e+03 +9.778763081e+03 +9.836763081e+03 +9.836763081e+03 -2.5558e+00 +3.4267e+00 -3.1179e+00
597 +6.239912699e+03 +6.239912699e+03 +6.297912699e+03 +6.297912699e+03 -1.9034e+00 +3.2823e+00 -3.6231e+00
646 +1.269242319e+03 +1.269242319e+03 +1.327242319e+03 +1.327242319e+03 -5.0000e+00 +4.2899e+00 -2.0094e+00
835 +9.327190549e+02 +9.327190549e+02 +9.907190549e+02 +9.907190549e+02 -3.3224e+00 +3.7753e+00 -2.8806e+00
1068 +4.142410277e+02 +4.142410277e+02 +4.722410277e+02 +4.722410277e+02 -5.0000e+00 +4.2608e+00 -2.0074e+00
1379 +2.367298456e+02 +2.367298456e+02 +2.947298456e+02 +2.947298456e+02 -3.4558e+00 +3.8263e+00 -2.7830e+00
2012 +7.576742549e+00 +7.576742549e+00 +6.557674255e+01 +6.557674255e+01 -3.4636e+00 +3.8328e+00 -2.7627e+00
2352 +5.335555565e+00 +5.335555565e+00 +6.333555556e+01 +6.333555556e+01 -2.7948e+00 +3.5887e+00 -3.1176e+00
3670 +1.695878808e+00 +1.695878808e+00 +5.969587881e+01 +5.969587881e+01 -2.7858e+00 +3.5825e+00 -3.1230e+00
3830 +5.681401972e-01 +5.681401972e-01 +5.856814020e+01 +5.856814020e+01 -2.7848e+00 +3.5830e+00 -3.1223e+00
3990 +3.919201821e-01 +3.919201821e-01 +5.839192018e+01 +5.839192018e+01 -2.7840e+00 +3.5825e+00 -3.1226e+00
4230 +1.173823369e-01 +1.173823369e-01 +5.811738234e+01 +5.811738234e+01 -2.7849e+00 +3.5825e+00 -3.1220e+00
4310 +5.274879933e-02 +5.274879933e-02 +5.805274880e+01 +5.805274880e+01 -2.7850e+00 +3.5824e+00 -3.1218e+00
4390 +3.934908906e-02 +3.934908906e-02 +5.803934909e+01 +5.803934909e+01 -2.7850e+00 +3.5824e+00 -3.1217e+00
% function evaluation | noise-free fitness - Fopt (9.438000000000e+01) | best noise-free fitness - Fopt | measured fitness | best measured fitness | x1 | x2...
1 +7.783910813e+05 +7.783910813e+05 +7.784854613e+05 +7.784854613e+05 +3.1472e+00 +4.0579e+00 -3.7301e+00
15 +2.605808079e+05 +2.605808079e+05 +2.606751879e+05 +2.606751879e+05 +2.6552e+00 +2.9520e+00 -3.1313e+00
112 +4.703207034e+04 +4.703207034e+04 +4.712645034e+04 +4.712645034e+04 +2.2202e+00 +3.4378e+00 -3.5967e+00
201 +1.822591190e+04 +1.822591190e+04 +1.832029190e+04 +1.832029190e+04 +1.7447e+00 +3.1358e+00 -3.6590e+00
361 +1.435377029e+04 +1.435377029e+04 +1.444815029e+04 +1.444815029e+04 +1.8325e+00 +3.1720e+00 -3.6826e+00
427 +2.354648564e+03 +2.354648564e+03 +2.449028564e+03 +2.449028564e+03 +2.7509e+00 +3.1483e+00 -3.6098e+00
660 +9.765080348e+02 +9.765080348e+02 +1.070888035e+03 +1.070888035e+03 +2.8917e+00 +3.1650e+00 -3.5519e+00
749 +7.407505746e+01 +7.407505746e+01 +1.684550575e+02 +1.684550575e+02 +2.1302e+00 +3.2226e+00 -3.5803e+00
1528 +5.107681177e+01 +5.107681177e+01 +1.454568118e+02 +1.454568118e+02 +2.6299e+00 +3.1905e+00 -3.5806e+00
2242 +3.654110986e+01 +3.654110986e+01 +1.309211099e+02 +1.309211099e+02 -1.6076e-01 +3.3784e+00 -3.6030e+00
2576 +2.456162272e+01 +2.456162272e+01 +1.189416227e+02 +1.189416227e+02 +1.2969e-01 +3.3553e+00 -3.5981e+00
2656 +1.433429357e+01 +1.433429357e+01 +1.087142936e+02 +1.087142936e+02 -3.2149e-01 +3.3860e+00 -3.6062e+00
2776 +7.202690787e+00 +7.202690787e+00 +1.015826908e+02 +1.015826908e+02 -6.4971e-01 +3.4055e+00 -3.6087e+00
2936 +5.954867003e+00 +5.954867003e+00 +1.003348670e+02 +1.003348670e+02 -6.5570e-01 +3.4053e+00 -3.6083e+00
3842 +1.610770816e+00 +1.610770816e+00 +9.599077082e+01 +9.599077082e+01 -2.5139e+00 +3.5245e+00 -3.6238e+00
4176 +6.083854571e-01 +6.083854571e-01 +9.498838546e+01 +9.498838546e+01 -2.7963e+00 +3.5424e+00 -3.6257e+00
4922 +6.520081351e-02 +6.520081351e-02 +9.444520081e+01 +9.444520081e+01 -2.8052e+00 +3.5423e+00 -3.6253e+00
