% function evaluation | noise-free fitness - Fopt (-1.694000000000e+01) | best noise-free fitness - Fopt | measured fitness | best measured fitness | x1 | x2...
1 +1.531498017e+03 +1.531498017e+03 +1.514558017e+03 +1.514558017e+03 -2.1923e+00 +3.3922e+00
35 +9.756811881e+02 +9.756811881e+02 +9.587411881e+02 +9.587411881e+02 -1.3055e+00 +4.2491e+00
44 +5.901127113e+02 +5.901127113e+02 +5.731727113e+02 +5.731727113e+02 -5.8390e-01 +3.4790e+00
52 +3.056375247e+02 +3.056375247e+02 +2.886975247e+02 +2.886975247e+02 +5.3760e-01 +4.0881e+00
57 +1.825656093e+02 +1.825656093e+02 +1.656256093e+02 +1.656256093e+02 +1.1276e+00 +4.9751e+00
71 +7.395510799e+01 +7.395510799e+01 +5.701510799e+01 +5.701510799e+01 +2.0422e+00 +5.0000e+00
74 +4.934803938e+01 +4.934803938e+01 +3.240803938e+01 +3.240803938e+01 +2.3406e+00 +4.0415e+00
76 +3.966630239e+01 +3.966630239e+01 +2.272630239e+01 +2.272630239e+01 +2.6539e+00 +3.4366e+00
84 +2.538651707e+00 +2.538651707e+00 -1.440134829e+01 -1.440134829e+01 +3.7234e+00 +2.5977e+00
93 +2.442746421e+00 +2.442746421e+00 -1.449725358e+01 -1.449725358e+01 +3.3896e+00 +3.7183e+00
123 +7.984412946e-01 +7.984412946e-01 -1.614155871e+01 -1.614155871e+01 +3.5419e+00 +2.9712e+00
850 +3.639661506e-01 +3.639661506e-01 -1.657603385e+01 -1.657603385e+01 +3.7274e+00 +2.2124e+00
2046 +1.986958948e-01 +1.986958948e-01 -1.674130411e+01 -1.674130411e+01 +3.6819e+00 +2.4360e+00
15214 +9.802220209e-02 +9.802220209e-02 -1.684197780e+01 -1.684197780e+01 +3.6582e+00 +2.5541e+00
21813 +2.965240943e-02 +2.965240943e-02 -1.691034759e+01 -1.691034759e+01 +3.6558e+00 +2.5525e+00
% function evaluation | noise-free fitness - Fopt (1.881000000000e+01) | best noise-free fitness - Fopt | measured fitness | best measured fitness | x1 | x2...
1 +1.956037943e+02 +1.956037943e+02 +2.144137943e+02 +2.144137943e+02 -2.6290e+00 -3.3009e+00
2 +1.480089409e+02 +1.480089409e+02 +1.668189409e+02 +1.668189409e+02 -3.0183e+00 -2.6243e+00
29 +9.605532918e+01 +9.605532918e+01 +1.148653292e+02 +1.148653292e+02 -3.2780e+00 -8.9549e-01
30 +6.172997043e+01 +6.172997043e+01 +8.053997043e+01 +8.053997043e+01 -3.6272e+00 +5.5890e-02
42 +3.755775206e+01 +3.755775206e+01 +5.636775206e+01 +5.636775206e+01 -2.5639e+00 +8.6661e-01
51 +2.016158634e+01 +2.016158634e+01 +3.897158634e+01 +3.897158634e+01 -3.2723e+00 +1.6800e+00
53 +1.391075328e+01 +1.391075328e+01 +3.272075328e+01 +3.272075328e+01 -3.2090e+00 +1.5566e+00
67 +7.654918150e+00 +7.654918150e+00 +2.646491815e+01 +2.646491815e+01 -3.3799e-01 +1.6676e+00
68 +7.824937476e-01 +7.824937476e-01 +1.959249375e+01 +1.959249375e+01 +5.6302e-01 +1.6950e+00
79 +5.839333049e-02 +5.839333049e-02 +1.886839333e+01 +1.886839333e+01 -1.8123e-01 +1.7804e+00
% function evaluation | noise-free fitness - Fopt (2.731500000000e+02) | best noise-free fitness - Fopt | measured fitness | best measured fitness | x1 | x2...
1 +6.061975107e+02 +6.061975107e+02 +8.793475107e+02 +8.793475107e+02 +3.1076e+00 +1.8583e+00
4 +3.258448494e+02 +3.258448494e+02 +5.989948494e+02 +5.989948494e+02 +2.9578e+00 +1.2460e+00
34 +2.505071219e+02 +2.505071219e+02 +5.236571219e+02 +5.236571219e+02 +4.5365e+00 +2.4488e+00
165 +1.579651376e+02 +1.579651376e+02 +4.311151376e+02 +4.311151376e+02 +1.2791e+00 +3.4600e+00
180 +9.719434932e+01 +9.719434932e+01 +3.703443493e+02 +3.703443493e+02 -7.2331e-01 +3.9860e+00
195 +4.547145728e+01 +4.547145728e+01 +3.186214573e+02 +3.186214573e+02 -2.5359e+00 +4.4402e+00
196 +4.870533559e+00 +4.870533559e+00 +2.780205336e+02 +2.780205336e+02 -3.1779e+00 +4.7231e+00
199 +3.048549041e-01 +3.048549041e-01 +2.734548549e+02 +2.734548549e+02 -3.5706e+00 +3.7670e+00
479 +1.039601369e-01 +1.039601369e-01 +2.732539601e+02 +2.732539601e+02 -3.6048e+00 +3.7035e+00
4394 +4.865445445e-02 +4.865445445e-02 +2.731986545e+02 +2.731986545e+02 -3.5711e+00 +3.7743e+00
% function evaluation | noise-free fitness - Fopt (3.718000000000e+01) | best noise-free fitness - Fopt | measured fitness | best measured fitness | x1 | x2...
1 +1.796821370e+01 +1.796821370e+01 +5.514821370e+01 +5.514821370e+01 +4.9775e+00 +7.9575e-01
91 +9.559899316e+00 +9.559899316e+00 +4.673989932e+01 +4.673989932e+01 +5.0000e+00 +1.0183e+00
2610 +6.299446867e+00 +6.299446867e+00 +4.347944687e+01 +4.347944687e+01 +1.7593e+00 +1.4984e+00
2897 +3.816130385e+00 +3.816130385e+00 +4.099613039e+01 +4.099613039e+01 -1.1161e+00 +1.8589e+00
2907 +2.423322541e+00 +2.423322541e+00 +3.960332254e+01 +3.960332254e+01 -1.5987e+00 +1.9154e+00
3185 +1.512190411e+00 +1.512190411e+00 +3.869219041e+01 +3.869219041e+01 -3.4590e+00 +1.9860e+00
3343 +5.810856603e-01 +5.810856603e-01 +3.776108566e+01 +3.776108566e+01 -3.6018e+00 +2.0570e+00
3801 +3.105021415e-01 +3.105021415e-01 +3.749050214e+01 +3.749050214e+01 -3.7759e+00 +2.0488e+00
8166 +2.271712421e-01 +2.271712421e-01 +3.740717124e+01 +3.740717124e+01 -3.9611e+00 +2.0618e+00
9754 +1.577539365e-01 +1.577539365e-01 +3.733775394e+01 +3.733775394e+01 -3.9341e+00 +2.0682e+00
9881 +2.407278295e-02 +2.407278295e-02 +3.720407278e+01 +3.720407278e+01 -3.8860e+00 +2.0593e+00
% function evaluation | noise-free fitness - Fopt (-1.479000000000e+02) | best noise-free fitness - Fopt | measured fitness | best measured fitness | x1 | x2...
1 +1.448196765e+02 +1.448196765e+02 -3.080323507e+00 -3.080323507e+00 -4.5718e+00 -3.4184e+00
52 +8.703810086e+01 +8.703810086e+01 -6.086189914e+01 -6.086189914e+01 -1.0952e+00 -3.5585e+00
63 +4.524262739e+01 +4.524262739e+01 -1.026573726e+02 -1.026573726e+02 +4.9684e-01 -3.9448e+00
69 +1.223720372e+01 +1.223720372e+01 -1.356627963e+02 -1.356627963e+02 +2.5441e+00 -5.0000e+00
124 +9.560181815e+00 +9.560181815e+00 -1.383398182e+02 -1.383398182e+02 +2.1773e+00 -4.4487e+00
435 +6.142444315e+00 +6.142444315e+00 -1.417575557e+02 -1.417575557e+02 +1.5085e+00 -3.6198e+00
1079 +3.892832957e+00 +3.892832957e+00 -1.440071670e+02 -1.440071670e+02 +5.1041e-01 -2.1714e+00
1210 +1.945908356e+00 +1.945908356e+00 -1.459540916e+02 -1.459540916e+02 -3.1539e-01 -1.1429e+00
1292 +1.174723058e+00 +1.174723058e+00 -1.467252769e+02 -1.467252769e+02 -8.3346e-01 -5.7159e-01
1393 +7.064866253e-01 +7.064866253e-01 -1.471935134e+02 -1.471935134e+02 -1.5298e+00 +3.4082e-02
1545 +5.954352448e-01 +5.954352448e-01 -1.473045648e+02 -1.473045648e+02 -1.6673e+00 +1.6006e-01
1800 +2.588147486e-01 +2.588147486e-01 -1.476411853e+02 -1.476411853e+02 -1.6540e+00 +1.0840e-01
2525 +2.434612338e-01 +2.434612338e-01 -1.476565388e+02 -1.476565388e+02 -1.5244e+00 +1.3993e-02
4965 +1.054785702e-01 +1.054785702e-01 -1.477945214e+02 -1.477945214e+02 -1.6521e+00 +1.1725e-01
11410 +6.161823680e-02 +6.161823680e-02 -1.478383818e+02 -1.478383818e+02 -1.6878e+00 +1.5336e-01
% function evaluation | noise-free fitness - Fopt (-2.218900000000e+02) | best noise-free fitness - Fopt | measured fitness | best measured fitness | x1 | x2...
1 +7.536219593e+02 +7.536219593e+02 +5.317319593e+02 +5.317319593e+02 +4.9842e-02 +4.2359e+00
2 +2.980022140e+02 +2.980022140e+02 +7.611221401e+01 +7.611221401e+01 -6.3010e-03 +4.6910e+00
3 +2.082080394e+02 +2.082080394e+02 -1.368196062e+01 -1.368196062e+01 -8.9854e-02 +5.0000e+00
22 +1.497829122e+02 +1.497829122e+02 -7.210708776e+01 -7.210708776e+01 -1.3822e+00 +3.9545e+00
74 +7.613591994e+01 +7.613591994e+01 -1.457540801e+02 -1.457540801e+02 -3.3728e+00 +2.3379e+00
84 +5.150828928e+01 +5.150828928e+01 -1.703817107e+02 -1.703817107e+02 -3.8992e+00 +2.0471e+00
96 +1.507623968e+01 +1.507623968e+01 -2.068137603e+02 -2.068137603e+02 -4.6169e+00 +1.0762e+00
103 +1.276432013e+00 +1.276432013e+00 -2.206135680e+02 -2.206135680e+02 -3.8124e+00 +1.5469e-01
460 +7.444111297e-01 +7.444111297e-01 -2.211455889e+02 -2.211455889e+02 -3.9147e+00 +2.0952e-01
470 +2.456948829e-01 +2.456948829e-01 -2.216443051e+02 -2.216443051e+02 -4.0023e+00 +2.6929e-01
692 +1.572982905e-01 +1.572982905e-01 -2.217327017e+02 -2.217327017e+02 -3.7786e+00 +1.7993e-01
923 +7.226491073e-02 +7.226491073e-02 -2.218177351e+02 -2.218177351e+02 -3.8779e+00 +2.1893e-01
2880 +5.046110868e-02 +5.046110868e-02 -2.218395389e+02 -2.218395389e+02 -3.9160e+00 +2.3655e-01
% function evaluation | noise-free fitness - Fopt (1.195400000000e+02) | best noise-free fitness - Fopt | measured fitness | best measured fitness | x1 | x2...
1 +2.193710053e+02 +2.193710053e+02 +3.389110053e+02 +3.389110053e+02 -3.8731e+00 +5.1705e-02
3 +2.814037921e+01 +2.814037921e+01 +1.476803792e+02 +1.476803792e+02 -3.2829e+00 +8.3185e-01
11 +1.628285171e+01 +1.628285171e+01 +1.358228517e+02 +1.358228517e+02 -4.4756e+00 +1.5140e+00
13 +9.020853140e+00 +9.020853140e+00 +1.285608531e+02 +1.285608531e+02 -5.0000e+00 +2.1575e+00
91 +3.578476237e+00 +3.578476237e+00 +1.231184762e+02 +1.231184762e+02 -1.7541e+00 +1.4732e+00
1138 +2.466542069e+00 +2.466542069e+00 +1.220065421e+02 +1.220065421e+02 -1.0429e+00 +1.3222e+00
1252 +1.156552099e+00 +1.156552099e+00 +1.206965521e+02 +1.206965521e+02 +4.1086e-01 +1.0852e+00
1432 +8.027314300e-01 +8.027314300e-01 +1.203427314e+02 +1.203427314e+02 +9.6277e-01 +9.9307e-01
1443 +1.801465504e-01 +1.801465504e-01 +1.197201466e+02 +1.197201466e+02 +1.4894e+00 +8.9930e-01
6014 +1.581549241e-01 +1.581549241e-01 +1.196981549e+02 +1.196981549e+02 +1.3101e+00 +9.0541e-01
7436 +9.976221580e-02 +9.976221580e-02 +1.196397622e+02 +1.196397622e+02 +1.3418e+00 +9.0267e-01
24414 +6.113313615e-02 +6.113313615e-02 +1.196011331e+02 +1.196011331e+02 +1.2658e+00 +9.1784e-01
% function evaluation | noise-free fitness - Fopt (6.983000000000e+01) | best noise-free fitness - Fopt | measured fitness | best measured fitness | x1 | x2...
1 +3.476053515e+01 +3.476053515e+01 +1.045905351e+02 +1.045905351e+02 +3.1048e+00 -4.0050e+00
75 +4.343118225e+00 +4.343118225e+00 +7.417311822e+01 +7.417311822e+01 -2.1418e+00 -1.6041e+00
81 +1.582194195e-01 +1.582194195e-01 +6.998821942e+01 +6.998821942e+01 -3.0542e+00 -1.4288e+00
2584 +8.561858838e-02 +8.561858838e-02 +6.991561859e+01 +6.991561859e+01 -2.8968e+00 -1.4516e+00
22070 +1.070430340e-02 +1.070430340e-02 +6.984070430e+01 +6.984070430e+01 -2.8608e+00 -1.4570e+00
% function evaluation | noise-free fitness - Fopt (7.000000000000e-02) | best noise-free fitness - Fopt | measured fitness | best measured fitness | x1 | x2...
1 +8.956970040e+01 +8.956970040e+01 +8.963970040e+01 +8.963970040e+01 -3.4534e-01 -3.9732e-01
60 +5.988788593e+01 +5.988788593e+01 +5.995788593e+01 +5.995788593e+01 +6.7285e-01 -3.1588e-01
65 +3.260787439e+01 +3.260787439e+01 +3.267787439e+01 +3.267787439e+01 +3.5322e-01 +1.0099e+00
69 +2.379030798e+01 +2.379030798e+01 +2.386030798e+01 +2.386030798e+01 +1.0323e+00 +5.2651e-01
71 +1.486538877e+01 +1.486538877e+01 +1.493538877e+01 +1.493538877e+01 +1.0029e+00 +9.4546e-01
290 +8.120736028e+00 +8.120736028e+00 +8.190736028e+00 +8.190736028e+00 +1.7881e+00 +6.1736e-01
305 +5.789967736e+00 +5.789967736e+00 +5.859967736e+00 +5.859967736e+00 +2.8490e+00 -3.9592e-01
320 +2.510168765e+00 +2.510168765e+00 +2.580168765e+00 +2.580168765e+00 +3.3894e+00 -1.2851e+00
348 +1.026400792e+00 +1.026400792e+00 +1.096400792e+00 +1.096400792e+00 +3.6681e+00 -1.6914e+00
382 +7.795454012e-01 +7.795454012e-01 +8.495454012e-01 +8.495454012e-01 +3.8145e+00 -2.1168e+00
789 +5.402971664e-01 +5.402971664e-01 +6.102971664e-01 +6.102971664e-01 +3.8755e+00 -2.3396e+00
1805 +3.771081997e-01 +3.771081997e-01 +4.471081997e-01 +4.471081997e-01 +3.7550e+00 -2.0007e+00
1820 +1.690833970e-01 +1.690833970e-01 +2.390833970e-01 +2.390833970e-01 +3.6713e+00 -1.7933e+00
2973 +8.867131567e-02 +8.867131567e-02 +1.586713157e-01 +1.586713157e-01 +3.7404e+00 -1.9978e+00
6696 +4.581686270e-02 +4.581686270e-02 +1.158168627e-01 +1.158168627e-01 +3.7360e+00 -1.9837e+00
10684 +3.896711717e-02 +3.896711717e-02 +1.089671172e-01 +1.089671172e-01 +3.7311e+00 -1.9668e+00
% function evaluation | noise-free fitness - Fopt (4.960000000000e+00) | best noise-free fitness - Fopt | measured fitness | best measured fitness | x1 | x2...
1 +8.482935050e+01 +8.482935050e+01 +8.978935050e+01 +8.978935050e+01 +4.9929e+00 +2.0430e-01
2 +3.815855869e+01 +3.815855869e+01 +4.311855869e+01 +4.311855869e+01 +5.0000e+00 -9.1849e-03
3 +2.091987579e+01 +2.091987579e+01 +2.587987579e+01 +2.587987579e+01 +4.5479e+00 -2.1720e-01
11 +1.231643509e+01 +1.231643509e+01 +1.727643509e+01 +1.727643509e+01 +4.2260e+00 -8.6166e-02
14 +2.664556390e+00 +2.664556390e+00 +7.624556390e+00 +7.624556390e+00 +4.2744e+00 +4.8460e-01
78 +1.789844096e+00 +1.789844096e+00 +6.749844096e+00 +6.749844096e+00 +2.6495e+00 +2.5309e+00
104 +1.570028404e+00 +1.570028404e+00 +6.530028404e+00 +6.530028404e+00 +3.5662e+00 +1.5678e+00
111 +8.107780824e-01 +8.107780824e-01 +5.770778082e+00 +5.770778082e+00 +3.4929e+00 +1.5887e+00
200 +2.459263357e-01 +2.459263357e-01 +5.205926336e+00 +5.205926336e+00 +3.3482e+00 +1.7513e+00
4371 +5.867255625e-02 +5.867255625e-02 +5.018672556e+00 +5.018672556e+00 +3.3149e+00 +1.7705e+00
14808 +3.965162424e-02 +3.965162424e-02 +4.999651624e+00 +4.999651624e+00 +3.2766e+00 +1.8036e+00
% function evaluation | noise-free fitness - Fopt (1.923000000000e+02) | best noise-free fitness - Fopt | measured fitness | best measured fitness | x1 | x2...
1 +4.478798241e+02 +4.478798241e+02 +6.401798241e+02 +6.401798241e+02 +2.9971e+00 +1.3087e+00
3 +2.709218730e+02 +2.709218730e+02 +4.632218730e+02 +4.632218730e+02 +4.4391e+00 +1.5624e+00
6 +2.337927084e+02 +2.337927084e+02 +4.260927084e+02 +4.260927084e+02 +3.9376e+00 +2.2703e+00
86 +1.550461324e+02 +1.550461324e+02 +3.473461324e+02 +3.473461324e+02 +1.9851e+00 +4.4789e+00
114 +9.040816289e+01 +9.040816289e+01 +2.827081629e+02 +2.827081629e+02 -5.7116e-02 +5.0000e+00
123 +4.178081366e+01 +4.178081366e+01 +2.340808137e+02 +2.340808137e+02 -1.5964e+00 +4.4395e+00
134 +3.911484053e+01 +3.911484053e+01 +2.314148405e+02 +2.314148405e+02 -1.7356e+00 +3.9632e+00
149 +1.384679987e+01 +1.384679987e+01 +2.061467999e+02 +2.061467999e+02 -2.4291e+00 +4.5932e+00
150 +8.796496024e+00 +8.796496024e+00 +2.010964960e+02 +2.010964960e+02 -2.8324e+00 +4.2353e+00
161 +2.124767081e+00 +2.124767081e+00 +1.944247671e+02 +1.944247671e+02 -2.7604e+00 +5.0000e+00
170 +5.259312804e-01 +5.259312804e-01 +1.928259313e+02 +1.928259313e+02 -3.0070e+00 +4.0711e+00
1273 +3.726535062e-01 +3.726535062e-01 +1.926726535e+02 +1.926726535e+02 -3.0994e+00 +3.7485e+00
2069 +1.090311280e-01 +1.090311280e-01 +1.924090311e+02 +1.924090311e+02 -3.0053e+00 +4.0067e+00
2369 +2.451764253e-02 +2.451764253e-02 +1.923245176e+02 +1.923245176e+02 -3.0122e+00 +3.9841e+00
% function evaluation | noise-free fitness - Fopt (4.971000000000e+01) | best noise-free fitness - Fopt | measured fitness | best measured fitness | x1 | x2...
1 +3.891770282e+02 +3.891770282e+02 +4.388870282e+02 +4.388870282e+02 -4.4793e-01 -8.9773e-01
2 +1.626053187e+02 +1.626053187e+02 +2.123153187e+02 +2.123153187e+02 -5.6609e-01 -1.2591e+00
7 +1.487965637e+02 +1.487965637e+02 +1.985065637e+02 +1.985065637e+02 -8.0041e-02 -5.3585e-01
135 +9.717852883e+01 +9.717852883e+01 +1.468885288e+02 +1.468885288e+02 +1.0647e+00 -1.9845e+00
140 +3.182426456e+01 +3.182426456e+01 +8.153426456e+01 +8.153426456e+01 +1.7774e+00 -3.7135e+00
141 +1.162960644e+01 +1.162960644e+01 +6.133960644e+01 +6.133960644e+01 +2.4540e+00 -3.9728e+00
164 +2.423267450e+00 +2.423267450e+00 +5.213326745e+01 +5.213326745e+01 +3.9251e+00 -3.5186e+00
195 +7.495867780e-01 +7.495867780e-01 +5.045958678e+01 +5.045958678e+01 +3.6017e+00 -3.7606e+00
355 +6.282763409e-01 +6.282763409e-01 +5.033827634e+01 +5.033827634e+01 +3.9628e+00 -3.5691e+00
956 +2.494561739e-01 +2.494561739e-01 +4.995945617e+01 +4.995945617e+01 +3.9405e+00 -3.5938e+00
2343 +1.583859371e-01 +1.583859371e-01 +4.986838594e+01 +4.986838594e+01 +3.8025e+00 -3.6656e+00
17599 +8.658995437e-02 +8.658995437e-02 +4.979658995e+01 +4.979658995e+01 +3.7699e+00 -3.6866e+00
46857 +8.933315351e-03 +8.933315351e-03 +4.971893332e+01 +4.971893332e+01 +3.7351e+00 -3.7067e+00
% function evaluation | noise-free fitness - Fopt (2.051200000000e+02) | best noise-free fitness - Fopt | measured fitness | best measured fitness | x1 | x2...
1 +1.871732846e+01 +1.871732846e+01 +2.238373285e+02 +2.238373285e+02 -1.3464e+00 +3.7104e+00
42 +2.813329535e+00 +2.813329535e+00 +2.079333295e+02 +2.079333295e+02 -6.5580e-01 +2.3390e+00
45 +2.335823281e+00 +2.335823281e+00 +2.074558233e+02 +2.074558233e+02 -7.9848e-01 +2.9673e+00
315 +1.059176582e+00 +1.059176582e+00 +2.061791766e+02 +2.061791766e+02 -9.4507e-01 +3.1975e+00
649 +3.852305818e-01 +3.852305818e-01 +2.055052306e+02 +2.055052306e+02 -1.2062e+00 +3.9411e+00
6119 +1.325090254e-01 +1.325090254e-01 +2.052525090e+02 +2.052525090e+02 -1.2095e+00 +3.9714e+00
37249 +3.362451340e-02 +3.362451340e-02 +2.051536245e+02 +2.051536245e+02 -1.2010e+00 +3.9419e+00
% function evaluation | noise-free fitness - Fopt (-1.729000000000e+02) | best noise-free fitness - Fopt | measured fitness | best measured fitness | x1 | x2...
1 +9.520861024e+00 +9.520861024e+00 -1.633791390e+02 -1.633791390e+02 -3.0591e+00 -9.5591e-01
36 +2.458205990e+00 +2.458205990e+00 -1.704417940e+02 -1.704417940e+02 -3.7080e+00 -1.7960e+00
1001 +1.043100822e+00 +1.043100822e+00 -1.718568992e+02 -1.718568992e+02 -3.6538e+00 -1.7416e+00
1212 +7.464980609e-01 +7.464980609e-01 -1.721535019e+02 -1.721535019e+02 -2.7322e+00 -8.1360e-01
1583 +6.146456799e-01 +6.146456799e-01 -1.722853543e+02 -1.722853543e+02 -2.9019e+00 -9.7240e-01
2980 +2.602158703e-01 +2.602158703e-01 -1.726397841e+02 -1.726397841e+02 -2.8080e+00 -8.5546e-01
6320 +1.817963084e-01 +1.817963084e-01 -1.727182037e+02 -1.727182037e+02 -2.8816e+00 -9.6781e-01
7051 +1.422117788e-01 +1.422117788e-01 -1.727577882e+02 -1.727577882e+02 -2.8986e+00 -9.9016e-01
12150 +9.797437443e-02 +9.797437443e-02 -1.728020256e+02 -1.728020256e+02 -2.9680e+00 -1.0602e+00
27704 +4.826971115e-02 +4.826971115e-02 -1.728517303e+02 -1.728517303e+02 -2.9098e+00 -1.0025e+00
% function evaluation | noise-free fitness - Fopt (-3.506200000000e+02) | best noise-free fitness - Fopt | measured fitness | best measured fitness | x1 | x2...
1 +3.262971089e+04 +3.262971089e+04 +3.227909089e+04 +3.227909089e+04 +4.9453e+00 +2.2936e+00
2 +1.852278843e+04 +1.852278843e+04 +1.817216843e+04 +1.817216843e+04 +4.2234e+00 +1.7407e+00
3 +1.149893959e+04 +1.149893959e+04 +1.114831959e+04 +1.114831959e+04 +3.2680e+00 +1.1918e+00
6 +9.814419333e+03 +9.814419333e+03 +9.463799333e+03 +9.463799333e+03 +3.6373e+00 +2.4261e+00
30 +4.965146204e+03 +4.965146204e+03 +4.614526204e+03 +4.614526204e+03 +3.6709e+00 +1.0069e+00
88 +3.256339618e+03 +3.256339618e+03 +2.905719618e+03 +2.905719618e+03 +2.6489e+00 +1.1153e+00
106 +2.134490042e+03 +2.134490042e+03 +1.783870042e+03 +1.783870042e+03 +1.6588e+00 +1.0929e+00
111 +1.372363625e+03 +1.372363625e+03 +1.021743625e+03 +1.021743625e+03 +9.6089e-01 +3.4395e-01
119 +7.984202162e+02 +7.984202162e+02 +4.478002162e+02 +4.478002162e+02 -4.1178e-03 +5.2407e-01
128 +4.784634909e+02 +4.784634909e+02 +1.278434909e+02 +1.278434909e+02 -1.1511e+00 +1.2005e+00
141 +2.664970693e+02 +2.664970693e+02 -8.412293066e+01 -8.412293066e+01 -2.2606e+00 +2.0571e+00
145 +2.092474395e+02 +2.092474395e+02 -1.413725605e+02 -1.413725605e+02 -2.2307e+00 +1.3860e+00
148 +1.246652881e+02 +1.246652881e+02 -2.259547119e+02 -2.259547119e+02 -3.0538e+00 +1.4727e+00
150 +2.977196189e+01 +2.977196189e+01 -3.208480381e+02 -3.208480381e+02 -3.9490e+00 +2.3191e+00
152 +2.479159958e+01 +2.479159958e+01 -3.258284004e+02 -3.258284004e+02 -4.2195e+00 +2.6328e+00
155 +1.382651125e+01 +1.382651125e+01 -3.367934888e+02 -3.367934888e+02 -3.9355e+00 +1.9723e+00
270 +9.700636284e+00 +9.700636284e+00 -3.409193637e+02 -3.409193637e+02 -3.8053e+00 +1.5003e+00
483 +5.353906770e+00 +5.353906770e+00 -3.452660932e+02 -3.452660932e+02 -3.4992e+00 +1.8687e-01
753 +3.159113642e+00 +3.159113642e+00 -3.474608864e+02 -3.474608864e+02 -3.2988e+00 -1.6598e+00
888 +2.488104615e+00 +2.488104615e+00 -3.481318954e+02 -3.481318954e+02 -3.3248e+00 -1.7073e+00
1204 +1.271304814e+00 +1.271304814e+00 -3.493486952e+02 -3.493486952e+02 -3.5063e+00 -2.8492e+00
1342 +7.160291332e-01 +7.160291332e-01 -3.499039709e+02 -3.499039709e+02 -3.7492e+00 -3.5063e+00
1389 +9.794430164e-02 +9.794430164e-02 -3.505220557e+02 -3.505220557e+02 -3.9060e+00 -3.7261e+00
5287 +5.865108691e-02 +5.865108691e-02 -3.505613489e+02 -3.505613489e+02 -3.8723e+00 -3.6780e+00
