% function evaluation | noise-free fitness - Fopt (-4.620900000000e+02) | best noise-free fitness - Fopt | measured fitness | best measured fitness | x1 | x2...
1 +4.046298993e+02 +4.046298993e+02 -5.746010072e+01 -5.746010072e+01 +3.1472e+00 +4.0579e+00 -3.7301e+00
7 +9.164710986e+01 +9.164710986e+01 -3.704428901e+02 -3.704428901e+02 +2.9221e+00 +4.5949e+00 +1.5574e+00
16 +5.837872901e+01 +5.837872901e+01 -4.037112710e+02 -4.037112710e+02 -1.0236e-01 -5.4414e-01 +1.4631e+00
127 +1.793144858e+01 +1.793144858e+01 -4.441585514e+02 -4.441585514e+02 +2.1220e+00 +2.3873e+00 +1.5574e+00
247 +8.286230308e+00 +8.286230308e+00 -4.538037697e+02 -4.538037697e+02 +2.2451e+00 +1.6650e+00 +1.5574e+00
390 +6.128155579e+00 +6.128155579e+00 -4.559618444e+02 -4.559618444e+02 +2.2374e+00 +1.2107e+00 +2.2040e+00
527 +2.422906103e+00 +2.422906103e+00 -4.596670939e+02 -4.596670939e+02 +2.2812e+00 +1.6650e+00 +2.2013e+00
973 +1.448195610e+00 +1.448195610e+00 -4.606418044e+02 -4.606418044e+02 +2.3276e+00 +1.7048e+00 +2.1993e+00
1321 +7.109480748e-01 +7.109480748e-01 -4.613790519e+02 -4.613790519e+02 +2.3371e+00 +2.3299e+00 +2.2042e+00
1502 +1.952692194e-01 +1.952692194e-01 -4.618947308e+02 -4.618947308e+02 +2.3395e+00 +2.3153e+00 +2.2089e+00
1902 +1.480385740e-01 +1.480385740e-01 -4.619419614e+02 -4.619419614e+02 +2.3372e+00 +2.3153e+00 +2.2127e+00
2299 +9.666540089e-02 +9.666540089e-02 -4.619933346e+02 -4.619933346e+02 +2.3377e+00 +2.3122e+00 +2.2133e+00
% function evaluation | noise-free fitness - Fopt (7.766000000000e+01) | best noise-free fitness - Fopt | measured fitness | best measured fitness | x1 | x2...
1 +4.046404487e+02 +4.046404487e+02 +4.823004487e+02 +4.823004487e+02 +3.1472e+00 +4.0579e+00 -3.7301e+00
7 +2.540042251e+02 +2.540042251e+02 +3.316642251e+02 +3.316642251e+02 +2.9221e+00 +4.5949e+00 +1.5574e+00
11 +1.898048581e+02 +1.898048581e+02 +2.674648581e+02 +2.674648581e+02 +2.0605e+00 -4.6817e+00 -2.2308e+00
14 +1.558184728e+02 +1.558184728e+02 +2.334784728e+02 +2.334784728e+02 -4.6555e+00 -6.1256e-01 -1.1844e+00
16 +8.430411797e+01 +8.430411797e+01 +1.619641180e+02 +1.619641180e+02 -1.0236e-01 -5.4414e-01 +1.4631e+00
21 +3.653793734e+01 +3.653793734e+01 +1.141979373e+02 +1.141979373e+02 +2.5127e+00 -2.4490e+00 +5.9571e-02
213 +6.096307605e+00 +6.096307605e+00 +8.375630761e+01 +8.375630761e+01 +2.2887e+00 -8.6613e-01 +9.2879e-01
618 +2.215889393e+00 +2.215889393e+00 +7.987588939e+01 +7.987588939e+01 +2.3496e+00 -8.2544e-01 +9.5440e-01
912 +1.433208052e+00 +1.433208052e+00 +7.909320805e+01 +7.909320805e+01 +1.3860e+00 -8.5712e-01 +1.2591e+00
1352 +6.098388423e-01 +6.098388423e-01 +7.826983884e+01 +7.826983884e+01 +2.3633e+00 -8.5712e-01 +1.2591e+00
1428 +2.728056644e-01 +2.728056644e-01 +7.793280566e+01 +7.793280566e+01 +2.3721e+00 -8.6214e-01 +1.2638e+00
1446 +1.249051858e-01 +1.249051858e-01 +7.778490519e+01 +7.778490519e+01 +2.3755e+00 -8.5371e-01 +1.2690e+00
1680 +9.945635280e-02 +9.945635280e-02 +7.775945635e+01 +7.775945635e+01 +2.3795e+00 -8.6088e-01 +1.2696e+00
1729 +5.152763273e-02 +5.152763273e-02 +7.771152763e+01 +7.771152763e+01 +2.3872e+00 -8.6293e-01 +1.2714e+00
1760 +2.550077326e-02 +2.550077326e-02 +7.768550077e+01 +7.768550077e+01 +2.3965e+00 -8.5162e-01 +1.2696e+00
1842 +2.236228411e-02 +2.236228411e-02 +7.768236228e+01 +7.768236228e+01 +2.3886e+00 -8.5620e-01 +1.2703e+00
1882 +9.336470001e-03 +9.336470001e-03 +7.766933647e+01 +7.766933647e+01 +2.3923e+00 -8.5787e-01 +1.2719e+00
1920 +2.480669283e-03 +2.480669283e-03 +7.766248067e+01 +7.766248067e+01 +2.3965e+00 -8.5535e-01 +1.2711e+00
2021 +1.080711796e-03 +1.080711796e-03 +7.766108071e+01 +7.766108071e+01 +2.3972e+00 -8.5587e-01 +1.2714e+00
2051 +8.789396536e-04 +8.789396536e-04 +7.766087894e+01 +7.766087894e+01 +2.3983e+00 -8.5536e-01 +1.2715e+00
2140 +5.820470737e-04 +5.820470737e-04 +7.766058205e+01 +7.766058205e+01 +2.3983e+00 -8.5569e-01 +1.2715e+00
2181 +2.682742462e-04 +2.682742462e-04 +7.766026827e+01 +7.766026827e+01 +2.3983e+00 -8.5587e-01 +1.2717e+00
2353 +1.408223150e-05 +1.408223150e-05 +7.766001408e+01 +7.766001408e+01 +2.3982e+00 -8.5587e-01 +1.2720e+00
2467 +4.519064831e-06 +4.519064831e-06 +7.766000452e+01 +7.766000452e+01 +2.3983e+00 -8.5598e-01 +1.2720e+00
2517 +3.330059741e-06 +3.330059741e-06 +7.766000333e+01 +7.766000333e+01 +2.3984e+00 -8.5607e-01 +1.2720e+00
2565 +1.709408210e-06 +1.709408210e-06 +7.766000171e+01 +7.766000171e+01 +2.3984e+00 -8.5600e-01 +1.2720e+00
2648 +1.380133838e-06 +1.380133838e-06 +7.766000138e+01 +7.766000138e+01 +2.3984e+00 -8.5596e-01 +1.2720e+00
2673 +3.862182893e-07 +3.862182893e-07 +7.766000039e+01 +7.766000039e+01 +2.3984e+00 -8.5599e-01 +1.2720e+00
2805 +1.521848247e-07 +1.521848247e-07 +7.766000015e+01 +7.766000015e+01 +2.3984e+00 -8.5600e-01 +1.2720e+00
2897 +6.764993543e-08 +6.764993543e-08 +7.766000007e+01 +7.766000007e+01 +2.3984e+00 -8.5599e-01 +1.2720e+00
2919 +6.256358631e-08 +6.256358631e-08 +7.766000006e+01 +7.766000006e+01 +2.3984e+00 -8.5600e-01 +1.2720e+00
2925 +1.751962486e-08 +1.751962486e-08 +7.766000002e+01 +7.766000002e+01 +2.3984e+00 -8.5600e-01 +1.2720e+00
3058 +3.972715490e-09 +3.972715490e-09 +7.766000000e+01 +7.766000000e+01 +2.3984e+00 -8.5600e-01 +1.2720e+00
3212 +2.380119213e-09 +2.380119213e-09 +7.766000000e+01 +7.766000000e+01 +2.3984e+00 -8.5600e-01 +1.2720e+00
3252 +1.444121267e-09 +1.444121267e-09 +7.766000000e+01 +7.766000000e+01 +2.3984e+00 -8.5600e-01 +1.2720e+00
3411 +9.189875527e-10 +9.189875527e-10 +7.766000000e+01 +7.766000000e+01 +2.3984e+00 -8.5600e-01 +1.2720e+00
3432 +1.806625960e-10 +1.806625960e-10 +7.766000000e+01 +7.766000000e+01 +2.3984e+00 -8.5600e-01 +1.2720e+00
3503 +4.044409252e-11 +4.044409252e-11 +7.766000000e+01 +7.766000000e+01 +2.3984e+00 -8.5600e-01 +1.2720e+00
3595 +1.783462267e-11 +1.783462267e-11 +7.766000000e+01 +7.766000000e+01 +2.3984e+00 -8.5600e-01 +1.2720e+00
3747 +5.940137271e-12 +5.940137271e-12 +7.766000000e+01 +7.766000000e+01 +2.3984e+00 -8.5600e-01 +1.2720e+00
3836 +3.126388037e-12 +3.126388037e-12 +7.766000000e+01 +7.766000000e+01 +2.3984e+00 -8.5600e-01 +1.2720e+00
3902 +3.836930773e-13 +3.836930773e-13 +7.766000000e+01 +7.766000000e+01 +2.3984e+00 -8.5600e-01 +1.2720e+00
4025 +1.563194019e-13 +1.563194019e-13 +7.766000000e+01 +7.766000000e+01 +2.3984e+00 -8.5600e-01 +1.2720e+00
4184 +4.263256415e-14 +4.263256415e-14 +7.766000000e+01 +7.766000000e+01 +2.3984e+00 -8.5600e-01 +1.2720e+00
4364 +2.842170943e-14 +2.842170943e-14 +7.766000000e+01 +7.766000000e+01 +2.3984e+00 -8.5600e-01 +1.2720e+00
4372 +1.421085472e-14 +1.421085472e-14 +7.766000000e+01 +7.766000000e+01 +2.3984e+00 -8.5600e-01 +1.2720e+00
4469 +0.000000000e+00 +0.000000000e+00 +7.766000000e+01 +7.766000000e+01 +2.3984e+00 -8.5600e-01 +1.2720e+00
% function evaluation | noise-free fitness - Fopt (1.156800000000e+02) | best noise-free fitness - Fopt | measured fitness | best measured fitness | x1 | x2...
1 +3.667323355e+02 +3.667323355e+02 +4.824123355e+02 +4.824123355e+02 +3.1472e+00 +4.0579e+00 -3.7301e+00
10 +1.778265768e+02 +1.778265768e+02 +2.935065768e+02 +2.935065768e+02 -1.0777e+00 +1.5548e+00 -3.2881e+00
11 +1.409449335e+02 +1.409449335e+02 +2.566249335e+02 +2.566249335e+02 +2.0605e+00 -4.6817e+00 -2.2308e+00
21 +5.999083062e+01 +5.999083062e+01 +1.756708306e+02 +1.756708306e+02 +2.5127e+00 -2.4490e+00 +5.9571e-02
68 +1.975920788e+01 +1.975920788e+01 +1.354392079e+02 +1.354392079e+02 +1.2339e+00 -1.5925e-01 -6.5204e-02
215 +7.889803059e+00 +7.889803059e+00 +1.235698031e+02 +1.235698031e+02 +2.0978e+00 +1.0354e-01 -4.7640e-02
338 +4.872278436e+00 +4.872278436e+00 +1.205522784e+02 +1.205522784e+02 +1.1654e+00 -9.2096e-01 +2.1685e-01
620 +3.445369994e+00 +3.445369994e+00 +1.191253700e+02 +1.191253700e+02 +1.2304e+00 -4.4889e-01 +2.4654e-01
820 +2.144574733e+00 +2.144574733e+00 +1.178245747e+02 +1.178245747e+02 +2.1231e+00 -4.4889e-01 +2.4654e-01
1168 +9.825360655e-01 +9.825360655e-01 +1.166625361e+02 +1.166625361e+02 +2.1245e+00 -9.9920e-01 +2.3341e-01
2037 +6.125009717e-01 +6.125009717e-01 +1.162925010e+02 +1.162925010e+02 +2.1301e+00 -9.7048e-01 +2.4217e-01
2181 +3.841858859e-01 +3.841858859e-01 +1.160641859e+02 +1.160641859e+02 +2.1412e+00 -9.7675e-01 +2.4028e-01
2481 +2.441534480e-01 +2.441534480e-01 +1.159241534e+02 +1.159241534e+02 +2.1453e+00 -9.8532e-01 +2.4355e-01
% function evaluation | noise-free fitness - Fopt (-3.710000000000e+00) | best noise-free fitness - Fopt | measured fitness | best measured fitness | x1 | x2...
1 +4.553037462e+02 +4.553037462e+02 +4.515937462e+02 +4.515937462e+02 +3.1472e+00 +4.0579e+00 -3.7301e+00
7 +1.907478688e+02 +1.907478688e+02 +1.870378688e+02 +1.870378688e+02 +2.9221e+00 +4.5949e+00 +1.5574e+00
16 +2.766367675e+01 +2.766367675e+01 +2.395367675e+01 +2.395367675e+01 -1.0236e-01 -5.4414e-01 +1.4631e+00
36 +1.850865158e+01 +1.850865158e+01 +1.479865158e+01 +1.479865158e+01 +1.0198e+00 -2.3703e+00 +1.5408e+00
324 +1.292405727e+01 +1.292405727e+01 +9.214057270e+00 +9.214057270e+00 +2.1204e+00 -2.2110e+00 +1.7081e+00
333 +7.390717464e+00 +7.390717464e+00 +3.680717464e+00 +3.680717464e+00 +3.3239e+00 -2.3590e+00 +1.7704e+00
453 +6.035034280e+00 +6.035034280e+00 +2.325034280e+00 +2.325034280e+00 +3.2235e+00 -2.3590e+00 +1.7704e+00
694 +2.816360432e+00 +2.816360432e+00 -8.936395676e-01 -8.936395676e-01 +3.1087e+00 -2.9638e+00 +1.7831e+00
775 +1.044431331e+00 +1.044431331e+00 -2.665568669e+00 -2.665568669e+00 +3.1055e+00 -1.7624e+00 +1.7817e+00
2363 +9.975403208e-01 +9.975403208e-01 -2.712459679e+00 -2.712459679e+00 +3.1169e+00 -1.7614e+00 +1.7827e+00
% function evaluation | noise-free fitness - Fopt (1.321800000000e+02) | best noise-free fitness - Fopt | measured fitness | best measured fitness | x1 | x2...
1 +5.317867630e+02 +5.317867630e+02 +6.639667630e+02 +6.639667630e+02 +3.1472e+00 +4.0579e+00 -3.7301e+00
5 +1.056643804e+02 +1.056643804e+02 +2.378443804e+02 +2.378443804e+02 +4.5717e+00 -1.4624e-01 +3.0028e+00
7 +9.925862781e+01 +9.925862781e+01 +2.314386278e+02 +2.314386278e+02 +2.9221e+00 +4.5949e+00 +1.5574e+00
9 +3.387092127e+01 +3.387092127e+01 +1.660509213e+02 +1.660509213e+02 +1.7874e+00 +2.5774e+00 +2.4313e+00
228 +2.394944015e+01 +2.394944015e+01 +1.561294402e+02 +1.561294402e+02 +1.6497e+00 +2.6156e+00 +2.7405e+00
368 +4.618634559e+00 +4.618634559e+00 +1.367986346e+02 +1.367986346e+02 +3.9648e+00 +1.4781e+00 +3.4490e+00
668 +2.630047146e+00 +2.630047146e+00 +1.348100471e+02 +1.348100471e+02 +2.7438e+00 +1.4570e+00 +3.1494e+00
927 +2.435504722e+00 +2.435504722e+00 +1.346155047e+02 +1.346155047e+02 +2.7398e+00 +1.4968e+00 +3.1504e+00
929 +1.113043218e+00 +1.113043218e+00 +1.332930432e+02 +1.332930432e+02 +3.6898e+00 +1.4702e+00 +3.4527e+00
1461 +9.427373815e-01 +9.427373815e-01 +1.331227374e+02 +1.331227374e+02 +3.7340e+00 +1.4671e+00 +3.4444e+00
1600 +4.163964829e-01 +4.163964829e-01 +1.325963965e+02 +1.325963965e+02 +3.7628e+00 +1.4731e+00 +3.4481e+00
1611 +1.910582417e-01 +1.910582417e-01 +1.323710582e+02 +1.323710582e+02 +3.7375e+00 +1.4892e+00 +3.4583e+00
1858 +1.490411263e-01 +1.490411263e-01 +1.323290411e+02 +1.323290411e+02 +3.7585e+00 +1.4678e+00 +3.4602e+00
1927 +5.534447677e-02 +5.534447677e-02 +1.322353445e+02 +1.322353445e+02 +3.7517e+00 +1.4767e+00 +3.4601e+00
2010 +2.508373240e-03 +2.508373240e-03 +1.321825084e+02 +1.321825084e+02 +3.7621e+00 +1.4836e+00 +3.4609e+00
2351 +6.383931032e-04 +6.383931032e-04 +1.321806384e+02 +1.321806384e+02 +3.7626e+00 +1.4825e+00 +3.4613e+00
2358 +4.209775958e-04 +4.209775958e-04 +1.321804210e+02 +1.321804210e+02 +3.7633e+00 +1.4824e+00 +3.4612e+00
2438 +2.568207267e-04 +2.568207267e-04 +1.321802568e+02 +1.321802568e+02 +3.7629e+00 +1.4824e+00 +3.4615e+00
2508 +2.481817764e-04 +2.481817764e-04 +1.321802482e+02 +1.321802482e+02 +3.7635e+00 +1.4820e+00 +3.4614e+00
2608 +1.494261896e-04 +1.494261896e-04 +1.321801494e+02 +1.321801494e+02 +3.7636e+00 +1.4821e+00 +3.4615e+00
2678 +9.820864497e-05 +9.820864497e-05 +1.321800982e+02 +1.321800982e+02 +3.7636e+00 +1.4825e+00 +3.4615e+00
2685 +4.793844150e-05 +4.793844150e-05 +1.321800479e+02 +1.321800479e+02 +3.7637e+00 +1.4825e+00 +3.4615e+00
2686 +2.379028851e-05 +2.379028851e-05 +1.321800238e+02 +1.321800238e+02 +3.7637e+00 +1.4824e+00 +3.4616e+00
2736 +1.330724771e-05 +1.330724771e-05 +1.321800133e+02 +1.321800133e+02 +3.7637e+00 +1.4824e+00 +3.4616e+00
2801 +6.887041252e-06 +6.887041252e-06 +1.321800069e+02 +1.321800069e+02 +3.7640e+00 +1.4823e+00 +3.4616e+00
2902 +3.717588811e-06 +3.717588811e-06 +1.321800037e+02 +1.321800037e+02 +3.7640e+00 +1.4823e+00 +3.4616e+00
2911 +1.616735631e-06 +1.616735631e-06 +1.321800016e+02 +1.321800016e+02 +3.7639e+00 +1.4824e+00 +3.4616e+00
2988 +8.766001258e-07 +8.766001258e-07 +1.321800009e+02 +1.321800009e+02 +3.7640e+00 +1.4824e+00 +3.4616e+00
3016 +5.093067159e-07 +5.093067159e-07 +1.321800005e+02 +1.321800005e+02 +3.7640e+00 +1.4824e+00 +3.4616e+00
3022 +3.675204994e-07 +3.675204994e-07 +1.321800004e+02 +1.321800004e+02 +3.7640e+00 +1.4824e+00 +3.4616e+00
3091 +1.634400348e-07 +1.634400348e-07 +1.321800002e+02 +1.321800002e+02 +3.7640e+00 +1.4824e+00 +3.4616e+00
3096 +7.124927492e-08 +7.124927492e-08 +1.321800001e+02 +1.321800001e+02 +3.7640e+00 +1.4824e+00 +3.4616e+00
3222 +6.060534474e-08 +6.060534474e-08 +1.321800001e+02 +1.321800001e+02 +3.7640e+00 +1.4824e+00 +3.4616e+00
3250 +3.582067620e-08 +3.582067620e-08 +1.321800000e+02 +1.321800000e+02 +3.7640e+00 +1.4824e+00 +3.4616e+00
3312 +2.504637564e-08 +2.504637564e-08 +1.321800000e+02 +1.321800000e+02 +3.7640e+00 +1.4824e+00 +3.4616e+00
3351 +1.172324460e-08 +1.172324460e-08 +1.321800000e+02 +1.321800000e+02 +3.7640e+00 +1.4824e+00 +3.4616e+00
3376 +6.815071174e-09 +6.815071174e-09 +1.321800000e+02 +1.321800000e+02 +3.7640e+00 +1.4824e+00 +3.4616e+00
3416 +6.146478881e-10 +6.146478881e-10 +1.321800000e+02 +1.321800000e+02 +3.7640e+00 +1.4824e+00 +3.4616e+00
3715 +2.313811365e-10 +2.313811365e-10 +1.321800000e+02 +1.321800000e+02 +3.7640e+00 +1.4824e+00 +3.4616e+00
3776 +6.079403647e-11 +6.079403647e-11 +1.321800000e+02 +1.321800000e+02 +3.7640e+00 +1.4824e+00 +3.4616e+00
4004 +3.277023097e-11 +3.277023097e-11 +1.321800000e+02 +1.321800000e+02 +3.7640e+00 +1.4824e+00 +3.4616e+00
4021 +1.401190275e-11 +1.401190275e-11 +1.321800000e+02 +1.321800000e+02 +3.7640e+00 +1.4824e+00 +3.4616e+00
4139 +6.338041203e-12 +6.338041203e-12 +1.321800000e+02 +1.321800000e+02 +3.7640e+00 +1.4824e+00 +3.4616e+00
4141 +2.501110430e-12 +2.501110430e-12 +1.321800000e+02 +1.321800000e+02 +3.7640e+00 +1.4824e+00 +3.4616e+00
4228 +1.222133506e-12 +1.222133506e-12 +1.321800000e+02 +1.321800000e+02 +3.7640e+00 +1.4824e+00 +3.4616e+00
4337 +6.536993169e-13 +6.536993169e-13 +1.321800000e+02 +1.321800000e+02 +3.7640e+00 +1.4824e+00 +3.4616e+00
4371 +8.526512829e-14 +8.526512829e-14 +1.321800000e+02 +1.321800000e+02 +3.7640e+00 +1.4824e+00 +3.4616e+00
4609 +2.842170943e-14 +2.842170943e-14 +1.321800000e+02 +1.321800000e+02 +3.7640e+00 +1.4824e+00 +3.4616e+00
4664 +0.000000000e+00 +0.000000000e+00 +1.321800000e+02 +1.321800000e+02 +3.7640e+00 +1.4824e+00 +3.4616e+00
% function evaluation | noise-free fitness - Fopt (-5.847300000000e+02) | best noise-free fitness - Fopt | measured fitness | best measured fitness | x1 | x2...
1 +5.336438185e+02 +5.336438185e+02 -5.108618152e+01 -5.108618152e+01 +3.1472e+00 +4.0579e+00 -3.7301e+00
7 +2.196202012e+02 +2.196202012e+02 -3.651097988e+02 -3.651097988e+02 +2.9221e+00 +4.5949e+00 +1.5574e+00
9 +1.232886006e+02 +1.232886006e+02 -4.614413994e+02 -4.614413994e+02 +1.7874e+00 +2.5774e+00 +2.4313e+00
16 +8.542038969e+01 +8.542038969e+01 -4.993096103e+02 -4.993096103e+02 -1.0236e-01 -5.4414e-01 +1.4631e+00
21 +5.636080252e+01 +5.636080252e+01 -5.283691975e+02 -5.283691975e+02 +2.5127e+00 -2.4490e+00 +5.9571e-02
36 +3.666994875e+01 +3.666994875e+01 -5.480600512e+02 -5.480600512e+02 +1.0198e+00 -2.3703e+00 +1.5408e+00
186 +2.102808646e+01 +2.102808646e+01 -5.637019135e+02 -5.637019135e+02 +2.5628e+00 -4.0030e+00 +1.5974e+00
221 +1.584137212e+01 +1.584137212e+01 -5.688886279e+02 -5.688886279e+02 +2.5570e+00 -4.6635e+00 +2.2717e+00
494 +8.132660283e+00 +8.132660283e+00 -5.765973397e+02 -5.765973397e+02 +2.4909e+00 -2.9676e+00 +2.3069e+00
615 +5.581026302e+00 +5.581026302e+00 -5.791489737e+02 -5.791489737e+02 +2.6471e+00 -3.1173e+00 +2.2756e+00
709 +3.570514873e+00 +3.570514873e+00 -5.811594851e+02 -5.811594851e+02 +2.6247e+00 -3.6532e+00 +2.2720e+00
821 +2.317061948e+00 +2.317061948e+00 -5.824129381e+02 -5.824129381e+02 +2.6378e+00 -3.0286e+00 +2.2717e+00
1183 +1.442773362e-01 +1.442773362e-01 -5.845857227e+02 -5.845857227e+02 +2.6437e+00 -3.0148e+00 +2.3029e+00
1541 +2.573904641e-02 +2.573904641e-02 -5.847042610e+02 -5.847042610e+02 +2.6378e+00 -3.0286e+00 +2.3020e+00
1672 +2.429053611e-03 +2.429053611e-03 -5.847275709e+02 -5.847275709e+02 +2.6428e+00 -3.0290e+00 +2.3042e+00
1870 +9.013641896e-04 +9.013641896e-04 -5.847290986e+02 -5.847290986e+02 +2.6437e+00 -3.0290e+00 +2.3048e+00
2068 +5.724903606e-04 +5.724903606e-04 -5.847294275e+02 -5.847294275e+02 +2.6442e+00 -3.0295e+00 +2.3045e+00
2162 +7.035867282e-05 +7.035867282e-05 -5.847299296e+02 -5.847299296e+02 +2.6453e+00 -3.0296e+00 +2.3046e+00
2290 +6.201118015e-05 +6.201118015e-05 -5.847299380e+02 -5.847299380e+02 +2.6454e+00 -3.0297e+00 +2.3046e+00
2420 +6.751031606e-06 +6.751031606e-06 -5.847299932e+02 -5.847299932e+02 +2.6454e+00 -3.0296e+00 +2.3048e+00
2576 +5.921965453e-06 +5.921965453e-06 -5.847299941e+02 -5.847299941e+02 +2.6454e+00 -3.0296e+00 +2.3048e+00
2694 +2.785657784e-06 +2.785657784e-06 -5.847299972e+02 -5.847299972e+02 +2.6455e+00 -3.0297e+00 +2.3048e+00
2701 +2.355364813e-06 +2.355364813e-06 -5.847299976e+02 -5.847299976e+02 +2.6455e+00 -3.0296e+00 +2.3048e+00
2741 +9.226179145e-07 +9.226179145e-07 -5.847299991e+02 -5.847299991e+02 +2.6455e+00 -3.0296e+00 +2.3048e+00
2785 +6.010812967e-07 +6.010812967e-07 -5.847299994e+02 -5.847299994e+02 +2.6456e+00 -3.0296e+00 +2.3048e+00
2852 +3.381836677e-07 +3.381836677e-07 -5.847299997e+02 -5.847299997e+02 +2.6456e+00 -3.0296e+00 +2.3048e+00
2889 +2.077190402e-07 +2.077190402e-07 -5.847299998e+02 -5.847299998e+02 +2.6456e+00 -3.0296e+00 +2.3048e+00
2898 +1.104041303e-07 +1.104041303e-07 -5.847299999e+02 -5.847299999e+02 +2.6456e+00 -3.0296e+00 +2.3048e+00
2959 +2.922956810e-08 +2.922956810e-08 -5.847300000e+02 -5.847300000e+02 +2.6456e+00 -3.0296e+00 +2.3048e+00
3028 +2.201875304e-08 +2.201875304e-08 -5.847300000e+02 -5.847300000e+02 +2.6456e+00 -3.0296e+00 +2.3048e+00
3175 +1.019373030e-08 +1.019373030e-08 -5.847300000e+02 -5.847300000e+02 +2.6456e+00 -3.0296e+00 +2.3048e+00
3227 +9.974314708e-09 +9.974314708e-09 -5.847300000e+02 -5.847300000e+02 +2.6456e+00 -3.0296e+00 +2.3048e+00
3261 +2.937326826e-09 +2.937326826e-09 -5.847300000e+02 -5.847300000e+02 +2.6456e+00 -3.0296e+00 +2.3048e+00
3336 +1.837406671e-09 +1.837406671e-09 -5.847300000e+02 -5.847300000e+02 +2.6456e+00 -3.0296e+00 +2.3048e+00
3404 +1.262719707e-09 +1.262719707e-09 -5.847300000e+02 -5.847300000e+02 +2.6456e+00 -3.0296e+00 +2.3048e+00
3455 +8.695906217e-10 +8.695906217e-10 -5.847300000e+02 -5.847300000e+02 +2.6456e+00 -3.0296e+00 +2.3048e+00
3583 +3.230979928e-10 +3.230979928e-10 -5.847300000e+02 -5.847300000e+02 +2.6456e+00 -3.0296e+00 +2.3048e+00
3703 +2.027036317e-10 +2.027036317e-10 -5.847300000e+02 -5.847300000e+02 +2.6456e+00 -3.0296e+00 +2.3048e+00
3995 +1.546140993e-10 +1.546140993e-10 -5.847300000e+02 -5.847300000e+02 +2.6456e+00 -3.0296e+00 +2.3048e+00
% function evaluation | noise-free fitness - Fopt (-3.654000000000e+01) | best noise-free fitness - Fopt | measured fitness | best measured fitness | x1 | x2...
1 +1.149861671e+03 +1.149861671e+03 +1.113321671e+03 +1.113321671e+03 +3.1472e+00 +4.0579e+00 -3.7301e+00
10 +2.021591702e+02 +2.021591702e+02 +1.656191702e+02 +1.656191702e+02 -1.0777e+00 +1.5548e+00 -3.2881e+00
14 +7.180544120e+01 +7.180544120e+01 +3.526544120e+01 +3.526544120e+01 -4.6555e+00 -6.1256e-01 -1.1844e+00
85 +4.799040677e+01 +4.799040677e+01 +1.145040677e+01 +1.145040677e+01 -1.6635e+00 -1.6259e+00 -1.8126e+00
135 +3.901090817e+01 +3.901090817e+01 +2.470908170e+00 +2.470908170e+00 -1.9070e+00 -1.7682e+00 -8.0034e-01
205 +1.542579696e+01 +1.542579696e+01 -2.111420304e+01 -2.111420304e+01 -1.7571e+00 -1.6259e+00 -6.3907e-01
416 +7.923394183e+00 +7.923394183e+00 -2.861660582e+01 -2.861660582e+01 -1.7446e+00 -2.2671e+00 -2.5515e-01
456 +5.729787234e+00 +5.729787234e+00 -3.081021277e+01 -3.081021277e+01 -7.4910e-01 -2.2671e+00 -2.5515e-01
1045 +3.617903967e+00 +3.617903967e+00 -3.292209603e+01 -3.292209603e+01 -7.2923e-01 -2.2389e+00 -2.8703e-01
1100 +2.395143226e+00 +2.395143226e+00 -3.414485677e+01 -3.414485677e+01 -7.6589e-01 -2.2440e+00 -2.8261e-01
1605 +1.553360514e+00 +1.553360514e+00 -3.498663949e+01 -3.498663949e+01 +1.6293e-01 -2.2522e+00 -2.8496e-01
% function evaluation | noise-free fitness - Fopt (1.000000000000e+03) | best noise-free fitness - Fopt | measured fitness | best measured fitness | x1 | x2...
1 +4.911761993e+02 +4.911761993e+02 +1.491176199e+03 +1.491176199e+03 +3.1472e+00 +4.0579e+00 -3.7301e+00
10 +1.872605727e+02 +1.872605727e+02 +1.187260573e+03 +1.187260573e+03 -1.0777e+00 +1.5548e+00 -3.2881e+00
11 +1.504213450e+02 +1.504213450e+02 +1.150421345e+03 +1.150421345e+03 +2.0605e+00 -4.6817e+00 -2.2308e+00
14 +9.051174371e+01 +9.051174371e+01 +1.090511744e+03 +1.090511744e+03 -4.6555e+00 -6.1256e-01 -1.1844e+00
68 +4.086072230e+01 +4.086072230e+01 +1.040860722e+03 +1.040860722e+03 +1.1434e+00 -1.5925e-01 -6.5204e-02
109 +3.978164502e+01 +3.978164502e+01 +1.039781645e+03 +1.039781645e+03 +6.8238e-01 -2.1416e+00 -4.4805e-01
162 +2.415968627e+01 +2.415968627e+01 +1.024159686e+03 +1.024159686e+03 +5.5203e-01 -4.9220e-01 -1.7624e-01
169 +1.114582875e+01 +1.114582875e+01 +1.011145829e+03 +1.011145829e+03 +6.7029e-01 -8.9777e-01 -5.2730e-01
349 +8.887768690e+00 +8.887768690e+00 +1.008887769e+03 +1.008887769e+03 +4.9194e-01 -1.3961e+00 -5.1734e-01
583 +5.226168875e+00 +5.226168875e+00 +1.005226169e+03 +1.005226169e+03 +1.4257e+00 -8.2539e-01 +1.7228e-01
623 +3.338812813e+00 +3.338812813e+00 +1.003338813e+03 +1.003338813e+03 +1.4574e+00 -8.2539e-01 +1.7228e-01
681 +1.479951310e+00 +1.479951310e+00 +1.001479951e+03 +1.001479951e+03 +1.5126e+00 -8.0420e-01 +1.7223e-01
906 +6.034887538e-01 +6.034887538e-01 +1.000603489e+03 +1.000603489e+03 +1.5710e+00 -8.0522e-01 +1.5553e-01
1586 +3.325948412e-01 +3.325948412e-01 +1.000332595e+03 +1.000332595e+03 +1.5710e+00 -8.0522e-01 +1.6021e-01
1589 +6.606589330e-02 +6.606589330e-02 +1.000066066e+03 +1.000066066e+03 +1.5623e+00 -8.1246e-01 +1.7024e-01
1815 +9.028491132e-03 +9.028491132e-03 +1.000009028e+03 +1.000009028e+03 +1.5688e+00 -8.1772e-01 +1.7003e-01
2005 +5.234939419e-03 +5.234939419e-03 +1.000005235e+03 +1.000005235e+03 +1.5705e+00 -8.1863e-01 +1.6986e-01
2080 +3.319998008e-03 +3.319998008e-03 +1.000003320e+03 +1.000003320e+03 +1.5704e+00 -8.1971e-01 +1.6952e-01
2082 +2.411855772e-03 +2.411855772e-03 +1.000002412e+03 +1.000002412e+03 +1.5699e+00 -8.2140e-01 +1.6995e-01
2175 +1.472428243e-03 +1.472428243e-03 +1.000001472e+03 +1.000001472e+03 +1.5729e+00 -8.2031e-01 +1.6963e-01
2214 +7.564630400e-04 +7.564630400e-04 +1.000000756e+03 +1.000000756e+03 +1.5711e+00 -8.2037e-01 +1.7023e-01
2245 +1.456076071e-04 +1.456076071e-04 +1.000000146e+03 +1.000000146e+03 +1.5722e+00 -8.2070e-01 +1.7021e-01
2363 +7.067367244e-05 +7.067367244e-05 +1.000000071e+03 +1.000000071e+03 +1.5724e+00 -8.2056e-01 +1.7040e-01
2449 +3.839084070e-05 +3.839084070e-05 +1.000000038e+03 +1.000000038e+03 +1.5727e+00 -8.2058e-01 +1.7035e-01
2541 +2.321641227e-05 +2.321641227e-05 +1.000000023e+03 +1.000000023e+03 +1.5726e+00 -8.2082e-01 +1.7032e-01
2556 +8.948653999e-06 +8.948653999e-06 +1.000000009e+03 +1.000000009e+03 +1.5727e+00 -8.2079e-01 +1.7034e-01
2623 +4.578345965e-06 +4.578345965e-06 +1.000000005e+03 +1.000000005e+03 +1.5727e+00 -8.2079e-01 +1.7037e-01
2799 +2.933841756e-06 +2.933841756e-06 +1.000000003e+03 +1.000000003e+03 +1.5727e+00 -8.2085e-01 +1.7039e-01
2824 +2.152230422e-06 +2.152230422e-06 +1.000000002e+03 +1.000000002e+03 +1.5728e+00 -8.2083e-01 +1.7037e-01
2931 +8.978215646e-07 +8.978215646e-07 +1.000000001e+03 +1.000000001e+03 +1.5727e+00 -8.2080e-01 +1.7040e-01
3098 +4.707842436e-07 +4.707842436e-07 +1.000000000e+03 +1.000000000e+03 +1.5728e+00 -8.2079e-01 +1.7040e-01
3133 +3.746786206e-07 +3.746786206e-07 +1.000000000e+03 +1.000000000e+03 +1.5728e+00 -8.2079e-01 +1.7039e-01
3207 +1.672099188e-07 +1.672099188e-07 +1.000000000e+03 +1.000000000e+03 +1.5728e+00 -8.2080e-01 +1.7040e-01
3276 +1.545240593e-07 +1.545240593e-07 +1.000000000e+03 +1.000000000e+03 +1.5728e+00 -8.2080e-01 +1.7040e-01
3518 +6.214247605e-08 +6.214247605e-08 +1.000000000e+03 +1.000000000e+03 +1.5728e+00 -8.2080e-01 +1.7040e-01
3744 +3.973832463e-08 +3.973832463e-08 +1.000000000e+03 +1.000000000e+03 +1.5728e+00 -8.2080e-01 +1.7040e-01
% function evaluation | noise-free fitness - Fopt (4.661000000000e+01) | best noise-free fitness - Fopt | measured fitness | best measured fitness | x1 | x2...
1 +9.236635231e+02 +9.236635231e+02 +9.702735231e+02 +9.702735231e+02 +3.1472e+00 +4.0579e+00 -3.7301e+00
7 +4.985851399e+02 +4.985851399e+02 +5.451951399e+02 +5.451951399e+02 +2.9221e+00 +4.5949e+00 +1.5574e+00
10 +2.829080985e+02 +2.829080985e+02 +3.295180985e+02 +3.295180985e+02 -1.0777e+00 +1.5548e+00 -3.2881e+00
14 +1.852816999e+02 +1.852816999e+02 +2.318916999e+02 +2.318916999e+02 -4.6555e+00 -6.1256e-01 -1.1844e+00
16 +7.420463621e+01 +7.420463621e+01 +1.208146362e+02 +1.208146362e+02 -1.0236e-01 -5.4414e-01 +1.4631e+00
106 +4.853768414e+01 +4.853768414e+01 +9.514768414e+01 +9.514768414e+01 -1.8917e+00 +4.9356e+00 +1.5155e+00
154 +3.259207497e+01 +3.259207497e+01 +7.920207497e+01 +7.920207497e+01 +6.7677e-01 +3.2791e+00 +8.5621e-01
173 +1.855735835e+01 +1.855735835e+01 +6.516735835e+01 +6.516735835e+01 +9.2966e-01 +3.8912e+00 +1.1601e+00
256 +1.377665671e+01 +1.377665671e+01 +6.038665671e+01 +6.038665671e+01 -1.0236e-01 +3.2379e+00 +1.4631e+00
333 +6.073962835e+00 +6.073962835e+00 +5.268396284e+01 +5.268396284e+01 +9.2966e-01 +3.8912e+00 +1.0095e+00
522 +3.559450672e+00 +3.559450672e+00 +5.016945067e+01 +5.016945067e+01 +8.4083e-01 +3.3116e+00 +1.3862e+00
602 +1.618840962e+00 +1.618840962e+00 +4.822884096e+01 +4.822884096e+01 +8.4083e-01 +3.9218e+00 +1.4099e+00
1021 +1.207355191e+00 +1.207355191e+00 +4.781735519e+01 +4.781735519e+01 +8.3590e-01 +3.9211e+00 +1.3965e+00
1433 +9.958978595e-01 +9.958978595e-01 +4.760589786e+01 +4.760589786e+01 +8.3409e-01 +3.9218e+00 +1.4053e+00
% function evaluation | noise-free fitness - Fopt (-2.643100000000e+02) | best noise-free fitness - Fopt | measured fitness | best measured fitness | x1 | x2...
1 +4.787497015e+02 +4.787497015e+02 +2.144397015e+02 +2.144397015e+02 +3.1472e+00 +4.0579e+00 -3.7301e+00
5 +3.213806386e+02 +3.213806386e+02 +5.707063858e+01 +5.707063858e+01 +4.5717e+00 -1.4624e-01 +3.0028e+00
7 +1.579799776e+02 +1.579799776e+02 -1.063300224e+02 -1.063300224e+02 +2.9221e+00 +4.5949e+00 +1.5574e+00
9 +8.281932487e+01 +8.281932487e+01 -1.814906751e+02 -1.814906751e+02 +1.7874e+00 +2.5774e+00 +2.4313e+00
36 +5.136795465e+01 +5.136795465e+01 -2.129420453e+02 -2.129420453e+02 +1.0198e+00 -2.3703e+00 +1.5408e+00
114 +3.705452555e+01 +3.705452555e+01 -2.272554744e+02 -2.272554744e+02 +2.3412e+00 -3.3782e+00 +2.3947e+00
176 +1.535192051e+01 +1.535192051e+01 -2.489580795e+02 -2.489580795e+02 +2.3896e+00 -2.1316e+00 +2.6397e+00
434 +9.382709462e+00 +9.382709462e+00 -2.549272905e+02 -2.549272905e+02 +3.2442e+00 -2.0466e+00 +2.0715e+00
520 +3.483765443e+00 +3.483765443e+00 -2.608262346e+02 -2.608262346e+02 +2.2324e+00 -9.1315e-01 +2.3800e+00
840 +2.380476801e+00 +2.380476801e+00 -2.619295232e+02 -2.619295232e+02 +3.2294e+00 -9.1315e-01 +2.3800e+00
952 +1.370157997e+00 +1.370157997e+00 -2.629398420e+02 -2.629398420e+02 +2.2270e+00 -1.4598e+00 +2.6907e+00
1352 +6.326590986e-01 +6.326590986e-01 -2.636773409e+02 -2.636773409e+02 +3.1975e+00 -1.4598e+00 +2.6907e+00
1927 +2.855536728e-01 +2.855536728e-01 -2.640244463e+02 -2.640244463e+02 +3.2342e+00 -1.4414e+00 +2.6900e+00
2037 +2.218889214e-01 +2.218889214e-01 -2.640881111e+02 -2.640881111e+02 +3.2475e+00 -1.4402e+00 +2.6917e+00
2064 +9.733470391e-02 +9.733470391e-02 -2.642126653e+02 -2.642126653e+02 +3.2350e+00 -1.4655e+00 +2.6962e+00
2066 +1.043017024e-02 +1.043017024e-02 -2.642995698e+02 -2.642995698e+02 +3.2434e+00 -1.4572e+00 +2.6958e+00
2366 +2.668945653e-03 +2.668945653e-03 -2.643073311e+02 -2.643073311e+02 +3.2484e+00 -1.4564e+00 +2.6957e+00
2452 +1.588351335e-03 +1.588351335e-03 -2.643084116e+02 -2.643084116e+02 +3.2512e+00 -1.4589e+00 +2.6955e+00
2487 +8.127825495e-04 +8.127825495e-04 -2.643091872e+02 -2.643091872e+02 +3.2494e+00 -1.4579e+00 +2.6957e+00
2504 +6.072925606e-04 +6.072925606e-04 -2.643093927e+02 -2.643093927e+02 +3.2502e+00 -1.4575e+00 +2.6956e+00
2561 +3.803153941e-04 +3.803153941e-04 -2.643096197e+02 -2.643096197e+02 +3.2504e+00 -1.4575e+00 +2.6957e+00
2649 +2.147000875e-04 +2.147000875e-04 -2.643097853e+02 -2.643097853e+02 +3.2506e+00 -1.4573e+00 +2.6958e+00
2681 +1.328756347e-04 +1.328756347e-04 -2.643098671e+02 -2.643098671e+02 +3.2504e+00 -1.4575e+00 +2.6959e+00
2777 +3.156058330e-05 +3.156058330e-05 -2.643099684e+02 -2.643099684e+02 +3.2512e+00 -1.4577e+00 +2.6959e+00
2797 +2.306920015e-05 +2.306920015e-05 -2.643099769e+02 -2.643099769e+02 +3.2512e+00 -1.4578e+00 +2.6960e+00
2926 +8.234775862e-06 +8.234775862e-06 -2.643099918e+02 -2.643099918e+02 +3.2510e+00 -1.4576e+00 +2.6960e+00
3068 +4.887665966e-06 +4.887665966e-06 -2.643099951e+02 -2.643099951e+02 +3.2512e+00 -1.4577e+00 +2.6960e+00
3102 +1.662554325e-06 +1.662554325e-06 -2.643099983e+02 -2.643099983e+02 +3.2512e+00 -1.4576e+00 +2.6960e+00
3148 +3.682487772e-07 +3.682487772e-07 -2.643099996e+02 -2.643099996e+02 +3.2512e+00 -1.4576e+00 +2.6960e+00
3274 +1.747562237e-07 +1.747562237e-07 -2.643099998e+02 -2.643099998e+02 +3.2512e+00 -1.4576e+00 +2.6960e+00
3328 +1.549246349e-07 +1.549246349e-07 -2.643099998e+02 -2.643099998e+02 +3.2512e+00 -1.4576e+00 +2.6960e+00
3349 +6.502216365e-08 +6.502216365e-08 -2.643099999e+02 -2.643099999e+02 +3.2512e+00 -1.4576e+00 +2.6960e+00
3406 +5.864728791e-08 +5.864728791e-08 -2.643099999e+02 -2.643099999e+02 +3.2512e+00 -1.4576e+00 +2.6960e+00
3417 +3.193662224e-08 +3.193662224e-08 -2.643100000e+02 -2.643100000e+02 +3.2512e+00 -1.4576e+00 +2.6960e+00
3447 +2.281632305e-08 +2.281632305e-08 -2.643100000e+02 -2.643100000e+02 +3.2512e+00 -1.4576e+00 +2.6960e+00
3472 +8.619906566e-09 +8.619906566e-09 -2.643100000e+02 -2.643100000e+02 +3.2512e+00 -1.4576e+00 +2.6960e+00
3638 +5.218339538e-09 +5.218339538e-09 -2.643100000e+02 -2.643100000e+02 +3.2512e+00 -1.4576e+00 +2.6960e+00
3705 +3.095351531e-09 +3.095351531e-09 -2.643100000e+02 -2.643100000e+02 +3.2512e+00 -1.4576e+00 +2.6960e+00
3779 +1.900446023e-09 +1.900446023e-09 -2.643100000e+02 -2.643100000e+02 +3.2512e+00 -1.4576e+00 +2.6960e+00
3880 +1.098158009e-09 +1.098158009e-09 -2.643100000e+02 -2.643100000e+02 +3.2512e+00 -1.4576e+00 +2.6960e+00
3957 +5.451852303e-10 +5.451852303e-10 -2.643100000e+02 -2.643100000e+02 +3.2512e+00 -1.4576e+00 +2.6960e+00
4133 +3.541344995e-10 +3.541344995e-10 -2.643100000e+02 -2.643100000e+02 +3.2512e+00 -1.4576e+00 +2.6960e+00
4249 +2.440856406e-10 +2.440856406e-10 -2.643100000e+02 -2.643100000e+02 +3.2512e+00 -1.4576e+00 +2.6960e+00
4250 +9.367795428e-11 +9.367795428e-11 -2.643100000e+02 -2.643100000e+02 +3.2512e+00 -1.4576e+00 +2.6960e+00
4480 +6.235723049e-11 +6.235723049e-11 -2.643100000e+02 -2.643100000e+02 +3.2512e+00 -1.4576e+00 +2.6960e+00
4531 +3.507238944e-11 +3.507238944e-11 -2.643100000e+02 -2.643100000e+02 +3.2512e+00 -1.4576e+00 +2.6960e+00
4689 +2.370370566e-11 +2.370370566e-11 -2.643100000e+02 -2.643100000e+02 +3.2512e+00 -1.4576e+00 +2.6960e+00
4924 +1.239186531e-11 +1.239186531e-11 -2.643100000e+02 -2.643100000e+02 +3.2512e+00 -1.4576e+00 +2.6960e+00
% function evaluation | noise-free fitness - Fopt (7.273000000000e+01) | best noise-free fitness - Fopt | measured fitness | best measured fitness | x1 | x2...
1 +5.184356226e+02 +5.184356226e+02 +5.911656226e+02 +5.911656226e+02 +3.1472e+00 +4.0579e+00 -3.7301e+00
7 +2.226679040e+02 +2.226679040e+02 +2.953979040e+02 +2.953979040e+02 +2.9221e+00 +4.5949e+00 +1.5574e+00
16 +4.577971349e+01 +4.577971349e+01 +1.185097135e+02 +1.185097135e+02 -1.0236e-01 -5.4414e-01 +1.4631e+00
30 +3.162751732e+01 +3.162751732e+01 +1.043575173e+02 +1.043575173e+02 +2.5373e+00 -1.1955e+00 +6.7822e-01
255 +2.172952379e+01 +2.172952379e+01 +9.445952379e+01 +9.445952379e+01 +2.7282e+00 -2.8197e+00 +2.0853e+00
429 +1.520270866e+01 +1.520270866e+01 +8.793270866e+01 +8.793270866e+01 +2.5098e+00 -1.1976e+00 +1.1448e+00
484 +8.089394269e+00 +8.089394269e+00 +8.081939427e+01 +8.081939427e+01 +2.6019e+00 -2.8436e+00 +2.0717e+00
721 +5.168898101e+00 +5.168898101e+00 +7.789889810e+01 +7.789889810e+01 +2.4982e+00 -2.9647e+00 +2.0881e+00
925 +2.053580664e+00 +2.053580664e+00 +7.478358066e+01 +7.478358066e+01 +2.5623e+00 -2.8947e+00 +2.0683e+00
1109 +1.284880374e+00 +1.284880374e+00 +7.401488037e+01 +7.401488037e+01 +2.4983e+00 -2.2752e+00 +2.0896e+00
1649 +4.252897732e-01 +4.252897732e-01 +7.315528977e+01 +7.315528977e+01 +2.5452e+00 -2.2677e+00 +2.0831e+00
1669 +1.259278469e-01 +1.259278469e-01 +7.285592785e+01 +7.285592785e+01 +2.5624e+00 -2.2752e+00 +2.0893e+00
2083 +7.648869018e-02 +7.648869018e-02 +7.280648869e+01 +7.280648869e+01 +2.5654e+00 -2.2707e+00 +2.0884e+00
2213 +5.525538128e-02 +5.525538128e-02 +7.278525538e+01 +7.278525538e+01 +2.5662e+00 -2.2764e+00 +2.0880e+00
2247 +2.514180860e-02 +2.514180860e-02 +7.275514181e+01 +7.275514181e+01 +2.5715e+00 -2.2741e+00 +2.0883e+00
2253 +2.387800265e-02 +2.387800265e-02 +7.275387800e+01 +7.275387800e+01 +2.5712e+00 -2.2764e+00 +2.0884e+00
2331 +1.566442973e-02 +1.566442973e-02 +7.274566443e+01 +7.274566443e+01 +2.5734e+00 -2.2746e+00 +2.0889e+00
2596 +8.137589671e-03 +8.137589671e-03 +7.273813759e+01 +7.273813759e+01 +2.5758e+00 -2.2760e+00 +2.0885e+00
% function evaluation | noise-free fitness - Fopt (1.368700000000e+02) | best noise-free fitness - Fopt | measured fitness | best measured fitness | x1 | x2...
1 +5.541379862e+02 +5.541379862e+02 +6.910079862e+02 +6.910079862e+02 +3.1472e+00 +4.0579e+00 -3.7301e+00
5 +2.071862710e+02 +2.071862710e+02 +3.440562710e+02 +3.440562710e+02 +4.5717e+00 -1.4624e-01 +3.0028e+00
7 +8.697206396e+01 +8.697206396e+01 +2.238420640e+02 +2.238420640e+02 +2.9221e+00 +4.5949e+00 +1.5574e+00
9 +4.091471457e+01 +4.091471457e+01 +1.777847146e+02 +1.777847146e+02 +1.7874e+00 +2.5774e+00 +2.4313e+00
141 +2.767110944e+01 +2.767110944e+01 +1.645411094e+02 +1.645411094e+02 +2.5127e+00 +2.4653e+00 +2.6968e+00
203 +2.259196852e+01 +2.259196852e+01 +1.594619685e+02 +1.594619685e+02 +2.8690e+00 +3.6080e+00 +3.9243e+00
329 +1.114995458e+01 +1.114995458e+01 +1.480199546e+02 +1.480199546e+02 +1.4406e+00 +3.5672e+00 +3.1522e+00
375 +7.917490990e+00 +7.917490990e+00 +1.447874910e+02 +1.447874910e+02 +3.3993e+00 +3.6560e+00 +3.1645e+00
392 +4.135119975e+00 +4.135119975e+00 +1.410051200e+02 +1.410051200e+02 +2.4692e+00 +3.0375e+00 +3.5457e+00
597 +2.350557517e+00 +2.350557517e+00 +1.392205575e+02 +1.392205575e+02 +3.4817e+00 +3.5508e+00 +3.8512e+00
1157 +5.660227989e-01 +5.660227989e-01 +1.374360228e+02 +1.374360228e+02 +3.5015e+00 +3.5844e+00 +3.8512e+00
1720 +2.043939951e-01 +2.043939951e-01 +1.370743940e+02 +1.370743940e+02 +3.5086e+00 +3.6302e+00 +3.8534e+00
1885 +1.151075921e-01 +1.151075921e-01 +1.369851076e+02 +1.369851076e+02 +3.5011e+00 +3.6104e+00 +3.8495e+00
1939 +2.494904809e-02 +2.494904809e-02 +1.368949490e+02 +1.368949490e+02 +3.5086e+00 +3.6096e+00 +3.8526e+00
2099 +9.802701573e-03 +9.802701573e-03 +1.368798027e+02 +1.368798027e+02 +3.5086e+00 +3.6113e+00 +3.8550e+00
2302 +3.161832245e-03 +3.161832245e-03 +1.368731618e+02 +1.368731618e+02 +3.5144e+00 +3.6126e+00 +3.8541e+00
2328 +1.137713446e-03 +1.137713446e-03 +1.368711377e+02 +1.368711377e+02 +3.5143e+00 +3.6126e+00 +3.8548e+00
2445 +9.837107378e-04 +9.837107378e-04 +1.368709837e+02 +1.368709837e+02 +3.5145e+00 +3.6127e+00 +3.8549e+00
2510 +4.726026781e-04 +4.726026781e-04 +1.368704726e+02 +1.368704726e+02 +3.5147e+00 +3.6118e+00 +3.8549e+00
2741 +2.924565521e-04 +2.924565521e-04 +1.368702925e+02 +1.368702925e+02 +3.5151e+00 +3.6124e+00 +3.8551e+00
2742 +1.938770878e-04 +1.938770878e-04 +1.368701939e+02 +1.368701939e+02 +3.5153e+00 +3.6117e+00 +3.8551e+00
2859 +1.001928966e-04 +1.001928966e-04 +1.368701002e+02 +1.368701002e+02 +3.5154e+00 +3.6118e+00 +3.8551e+00
2896 +8.122649876e-05 +8.122649876e-05 +1.368700812e+02 +1.368700812e+02 +3.5155e+00 +3.6118e+00 +3.8552e+00
2947 +6.161094072e-05 +6.161094072e-05 +1.368700616e+02 +1.368700616e+02 +3.5156e+00 +3.6118e+00 +3.8552e+00
3041 +3.340209574e-05 +3.340209574e-05 +1.368700334e+02 +1.368700334e+02 +3.5156e+00 +3.6120e+00 +3.8552e+00
3236 +2.400133354e-05 +2.400133354e-05 +1.368700240e+02 +1.368700240e+02 +3.5157e+00 +3.6119e+00 +3.8551e+00
3354 +1.496464427e-05 +1.496464427e-05 +1.368700150e+02 +1.368700150e+02 +3.5157e+00 +3.6120e+00 +3.8552e+00
3803 +9.723411978e-06 +9.723411978e-06 +1.368700097e+02 +1.368700097e+02 +3.5158e+00 +3.6120e+00 +3.8552e+00
% function evaluation | noise-free fitness - Fopt (2.196000000000e+01) | best noise-free fitness - Fopt | measured fitness | best measured fitness | x1 | x2...
1 +3.801184872e+02 +3.801184872e+02 +4.020784872e+02 +4.020784872e+02 +3.1472e+00 +4.0579e+00 -3.7301e+00
7 +1.277017739e+02 +1.277017739e+02 +1.496617739e+02 +1.496617739e+02 +2.9221e+00 +4.5949e+00 +1.5574e+00
16 +4.527011439e+01 +4.527011439e+01 +6.723011439e+01 +6.723011439e+01 -1.0236e-01 -5.4414e-01 +1.4631e+00
30 +3.435702534e+01 +3.435702534e+01 +5.631702534e+01 +5.631702534e+01 +2.5373e+00 -1.1955e+00 +6.7822e-01
142 +2.166439673e+01 +2.166439673e+01 +4.362439673e+01 +4.362439673e+01 +3.2373e+00 -3.1959e-01 +1.3642e+00
173 +9.152666292e+00 +9.152666292e+00 +3.111266629e+01 +3.111266629e+01 +3.2324e+00 -5.8014e-01 +9.6653e-01
342 +5.846886103e+00 +5.846886103e+00 +2.780688610e+01 +2.780688610e+01 +2.2762e+00 -1.3042e+00 +1.3642e+00
451 +2.996192251e+00 +2.996192251e+00 +2.495619225e+01 +2.495619225e+01 +2.2513e+00 -1.2083e+00 +1.6927e+00
909 +1.447423262e+00 +1.447423262e+00 +2.340742326e+01 +2.340742326e+01 +3.2531e+00 -1.2427e+00 +1.6884e+00
% function evaluation | noise-free fitness - Fopt (-2.139000000000e+01) | best noise-free fitness - Fopt | measured fitness | best measured fitness | x1 | x2...
1 +2.579559100e+02 +2.579559100e+02 +2.365659100e+02 +2.365659100e+02 +3.1472e+00 +4.0579e+00 -3.7301e+00
7 +1.947668271e+02 +1.947668271e+02 +1.733768271e+02 +1.733768271e+02 +2.9221e+00 +4.5949e+00 +1.5574e+00
17 +1.564882332e+02 +1.564882332e+02 +1.350982332e+02 +1.350982332e+02 +2.0936e+00 +2.5469e+00 -2.2397e+00
28 +4.352056428e+01 +4.352056428e+01 +2.213056428e+01 +2.213056428e+01 +3.3083e+00 +8.5264e-01 +4.9724e-01
140 +3.212107292e+01 +3.212107292e+01 +1.073107292e+01 +1.073107292e+01 +2.6320e+00 +3.8094e+00 +8.4194e-01
151 +1.167385197e+01 +1.167385197e+01 -9.716148034e+00 -9.716148034e+00 +3.0001e+00 +2.1262e+00 +1.1636e+00
359 +6.915033791e+00 +6.915033791e+00 -1.447496621e+01 -1.447496621e+01 +2.1989e+00 +3.3530e+00 +4.2610e-01
408 +5.157648715e+00 +5.157648715e+00 -1.623235128e+01 -1.623235128e+01 +2.2839e+00 +2.7954e+00 +1.1582e+00
448 +3.230082246e+00 +3.230082246e+00 -1.815991775e+01 -1.815991775e+01 +2.1854e+00 +2.7954e+00 +1.1582e+00
1067 +2.176317693e+00 +2.176317693e+00 -1.921368231e+01 -1.921368231e+01 +2.2067e+00 +2.2090e+00 +1.1202e+00
1382 +1.194902369e+00 +1.194902369e+00 -2.019509763e+01 -2.019509763e+01 +2.1934e+00 +2.7926e+00 +1.1248e+00
1904 +9.996055480e-01 +9.996055480e-01 -2.039039445e+01 -2.039039445e+01 +2.2049e+00 +2.8019e+00 +1.1295e+00
% function evaluation | noise-free fitness - Fopt (5.176600000000e+02) | best noise-free fitness - Fopt | measured fitness | best measured fitness | x1 | x2...
1 +2.381678337e+02 +2.381678337e+02 +7.558278337e+02 +7.558278337e+02 +3.1472e+00 +4.0579e+00 -3.7301e+00
17 +9.706748486e+01 +9.706748486e+01 +6.147274849e+02 +6.147274849e+02 +2.0936e+00 +2.5469e+00 -2.2397e+00
28 +4.811055483e+01 +4.811055483e+01 +5.657705548e+02 +5.657705548e+02 +3.3083e+00 +8.5264e-01 +4.9724e-01
108 +3.961957934e+01 +3.961957934e+01 +5.572795793e+02 +5.572795793e+02 +2.2207e+00 +8.5264e-01 +4.9724e-01
187 +2.151084265e+01 +2.151084265e+01 +5.391708427e+02 +5.391708427e+02 +2.0286e+00 +1.5451e+00 -1.1943e-01
307 +1.419610484e+01 +1.419610484e+01 +5.318561048e+02 +5.318561048e+02 +1.9972e+00 +2.1181e+00 -1.1943e-01
480 +5.586491306e+00 +5.586491306e+00 +5.232464913e+02 +5.232464913e+02 +2.9230e+00 +2.1022e+00 +5.8749e-01
624 +2.934917426e+00 +2.934917426e+00 +5.205949174e+02 +5.205949174e+02 +2.9253e+00 +3.1927e+00 +5.6563e-01
1011 +8.009943641e-01 +8.009943641e-01 +5.184609944e+02 +5.184609944e+02 +3.8660e+00 +3.1712e+00 +5.7233e-01
1624 +3.308916135e-01 +3.308916135e-01 +5.179908916e+02 +5.179908916e+02 +3.8581e+00 +3.1761e+00 +5.8216e-01
1697 +1.246211292e-01 +1.246211292e-01 +5.177846211e+02 +5.177846211e+02 +3.8708e+00 +3.1699e+00 +5.8608e-01
1736 +8.797453832e-02 +8.797453832e-02 +5.177479745e+02 +5.177479745e+02 +3.8678e+00 +3.1746e+00 +5.8948e-01
1742 +5.123185379e-02 +5.123185379e-02 +5.177112319e+02 +5.177112319e+02 +3.8747e+00 +3.1700e+00 +5.8877e-01
1816 +2.109849334e-02 +2.109849334e-02 +5.176810985e+02 +5.176810985e+02 +3.8883e+00 +3.1771e+00 +5.8948e-01
2008 +1.059130661e-02 +1.059130661e-02 +5.176705913e+02 +5.176705913e+02 +3.8813e+00 +3.1717e+00 +5.9129e-01
2117 +3.723603980e-03 +3.723603980e-03 +5.176637236e+02 +5.176637236e+02 +3.8876e+00 +3.1742e+00 +5.9004e-01
2166 +2.217603686e-03 +2.217603686e-03 +5.176622176e+02 +5.176622176e+02 +3.8873e+00 +3.1743e+00 +5.9052e-01
2179 +1.253097524e-03 +1.253097524e-03 +5.176612531e+02 +5.176612531e+02 +3.8882e+00 +3.1725e+00 +5.9081e-01
2316 +6.112201942e-04 +6.112201942e-04 +5.176606112e+02 +5.176606112e+02 +3.8880e+00 +3.1718e+00 +5.9109e-01
2396 +7.557252457e-05 +7.557252457e-05 +5.176600756e+02 +5.176600756e+02 +3.8880e+00 +3.1729e+00 +5.9109e-01
2576 +1.027454391e-05 +1.027454391e-05 +5.176600103e+02 +5.176600103e+02 +3.8879e+00 +3.1727e+00 +5.9117e-01
2745 +2.414492542e-06 +2.414492542e-06 +5.176600024e+02 +5.176600024e+02 +3.8880e+00 +3.1729e+00 +5.9118e-01
2878 +1.583796461e-06 +1.583796461e-06 +5.176600016e+02 +5.176600016e+02 +3.8880e+00 +3.1728e+00 +5.9117e-01
2970 +2.580806040e-07 +2.580806040e-07 +5.176600003e+02 +5.176600003e+02 +3.8880e+00 +3.1728e+00 +5.9120e-01
3065 +2.034230420e-07 +2.034230420e-07 +5.176600002e+02 +5.176600002e+02 +3.8880e+00 +3.1728e+00 +5.9119e-01
3095 +8.910217275e-08 +8.910217275e-08 +5.176600001e+02 +5.176600001e+02 +3.8880e+00 +3.1728e+00 +5.9120e-01
3203 +5.629885891e-08 +5.629885891e-08 +5.176600001e+02 +5.176600001e+02 +3.8880e+00 +3.1728e+00 +5.9120e-01
3233 +1.133730620e-08 +1.133730620e-08 +5.176600000e+02 +5.176600000e+02 +3.8880e+00 +3.1728e+00 +5.9120e-01
3356 +6.087361726e-09 +6.087361726e-09 +5.176600000e+02 +5.176600000e+02 +3.8880e+00 +3.1728e+00 +5.9120e-01
3383 +2.984847924e-09 +2.984847924e-09 +5.176600000e+02 +5.176600000e+02 +3.8880e+00 +3.1728e+00 +5.9120e-01
3437 +1.723037713e-09 +1.723037713e-09 +5.176600000e+02 +5.176600000e+02 +3.8880e+00 +3.1728e+00 +5.9120e-01
3610 +1.121861715e-09 +1.121861715e-09 +5.176600000e+02 +5.176600000e+02 +3.8880e+00 +3.1728e+00 +5.9120e-01
3674 +7.958078641e-10 +7.958078641e-10 +5.176600000e+02 +5.176600000e+02 +3.8880e+00 +3.1728e+00 +5.9120e-01
3725 +5.861693353e-10 +5.861693353e-10 +5.176600000e+02 +5.176600000e+02 +3.8880e+00 +3.1728e+00 +5.9120e-01
3819 +3.462901077e-10 +3.462901077e-10 +5.176600000e+02 +5.176600000e+02 +3.8880e+00 +3.1728e+00 +5.9120e-01
3829 +1.649596015e-10 +1.649596015e-10 +5.176600000e+02 +5.176600000e+02 +3.8880e+00 +3.1728e+00 +5.9120e-01
3852 +1.558646545e-10 +1.558646545e-10 +5.176600000e+02 +5.176600000e+02 +3.8880e+00 +3.1728e+00 +5.9120e-01
3969 +8.606093616e-11 +8.606093616e-11 +5.176600000e+02 +5.176600000e+02 +3.8880e+00 +3.1728e+00 +5.9120e-01
4885 +6.298250810e-11 +6.298250810e-11 +5.176600000e+02 +5.176600000e+02 +3.8880e+00 +3.1728e+00 +5.9120e-01
