% function evaluation | noise-free fitness - Fopt (2.997000000000e+01) | best noise-free fitness - Fopt | measured fitness | best measured fitness | x1 | x2...
1 +1.140990328e+03 +1.140990328e+03 +1.170960328e+03 +1.170960328e+03 -1.5040e+00 +3.5198e+00
12 +8.225221471e+02 +8.225221471e+02 +8.524921471e+02 +8.524921471e+02 -4.6168e-01 +3.2738e+00
13 +5.874503546e+02 +5.874503546e+02 +6.174203546e+02 +6.174203546e+02 +2.0617e-01 +2.7944e+00
14 +3.012939680e+02 +3.012939680e+02 +3.312639680e+02 +3.312639680e+02 +8.9818e-01 +1.8108e+00
19 +1.350725135e+02 +1.350725135e+02 +1.650425135e+02 +1.650425135e+02 +1.6354e+00 +2.1400e+00
21 +9.064909482e+01 +9.064909482e+01 +1.206190948e+02 +1.206190948e+02 +1.8918e+00 +5.2427e-01
22 +2.518209502e+01 +2.518209502e+01 +5.515209502e+01 +5.515209502e+01 +1.6330e+00 +5.3497e-01
63 +1.573962355e+01 +1.573962355e+01 +4.570962355e+01 +4.570962355e+01 +1.7194e+00 +9.8233e-01
85 +7.693415795e+00 +7.693415795e+00 +3.766341579e+01 +3.766341579e+01 +1.3938e+00 +2.4441e-02
86 +4.179664497e+00 +4.179664497e+00 +3.414966450e+01 +3.414966450e+01 +1.3795e+00 -6.0390e-02
559 +2.475473374e+00 +2.475473374e+00 +3.244547337e+01 +3.244547337e+01 +1.1664e+00 -7.6902e-01
616 +1.368953868e+00 +1.368953868e+00 +3.133895387e+01 +3.133895387e+01 +9.9536e-01 -1.2965e+00
929 +7.140479884e-01 +7.140479884e-01 +3.068404799e+01 +3.068404799e+01 +1.0507e+00 -1.1332e+00
1365 +2.332186849e-01 +2.332186849e-01 +3.020321868e+01 +3.020321868e+01 +8.4864e-01 -1.7906e+00
7843 +8.454058575e-02 +8.454058575e-02 +3.005454059e+01 +3.005454059e+01 +8.7695e-01 -1.6946e+00
44711 +4.890883704e-02 +4.890883704e-02 +3.001890884e+01 +3.001890884e+01 +8.5013e-01 -1.7824e+00
% function evaluation | noise-free fitness - Fopt (-5.171000000000e+01) | best noise-free fitness - Fopt | measured fitness | best measured fitness | x1 | x2...
1 +5.714250986e+02 +5.714250986e+02 +5.197150986e+02 +5.197150986e+02 +3.0831e+00 -5.6950e-01
7 +3.190385231e+02 +3.190385231e+02 +2.673285231e+02 +2.673285231e+02 +3.7852e+00 +1.6823e+00
13 +2.301384860e+02 +2.301384860e+02 +1.784284860e+02 +1.784284860e+02 +3.5926e+00 +2.1876e+00
23 +1.363307042e+02 +1.363307042e+02 +8.462070424e+01 +8.462070424e+01 +2.4695e+00 +1.8355e+00
24 +9.016466328e+01 +9.016466328e+01 +3.845466328e+01 +3.845466328e+01 +1.4905e+00 +2.7080e+00
26 +6.505364001e+00 +6.505364001e+00 -4.520463600e+01 -4.520463600e+01 +1.7648e+00 +2.1808e+00
52 +1.890157591e+00 +1.890157591e+00 -4.981984241e+01 -4.981984241e+01 +3.0074e+00 +3.5842e+00
158 +1.263766059e+00 +1.263766059e+00 -5.044623394e+01 -5.044623394e+01 +2.2419e+00 +2.7245e+00
1084 +6.150419270e-01 +6.150419270e-01 -5.109495807e+01 -5.109495807e+01 +2.3685e+00 +2.8653e+00
4179 +2.030073881e-01 +2.030073881e-01 -5.150699261e+01 -5.150699261e+01 +2.5890e+00 +3.1140e+00
11966 +9.639503413e-02 +9.639503413e-02 -5.161360497e+01 -5.161360497e+01 +2.6143e+00 +3.1453e+00
19564 +4.251359171e-02 +4.251359171e-02 -5.166748641e+01 -5.166748641e+01 +2.5532e+00 +3.0752e+00
% function evaluation | noise-free fitness - Fopt (-2.799500000000e+02) | best noise-free fitness - Fopt | measured fitness | best measured fitness | x1 | x2...
1 +1.411565424e+03 +1.411565424e+03 +1.131615424e+03 +1.131615424e+03 -6.2914e-01 +4.0082e+00
3 +9.851820938e+02 +9.851820938e+02 +7.052320938e+02 +7.052320938e+02 +4.3074e-01 +2.3922e+00
15 +6.055337480e+02 +6.055337480e+02 +3.255837480e+02 +3.255837480e+02 +1.3534e+00 +7.6275e-01
17 +3.792526588e+02 +3.792526588e+02 +9.930265878e+01 +9.930265878e+01 +2.2630e+00 -2.1845e-01
21 +2.420988671e+02 +2.420988671e+02 -3.785113289e+01 -3.785113289e+01 +1.6689e+00 -1.1182e+00
24 +1.327332428e+02 +1.327332428e+02 -1.472167572e+02 -1.472167572e+02 +1.8372e+00 -1.6942e+00
27 +3.912222027e+01 +3.912222027e+01 -2.408277797e+02 -2.408277797e+02 +2.3452e-01 -2.6045e+00
232 +1.809741527e+01 +1.809741527e+01 -2.618525847e+02 -2.618525847e+02 -2.0337e+00 -3.3373e+00
238 +1.228047632e+01 +1.228047632e+01 -2.676695237e+02 -2.676695237e+02 -2.3902e+00 -3.5664e+00
338 +3.334144122e+00 +3.334144122e+00 -2.766158559e+02 -2.766158559e+02 -3.4450e+00 -3.8825e+00
668 +1.990184842e+00 +1.990184842e+00 -2.779598152e+02 -2.779598152e+02 -3.2482e+00 -3.8373e+00
802 +9.541891429e-01 +9.541891429e-01 -2.789958109e+02 -2.789958109e+02 -3.6313e+00 -3.9601e+00
898 +5.202336287e-01 +5.202336287e-01 -2.794297664e+02 -2.794297664e+02 -4.0246e+00 -4.1037e+00
2311 +2.591655226e-01 +2.591655226e-01 -2.796908345e+02 -2.796908345e+02 -3.9293e+00 -4.0704e+00
9983 +2.304694728e-01 +2.304694728e-01 -2.797195305e+02 -2.797195305e+02 -3.9203e+00 -4.0673e+00
37068 +1.166429819e-01 +1.166429819e-01 -2.798333570e+02 -2.798333570e+02 -3.7776e+00 -4.0164e+00
44672 +8.185901072e-02 +8.185901072e-02 -2.798681410e+02 -2.798681410e+02 -3.5528e+00 -3.9367e+00
46476 +1.480510618e-02 +1.480510618e-02 -2.799351949e+02 -2.799351949e+02 -3.6644e+00 -3.9765e+00
% function evaluation | noise-free fitness - Fopt (9.319900000000e+02) | best noise-free fitness - Fopt | measured fitness | best measured fitness | x1 | x2...
1 +5.426252904e+02 +5.426252904e+02 +1.474615290e+03 +1.474615290e+03 +4.6370e+00 +2.7754e+00
14 +3.810295551e+02 +3.810295551e+02 +1.313019555e+03 +1.313019555e+03 +3.4158e+00 +2.5650e+00
24 +1.729098226e+02 +1.729098226e+02 +1.104899823e+03 +1.104899823e+03 +3.0501e+00 +1.3000e+00
37 +1.470508682e+02 +1.470508682e+02 +1.079040868e+03 +1.079040868e+03 +3.4850e+00 +8.3661e-01
47 +6.519220871e+01 +6.519220871e+01 +9.971822087e+02 +9.971822087e+02 +2.7872e+00 +6.5938e-01
50 +3.423494147e+01 +3.423494147e+01 +9.662249415e+02 +9.662249415e+02 +3.0204e+00 +2.9407e-01
70 +1.880417534e+01 +1.880417534e+01 +9.507941753e+02 +9.507941753e+02 +2.3900e+00 +5.2817e-01
84 +8.219243066e+00 +8.219243066e+00 +9.402092431e+02 +9.402092431e+02 +1.4343e+00 +7.7795e-01
107 +6.284648223e+00 +6.284648223e+00 +9.382746482e+02 +9.382746482e+02 +2.3295e+00 +4.6182e-01
130 +2.044315918e+00 +2.044315918e+00 +9.340343159e+02 +9.340343159e+02 +1.4836e+00 +8.3669e-01
190 +1.290187591e+00 +1.290187591e+00 +9.332801876e+02 +9.332801876e+02 +1.4106e+00 +8.6249e-01
277 +6.705752019e-01 +6.705752019e-01 +9.326605752e+02 +9.326605752e+02 +1.4531e+00 +8.2994e-01
493 +2.639228939e-01 +2.639228939e-01 +9.322539229e+02 +9.322539229e+02 +1.2261e+00 +9.2933e-01
1729 +2.308608821e-01 +2.308608821e-01 +9.322208609e+02 +9.322208609e+02 +1.3917e+00 +8.6230e-01
3259 +1.225090845e-01 +1.225090845e-01 +9.321125091e+02 +9.321125091e+02 +1.2891e+00 +9.0494e-01
25877 +9.581175280e-02 +9.581175280e-02 +9.320858118e+02 +9.320858118e+02 +1.3606e+00 +8.7304e-01
% function evaluation | noise-free fitness - Fopt (1.133100000000e+02) | best noise-free fitness - Fopt | measured fitness | best measured fitness | x1 | x2...
1 +1.062607335e+03 +1.062607335e+03 +1.175917335e+03 +1.175917335e+03 +4.5121e+00 -1.0761e-01
3 +8.358620329e+02 +8.358620329e+02 +9.491720329e+02 +9.491720329e+02 +4.0933e+00 +5.8467e-01
18 +4.332028569e+02 +4.332028569e+02 +5.465128569e+02 +5.465128569e+02 +2.8418e+00 +1.6799e+00
19 +3.402976344e+02 +3.402976344e+02 +4.536076344e+02 +4.536076344e+02 +2.2670e+00 +1.8483e+00
23 +2.200473299e+02 +2.200473299e+02 +3.333573299e+02 +3.333573299e+02 +2.2982e+00 +2.3367e+00
24 +1.232607526e+02 +1.232607526e+02 +2.365707526e+02 +2.365707526e+02 +1.9587e+00 +2.6124e+00
27 +1.819016490e+01 +1.819016490e+01 +1.315001649e+02 +1.315001649e+02 +2.7268e+00 +3.4266e+00
30 +3.580382950e+00 +3.580382950e+00 +1.168903830e+02 +1.168903830e+02 +1.4437e+00 +2.9554e+00
844 +1.420109839e+00 +1.420109839e+00 +1.147301098e+02 +1.147301098e+02 +1.4730e+00 +2.9507e+00
959 +8.203714363e-01 +8.203714363e-01 +1.141303714e+02 +1.141303714e+02 +2.2205e+00 +3.1962e+00
1307 +6.238728402e-01 +6.238728402e-01 +1.139338728e+02 +1.139338728e+02 +1.9773e+00 +3.1174e+00
3584 +1.488971946e-01 +1.488971946e-01 +1.134588972e+02 +1.134588972e+02 +1.9870e+00 +3.1186e+00
25676 +2.013476604e-02 +2.013476604e-02 +1.133301348e+02 +1.133301348e+02 +2.2344e+00 +3.1974e+00
% function evaluation | noise-free fitness - Fopt (-3.000200000000e+02) | best noise-free fitness - Fopt | measured fitness | best measured fitness | x1 | x2...
1 +1.200513971e+03 +1.200513971e+03 +9.004939712e+02 +9.004939712e+02 -1.4937e+00 -3.1374e+00
18 +9.931025431e+02 +9.931025431e+02 +6.930825431e+02 +6.930825431e+02 -3.6076e-01 -2.5515e+00
20 +5.315277451e+02 +5.315277451e+02 +2.315077451e+02 +2.315077451e+02 -8.9880e-01 -1.0424e+00
24 +3.937326449e+02 +3.937326449e+02 +9.371264491e+01 +9.371264491e+01 -1.7593e+00 -5.3651e-01
25 +1.944841804e+02 +1.944841804e+02 -1.055358196e+02 -1.055358196e+02 -1.2716e+00 +6.4065e-02
26 +1.089992006e+02 +1.089992006e+02 -1.910207994e+02 -1.910207994e+02 -1.1212e+00 +1.0189e+00
28 +2.773929311e+00 +2.773929311e+00 -2.972460707e+02 -2.972460707e+02 -1.0013e+00 +6.5745e-01
816 +1.983460197e+00 +1.983460197e+00 -2.980365398e+02 -2.980365398e+02 -1.5036e+00 +6.9978e-01
959 +4.548294131e-01 +4.548294131e-01 -2.995651706e+02 -2.995651706e+02 -8.7125e-01 +6.5563e-01
2176 +2.323518578e-01 +2.323518578e-01 -2.997876481e+02 -2.997876481e+02 -3.0886e-01 +6.1345e-01
2611 +1.414645750e-01 +1.414645750e-01 -2.998785354e+02 -2.998785354e+02 -6.6871e-01 +6.4044e-01
8550 +9.799873446e-02 +9.799873446e-02 -2.999220013e+02 -2.999220013e+02 -7.3740e-02 +5.9688e-01
25414 +1.092585964e-02 +1.092585964e-02 -3.000090741e+02 -3.000090741e+02 -3.7439e-01 +6.1899e-01
% function evaluation | noise-free fitness - Fopt (4.471000000000e+01) | best noise-free fitness - Fopt | measured fitness | best measured fitness | x1 | x2...
1 +6.315901107e+02 +6.315901107e+02 +6.763001107e+02 +6.763001107e+02 -1.5901e+00 -7.2520e-01
2 +5.749376043e+02 +5.749376043e+02 +6.196476043e+02 +6.196476043e+02 -1.2359e+00 -8.5020e-01
8 +3.871564005e+02 +3.871564005e+02 +4.318664005e+02 +4.318664005e+02 -3.2404e-01 -3.1052e-01
9 +2.490263691e+02 +2.490263691e+02 +2.937363691e+02 +2.937363691e+02 +5.6459e-01 -3.1869e-01
10 +1.192777484e+02 +1.192777484e+02 +1.639877484e+02 +1.639877484e+02 +1.0393e+00 +5.8165e-01
15 +6.827202718e+01 +6.827202718e+01 +1.129820272e+02 +1.129820272e+02 +1.9256e+00 -3.8983e-01
16 +1.490186058e+01 +1.490186058e+01 +5.961186058e+01 +5.961186058e+01 +1.9988e+00 +2.1740e-01
21 +5.791146661e+00 +5.791146661e+00 +5.050114666e+01 +5.050114666e+01 +3.4444e+00 -1.7055e+00
71 +3.737564503e+00 +3.737564503e+00 +4.844756450e+01 +4.844756450e+01 +2.4772e+00 -4.1021e-01
121 +9.904457017e-01 +9.904457017e-01 +4.570044570e+01 +4.570044570e+01 +3.1214e+00 -1.2560e+00
4509 +6.074737679e-01 +6.074737679e-01 +4.531747377e+01 +4.531747377e+01 +3.0625e+00 -1.1848e+00
5205 +2.861634852e-01 +2.861634852e-01 +4.499616349e+01 +4.499616349e+01 +2.8118e+00 -8.4620e-01
6300 +7.297449924e-02 +7.297449924e-02 +4.478297450e+01 +4.478297450e+01 +2.8727e+00 -9.2928e-01
33463 +4.691280195e-02 +4.691280195e-02 +4.475691280e+01 +4.475691280e+01 +2.9266e+00 -1.0010e+00
% function evaluation | noise-free fitness - Fopt (-1.000000000000e+03) | best noise-free fitness - Fopt | measured fitness | best measured fitness | x1 | x2...
1 +9.716255930e+02 +9.716255930e+02 -2.837440700e+01 -2.837440700e+01 +4.6361e+00 +3.3493e+00
17 +4.709686715e+02 +4.709686715e+02 -5.290313285e+02 -5.290313285e+02 +2.2587e+00 +4.5045e+00
21 +3.698977070e+02 +3.698977070e+02 -6.301022930e+02 -6.301022930e+02 +1.2933e+00 +4.0129e+00
23 +1.936512945e+02 +1.936512945e+02 -8.063487055e+02 -8.063487055e+02 +3.2864e-02 +3.8292e+00
24 +6.383317131e+01 +6.383317131e+01 -9.361668287e+02 -9.361668287e+02 -8.3830e-01 +3.7936e+00
31 +2.690049591e+01 +2.690049591e+01 -9.730995041e+02 -9.730995041e+02 -1.8892e+00 +2.9911e+00
49 +1.675653129e+01 +1.675653129e+01 -9.832434687e+02 -9.832434687e+02 -1.4882e+00 +3.4542e+00
52 +1.405077354e+01 +1.405077354e+01 -9.859492265e+02 -9.859492265e+02 -1.1337e+00 +3.8477e+00
86 +5.476999414e+00 +5.476999414e+00 -9.945230006e+02 -9.945230006e+02 -1.9821e+00 +2.6707e+00
104 +2.315218519e+00 +2.315218519e+00 -9.976847815e+02 -9.976847815e+02 -2.3781e+00 +2.0628e+00
406 +1.158183816e+00 +1.158183816e+00 -9.988418162e+02 -9.988418162e+02 -2.3433e+00 +2.0833e+00
1564 +7.306693431e-02 +7.306693431e-02 -9.999269331e+02 -9.999269331e+02 -2.3310e+00 +2.1118e+00
% function evaluation | noise-free fitness - Fopt (3.042000000000e+02) | best noise-free fitness - Fopt | measured fitness | best measured fitness | x1 | x2...
1 +2.492529608e+02 +2.492529608e+02 +5.534529608e+02 +5.534529608e+02 +7.6632e-02 +4.6931e+00
38 +1.538428230e+02 +1.538428230e+02 +4.580428230e+02 +4.580428230e+02 +4.6731e-01 +1.8757e+00
44 +5.738738697e+01 +5.738738697e+01 +3.615873870e+02 +3.615873870e+02 -5.8438e-01 +3.1027e+00
46 +3.634545855e+01 +3.634545855e+01 +3.405454586e+02 +3.405454586e+02 -6.6578e-01 +2.9246e+00
140 +1.978015234e+01 +1.978015234e+01 +3.239801523e+02 +3.239801523e+02 -9.7015e-01 +2.9403e+00
146 +1.154210749e+01 +1.154210749e+01 +3.157421075e+02 +3.157421075e+02 -1.3570e+00 +3.0682e+00
184 +9.532802125e+00 +9.532802125e+00 +3.137328021e+02 +3.137328021e+02 -1.6866e+00 +3.2312e+00
288 +3.419768510e+00 +3.419768510e+00 +3.076197685e+02 +3.076197685e+02 -2.4099e+00 +3.4868e+00
401 +2.273485980e+00 +2.273485980e+00 +3.064734860e+02 +3.064734860e+02 -2.5079e+00 +3.5134e+00
692 +3.898387120e-01 +3.898387120e-01 +3.045898387e+02 +3.045898387e+02 -2.7050e+00 +3.5637e+00
15478 +2.166501061e-01 +2.166501061e-01 +3.044166501e+02 +3.044166501e+02 -2.7075e+00 +3.5662e+00
29038 +9.986961801e-02 +9.986961801e-02 +3.042998696e+02 +3.042998696e+02 -2.4674e+00 +3.4792e+00
45211 +1.311502540e-02 +1.311502540e-02 +3.042131150e+02 +3.042131150e+02 -2.5792e+00 +3.5195e+00
% function evaluation | noise-free fitness - Fopt (-1.046700000000e+02) | best noise-free fitness - Fopt | measured fitness | best measured fitness | x1 | x2...
1 +9.194379867e+02 +9.194379867e+02 +8.147679867e+02 +8.147679867e+02 -2.3549e+00 -4.0441e+00
31 +5.655603948e+02 +5.655603948e+02 +4.608903948e+02 +4.608903948e+02 -2.8532e-02 -1.7797e+00
62 +3.450421401e+02 +3.450421401e+02 +2.403721401e+02 +2.403721401e+02 -2.2213e+00 -8.9591e-01
65 +2.328695199e+02 +2.328695199e+02 +1.281995199e+02 +1.281995199e+02 -2.5026e+00 -2.5443e-01
67 +1.500477370e+02 +1.500477370e+02 +4.537773698e+01 +4.537773698e+01 -1.6226e+00 +5.6836e-01
71 +8.049154873e+01 +8.049154873e+01 -2.417845127e+01 -2.417845127e+01 -2.2496e+00 +8.5467e-01
79 +4.640915663e+01 +4.640915663e+01 -5.826084337e+01 -5.826084337e+01 -3.4539e+00 +1.3256e+00
80 +9.837539230e+00 +9.837539230e+00 -9.483246077e+01 -9.483246077e+01 -3.1992e+00 +1.0437e+00
92 +3.688192193e+00 +3.688192193e+00 -1.009818078e+02 -1.009818078e+02 -3.7510e+00 +9.2095e-01
124 +2.373275555e+00 +2.373275555e+00 -1.022967244e+02 -1.022967244e+02 -3.4081e+00 +1.0532e+00
388 +7.090776450e-01 +7.090776450e-01 -1.039609224e+02 -1.039609224e+02 -3.5026e+00 +1.0177e+00
889 +3.702789646e-01 +3.702789646e-01 -1.042997210e+02 -1.042997210e+02 -3.6330e+00 +9.8053e-01
4414 +1.919837503e-01 +1.919837503e-01 -1.044780162e+02 -1.044780162e+02 -3.7956e+00 +9.3183e-01
4715 +1.406866150e-01 +1.406866150e-01 -1.045293134e+02 -1.045293134e+02 -3.7032e+00 +9.5849e-01
5047 +9.256463715e-03 +9.256463715e-03 -1.046607435e+02 -1.046607435e+02 -3.7623e+00 +9.4250e-01
% function evaluation | noise-free fitness - Fopt (4.869500000000e+02) | best noise-free fitness - Fopt | measured fitness | best measured fitness | x1 | x2...
1 +1.397467214e+03 +1.397467214e+03 +1.884417214e+03 +1.884417214e+03 +4.5484e+00 -4.1844e+00
15 +8.979568408e+02 +8.979568408e+02 +1.384906841e+03 +1.384906841e+03 +1.9147e+00 -3.1860e+00
19 +6.260329446e+02 +6.260329446e+02 +1.112982945e+03 +1.112982945e+03 +1.1859e+00 -8.2556e-01
49 +3.432069458e+02 +3.432069458e+02 +8.301569458e+02 +8.301569458e+02 -7.5450e-01 +1.5755e+00
52 +2.050538687e+02 +2.050538687e+02 +6.920038687e+02 +6.920038687e+02 -2.0496e+00 +7.3870e-01
53 +1.541516672e+02 +1.541516672e+02 +6.411016672e+02 +6.411016672e+02 -2.5712e+00 +1.5942e+00
57 +4.499029437e+01 +4.499029437e+01 +5.319402944e+02 +5.319402944e+02 -3.7965e+00 +2.1484e+00
58 +1.386840384e+01 +1.386840384e+01 +5.008184038e+02 +5.008184038e+02 -3.9011e+00 +1.1608e+00
72 +1.178494373e+00 +1.178494373e+00 +4.881284944e+02 +4.881284944e+02 -3.9839e+00 -5.7721e-02
758 +4.021197373e-01 +4.021197373e-01 +4.873521197e+02 +4.873521197e+02 -3.9638e+00 +1.0114e-01
2791 +9.186217884e-02 +9.186217884e-02 +4.870418622e+02 +4.870418622e+02 -3.9742e+00 -6.1114e-02
4033 +4.267237210e-02 +4.267237210e-02 +4.869926724e+02 +4.869926724e+02 -3.9732e+00 -5.2897e-02
% function evaluation | noise-free fitness - Fopt (9.655000000000e+01) | best noise-free fitness - Fopt | measured fitness | best measured fitness | x1 | x2...
1 +1.559635607e+03 +1.559635607e+03 +1.656185607e+03 +1.656185607e+03 -4.0805e+00 +3.8129e+00
22 +9.209050404e+02 +9.209050404e+02 +1.017455040e+03 +1.017455040e+03 -2.9534e+00 -2.4062e-01
47 +4.719365076e+02 +4.719365076e+02 +5.684865076e+02 +5.684865076e+02 -1.0461e+00 -5.6005e-01
73 +2.331773643e+02 +2.331773643e+02 +3.297273643e+02 +3.297273643e+02 +1.1687e-02 -7.2026e-01
76 +1.109726569e+02 +1.109726569e+02 +2.075226569e+02 +2.075226569e+02 +7.9180e-01 +9.2988e-02
77 +6.640269246e+01 +6.640269246e+01 +1.629526925e+02 +1.629526925e+02 +1.2308e+00 +9.5977e-01
78 +3.845061285e+01 +3.845061285e+01 +1.350006129e+02 +1.350006129e+02 +1.5153e+00 +1.5204e+00
110 +2.059707487e+01 +2.059707487e+01 +1.171470749e+02 +1.171470749e+02 +1.6821e+00 +1.8204e+00
124 +1.032938192e+01 +1.032938192e+01 +1.068793819e+02 +1.068793819e+02 +1.7084e+00 +1.7500e+00
130 +7.744045592e+00 +7.744045592e+00 +1.042940456e+02 +1.042940456e+02 +1.6409e+00 +1.4701e+00
235 +4.446077305e+00 +4.446077305e+00 +1.009960773e+02 +1.009960773e+02 +1.8660e+00 +2.2015e+00
333 +3.542327256e+00 +3.542327256e+00 +1.000923273e+02 +1.000923273e+02 +1.9305e+00 +2.3504e+00
472 +1.046525444e+00 +1.046525444e+00 +9.759652544e+01 +9.759652544e+01 +2.0067e+00 +2.6172e+00
690 +6.730775729e-02 +6.730775729e-02 +9.661730776e+01 +9.661730776e+01 +2.2185e+00 +3.2985e+00
33436 +3.977329559e-02 +3.977329559e-02 +9.658977330e+01 +9.658977330e+01 +2.2501e+00 +3.3991e+00
40249 +2.082496375e-02 +2.082496375e-02 +9.657082496e+01 +9.657082496e+01 +2.1982e+00 +3.2330e+00
% function evaluation | noise-free fitness - Fopt (6.320000000000e+00) | best noise-free fitness - Fopt | measured fitness | best measured fitness | x1 | x2...
1 +6.001724211e+02 +6.001724211e+02 +6.064924211e+02 +6.064924211e+02 +9.7645e-01 -1.9455e+00
7 +2.752324786e+02 +2.752324786e+02 +2.815524786e+02 +2.815524786e+02 +1.6250e+00 -2.4952e-01
14 +5.068025540e+01 +5.068025540e+01 +5.700025540e+01 +5.700025540e+01 +2.5028e+00 +6.0152e-01
25 +1.511692482e+01 +1.511692482e+01 +2.143692482e+01 +2.143692482e+01 +3.3505e+00 -1.9578e+00
50 +6.892063122e+00 +6.892063122e+00 +1.321206312e+01 +1.321206312e+01 +2.7287e+00 -4.1857e-01
111 +5.033451055e+00 +5.033451055e+00 +1.135345106e+01 +1.135345106e+01 +3.0750e+00 -1.4288e+00
115 +1.327980124e+00 +1.327980124e+00 +7.647980124e+00 +7.647980124e+00 +3.0182e+00 -1.2233e+00
800 +4.537268006e-01 +4.537268006e-01 +6.773726801e+00 +6.773726801e+00 +3.2950e+00 -1.9648e+00
1534 +3.866978843e-01 +3.866978843e-01 +6.706697884e+00 +6.706697884e+00 +3.3277e+00 -2.0610e+00
3890 +2.220423135e-01 +2.220423135e-01 +6.542042314e+00 +6.542042314e+00 +3.3398e+00 -2.0917e+00
6921 +8.531657580e-02 +8.531657580e-02 +6.405316576e+00 +6.405316576e+00 +3.2090e+00 -1.7392e+00
14006 +5.173773944e-02 +5.173773944e-02 +6.371737739e+00 +6.371737739e+00 +3.3255e+00 -2.0509e+00
% function evaluation | noise-free fitness - Fopt (-1.275100000000e+02) | best noise-free fitness - Fopt | measured fitness | best measured fitness | x1 | x2...
1 +1.858678875e+03 +1.858678875e+03 +1.731168875e+03 +1.731168875e+03 +3.3622e+00 -4.0844e+00
4 +1.462619182e+03 +1.462619182e+03 +1.335109182e+03 +1.335109182e+03 +1.5039e+00 -4.2558e+00
6 +7.566609522e+02 +7.566609522e+02 +6.291509522e+02 +6.291509522e+02 +3.2573e-02 -2.5647e+00
19 +5.368117868e+02 +5.368117868e+02 +4.093017868e+02 +4.093017868e+02 +8.8713e-02 -1.4828e+00
25 +2.582530392e+02 +2.582530392e+02 +1.307430392e+02 +1.307430392e+02 -3.3434e-01 -6.4443e-01
31 +2.386817866e+02 +2.386817866e+02 +1.111717866e+02 +1.111717866e+02 -9.5024e-01 -1.2199e+00
34 +1.330350501e+02 +1.330350501e+02 +5.525050115e+00 +5.525050115e+00 -1.2129e+00 -1.0125e+00
35 +7.752203052e+01 +7.752203052e+01 -4.998796948e+01 -4.998796948e+01 -1.4505e+00 -4.0395e-01
43 +5.565437949e+01 +5.565437949e+01 -7.185562051e+01 -7.185562051e+01 +4.8912e-01 +1.2121e+00
48 +1.397172982e+01 +1.397172982e+01 -1.135382702e+02 -1.135382702e+02 -2.0044e+00 -1.3088e+00
85 +4.108792496e+00 +4.108792496e+00 -1.234012075e+02 -1.234012075e+02 -2.4130e+00 -1.6924e+00
259 +3.803128837e+00 +3.803128837e+00 -1.237068712e+02 -1.237068712e+02 -3.2096e+00 -2.5315e+00
280 +1.626586821e+00 +1.626586821e+00 -1.258834132e+02 -1.258834132e+02 -4.0817e+00 -3.4230e+00
302 +9.186805342e-01 +9.186805342e-01 -1.265913195e+02 -1.265913195e+02 -3.6551e+00 -2.9723e+00
1859 +4.733808923e-01 +4.733808923e-01 -1.270366191e+02 -1.270366191e+02 -3.7819e+00 -3.1052e+00
3221 +3.632276862e-01 +3.632276862e-01 -1.271467723e+02 -1.271467723e+02 -3.6803e+00 -3.0041e+00
3479 +1.976345760e-01 +1.976345760e-01 -1.273123654e+02 -1.273123654e+02 -3.6447e+00 -2.9650e+00
30401 +9.723421671e-02 +9.723421671e-02 -1.274127658e+02 -1.274127658e+02 -3.6560e+00 -2.9778e+00
% function evaluation | noise-free fitness - Fopt (8.328000000000e+02) | best noise-free fitness - Fopt | measured fitness | best measured fitness | x1 | x2...
1 +9.936627059e+02 +9.936627059e+02 +1.826462706e+03 +1.826462706e+03 -6.4719e-01 +4.0250e+00
21 +6.151836837e+02 +6.151836837e+02 +1.447983684e+03 +1.447983684e+03 -1.3502e+00 +2.2586e+00
23 +3.568917501e+02 +3.568917501e+02 +1.189691750e+03 +1.189691750e+03 -3.7475e-01 +1.8523e+00
31 +1.347819826e+02 +1.347819826e+02 +9.675819826e+02 +9.675819826e+02 -5.6557e-01 +9.3783e-01
32 +2.653149751e+01 +2.653149751e+01 +8.593314975e+02 +8.593314975e+02 -1.5445e+00 +7.3264e-05
37 +1.953368195e+01 +1.953368195e+01 +8.523336820e+02 +8.523336820e+02 -1.7571e+00 -2.7754e-01
54 +8.266740503e+00 +8.266740503e+00 +8.410667405e+02 +8.410667405e+02 -2.6563e+00 -6.9464e-01
855 +3.938754830e+00 +3.938754830e+00 +8.367387548e+02 +8.367387548e+02 -1.2378e+00 +8.8633e-02
1105 +2.004958390e+00 +2.004958390e+00 +8.348049584e+02 +8.348049584e+02 -1.8578e+00 -2.7170e-01
1652 +1.005349808e+00 +1.005349808e+00 +8.338053498e+02 +8.338053498e+02 -1.9990e+00 -3.4991e-01
1682 +5.545569997e-01 +5.545569997e-01 +8.333545570e+02 +8.333545570e+02 -2.7466e+00 -7.7445e-01
5456 +3.798717479e-01 +3.798717479e-01 +8.331798717e+02 +8.331798717e+02 -2.7188e+00 -7.5919e-01
7305 +2.328265656e-01 +2.328265656e-01 +8.330328266e+02 +8.330328266e+02 -3.1005e+00 -9.7903e-01
7939 +9.014558527e-02 +9.014558527e-02 +8.328901456e+02 +8.328901456e+02 -2.8538e+00 -8.3805e-01
36158 +5.913676780e-02 +5.913676780e-02 +8.328591368e+02 +8.328591368e+02 -2.7263e+00 -7.6508e-01
