% function evaluation | noise-free fitness - Fopt (9.294000000000e+01) | best noise-free fitness - Fopt | measured fitness | best measured fitness | x1 | x2...
1 +1.302861129e+03 +1.302861129e+03 +1.395801129e+03 +1.395801129e+03 +1.0162e+00 +5.4355e-01 +3.4216e-01 +1.4024e+00 +7.7903e-01 +4.0795e-01 +4.9656e-01 +4.5585e-01 +1.0457e+00 +7.2870e-01 +4.2413e-01 +6.2647e-01 +6.3651e-01 +2.4253e-01 -8.3005e-02 +5.7340e-01 +5.1932e-01 +6.8926e-01 +1.2033e+00 +4.4604e-01
57 +9.896727939e+02 +9.896727939e+02 +1.082612794e+03 +1.082612794e+03 +8.4806e-01 +2.4408e-01 +1.4520e-01 +7.9244e-01 +9.7055e-01 +8.6587e-01 +5.6442e-02 +1.0074e+00 +1.2843e+00 +7.5744e-01 -9.1215e-01 -5.8960e-01 +1.0517e+00 +2.6849e-01 +1.8429e-01 +4.8751e-01 +1.4054e+00 +9.2292e-01 +1.4934e+00 +5.5575e-01
107 +6.116400503e+02 +6.116400503e+02 +7.045800503e+02 +7.045800503e+02 +7.0578e-01 -4.2194e-02 +4.7866e-01 +1.4469e+00 +1.5079e+00 +1.6300e+00 +3.7745e-01 +1.4749e+00 +1.9404e+00 +4.6852e-01 -1.1482e+00 -1.2473e+00 +1.4563e+00 +4.5981e-01 +6.1194e-01 +7.4445e-02 +1.2982e+00 +2.5368e-01 +4.0488e-01 +5.3130e-02
168 +3.587516742e+02 +3.587516742e+02 +4.516916742e+02 +4.516916742e+02 +5.0540e-01 -5.1809e-01 +1.6385e-01 +2.9926e+00 +1.4191e+00 +1.9521e+00 +8.3610e-01 +1.9603e+00 +2.4931e+00 +9.4974e-01 -1.2937e+00 -1.6013e+00 +1.3024e+00 -1.7533e-01 +4.3631e-02 +7.3653e-01 +3.4280e+00 +2.4172e-01 +9.2774e-01 -3.3444e-01
195 +2.506605585e+02 +2.506605585e+02 +3.436005585e+02 +3.436005585e+02 +6.0659e-01 -5.7114e-01 -4.6932e-01 +1.5997e+00 +1.3122e+00 +2.8555e+00 -2.7360e-01 +2.1696e+00 +3.1643e+00 +1.4755e+00 -2.5809e+00 -3.3858e+00 +1.5443e-01 +9.3238e-01 +1.4173e+00 +5.1573e-01 +3.1931e+00 -2.4152e-01 +2.5006e-01 +2.5272e-01
245 +1.363037812e+02 +1.363037812e+02 +2.292437812e+02 +2.292437812e+02 +4.6451e-01 +8.0887e-01 -1.5969e-01 +1.9831e+00 +1.2207e+00 +3.3504e+00 -1.4602e-01 +5.2175e-01 +4.3746e+00 +2.6443e+00 -2.3730e+00 -2.7862e+00 +8.5167e-01 -1.8083e-01 +1.3035e+00 +1.2947e+00 +3.7373e+00 -4.1926e-01 +5.1096e-01 -8.7514e-02
306 +8.171717453e+01 +8.171717453e+01 +1.746571745e+02 +1.746571745e+02 -2.3672e-01 +5.7709e-01 +1.9195e+00 +3.4907e+00 +1.8404e+00 +4.3907e+00 +1.9656e-01 -3.6465e-01 +4.2001e+00 +2.8449e+00 -1.5907e+00 -2.4956e+00 +7.8207e-01 +2.5795e-01 +1.2942e+00 +6.5135e-02 +3.8438e+00 -1.7927e+00 +1.6133e+00 +2.0782e-01
320 +6.197770304e+01 +6.197770304e+01 +1.549177030e+02 +1.549177030e+02 +7.7336e-01 +7.0689e-01 +8.6059e-01 +2.1732e+00 +1.5306e+00 +3.7926e+00 +7.3854e-01 -1.0936e+00 +3.0389e+00 +2.8484e+00 -9.2626e-01 -2.5835e+00 -2.5279e-01 +1.5406e+00 +1.4797e+00 +1.4659e+00 +3.3854e+00 -2.1100e+00 +1.8695e+00 -4.1483e-01
376 +3.875981879e+01 +3.875981879e+01 +1.316998188e+02 +1.316998188e+02 +5.6154e-01 +1.1713e+00 +3.9807e-01 +1.2523e+00 +1.5771e+00 +4.6571e+00 +1.6452e+00 -1.4034e+00 +4.1360e+00 +3.2637e+00 -7.0391e-02 -2.7355e+00 +2.8385e-02 +1.8498e+00 +2.4256e+00 -1.2827e+00 +3.5994e+00 -3.2182e+00 +8.0713e-01 +7.1010e-01
719 +2.192353191e+01 +2.192353191e+01 +1.148635319e+02 +1.148635319e+02 -1.7294e-01 +1.4138e+00 -7.2275e-01 +2.0696e+00 +1.4813e+00 +4.2759e+00 +2.6414e+00 -1.1543e+00 +3.0028e+00 +2.6169e+00 -1.0842e+00 -4.2808e+00 +9.1917e-01 +1.4654e+00 +2.0726e+00 -7.5696e-02 +3.7512e+00 -2.7041e+00 -1.0361e-01 +5.5610e-02
1071 +1.461603507e+01 +1.461603507e+01 +1.075560351e+02 +1.075560351e+02 -9.8413e-01 +1.8028e+00 -1.0235e-01 +2.5822e+00 +2.0776e+00 +4.3771e+00 +3.0417e+00 -1.7775e+00 +3.1981e+00 +1.8258e+00 -9.9075e-01 -3.2697e+00 -3.0241e-01 +9.4733e-01 +1.9306e+00 +9.3915e-01 +3.8475e+00 -2.8093e+00 +7.2955e-01 +2.3830e-01
1235 +9.363140509e+00 +9.363140509e+00 +1.023031405e+02 +1.023031405e+02 -7.4406e-01 +1.5240e+00 -2.3078e-01 +2.7806e+00 +2.0412e+00 +4.7009e+00 +3.1772e+00 -1.5288e+00 +2.7468e+00 +2.1302e+00 -5.7553e-01 -3.5414e+00 -3.3042e-01 +1.1422e+00 +1.5928e+00 +1.0843e+00 +3.7243e+00 -2.6205e+00 +9.2355e-01 +5.7950e-01
% function evaluation | noise-free fitness - Fopt (3.535000000000e+01) | best noise-free fitness - Fopt | measured fitness | best measured fitness | x1 | x2...
1 +1.953057948e+03 +1.953057948e+03 +1.988407948e+03 +1.988407948e+03 +1.0162e+00 +5.4355e-01 +3.4216e-01 +1.4024e+00 +7.7903e-01 +4.0795e-01 +4.9656e-01 +4.5585e-01 +1.0457e+00 +7.2870e-01 +4.2413e-01 +6.2647e-01 +6.3651e-01 +2.4253e-01 -8.3005e-02 +5.7340e-01 +5.1932e-01 +6.8926e-01 +1.2033e+00 +4.4604e-01
32 +1.375364781e+03 +1.375364781e+03 +1.410714781e+03 +1.410714781e+03 +7.9610e-01 +1.1791e+00 +8.8010e-01 +1.7105e+00 +2.0848e-01 -1.8940e-01 +7.4900e-01 +3.1286e-01 +1.5244e+00 +5.5006e-01 -8.3561e-02 +9.1220e-01 +1.0896e+00 +1.3012e+00 -2.5292e-01 +2.9543e-01 +8.2472e-01 +3.7168e-01 +1.4907e+00 +1.1849e+00
62 +8.436468812e+02 +8.436468812e+02 +8.789968812e+02 +8.789968812e+02 +8.6218e-01 +6.1381e-01 +2.0024e+00 +1.8064e+00 +3.1331e-01 -3.1598e-01 +9.9876e-01 +8.5456e-01 +1.5374e+00 +3.8480e-01 -6.4861e-01 +7.9530e-01 +2.2345e+00 +1.2641e+00 -5.4989e-01 +9.1503e-01 +1.1114e+00 +5.2866e-01 +2.2731e+00 +1.1400e+00
99 +5.739365956e+02 +5.739365956e+02 +6.092865956e+02 +6.092865956e+02 +1.6265e+00 +1.3388e+00 +2.0667e+00 +2.5922e+00 +5.6739e-02 -9.2107e-01 +1.4795e+00 +1.2777e+00 +8.7580e-01 +6.1454e-01 -9.4090e-01 +6.8274e-01 +3.9756e+00 +1.7756e+00 -5.1739e-01 +4.4183e-01 +1.4703e+00 +1.1692e+00 +1.9957e+00 -6.0545e-02
110 +2.434081536e+02 +2.434081536e+02 +2.787581536e+02 +2.787581536e+02 +1.6583e+00 +2.9252e-02 +2.9960e+00 +1.2841e+00 -1.3718e+00 -1.1501e+00 +8.9719e-01 +1.6924e+00 +1.3147e+00 +3.4472e-01 -7.3494e-01 -1.0927e-01 +2.6669e+00 +2.0304e+00 +3.0150e-01 +1.3563e+00 +2.6390e+00 +6.2205e-01 +4.2357e+00 +8.5228e-01
153 +1.302751708e+02 +1.302751708e+02 +1.656251708e+02 +1.656251708e+02 +1.0854e-01 +8.2480e-01 +2.5970e+00 +1.2338e+00 -1.6711e-01 -1.5885e+00 +1.3563e+00 +2.0129e+00 +1.1090e+00 -1.1085e+00 -4.5870e-02 -9.1958e-01 +2.3316e+00 +2.8136e+00 -1.8098e+00 +2.9480e+00 +2.2830e+00 +9.1059e-01 +4.1194e+00 +9.9011e-01
158 +8.998178980e+01 +8.998178980e+01 +1.253317898e+02 +1.253317898e+02 +2.8415e+00 +2.1990e-01 +3.6727e+00 +1.5092e+00 -1.2905e-01 -1.8342e+00 +1.1744e+00 +2.7590e+00 +1.1621e+00 -8.8488e-01 -5.0767e-01 -6.3506e-01 +1.8913e+00 +3.2409e+00 -1.2778e+00 +2.6272e+00 +2.7744e+00 +1.8429e+00 +4.8913e+00 +1.3696e+00
269 +4.903127063e+01 +4.903127063e+01 +8.438127063e+01 +8.438127063e+01 +1.2127e+00 +6.7206e-01 +4.0226e+00 +2.5355e+00 -1.6449e+00 -1.5318e+00 +7.7695e-01 +6.2100e-01 +3.4898e-01 -1.4861e+00 -1.0488e+00 -7.0230e-01 +1.7986e+00 +2.0235e+00 -1.1158e+00 +3.3788e+00 +4.0980e+00 +2.0762e+00 +4.8126e+00 +2.4262e+00
369 +2.554852681e+01 +2.554852681e+01 +6.089852681e+01 +6.089852681e+01 +2.1573e+00 +1.4543e+00 +4.3683e+00 +1.3977e+00 -2.2799e+00 -2.6014e+00 +2.9154e+00 +9.5686e-02 +1.0003e+00 -5.2342e-01 -1.2097e+00 -7.0732e-01 +1.8900e+00 +3.2018e+00 -7.0228e-01 +3.5151e+00 +3.3948e+00 +2.8450e+00 +4.9102e+00 +2.8751e+00
409 +2.410060080e+01 +2.410060080e+01 +5.945060080e+01 +5.945060080e+01 +1.6384e+00 +6.7393e-01 +4.0273e+00 +1.1816e+00 -1.8587e+00 -3.9148e-01 +2.4480e+00 +9.8458e-01 -3.9641e-02 -1.6746e+00 -1.7951e-02 -1.1324e+00 +2.3653e+00 +4.3164e+00 -8.6663e-01 +2.1185e+00 +3.8772e+00 +2.3929e+00 +3.7162e+00 +2.4762e+00
534 +1.352860450e+01 +1.352860450e+01 +4.887860450e+01 +4.887860450e+01 +1.9011e+00 +1.2353e+00 +3.9256e+00 +5.3695e-01 -9.4542e-01 -9.7875e-01 +2.2448e+00 +1.6301e+00 +2.1666e-01 -1.1688e+00 -3.5919e-01 -1.5945e+00 +2.1555e+00 +4.3654e+00 -4.6678e-01 +2.5400e+00 +3.0613e+00 +1.5621e+00 +3.9779e+00 +2.4735e+00
913 +9.577955068e+00 +9.577955068e+00 +4.492795507e+01 +4.492795507e+01 +1.6654e+00 +1.2451e+00 +4.5110e+00 -1.1660e-01 -1.3439e+00 -1.9121e+00 +2.7802e+00 +1.3739e+00 +1.2889e+00 -3.6023e+00 -3.3828e-01 -1.8524e+00 +2.1744e+00 +3.7260e+00 +1.5133e-02 +3.9676e+00 +2.7966e+00 +2.1184e+00 +3.5421e+00 +3.6451e+00
1063 +5.894048297e+00 +5.894048297e+00 +4.124404830e+01 +4.124404830e+01 +1.1391e+00 +1.1792e+00 +4.4594e+00 -1.9768e-02 -1.4658e+00 -1.4878e+00 +2.4467e+00 +1.4568e+00 +1.5443e+00 -3.0806e+00 -3.6214e-01 -1.7284e+00 +2.0143e+00 +3.8017e+00 -2.6320e-01 +3.5654e+00 +2.9185e+00 +1.9445e+00 +4.0896e+00 +3.0386e+00
1321 +3.976788251e+00 +3.976788251e+00 +3.932678825e+01 +3.932678825e+01 +1.4511e+00 +1.7008e+00 +4.4831e+00 +2.7408e-01 -1.2794e+00 -1.2596e+00 +2.7430e+00 +1.5930e+00 +1.4253e+00 -2.7716e+00 -1.0011e-01 -1.9425e+00 +2.0883e+00 +3.7934e+00 -2.6078e-01 +3.6039e+00 +2.7101e+00 +1.4387e+00 +4.0786e+00 +3.3858e+00
1792 +2.497928094e+00 +2.497928094e+00 +3.784792809e+01 +3.784792809e+01 +1.2961e+00 +1.6521e+00 +4.4004e+00 +3.3564e-01 -1.1102e+00 -1.4895e+00 +2.5658e+00 +1.5918e+00 +1.3046e+00 -2.8853e+00 -4.2940e-01 -1.8060e+00 +2.0710e+00 +3.7935e+00 -2.3538e-01 +3.8481e+00 +2.7219e+00 +1.5758e+00 +4.2127e+00 +3.0299e+00
% function evaluation | noise-free fitness - Fopt (3.820000000000e+00) | best noise-free fitness - Fopt | measured fitness | best measured fitness | x1 | x2...
1 +8.672931681e+02 +8.672931681e+02 +8.711131681e+02 +8.711131681e+02 +1.0162e+00 +5.4355e-01 +3.4216e-01 +1.4024e+00 +7.7903e-01 +4.0795e-01 +4.9656e-01 +4.5585e-01 +1.0457e+00 +7.2870e-01 +4.2413e-01 +6.2647e-01 +6.3651e-01 +2.4253e-01 -8.3005e-02 +5.7340e-01 +5.1932e-01 +6.8926e-01 +1.2033e+00 +4.4604e-01
6 +6.172503132e+02 +6.172503132e+02 +6.210703132e+02 +6.210703132e+02 +1.6871e+00 +1.1534e+00 +5.4068e-01 +5.9592e-01 +4.9177e-01 +1.5800e-02 +6.0803e-01 +4.6352e-01 +1.1680e+00 +3.4934e-01 +5.1458e-02 +7.2352e-01 +4.8405e-01 +6.3777e-01 +8.8488e-01 +1.5193e-01 +2.1658e-02 +1.2540e+00 +8.9726e-01 +8.6977e-01
55 +3.895819464e+02 +3.895819464e+02 +3.934019464e+02 +3.934019464e+02 +1.3700e+00 +1.3008e+00 +1.6918e-01 +3.5854e-01 +6.3515e-01 +1.0423e-01 -3.9981e-01 +6.6088e-01 +2.5821e-01 +1.3280e+00 -1.5099e-01 +1.5358e+00 +6.4463e-01 -1.0976e-01 +1.2552e+00 +3.3541e-01 -2.8265e-02 +1.8598e+00 +5.2835e-01 +1.4947e+00
112 +2.495156584e+02 +2.495156584e+02 +2.533356584e+02 +2.533356584e+02 +1.5272e+00 +5.9619e-01 +5.8920e-01 -5.3683e-01 +5.4529e-01 -1.2134e-01 +7.7480e-02 +2.3628e-01 +3.9736e-01 +1.2928e+00 -1.8072e-01 +1.0740e+00 +5.2800e-01 -1.6106e+00 +1.6613e+00 +3.1946e-01 -4.6462e-01 +1.8238e+00 +1.3154e+00 +1.7236e+00
157 +1.352172493e+02 +1.352172493e+02 +1.390372493e+02 +1.390372493e+02 +2.1911e+00 +5.5177e-01 -2.3918e-01 -1.8511e+00 +3.1639e-01 +7.2990e-01 +1.2684e+00 -3.8046e-02 -3.5138e-01 +8.4866e-01 +5.0802e-01 +1.9115e+00 +5.7491e-01 -1.3247e+00 +2.2693e+00 +8.4600e-01 -7.3630e-01 +2.8487e+00 +1.1599e+00 +2.7800e+00
196 +7.994842714e+01 +7.994842714e+01 +8.376842714e+01 +8.376842714e+01 +1.2459e+00 +1.5111e-01 +6.0008e-01 -1.5995e+00 +1.4374e-01 +1.0572e+00 +9.4360e-01 -1.5583e-01 +4.9361e-02 +2.5884e-02 +8.4929e-01 +1.9430e+00 +1.1334e-01 -2.3196e+00 +7.8259e-01 -1.0937e-01 -2.0076e-01 +2.3487e+00 +8.4637e-01 +2.5856e+00
252 +5.847736000e+01 +5.847736000e+01 +6.229736000e+01 +6.229736000e+01 +2.0015e+00 +3.4727e-01 +3.9297e-01 -2.6717e+00 +1.0877e+00 +1.3907e+00 -3.6862e-01 -8.6463e-01 -8.0085e-01 -5.8888e-01 -3.4684e-01 +3.1022e+00 -4.1180e-01 -1.5596e+00 +9.8915e-01 +4.6273e-01 +5.9932e-01 +3.5723e+00 +4.9564e-01 +3.9987e+00
393 +3.288245820e+01 +3.288245820e+01 +3.670245820e+01 +3.670245820e+01 +3.2196e+00 +1.3518e+00 +1.3174e+00 -2.4806e+00 +1.1618e+00 +6.6530e-01 +6.4816e-01 -1.7654e+00 +4.1476e-01 -1.8002e+00 +5.6300e-01 +2.9853e+00 -1.5915e+00 -2.2399e+00 -9.4799e-01 -3.6387e-01 +9.0915e-01 +2.7778e+00 +1.4850e+00 +4.1784e+00
481 +2.343703401e+01 +2.343703401e+01 +2.725703401e+01 +2.725703401e+01 +2.5379e+00 +5.7905e-01 +5.6858e-01 -2.2904e+00 +9.2020e-01 +8.7301e-02 +1.5706e+00 -1.8925e+00 -4.1365e-01 -1.1088e+00 -2.4997e-01 +3.4354e+00 -1.6447e+00 -2.3958e+00 -1.2698e+00 +4.6349e-01 +1.1272e+00 +3.5673e+00 +1.7220e+00 +3.6516e+00
649 +1.535870148e+01 +1.535870148e+01 +1.917870148e+01 +1.917870148e+01 +3.0364e+00 +9.1602e-01 +1.1341e+00 -2.3500e+00 +9.2188e-01 +3.5756e-01 +9.3793e-01 -2.3031e+00 -5.0730e-01 -9.4726e-01 +3.9716e-01 +3.5858e+00 -8.2434e-01 -1.9857e+00 -1.6712e+00 +4.2381e-01 +1.7352e+00 +2.9021e+00 +1.8502e+00 +3.8436e+00
791 +9.481965212e+00 +9.481965212e+00 +1.330196521e+01 +1.330196521e+01 +3.6102e+00 +8.5278e-01 +5.7280e-01 -2.4833e+00 +5.4559e-01 +4.7220e-01 +7.2558e-01 -2.1717e+00 +3.4251e-01 -1.1204e+00 +1.4840e-01 +3.6056e+00 -1.2881e+00 -1.9835e+00 -8.6023e-01 +7.6236e-01 +2.1244e+00 +2.6928e+00 +1.9234e+00 +3.5828e+00
940 +5.924753128e+00 +5.924753128e+00 +9.744753128e+00 +9.744753128e+00 +3.8536e+00 +8.3552e-01 +8.6541e-01 -2.3526e+00 +5.2863e-01 +3.0294e-01 +8.8190e-01 -2.2239e+00 +4.5396e-01 -8.6542e-01 +3.7679e-01 +3.7383e+00 -1.2930e+00 -2.2707e+00 -9.1613e-01 +6.4578e-01 +2.1141e+00 +2.6247e+00 +1.6835e+00 +3.7208e+00
1507 +3.959875635e+00 +3.959875635e+00 +7.779875635e+00 +7.779875635e+00 +3.7502e+00 +1.0037e+00 +9.4472e-01 -2.6507e+00 +6.5553e-01 +5.1389e-01 +1.4765e+00 -2.5432e+00 +7.9097e-01 -6.6889e-01 +7.5949e-02 +3.8212e+00 -1.3091e+00 -2.3445e+00 -1.1385e+00 +2.6443e-01 +1.9074e+00 +2.3138e+00 +1.8158e+00 +3.9733e+00
% function evaluation | noise-free fitness - Fopt (2.175000000000e+01) | best noise-free fitness - Fopt | measured fitness | best measured fitness | x1 | x2...
1 +1.285597573e+03 +1.285597573e+03 +1.307347573e+03 +1.307347573e+03 +1.0162e+00 +5.4355e-01 +3.4216e-01 +1.4024e+00 +7.7903e-01 +4.0795e-01 +4.9656e-01 +4.5585e-01 +1.0457e+00 +7.2870e-01 +4.2413e-01 +6.2647e-01 +6.3651e-01 +2.4253e-01 -8.3005e-02 +5.7340e-01 +5.1932e-01 +6.8926e-01 +1.2033e+00 +4.4604e-01
3 +9.660065556e+02 +9.660065556e+02 +9.877565556e+02 +9.877565556e+02 +4.8800e-01 +9.1556e-01 +2.9274e-01 +1.2436e+00 +1.0956e+00 +1.2332e-01 -1.6898e-01 +3.2419e-01 +6.3903e-01 +1.6700e+00 -2.7067e-02 +1.1950e+00 +8.9944e-01 +7.5196e-01 +5.7083e-01 -2.7879e-01 -4.9515e-03 +1.0622e+00 +7.3899e-01 +9.0068e-01
76 +6.188010908e+02 +6.188010908e+02 +6.405510908e+02 +6.405510908e+02 +9.1427e-01 +1.0577e+00 -3.0026e-01 +1.5553e+00 +5.7354e-01 -4.6420e-01 -4.0080e-01 -9.3689e-02 -3.0792e-02 +2.3772e+00 +6.4349e-01 +7.5974e-01 +1.8916e+00 +7.6842e-01 -1.8140e-01 -9.9620e-01 +4.4121e-01 +1.2372e+00 +2.6459e-01 +6.9473e-01
102 +3.949664044e+02 +3.949664044e+02 +4.167164044e+02 +4.167164044e+02 +6.6659e-01 +9.5810e-01 -3.0949e-01 +1.6823e+00 +1.0150e+00 +4.8889e-02 +7.2622e-01 -1.1941e-01 +1.5251e+00 +2.3176e+00 +2.9310e-01 +7.4516e-01 +2.6556e+00 -7.5492e-02 +6.4724e-02 -1.2065e+00 +9.7159e-02 +3.5115e-01 -9.8359e-02 +8.9923e-01
125 +2.417112523e+02 +2.417112523e+02 +2.634612523e+02 +2.634612523e+02 +1.2345e+00 +5.6566e-01 +2.4681e-02 +8.5124e-01 +1.6454e+00 +7.0334e-02 +7.2021e-01 +7.6036e-02 +8.0572e-01 +3.1016e+00 +1.2482e+00 +5.6936e-01 +3.6363e+00 +3.2564e-01 +2.8277e-01 -2.2611e+00 +1.2154e-01 +5.6369e-02 -4.4214e-01 +1.0308e+00
147 +1.322964340e+02 +1.322964340e+02 +1.540464340e+02 +1.540464340e+02 +1.0249e+00 +1.0482e-01 -4.7311e-01 +2.2429e-01 +1.4865e+00 -8.0420e-01 +4.7160e-01 -1.0718e-01 +4.7571e-01 +4.4455e+00 +1.1458e+00 +2.0238e-01 +3.8291e+00 +1.3231e+00 +4.6042e-02 -2.4404e+00 +7.2212e-02 +1.4621e-01 -1.7403e+00 +8.9375e-01
174 +9.150752479e+01 +9.150752479e+01 +1.132575248e+02 +1.132575248e+02 +6.3393e-01 -4.8974e-02 -5.1825e-01 +1.7304e-01 +8.2727e-01 -2.3415e+00 +7.1680e-01 -4.9036e-01 +2.8875e-01 +3.4982e+00 +2.0859e+00 +4.6764e-02 +3.9744e+00 +1.1478e+00 +3.0284e-01 -2.9509e+00 +1.5047e-01 -4.1407e-01 -2.2276e+00 +6.7310e-01
344 +5.487403184e+01 +5.487403184e+01 +7.662403184e+01 +7.662403184e+01 +6.8162e-01 +7.3692e-01 -2.0417e+00 +1.4047e+00 +2.6278e-01 -1.8616e+00 +1.4895e+00 -1.0259e+00 -7.8460e-01 +2.8321e+00 +1.6774e+00 +4.2373e-01 +2.6253e+00 +8.1901e-01 -8.3352e-02 -3.7314e+00 -2.7790e-01 -4.5197e-01 -3.2001e+00 +8.0101e-01
463 +3.433176208e+01 +3.433176208e+01 +5.608176208e+01 +5.608176208e+01 +5.7737e-01 +8.4832e-01 -1.9611e+00 +6.2127e-01 +9.3019e-02 -1.5749e+00 +2.0379e+00 -1.6030e+00 -7.2778e-01 +3.1224e+00 +6.8290e-01 +1.2422e+00 +2.8061e+00 -7.9817e-04 -1.2808e-01 -3.5641e+00 -8.8285e-01 +3.7736e-01 -3.0772e+00 +1.1509e+00
708 +2.455921042e+01 +2.455921042e+01 +4.630921042e+01 +4.630921042e+01 +1.5438e+00 +1.2942e+00 -2.2217e+00 +1.1023e+00 -5.6249e-02 -1.2440e+00 +2.5278e+00 -9.5638e-01 +3.2767e-02 +3.4124e+00 +6.8863e-01 +1.3563e+00 +2.3604e+00 -1.3804e+00 +2.0027e-02 -3.6392e+00 -1.6286e+00 +5.3200e-01 -3.2560e+00 +1.3908e+00
1218 +1.565059828e+01 +1.565059828e+01 +3.740059828e+01 +3.740059828e+01 +1.1411e+00 +1.8155e+00 -1.5674e+00 +2.0905e+00 +4.1942e-01 -1.2895e+00 +3.2761e+00 +1.6454e-01 -1.6978e-01 +3.2632e+00 +5.6806e-01 +1.1963e+00 +2.4678e+00 -1.7365e+00 -7.4650e-01 -4.3051e+00 -2.2703e+00 -6.0775e-01 -3.2823e+00 +2.7387e-01
% function evaluation | noise-free fitness - Fopt (6.479000000000e+01) | best noise-free fitness - Fopt | measured fitness | best measured fitness | x1 | x2...
1 +1.054519297e+03 +1.054519297e+03 +1.119309297e+03 +1.119309297e+03 +1.0162e+00 +5.4355e-01 +3.4216e-01 +1.4024e+00 +7.7903e-01 +4.0795e-01 +4.9656e-01 +4.5585e-01 +1.0457e+00 +7.2870e-01 +4.2413e-01 +6.2647e-01 +6.3651e-01 +2.4253e-01 -8.3005e-02 +5.7340e-01 +5.1932e-01 +6.8926e-01 +1.2033e+00 +4.4604e-01
3 +9.187569294e+02 +9.187569294e+02 +9.835469294e+02 +9.835469294e+02 +4.8800e-01 +9.1556e-01 +2.9274e-01 +1.2436e+00 +1.0956e+00 +1.2332e-01 -1.6898e-01 +3.2419e-01 +6.3903e-01 +1.6700e+00 -2.7067e-02 +1.1950e+00 +8.9944e-01 +7.5196e-01 +5.7083e-01 -2.7879e-01 -4.9515e-03 +1.0622e+00 +7.3899e-01 +9.0068e-01
61 +6.156643261e+02 +6.156643261e+02 +6.804543261e+02 +6.804543261e+02 +1.0159e+00 +7.1166e-01 -7.8076e-01 +1.4205e+00 +5.0688e-01 -3.0570e-01 -1.0458e+00 +5.7533e-01 -3.1425e-01 +9.3623e-01 +6.1575e-01 +1.0285e+00 +1.7820e+00 +4.0495e-01 +1.0463e+00 +1.5351e-01 +1.4207e-01 +8.0470e-01 +5.3536e-01 +1.4286e+00
109 +3.401571582e+02 +3.401571582e+02 +4.049471582e+02 +4.049471582e+02 +1.0109e+00 +1.0142e+00 -5.7809e-01 +1.6608e+00 -6.5220e-01 -1.2469e+00 -1.7835e+00 +6.1478e-01 -1.0563e+00 +1.8083e+00 +3.6835e-01 +1.2173e+00 +1.8075e+00 +1.4308e+00 +9.5626e-01 -1.3519e-01 -1.3838e-01 +1.8140e-01 -2.0182e-01 +9.8745e-01
127 +2.218137375e+02 +2.218137375e+02 +2.866037375e+02 +2.866037375e+02 +1.0518e+00 +2.3842e-02 +8.8181e-01 +1.8997e+00 -5.8768e-02 -1.5823e+00 -2.5586e+00 +9.4058e-01 -1.1821e+00 +1.9992e+00 +9.3975e-01 +2.0011e+00 +1.2775e+00 +1.0839e+00 +3.6720e-02 +8.7178e-01 -8.1978e-02 +4.7259e-01 -9.8897e-01 +1.0270e+00
141 +1.305828420e+02 +1.305828420e+02 +1.953728420e+02 +1.953728420e+02 +1.8553e+00 +5.9223e-01 -6.1673e-01 +1.4307e+00 -3.3565e-01 -1.9019e+00 -2.7645e+00 +6.5054e-01 -2.0018e+00 +2.2456e+00 +1.6345e+00 +1.0005e+00 +1.1485e+00 +1.0951e+00 +6.9111e-01 +9.0006e-01 -5.9391e-01 +5.5203e-01 -8.9278e-01 +8.8982e-01
171 +9.833086969e+01 +9.833086969e+01 +1.631208697e+02 +1.631208697e+02 +1.4814e+00 +1.0049e-01 +4.5523e-01 +1.9277e+00 -1.5075e+00 -1.5875e+00 -3.9956e+00 +7.1999e-01 -9.3430e-01 +2.8282e+00 +1.5729e+00 +1.0816e+00 +9.1806e-02 +1.2442e+00 -5.5352e-01 +8.1389e-01 -3.2481e-01 +3.3311e-01 -7.8747e-01 +1.5653e+00
295 +6.141354091e+01 +6.141354091e+01 +1.262035409e+02 +1.262035409e+02 +6.6910e-01 -1.4283e+00 +5.4892e-01 +1.9277e+00 -1.6692e+00 -4.7486e+00 -3.7028e+00 +1.7003e+00 -1.8101e-01 +3.1796e+00 +2.2811e+00 -4.0715e-01 +1.8369e+00 +2.4001e+00 -9.4065e-01 +3.1453e+00 +2.5322e-01 +1.4636e+00 -8.9019e-02 +5.6847e-01
380 +3.873676044e+01 +3.873676044e+01 +1.035267604e+02 +1.035267604e+02 -1.3832e+00 -1.1959e+00 +3.1662e-01 +1.1526e+00 -2.4243e-01 -4.1853e+00 -3.7132e+00 +8.3119e-01 -1.3639e+00 +2.7365e+00 +1.9160e+00 -6.7373e-01 +1.8247e+00 +2.3183e+00 -7.1628e-01 +3.7504e+00 -6.3920e-01 -2.8546e-01 -1.3620e+00 -5.1926e-01
673 +2.265457167e+01 +2.265457167e+01 +8.744457167e+01 +8.744457167e+01 -1.2836e+00 -2.2378e+00 +5.8857e-01 +1.4863e+00 +9.2421e-03 -3.3260e+00 -3.7947e+00 +1.8260e+00 -1.6208e+00 +2.4014e+00 +2.7790e+00 -1.6424e+00 +7.0490e-01 +3.1660e+00 -5.8112e-01 +2.2026e+00 +7.8338e-01 +2.6489e-01 -1.7579e+00 -6.2385e-01
818 +1.526943313e+01 +1.526943313e+01 +8.005943313e+01 +8.005943313e+01 -1.7474e+00 -2.0619e+00 +6.0841e-01 +1.5856e+00 +9.3264e-01 -3.7347e+00 -3.5291e+00 +1.3758e+00 -1.5770e+00 +2.9928e+00 +2.5915e+00 -2.1539e+00 +1.3625e+00 +2.6216e+00 -5.1259e-01 +2.6576e+00 +7.9769e-02 +2.0622e-01 -1.5177e+00 -2.2369e-02
932 +9.559772035e+00 +9.559772035e+00 +7.434977204e+01 +7.434977204e+01 -1.3272e+00 -2.0619e+00 +6.6301e-01 +1.7865e+00 +2.1757e-01 -3.6393e+00 -3.2837e+00 +8.4143e-01 -2.1360e+00 +2.4994e+00 +2.9550e+00 -2.4757e+00 +1.7391e+00 +1.9984e+00 -9.2451e-01 +2.8801e+00 +4.9626e-01 +1.5197e-01 -1.2582e+00 -5.8837e-01
1276 +6.110319800e+00 +6.110319800e+00 +7.090031980e+01 +7.090031980e+01 -1.3982e+00 -1.7364e+00 +5.4606e-01 +1.7083e+00 +1.6372e-01 -3.2328e+00 -3.7794e+00 +5.3427e-01 -2.4202e+00 +2.6141e+00 +3.1277e+00 -2.0822e+00 +6.9124e-01 +1.5889e+00 -7.5652e-01 +3.0025e+00 +1.2066e-01 -1.2812e-01 -1.2550e+00 +1.5259e-01
1680 +3.952945003e+00 +3.952945003e+00 +6.874294500e+01 +6.874294500e+01 -1.5961e+00 -1.9583e+00 +4.0389e-01 +2.0083e+00 -3.7739e-02 -2.9627e+00 -3.5425e+00 +3.9191e-01 -2.7036e+00 +2.6237e+00 +3.1820e+00 -2.0118e+00 +7.1062e-01 +1.4255e+00 -1.0631e+00 +2.7990e+00 -2.2421e-01 -2.0546e-01 -1.2403e+00 +3.1651e-01
% function evaluation | noise-free fitness - Fopt (5.407000000000e+01) | best noise-free fitness - Fopt | measured fitness | best measured fitness | x1 | x2...
1 +2.348892585e+03 +2.348892585e+03 +2.402962585e+03 +2.402962585e+03 +1.0162e+00 +5.4355e-01 +3.4216e-01 +1.4024e+00 +7.7903e-01 +4.0795e-01 +4.9656e-01 +4.5585e-01 +1.0457e+00 +7.2870e-01 +4.2413e-01 +6.2647e-01 +6.3651e-01 +2.4253e-01 -8.3005e-02 +5.7340e-01 +5.1932e-01 +6.8926e-01 +1.2033e+00 +4.4604e-01
37 +1.297219897e+03 +1.297219897e+03 +1.351289897e+03 +1.351289897e+03 +7.3650e-01 +6.1620e-01 -8.9218e-02 +1.2904e+00 +1.9374e-01 +2.7937e-01 -5.7141e-02 +9.7381e-01 -9.4275e-02 +8.8857e-01 -1.0471e+00 +1.5203e+00 +8.9252e-01 +1.3037e+00 +6.9061e-01 -4.0578e-02 -1.1338e-02 +9.0211e-01 +6.8726e-01 -1.5726e-02
102 +9.775029520e+02 +9.775029520e+02 +1.031572952e+03 +1.031572952e+03 +1.2536e+00 +1.1642e+00 -4.0279e-01 +2.2822e+00 -2.5928e-01 -2.8312e-01 +4.5658e-01 +6.7165e-01 -4.6452e-01 +5.5410e-01 -1.0813e+00 +1.9689e+00 +8.4755e-01 +1.4273e+00 +4.4412e-01 -1.1858e+00 -6.5112e-02 +7.9446e-01 +5.0505e-01 -1.5671e-01
134 +5.487370769e+02 +5.487370769e+02 +6.028070769e+02 +6.028070769e+02 +3.1539e-01 +1.6952e-01 -1.6402e-01 +2.3054e+00 -8.9571e-01 -2.8633e-01 +4.5050e-01 +1.1963e+00 -1.1482e+00 -5.7324e-02 -2.6026e+00 +2.9031e+00 +5.5661e-01 +2.1526e+00 +4.0057e-01 -1.4674e+00 +2.4279e-02 +1.3135e+00 +4.9255e-01 -9.2132e-01
158 +3.387749467e+02 +3.387749467e+02 +3.928449467e+02 +3.928449467e+02 +4.8051e-01 +3.6182e-01 +2.9951e-01 +2.3374e+00 -1.3858e+00 -5.3559e-01 -8.3284e-01 +1.7435e+00 -1.9575e+00 +1.6590e-01 -3.3913e+00 +2.8553e+00 +8.3708e-01 +1.3749e+00 +7.3258e-01 -7.9177e-01 -3.5362e-01 +1.6140e+00 -1.6511e-02 -6.2592e-01
188 +1.735348327e+02 +1.735348327e+02 +2.276048327e+02 +2.276048327e+02 +5.9639e-01 -3.7702e-01 +6.6296e-03 +2.5105e+00 -1.9765e+00 +8.8353e-01 -1.6011e-01 +3.1495e+00 -2.5297e+00 -5.6999e-01 -3.5582e+00 +2.2950e+00 -5.0708e-01 +1.9472e+00 +1.0413e+00 -1.6879e+00 -1.6793e-01 +1.3332e+00 +1.7120e-01 -1.6395e+00
201 +8.788796158e+01 +8.788796158e+01 +1.419579616e+02 +1.419579616e+02 +4.2691e-01 -7.4994e-01 +1.5935e-01 +2.5768e+00 -2.4881e+00 -4.5500e-01 -4.2443e-01 +3.9594e+00 -2.8253e+00 -4.4135e-01 -3.7247e+00 +3.2104e+00 +3.4040e-01 +2.4590e+00 +7.7513e-01 -2.0930e+00 -2.4288e-01 +1.4909e+00 +2.4562e-01 -1.7423e+00
259 +6.060317541e+01 +6.060317541e+01 +1.146731754e+02 +1.146731754e+02 -4.6324e-01 -6.2122e-01 -1.1455e-01 +1.9820e+00 -1.9351e+00 -3.8372e-01 +3.0667e-01 +3.7460e+00 -3.3028e+00 -1.8300e+00 -3.1307e+00 +3.8999e+00 +1.8810e+00 +1.8028e+00 +2.0722e+00 -3.0380e+00 -6.1026e-01 +1.1905e+00 -5.9495e-01 -1.8162e+00
463 +2.102562928e+01 +2.102562928e+01 +7.509562928e+01 +7.509562928e+01 +4.7012e-01 -2.5800e+00 +1.9892e+00 +1.4944e+00 -3.1162e+00 -5.3352e-01 +2.2376e-01 +3.8254e+00 -3.5601e+00 -1.9323e+00 -3.5204e+00 +2.2160e+00 +2.3060e-01 +3.2681e+00 +3.5199e+00 -2.6135e+00 +6.7913e-01 +1.8223e+00 -9.4144e-01 -3.4142e+00
639 +1.424174362e+01 +1.424174362e+01 +6.831174362e+01 +6.831174362e+01 +5.0077e-01 -2.8502e+00 +1.6775e+00 +2.0380e+00 -2.6984e+00 -1.9202e-01 +3.4734e-01 +3.7091e+00 -3.9521e+00 -1.9318e+00 -2.1909e+00 +2.2662e+00 +1.6619e+00 +2.1604e+00 +3.4638e+00 -2.8731e+00 +5.2589e-01 +1.8330e+00 -9.9137e-01 -2.7090e+00
736 +8.344680168e+00 +8.344680168e+00 +6.241468017e+01 +6.241468017e+01 +9.3965e-01 -2.8877e+00 +1.6946e+00 +2.0801e+00 -3.0567e+00 +2.0616e-01 +1.0680e-01 +3.1476e+00 -4.4067e+00 -1.7313e+00 -2.6990e+00 +2.1532e+00 +1.0120e+00 +2.5774e+00 +3.7370e+00 -2.7568e+00 +9.1424e-01 +1.9088e+00 -1.3035e+00 -3.1976e+00
917 +6.306909143e+00 +6.306909143e+00 +6.037690914e+01 +6.037690914e+01 +6.7629e-01 -2.8226e+00 +1.9221e+00 +1.8742e+00 -2.8353e+00 +3.6836e-01 -2.9941e-01 +3.1831e+00 -4.2270e+00 -1.9650e+00 -3.0929e+00 +2.1233e+00 +1.2533e+00 +2.0101e+00 +3.9668e+00 -2.6806e+00 +7.3357e-01 +1.6345e+00 -1.6861e+00 -2.9309e+00
1355 +3.952672238e+00 +3.952672238e+00 +5.802267224e+01 +5.802267224e+01 +7.6045e-01 -2.9698e+00 +1.9021e+00 +2.0546e+00 -2.8035e+00 +8.3114e-01 -2.7761e-02 +2.9946e+00 -3.9522e+00 -2.1597e+00 -3.1664e+00 +1.7984e+00 +7.9744e-01 +1.9592e+00 +3.8712e+00 -2.8553e+00 +7.9199e-01 +1.5650e+00 -1.9807e+00 -2.6386e+00
% function evaluation | noise-free fitness - Fopt (-9.152000000000e+01) | best noise-free fitness - Fopt | measured fitness | best measured fitness | x1 | x2...
1 +8.893656894e+02 +8.893656894e+02 +7.978456894e+02 +7.978456894e+02 +1.0162e+00 +5.4355e-01 +3.4216e-01 +1.4024e+00 +7.7903e-01 +4.0795e-01 +4.9656e-01 +4.5585e-01 +1.0457e+00 +7.2870e-01 +4.2413e-01 +6.2647e-01 +6.3651e-01 +2.4253e-01 -8.3005e-02 +5.7340e-01 +5.1932e-01 +6.8926e-01 +1.2033e+00 +4.4604e-01
49 +6.216135856e+02 +6.216135856e+02 +5.300935856e+02 +5.300935856e+02 +3.9713e-01 -1.0445e-01 +1.0921e+00 +1.9847e+00 +1.3467e+00 +6.1318e-01 -2.3378e-01 +1.0087e-01 +1.2220e+00 +1.9271e+00 +8.7581e-01 +3.7428e-01 -5.9348e-03 +6.3800e-01 -5.5813e-02 +1.2246e+00 -1.2752e-01 +8.3236e-01 +5.2975e-01 -1.2009e-02
73 +3.934883171e+02 +3.934883171e+02 +3.019683171e+02 +3.019683171e+02 +1.0303e+00 -1.2067e-01 +1.0613e+00 +1.9500e+00 +1.8773e+00 +6.7577e-01 +1.7482e-01 -1.2961e-01 +4.7806e-01 +2.3698e+00 +5.2984e-01 +5.8704e-01 -1.5809e-01 +5.7380e-01 -1.2453e+00 +1.7267e+00 +1.0709e-01 +2.1591e+00 +1.3741e+00 -5.1527e-01
111 +2.414739454e+02 +2.414739454e+02 +1.499539454e+02 +1.499539454e+02 +3.6998e-01 -1.2355e-01 +1.3969e+00 +2.4421e+00 +1.8585e+00 +2.5410e+00 +6.6193e-01 -1.5963e-01 -6.1019e-01 +1.6611e+00 +4.6877e-01 -3.9089e-02 -1.4841e+00 +4.5157e-01 -1.4727e+00 +2.0212e+00 +1.4408e+00 +1.6908e+00 +2.0055e+00 -1.6738e-01
133 +1.501301144e+02 +1.501301144e+02 +5.861011445e+01 +5.861011445e+01 -1.5043e-01 +6.2558e-01 +1.1924e+00 +1.7484e+00 +2.9186e+00 +3.3455e+00 -4.5734e-01 +3.4121e-01 -7.7501e-01 +2.1783e+00 -1.3247e-01 -8.1983e-01 -2.6155e+00 +1.4770e+00 -1.5438e+00 +2.6005e+00 +6.1994e-01 +2.2854e+00 +1.8021e+00 -6.3233e-01
238 +7.655539220e+01 +7.655539220e+01 -1.496460780e+01 -1.496460780e+01 -2.4774e+00 +9.3332e-01 -1.8722e+00 +2.2914e+00 +2.1544e+00 +3.1466e+00 +2.2691e+00 +1.5783e+00 -2.1232e+00 +2.7451e+00 -8.4231e-01 -9.2756e-01 -2.3934e+00 +1.3286e+00 +2.1984e-01 +9.2221e-01 +6.0391e-01 +2.2775e+00 +2.8749e+00 -6.2065e-01
330 +5.365275794e+01 +5.365275794e+01 -3.786724206e+01 -3.786724206e+01 -2.5688e+00 +2.6656e+00 -2.4269e+00 +1.6320e+00 +2.4021e+00 +2.6888e+00 +1.7942e+00 -4.8428e-01 -3.3381e+00 +3.1033e+00 +3.5392e-01 +3.9676e-01 -4.7548e+00 +2.3798e+00 +6.8240e-02 -3.8020e-02 +1.8197e+00 +2.5983e+00 +2.4839e+00 +1.1793e+00
501 +2.952473559e+01 +2.952473559e+01 -6.199526441e+01 -6.199526441e+01 -1.5560e+00 +2.5512e+00 -8.2647e-01 +2.8914e+00 +2.5805e+00 +9.8874e-01 +3.6645e+00 +2.5449e-02 -1.3731e+00 +7.5110e-01 +6.3025e-01 +1.6380e+00 -4.2883e+00 +1.4078e+00 -2.6769e-02 +1.5658e+00 +4.9159e-01 +3.3696e+00 +3.3513e+00 +6.4284e-01
591 +2.324084493e+01 +2.324084493e+01 -6.827915507e+01 -6.827915507e+01 -1.8865e+00 +1.8969e+00 -1.1606e+00 +2.4165e+00 +2.4536e+00 +1.1267e+00 +3.7663e+00 +6.9073e-01 -1.7007e+00 +1.8025e+00 +2.4125e-01 +1.0033e+00 -3.4848e+00 +1.1335e+00 -2.4167e-01 +1.4361e+00 -5.9837e-01 +3.1590e+00 +2.8325e+00 +7.6448e-01
720 +1.545633335e+01 +1.545633335e+01 -7.606366665e+01 -7.606366665e+01 -1.9153e+00 +2.9217e+00 -1.4043e+00 +2.5683e+00 +2.8155e+00 +1.1207e+00 +3.4603e+00 +7.0342e-01 -1.5775e+00 +2.4092e+00 +7.4880e-01 +1.3357e+00 -3.7849e+00 +1.7451e+00 -1.0611e+00 +1.2333e+00 +3.2587e-01 +2.9274e+00 +2.7636e+00 -8.8219e-02
859 +9.258674213e+00 +9.258674213e+00 -8.226132579e+01 -8.226132579e+01 -1.7443e+00 +2.7522e+00 -1.4858e+00 +2.2928e+00 +2.7061e+00 +1.1551e+00 +3.7518e+00 +1.7715e+00 -2.0588e+00 +2.1807e+00 +9.0740e-01 +1.6428e+00 -4.1637e+00 +1.5069e+00 -1.4574e+00 +1.1071e+00 +5.3358e-01 +3.5300e+00 +3.2289e+00 -2.4863e-03
974 +5.728297460e+00 +5.728297460e+00 -8.579170254e+01 -8.579170254e+01 -2.1968e+00 +2.6052e+00 -1.5254e+00 +2.7079e+00 +2.3176e+00 +1.2970e+00 +3.6954e+00 +1.3581e+00 -2.1305e+00 +2.5609e+00 +6.9573e-01 +2.0653e+00 -4.0596e+00 +1.2535e+00 -5.4235e-01 +5.4172e-01 +5.2083e-01 +3.3826e+00 +2.9471e+00 -1.8164e-01
1242 +3.980634807e+00 +3.980634807e+00 -8.753936519e+01 -8.753936519e+01 -2.3606e+00 +2.5772e+00 -1.0869e+00 +2.7559e+00 +2.5875e+00 +9.2466e-01 +3.9581e+00 +1.5800e+00 -1.3310e+00 +2.2136e+00 +7.8168e-01 +1.9711e+00 -3.7955e+00 +8.1927e-01 -8.2316e-01 +9.1703e-01 +1.7746e-01 +3.6657e+00 +2.7344e+00 -6.0390e-01
% function evaluation | noise-free fitness - Fopt (2.263000000000e+01) | best noise-free fitness - Fopt | measured fitness | best measured fitness | x1 | x2...
1 +1.334691651e+03 +1.334691651e+03 +1.357321651e+03 +1.357321651e+03 +1.0162e+00 +5.4355e-01 +3.4216e-01 +1.4024e+00 +7.7903e-01 +4.0795e-01 +4.9656e-01 +4.5585e-01 +1.0457e+00 +7.2870e-01 +4.2413e-01 +6.2647e-01 +6.3651e-01 +2.4253e-01 -8.3005e-02 +5.7340e-01 +5.1932e-01 +6.8926e-01 +1.2033e+00 +4.4604e-01
41 +9.969578811e+02 +9.969578811e+02 +1.019587881e+03 +1.019587881e+03 +1.6710e+00 -2.1540e-03 +1.1382e+00 +9.8065e-01 +6.7316e-01 +4.3419e-02 +7.8138e-01 +4.4701e-01 +1.6220e+00 +1.0221e+00 -6.4842e-01 +8.7713e-01 +9.3967e-01 +1.0867e-01 +2.4972e-01 +4.8843e-01 +1.3499e+00 +6.1719e-01 +1.2197e+00 +5.2092e-01
97 +6.040111155e+02 +6.040111155e+02 +6.266411155e+02 +6.266411155e+02 +2.0981e+00 -6.9273e-01 +2.2219e+00 +9.1172e-01 +3.0427e-01 +9.4541e-02 +1.6744e+00 +1.3080e-01 +1.5864e+00 -3.5928e-02 +1.9165e-01 +8.8386e-01 +1.4693e+00 -1.3714e+00 +1.0271e+00 +4.4318e-01 +2.1917e+00 +3.8215e-01 +8.3229e-01 -2.4261e-01
128 +3.720113699e+02 +3.720113699e+02 +3.946413699e+02 +3.946413699e+02 +2.6029e+00 -2.3591e+00 +3.5556e+00 +1.0596e+00 +8.6897e-01 +1.5088e+00 +2.2329e+00 +1.4579e+00 +2.4250e+00 +1.8614e-01 -6.5831e-01 +8.5942e-01 +3.2194e-01 -1.2840e+00 +2.2932e+00 +1.4095e+00 +2.5715e+00 +1.2142e-01 +1.4231e+00 -1.2763e+00
148 +2.222303795e+02 +2.222303795e+02 +2.448603795e+02 +2.448603795e+02 +2.4875e+00 -2.3624e+00 +2.7242e+00 +1.7212e+00 +1.3609e+00 +1.3278e+00 +2.7609e+00 +8.2199e-01 +1.6849e+00 +5.2822e-02 -4.0528e-01 +8.6800e-01 +1.7017e+00 -1.1590e+00 +3.2002e+00 +2.7852e+00 +2.7542e+00 +6.5856e-02 -7.0626e-01 -8.1015e-01
211 +1.439607235e+02 +1.439607235e+02 +1.665907235e+02 +1.665907235e+02 +3.4740e+00 -3.6775e+00 +3.2029e+00 +1.9722e+00 +3.6973e+00 +1.0014e+00 +4.1120e+00 -1.9633e+00 +6.6454e-03 +1.8091e-01 +8.9094e-01 +1.2348e-01 +2.8580e+00 -1.5084e+00 +4.6487e+00 +1.7808e+00 +1.6059e+00 +1.1948e+00 -7.6341e-01 -1.0110e+00
314 +8.297869023e+01 +8.297869023e+01 +1.056086902e+02 +1.056086902e+02 +3.1188e+00 -3.8449e+00 +2.9773e+00 +1.0901e+00 +2.8848e+00 +3.1609e+00 +3.1925e+00 -6.6132e-01 +2.7459e+00 +1.0183e+00 +4.1128e+00 -1.1962e+00 +3.5353e+00 -2.4419e+00 +2.4410e+00 +2.7465e+00 +2.1022e+00 -1.4599e+00 -2.1214e+00 +1.6056e+00
435 +5.865673526e+01 +5.865673526e+01 +8.128673526e+01 +8.128673526e+01 +2.8523e+00 -5.4887e+00 +3.3577e+00 +1.7976e+00 +3.7449e+00 +3.6630e+00 +4.0366e+00 -7.1251e-01 +2.0696e+00 +2.9185e+00 +3.1906e+00 -8.8772e-01 +4.1913e+00 -2.7752e+00 +2.8810e+00 +4.8688e-01 +2.1545e+00 +8.3896e-01 -3.1266e+00 +2.2534e+00
495 +3.340704814e+01 +3.340704814e+01 +5.603704814e+01 +5.603704814e+01 +2.7191e+00 -4.7643e+00 +3.7661e+00 +1.6810e+00 +2.5772e+00 +3.8393e+00 +3.5348e+00 -1.0197e-02 +1.5355e+00 +2.6581e+00 +1.6976e+00 +1.6125e-01 +3.1898e+00 -3.4109e+00 +3.2541e+00 +2.8413e-01 +2.7423e+00 -1.3079e-01 -3.3493e+00 +2.7975e+00
537 +2.316534623e+01 +2.316534623e+01 +4.579534623e+01 +4.579534623e+01 +3.3349e+00 -4.7968e+00 +3.8900e+00 +1.8908e+00 +2.6950e+00 +3.7633e+00 +3.4248e+00 -5.0762e-01 +1.9863e+00 +2.5387e+00 +2.3430e+00 +3.6031e-01 +2.3735e+00 -4.0070e+00 +2.7933e+00 +1.4860e+00 +2.9878e+00 -3.6184e-01 -3.6157e+00 +2.3639e+00
726 +1.578769507e+01 +1.578769507e+01 +3.841769507e+01 +3.841769507e+01 +2.9425e+00 -4.2610e+00 +3.8189e+00 +2.2697e+00 +2.5091e+00 +3.1394e+00 +3.5236e+00 +1.9154e-01 +3.3432e+00 +2.3781e+00 +2.3886e+00 -1.6083e-01 +2.9882e+00 -4.6245e+00 +2.1175e+00 +1.4466e+00 +2.7106e+00 -1.2330e+00 -2.8735e+00 +2.9816e+00
898 +8.780695701e+00 +8.780695701e+00 +3.141069570e+01 +3.141069570e+01 +2.8120e+00 -4.3928e+00 +3.7492e+00 +1.8403e+00 +2.9057e+00 +3.0601e+00 +3.2326e+00 -1.7556e-01 +3.1019e+00 +2.3245e+00 +2.8420e+00 +5.1372e-01 +3.1129e+00 -3.6688e+00 +2.5629e+00 +1.3376e+00 +2.0145e+00 -8.1907e-01 -2.6573e+00 +2.7996e+00
946 +5.829316735e+00 +5.829316735e+00 +2.845931673e+01 +2.845931673e+01 +2.7152e+00 -4.2634e+00 +3.9216e+00 +1.5730e+00 +2.9286e+00 +3.3707e+00 +3.5906e+00 -2.0868e-02 +3.4437e+00 +2.3150e+00 +2.7145e+00 +4.0289e-01 +2.8875e+00 -3.8673e+00 +2.2131e+00 +1.3052e+00 +1.8106e+00 -1.1434e+00 -2.9665e+00 +3.1207e+00
1091 +3.945393477e+00 +3.945393477e+00 +2.657539348e+01 +2.657539348e+01 +2.5664e+00 -3.8657e+00 +3.6539e+00 +1.7303e+00 +3.1581e+00 +3.3555e+00 +3.5281e+00 -2.6166e-02 +3.4034e+00 +2.0349e+00 +2.7112e+00 +7.5578e-01 +2.8971e+00 -3.6272e+00 +2.3883e+00 +1.2062e+00 +1.7001e+00 -1.2081e+00 -2.9451e+00 +2.7256e+00
% function evaluation | noise-free fitness - Fopt (1.554000000000e+01) | best noise-free fitness - Fopt | measured fitness | best measured fitness | x1 | x2...
1 +1.114027686e+03 +1.114027686e+03 +1.129567686e+03 +1.129567686e+03 +1.0162e+00 +5.4355e-01 +3.4216e-01 +1.4024e+00 +7.7903e-01 +4.0795e-01 +4.9656e-01 +4.5585e-01 +1.0457e+00 +7.2870e-01 +4.2413e-01 +6.2647e-01 +6.3651e-01 +2.4253e-01 -8.3005e-02 +5.7340e-01 +5.1932e-01 +6.8926e-01 +1.2033e+00 +4.4604e-01
40 +9.946235666e+02 +9.946235666e+02 +1.010163567e+03 +1.010163567e+03 +6.0780e-01 +6.4439e-01 +6.6120e-01 +9.6027e-01 +5.4176e-01 -1.9831e-01 +3.1870e-01 +6.0313e-01 +1.1811e+00 +9.4315e-01 +3.1318e-01 +6.8097e-01 +8.0360e-01 +8.4336e-01 -5.6016e-02 +1.5226e-01 +3.9972e-01 +4.9579e-01 +9.7120e-01 +8.0428e-01
87 +6.246246972e+02 +6.246246972e+02 +6.401646972e+02 +6.401646972e+02 +9.2345e-02 +5.5030e-01 +1.0975e+00 +2.9629e-01 +3.9881e-01 -1.2155e-03 -1.7527e-01 +1.0283e+00 +6.3653e-01 +1.1613e-01 +1.7773e+00 +1.2005e+00 +6.8898e-01 +6.9075e-01 -9.7177e-01 +4.3916e-01 +2.3433e-01 +5.6445e-01 +4.1573e-01 +1.0498e+00
186 +3.564294510e+02 +3.564294510e+02 +3.719694510e+02 +3.719694510e+02 +2.2010e-01 -1.3548e-01 +1.6467e+00 -1.3776e+00 -1.3138e-01 -4.8179e-01 +1.5047e+00 +1.4535e+00 +1.5374e+00 +7.5454e-01 +3.8485e+00 +1.8528e+00 +8.9973e-01 +1.1927e+00 -1.5465e+00 -9.5130e-02 -1.1012e+00 -7.2041e-01 -5.1808e-01 -2.0223e-01
232 +2.476939403e+02 +2.476939403e+02 +2.632339403e+02 +2.632339403e+02 +7.0070e-01 +5.1134e-01 +1.9767e+00 -1.6090e+00 +1.4118e-01 +2.2851e-01 +6.5821e-01 +1.2813e+00 +1.4385e+00 -2.2062e-01 +2.4444e+00 +7.4057e-01 +9.5454e-01 +1.2473e+00 -3.3819e+00 -6.2778e-01 -1.2704e+00 -1.9779e+00 -1.3762e+00 +8.9373e-01
245 +1.448911647e+02 +1.448911647e+02 +1.604311647e+02 +1.604311647e+02 +4.6267e-01 -2.7703e-01 +2.1759e+00 -2.3518e+00 -1.0899e+00 -7.1688e-01 -1.9220e-01 +1.4972e+00 +2.0065e+00 -8.6164e-01 +2.7946e+00 -4.1540e-01 +1.2103e+00 -3.9764e-02 -2.7050e+00 -8.7613e-02 -1.0020e+00 -2.6788e+00 -5.6884e-01 +1.5972e+00
275 +9.932549537e+01 +9.932549537e+01 +1.148654954e+02 +1.148654954e+02 -6.8311e-01 -5.9432e-01 +2.2122e+00 -1.3479e+00 -1.0211e+00 -1.0231e+00 +9.5182e-01 +1.0291e+00 +4.1204e+00 -1.1299e+00 +2.7226e+00 -7.5460e-01 -1.8981e-01 +6.9856e-02 -2.0569e+00 +3.1997e-01 -1.3442e+00 -2.1566e+00 -2.0566e+00 +2.0776e+00
320 +4.482289408e+01 +4.482289408e+01 +6.036289408e+01 +6.036289408e+01 -9.0663e-01 +6.9318e-01 +2.5154e+00 -2.8352e+00 -1.8030e+00 -1.1373e+00 +1.2838e+00 +1.1992e+00 +3.7255e+00 -2.4751e+00 +3.5135e+00 -1.5126e+00 +1.2015e-01 +4.0524e-01 -3.5308e+00 -8.5110e-01 -1.3023e+00 -1.7758e+00 -1.2657e+00 +3.0993e+00
596 +3.960180348e+01 +3.960180348e+01 +5.514180348e+01 +5.514180348e+01 -1.3112e+00 +5.1555e-01 +2.1045e+00 -2.5105e+00 -1.1248e+00 -1.8040e+00 +2.9318e-01 +2.8272e+00 +3.7338e+00 -2.2325e+00 +3.6175e+00 -2.1054e+00 -7.8725e-01 +2.4538e-01 -3.1789e+00 -4.2550e-01 -1.7609e-01 -1.2491e+00 -1.3002e+00 +3.3492e+00
792 +2.460556805e+01 +2.460556805e+01 +4.014556805e+01 +4.014556805e+01 -1.1193e+00 -1.7082e-01 +1.9503e+00 -2.0628e+00 -1.3438e+00 -1.5339e+00 +6.4824e-01 +2.5910e+00 +3.9878e+00 -2.6601e+00 +3.4359e+00 -1.8289e+00 -7.9080e-01 +4.5647e-02 -3.8342e+00 -4.1742e-01 -6.2332e-01 -1.4447e+00 -1.8125e+00 +3.2981e+00
1513 +1.563877204e+01 +1.563877204e+01 +3.117877204e+01 +3.117877204e+01 -6.2413e-01 -1.9439e-01 +1.6239e+00 -4.8698e-01 -2.2733e+00 -1.4380e+00 +3.0860e-01 +2.5512e+00 +3.8164e+00 -3.1334e+00 +3.8867e+00 -1.6723e+00 -9.8586e-01 +3.1824e-01 -4.2097e+00 -9.3736e-01 -8.9155e-01 -1.2512e+00 -1.7308e+00 +2.6737e+00
% function evaluation | noise-free fitness - Fopt (-3.765100000000e+02) | best noise-free fitness - Fopt | measured fitness | best measured fitness | x1 | x2...
1 +1.904732219e+03 +1.904732219e+03 +1.528222219e+03 +1.528222219e+03 +1.0162e+00 +5.4355e-01 +3.4216e-01 +1.4024e+00 +7.7903e-01 +4.0795e-01 +4.9656e-01 +4.5585e-01 +1.0457e+00 +7.2870e-01 +4.2413e-01 +6.2647e-01 +6.3651e-01 +2.4253e-01 -8.3005e-02 +5.7340e-01 +5.1932e-01 +6.8926e-01 +1.2033e+00 +4.4604e-01
37 +1.544132062e+03 +1.544132062e+03 +1.167622062e+03 +1.167622062e+03 +5.7928e-01 +1.6140e+00 +6.8528e-01 +1.1269e+00 +4.1887e-01 +1.1978e-01 +1.1329e+00 -1.4914e-02 +8.4277e-01 +1.1001e+00 +2.6158e-01 +8.8473e-01 +6.7234e-01 -4.8464e-03 +8.9712e-02 +4.3082e-01 +8.7658e-01 +2.1639e-01 +6.6459e-01 +1.7286e-01
115 +9.123487940e+02 +9.123487940e+02 +5.358387940e+02 +5.358387940e+02 -1.8668e-02 +1.9421e+00 +9.1035e-01 +4.0152e-01 -6.5187e-02 +1.4391e+00 +1.6996e+00 -7.8264e-01 -4.6788e-01 +1.2526e+00 +7.8547e-01 +2.2242e-02 -1.1273e-02 +1.0658e+00 -5.0597e-02 -1.7686e-01 +4.9501e-01 +2.8990e-01 +1.0423e+00 +8.7451e-01
128 +6.046147621e+02 +6.046147621e+02 +2.281047621e+02 +2.281047621e+02 +1.2653e-01 +2.7103e+00 +9.2153e-01 -2.6779e-01 -2.6876e-01 +1.6402e+00 +2.2822e+00 -1.9562e+00 -4.0350e-01 +5.6895e-01 +4.3329e-01 -5.1123e-01 +2.0360e-01 +2.0244e+00 -1.6030e-01 -5.5039e-01 +7.9891e-01 +1.9681e-01 +7.7877e-01 -7.5189e-01
154 +3.799837677e+02 +3.799837677e+02 +3.473767748e+00 +3.473767748e+00 +7.2495e-02 +3.3809e+00 +5.0807e-01 +1.3072e+00 -1.6297e-01 +1.3162e+00 +2.4641e+00 -1.6639e+00 -5.9443e-01 +7.0016e-02 +1.2248e+00 -1.3962e+00 -5.3716e-01 +1.4945e+00 +3.9403e-01 -8.7822e-01 +1.2366e+00 +2.6505e-01 +4.0614e-01 -2.3076e+00
170 +2.490628063e+02 +2.490628063e+02 -1.274471937e+02 -1.274471937e+02 -3.9937e-01 +2.6806e+00 +1.3352e+00 +1.7140e+00 -2.3110e-01 +1.2905e+00 +2.8659e+00 -2.1481e+00 -8.3391e-01 +7.6791e-01 +1.1388e+00 -2.0134e+00 -1.1392e+00 +1.3183e+00 -2.5898e-02 -1.9232e+00 +1.7069e+00 +1.2609e+00 +1.6947e-01 -3.2989e+00
211 +1.499051725e+02 +1.499051725e+02 -2.266048275e+02 -2.266048275e+02 -1.8135e+00 +4.4063e+00 +2.5100e+00 +1.0095e+00 +2.3163e-01 +4.8110e-01 +2.5740e+00 -2.7890e+00 -4.7063e-01 -8.2364e-01 +1.6878e+00 -6.1997e-01 -4.8072e-01 +1.4202e+00 +3.8864e-01 +5.4468e-01 +2.4992e+00 +1.0285e+00 -8.7024e-01 -3.2083e+00
269 +8.070585467e+01 +8.070585467e+01 -2.958041453e+02 -2.958041453e+02 -1.7431e+00 +2.9228e+00 +1.8429e+00 -8.6191e-02 -8.7023e-01 +4.6042e-01 +2.6228e+00 -5.3721e+00 +2.7560e-01 -8.9391e-02 +1.5873e+00 -1.8059e+00 -5.5497e-03 +2.4571e-01 +1.3972e+00 -5.0433e-01 +2.9236e+00 +1.5778e+00 -1.0631e+00 -3.3932e+00
463 +5.649460020e+01 +5.649460020e+01 -3.200153998e+02 -3.200153998e+02 -3.1474e+00 +9.8278e-01 +2.3567e+00 +4.4770e-01 -8.2918e-01 +1.5313e+00 +1.3759e+00 -7.0367e+00 -4.1695e-01 -3.6179e-01 +2.0448e+00 -2.2815e+00 -1.3579e+00 -3.9337e-01 +7.0744e-01 +1.2008e+00 +4.2832e+00 +1.8488e+00 -1.6017e+00 -3.2243e+00
637 +3.368340380e+01 +3.368340380e+01 -3.428265962e+02 -3.428265962e+02 -2.7143e+00 +1.7476e+00 +2.8502e+00 +6.3244e-01 +5.9098e-01 +1.3294e+00 +1.8784e+00 -6.9214e+00 -5.9181e-01 +1.5034e-01 +2.0656e+00 -1.9707e+00 -9.5650e-01 -9.3567e-01 +6.0398e-02 +1.3864e+00 +3.5835e+00 +2.4887e+00 -6.0142e-01 -3.7585e+00
806 +2.444399762e+01 +2.444399762e+01 -3.520660024e+02 -3.520660024e+02 -2.6657e+00 +1.6832e+00 +2.5827e+00 +1.0151e+00 -3.1470e-02 +8.1756e-01 +1.5635e+00 -6.1223e+00 -1.0123e+00 +1.6710e-02 +1.7584e+00 -1.9492e+00 -9.2965e-01 -1.4963e-01 +3.8037e-01 +1.5317e+00 +2.6393e+00 +2.4372e+00 -1.8062e+00 -4.0084e+00
1160 +1.442944224e+01 +1.442944224e+01 -3.620805578e+02 -3.620805578e+02 -3.0669e+00 +1.7754e+00 +2.4699e+00 +8.9796e-01 +9.2779e-01 +5.3672e-01 +1.9278e+00 -5.5864e+00 -9.1958e-01 -1.2740e-01 +1.7273e+00 -2.6729e+00 -1.1773e+00 +4.6407e-02 +1.0676e+00 +8.3227e-01 +2.9291e+00 +2.8552e+00 -1.5269e+00 -3.9123e+00
1353 +9.540979815e+00 +9.540979815e+00 -3.669690202e+02 -3.669690202e+02 -2.6932e+00 +1.6215e+00 +2.5167e+00 +9.4889e-01 +1.0456e+00 +3.8900e-01 +2.1950e+00 -5.6324e+00 -7.7407e-01 -4.1248e-01 +1.7521e+00 -2.7414e+00 -7.7823e-01 -7.8792e-02 +9.2577e-01 +6.8940e-01 +2.9619e+00 +2.9170e+00 -1.6128e+00 -3.7004e+00
% function evaluation | noise-free fitness - Fopt (3.960400000000e+02) | best noise-free fitness - Fopt | measured fitness | best measured fitness | x1 | x2...
1 +7.424033782e+02 +7.424033782e+02 +1.138443378e+03 +1.138443378e+03 +1.0162e+00 +5.4355e-01 +3.4216e-01 +1.4024e+00 +7.7903e-01 +4.0795e-01 +4.9656e-01 +4.5585e-01 +1.0457e+00 +7.2870e-01 +4.2413e-01 +6.2647e-01 +6.3651e-01 +2.4253e-01 -8.3005e-02 +5.7340e-01 +5.1932e-01 +6.8926e-01 +1.2033e+00 +4.4604e-01
7 +5.798539681e+02 +5.798539681e+02 +9.758939681e+02 +9.758939681e+02 +8.2159e-01 +8.2719e-01 -3.9808e-01 +8.2768e-01 +3.8295e-01 -1.9622e-01 -6.8422e-02 +3.8681e-01 +3.5672e-01 +1.2542e+00 +3.1363e-01 +9.6458e-01 +9.4674e-01 +2.4593e-01 +1.1059e+00 +1.0192e-01 +2.0740e-01 +1.3212e+00 +7.2478e-01 +7.8278e-01
57 +3.822153473e+02 +3.822153473e+02 +7.782553473e+02 +7.782553473e+02 +8.2527e-01 +5.2114e-01 -8.8494e-01 +1.5818e+00 +8.4663e-01 -3.4590e-01 -7.6574e-01 +5.6411e-01 +8.1439e-01 +1.2112e+00 +4.9899e-02 +1.2335e+00 +1.3006e+00 -5.4844e-01 +6.7557e-01 +6.6285e-01 +4.2840e-01 +1.0301e+00 +6.1756e-01 +7.4543e-01
128 +2.076749871e+02 +2.076749871e+02 +6.037149871e+02 +6.037149871e+02 +1.4636e+00 +1.2466e+00 -3.2052e+00 +1.7936e+00 +3.8533e-01 -5.0857e-01 -1.8132e+00 +9.0147e-01 +4.4255e-01 +2.0501e+00 -2.2303e-01 +2.9917e+00 +2.6126e+00 -1.1375e+00 +5.0483e-01 +7.2486e-01 +1.3257e+00 +1.3680e+00 -2.8155e-02 +1.7427e+00
160 +1.504783274e+02 +1.504783274e+02 +5.465183274e+02 +5.465183274e+02 +1.9797e+00 +9.5445e-01 -2.2010e+00 +2.1957e+00 -2.1097e-01 -1.4725e-01 -2.0627e+00 +9.6962e-01 -5.0989e-01 +1.6800e+00 -4.6092e-01 +3.0079e+00 +2.1969e+00 -1.6261e+00 +6.4799e-01 +7.6585e-01 +1.8543e+00 +1.1409e+00 -2.1033e-01 +1.9844e+00
275 +9.705424171e+01 +9.705424171e+01 +4.930942417e+02 +4.930942417e+02 +7.9801e-01 -7.1864e-01 -1.1505e+00 +3.4935e+00 -3.8111e-01 +3.5921e-01 -1.6397e+00 +1.1153e+00 +1.4210e+00 +1.2075e+00 +2.8083e-01 +2.7095e+00 +1.5807e+00 -2.9792e+00 +2.5096e-01 +1.3156e+00 +8.6400e-01 +2.2524e+00 -8.6424e-01 +1.2178e+00
385 +5.663850533e+01 +5.663850533e+01 +4.526785053e+02 +4.526785053e+02 +4.6675e-01 -1.0187e+00 -1.1464e+00 +3.2187e+00 -2.5699e+00 +1.3545e+00 -1.8245e+00 +1.8357e+00 +8.1044e-01 +1.7958e+00 -1.4471e-01 +2.0475e+00 +9.6867e-01 -2.0503e+00 +1.5267e+00 +8.7046e-01 +9.3986e-01 +2.4921e+00 -1.4291e+00 +2.5636e+00
547 +3.419670725e+01 +3.419670725e+01 +4.302367073e+02 +4.302367073e+02 -6.8189e-01 -2.2207e+00 -9.7920e-01 +3.7182e+00 -3.1966e+00 +1.1221e+00 -1.6682e+00 +1.8979e+00 +1.4343e+00 +8.6439e-01 +2.9917e-01 +1.9616e+00 +1.5209e+00 -1.8665e+00 +1.4443e+00 +5.9601e-01 +1.1648e+00 +3.0973e+00 -1.1297e+00 +3.5411e+00
638 +2.021176022e+01 +2.021176022e+01 +4.162517602e+02 +4.162517602e+02 -1.0958e+00 -4.0068e+00 -1.3167e+00 +3.2073e+00 -3.0922e+00 +1.0087e+00 -2.3600e+00 +2.2981e+00 +1.3902e+00 +2.0258e+00 -3.6681e-01 +1.5751e+00 +1.3857e+00 -1.3495e+00 +9.7300e-01 +8.7927e-01 +9.1140e-01 +3.9926e+00 -1.6814e+00 +3.4609e+00
909 +1.537707543e+01 +1.537707543e+01 +4.114170754e+02 +4.114170754e+02 -9.2349e-01 -4.0483e+00 -1.6830e+00 +3.6449e+00 -3.7700e+00 +1.4248e+00 -2.4900e+00 +2.8402e+00 +1.1584e+00 +1.2804e+00 -1.4317e+00 +7.4783e-01 +1.4059e+00 -1.8821e+00 +6.9925e-01 +4.0214e-02 +1.5931e+00 +2.9354e+00 -2.4134e+00 +3.1278e+00
1153 +9.303517444e+00 +9.303517444e+00 +4.053435174e+02 +4.053435174e+02 -1.0236e+00 -3.9878e+00 -1.3320e+00 +3.9363e+00 -4.1193e+00 +1.2894e+00 -2.3270e+00 +3.1032e+00 +1.5632e+00 +1.1287e+00 -1.5705e+00 +9.0350e-01 +1.6754e+00 -1.4760e+00 +8.8415e-01 +5.2718e-01 +1.2554e+00 +3.6158e+00 -2.3871e+00 +3.3486e+00
% function evaluation | noise-free fitness - Fopt (1.281100000000e+02) | best noise-free fitness - Fopt | measured fitness | best measured fitness | x1 | x2...
1 +3.475464818e+02 +3.475464818e+02 +4.756564818e+02 +4.756564818e+02 +1.0162e+00 +5.4355e-01 +3.4216e-01 +1.4024e+00 +7.7903e-01 +4.0795e-01 +4.9656e-01 +4.5585e-01 +1.0457e+00 +7.2870e-01 +4.2413e-01 +6.2647e-01 +6.3651e-01 +2.4253e-01 -8.3005e-02 +5.7340e-01 +5.1932e-01 +6.8926e-01 +1.2033e+00 +4.4604e-01
3 +2.400921687e+02 +2.400921687e+02 +3.682021687e+02 +3.682021687e+02 +4.8800e-01 +9.1556e-01 +2.9274e-01 +1.2436e+00 +1.0956e+00 +1.2332e-01 -1.6898e-01 +3.2419e-01 +6.3903e-01 +1.6700e+00 -2.7067e-02 +1.1950e+00 +8.9944e-01 +7.5196e-01 +5.7083e-01 -2.7879e-01 -4.9515e-03 +1.0622e+00 +7.3899e-01 +9.0068e-01
36 +1.510417911e+02 +1.510417911e+02 +2.791517911e+02 +2.791517911e+02 +4.1969e-01 +5.5920e-01 -7.6594e-01 +1.3612e+00 +1.2399e+00 +1.6922e-01 -4.1104e-01 +4.7990e-01 +6.6951e-01 +1.1757e+00 -4.6476e-01 +9.1200e-01 +7.0509e-01 +8.9832e-01 +1.2852e+00 +4.7997e-01 +7.0514e-01 +1.0343e+00 -9.1088e-02 +6.4354e-01
69 +9.815433924e+01 +9.815433924e+01 +2.262643392e+02 +2.262643392e+02 -5.7981e-01 +6.0944e-01 -3.7145e-01 +1.7926e+00 +1.3636e+00 +5.3648e-01 -5.1947e-01 +2.7700e-01 +1.7017e-01 +1.7985e+00 -6.8482e-01 +5.9816e-01 +1.0497e-01 +1.6515e+00 +1.5327e+00 +6.6437e-01 +5.9794e-01 +1.9453e+00 +8.6766e-01 +5.6416e-01
105 +5.998478328e+01 +5.998478328e+01 +1.880947833e+02 +1.880947833e+02 -6.1058e-01 +9.2247e-01 -7.9330e-01 +1.4738e+00 +8.0432e-01 +6.0741e-01 -5.6130e-01 +5.0411e-02 -7.7930e-01 +1.6406e+00 -7.9232e-01 +5.5107e-02 -8.5576e-02 +2.0268e+00 +1.2329e+00 +8.3267e-01 +1.0613e+00 +1.7180e+00 +9.1839e-01 +2.4790e-01
136 +3.831944118e+01 +3.831944118e+01 +1.664294412e+02 +1.664294412e+02 +3.4450e-01 -2.5256e-01 -1.6733e+00 +4.9825e-01 +2.0164e+00 +8.1019e-01 -6.3072e-01 -5.2260e-01 -1.4787e+00 +2.3284e+00 +5.1811e-02 +3.4768e-01 +1.6931e-01 +2.0491e+00 +1.1645e+00 +1.8252e+00 +9.4609e-01 +1.8164e+00 +1.6827e+00 +2.8227e-01
478 +2.464719070e+01 +2.464719070e+01 +1.527571907e+02 +1.527571907e+02 -1.6885e+00 +2.9104e-01 -2.0380e+00 +9.5605e-02 +1.6368e+00 +2.1833e+00 -1.3648e+00 -1.1280e+00 -1.8157e+00 +1.2448e+00 +4.2861e-01 +6.1333e-01 +5.9071e-01 +2.4006e+00 +5.7106e-01 +1.3408e+00 +2.3121e+00 +1.0836e+00 +1.4002e+00 +1.1403e+00
728 +1.569171106e+01 +1.569171106e+01 +1.438017111e+02 +1.438017111e+02 -1.7875e+00 +9.4245e-02 -1.7037e+00 +5.5345e-01 +1.3818e+00 +2.6180e+00 -1.7442e+00 -1.5349e+00 -1.7537e+00 +1.8300e+00 +1.0895e-01 +3.3068e-01 +4.5549e-01 +2.2558e+00 +3.7339e-01 +1.5942e+00 +2.4141e+00 +1.4607e+00 +1.2355e+00 +9.9565e-01
% function evaluation | noise-free fitness - Fopt (-2.923500000000e+02) | best noise-free fitness - Fopt | measured fitness | best measured fitness | x1 | x2...
1 +7.004572146e+02 +7.004572146e+02 +4.081072146e+02 +4.081072146e+02 +1.0162e+00 +5.4355e-01 +3.4216e-01 +1.4024e+00 +7.7903e-01 +4.0795e-01 +4.9656e-01 +4.5585e-01 +1.0457e+00 +7.2870e-01 +4.2413e-01 +6.2647e-01 +6.3651e-01 +2.4253e-01 -8.3005e-02 +5.7340e-01 +5.1932e-01 +6.8926e-01 +1.2033e+00 +4.4604e-01
13 +6.171959063e+02 +6.171959063e+02 +3.248459063e+02 +3.248459063e+02 +5.0336e-01 +4.6658e-01 +4.2163e-01 +1.1405e+00 +2.7403e-01 +1.1331e-01 +1.8409e-01 +4.7185e-01 +1.2149e+00 +7.0891e-01 +4.4559e-01 +1.4305e+00 +7.8732e-01 +7.9098e-01 +7.5997e-01 -4.4772e-01 +5.4837e-01 +4.9992e-01 +1.1144e+00 +8.5796e-01
73 +3.752535460e+02 +3.752535460e+02 +8.290354595e+01 +8.290354595e+01 +1.0391e+00 +8.5237e-01 +2.8595e-02 +2.1573e+00 +3.7127e-01 -1.1410e+00 -1.7495e-01 +1.1617e+00 +1.6313e+00 -2.4342e-01 +4.8850e-01 +1.6574e+00 +9.6313e-01 +1.2017e+00 -2.9560e-02 -6.2156e-01 +3.6771e-01 +2.4405e-01 +2.4494e+00 +8.4747e-01
130 +2.333607330e+02 +2.333607330e+02 -5.898926703e+01 -5.898926703e+01 +4.6697e-01 +2.9202e-01 +6.8022e-01 +2.3530e+00 +9.5630e-01 -8.9597e-01 -3.0175e-02 +2.0034e-01 +3.3699e-01 -9.1272e-01 +8.5629e-01 +1.3198e+00 +3.0355e-01 +6.9118e-01 -6.2228e-01 -9.2853e-01 +1.1266e+00 -5.4157e-01 +1.4565e+00 +1.1021e+00
170 +1.438434892e+02 +1.438434892e+02 -1.485065108e+02 -1.485065108e+02 +4.9382e-01 +2.0133e-01 +4.0061e-02 +3.0998e+00 +1.2080e+00 -3.1517e+00 +2.4225e-01 -1.7113e-01 +5.4304e-01 -2.0337e+00 +1.8406e+00 +3.3794e+00 +9.0926e-01 -1.7578e-01 +1.0189e-01 -9.5660e-01 -4.6362e-01 -2.9452e-01 +1.6342e+00 -1.3968e-01
243 +8.122660067e+01 +8.122660067e+01 -2.111233993e+02 -2.111233993e+02 -1.8237e-03 -8.8064e-01 +1.5374e+00 +5.0216e+00 +2.2614e+00 -2.6860e+00 -1.8963e+00 +8.8037e-02 +8.8867e-01 -2.1426e+00 +1.9535e+00 +4.0909e+00 +1.0926e+00 +5.0984e-01 +3.9137e-01 +5.4021e-01 -2.5325e-01 +2.4555e+00 +1.6951e+00 +1.1541e+00
366 +4.808307980e+01 +4.808307980e+01 -2.442669202e+02 -2.442669202e+02 -1.4165e-01 -1.3547e+00 +6.7599e-01 +3.4145e+00 +2.3993e+00 -1.8429e+00 -3.2614e+00 +1.7025e+00 +9.7153e-01 -1.6002e+00 +3.8690e+00 +2.4152e+00 +1.0328e+00 +3.0166e-02 -1.3762e+00 +1.0637e+00 +6.2983e-01 +1.4003e+00 +1.4057e+00 +3.8647e-01
516 +3.922605188e+01 +3.922605188e+01 -2.531239481e+02 -2.531239481e+02 -6.7732e-01 -2.6658e+00 +2.7301e+00 +3.6741e+00 +2.0160e+00 -2.4714e+00 -2.5866e+00 +1.2460e+00 +6.0160e-01 -2.8747e+00 +3.6842e+00 +3.6177e+00 +1.4538e+00 +1.4463e+00 -2.3232e+00 -9.0416e-01 +1.1923e+00 +1.6441e+00 +2.6457e-01 -4.4030e-01
756 +2.440950733e+01 +2.440950733e+01 -2.679404927e+02 -2.679404927e+02 -5.6312e-01 -2.0725e+00 +1.9675e+00 +3.1787e+00 +1.8503e+00 -1.4171e+00 -2.9150e+00 +7.4564e-01 +7.3565e-01 -2.6564e+00 +3.1344e+00 +3.9343e+00 +1.5151e+00 +1.1034e+00 -2.1457e+00 -4.3814e-01 -7.2586e-02 +1.9451e+00 +1.0926e+00 -5.0109e-01
951 +1.529231136e+01 +1.529231136e+01 -2.770576886e+02 -2.770576886e+02 -5.6004e-01 -3.0885e+00 +2.0776e+00 +2.6399e+00 +2.1210e+00 -1.9181e+00 -2.4774e+00 +6.7774e-01 +3.1425e-02 -2.3430e+00 +2.7660e+00 +3.9247e+00 +1.1500e+00 +2.0721e+00 -2.6050e+00 -9.7941e-01 +5.7746e-01 +1.5724e+00 +8.9717e-01 -9.4610e-01
1078 +9.350271398e+00 +9.350271398e+00 -2.829997286e+02 -2.829997286e+02 -1.0052e+00 -2.8380e+00 +2.2328e+00 +2.5459e+00 +2.2061e+00 -1.6265e+00 -2.7472e+00 +6.3049e-01 -1.3394e-04 -2.2462e+00 +2.9591e+00 +3.8948e+00 +9.2612e-01 +2.2479e+00 -2.3774e+00 -6.7451e-01 +6.1538e-01 +1.7735e+00 +7.7279e-01 -1.1698e+00
% function evaluation | noise-free fitness - Fopt (3.110100000000e+02) | best noise-free fitness - Fopt | measured fitness | best measured fitness | x1 | x2...
1 +1.198432491e+03 +1.198432491e+03 +1.509442491e+03 +1.509442491e+03 +1.0162e+00 +5.4355e-01 +3.4216e-01 +1.4024e+00 +7.7903e-01 +4.0795e-01 +4.9656e-01 +4.5585e-01 +1.0457e+00 +7.2870e-01 +4.2413e-01 +6.2647e-01 +6.3651e-01 +2.4253e-01 -8.3005e-02 +5.7340e-01 +5.1932e-01 +6.8926e-01 +1.2033e+00 +4.4604e-01
17 +9.226836144e+02 +9.226836144e+02 +1.233693614e+03 +1.233693614e+03 +6.8126e-01 +3.8084e-01 -2.9914e-01 +6.6479e-01 +1.2375e+00 +4.5368e-02 +1.9509e-01 +7.4727e-01 +1.2182e+00 +1.0606e+00 -7.7943e-01 +1.0857e+00 +8.4063e-01 +1.8863e-01 +1.0023e+00 -5.7559e-04 +6.5015e-01 +9.4913e-01 +5.3877e-01 +1.0526e+00
76 +6.173605828e+02 +6.173605828e+02 +9.283705828e+02 +9.283705828e+02 -1.9800e-02 +4.9115e-01 -1.0690e+00 +9.9276e-01 +2.6473e+00 +1.2278e-01 +9.6977e-01 +1.3368e+00 +1.3346e+00 +7.4632e-01 -1.0352e+00 +6.4697e-01 -4.5518e-01 -2.7039e-01 +2.5514e+00 -4.0782e-01 +1.2833e+00 +1.6599e+00 -6.1654e-01 +7.0111e-01
101 +3.453202805e+02 +3.453202805e+02 +6.563302805e+02 +6.563302805e+02 +4.7420e-01 -1.6890e-01 -4.7599e-01 +7.6654e-01 +2.1430e+00 -4.8661e-01 +8.5533e-01 +1.4290e+00 +5.3064e-01 +4.0197e-01 -9.6208e-01 +6.3870e-01 -9.9940e-01 -1.7672e+00 +1.5278e+00 +5.8423e-01 +2.3332e+00 +2.0072e+00 -7.2177e-01 +6.0995e-01
160 +2.445689941e+02 +2.445689941e+02 +5.555789941e+02 +5.555789941e+02 +1.1563e+00 -9.5003e-01 -5.3487e-01 +7.9296e-01 +3.3746e+00 +5.5283e-02 +1.4839e+00 +1.2381e+00 +1.4824e-01 +1.4476e+00 -1.9410e+00 +2.0774e+00 -2.1321e+00 -2.5031e+00 +1.5905e+00 +1.1041e+00 +2.1929e+00 +1.2487e+00 -3.0959e+00 +1.1067e+00
351 +1.379438468e+02 +1.379438468e+02 +4.489538468e+02 +4.489538468e+02 -1.7939e+00 -4.1109e+00 -1.3634e+00 +1.9993e+00 +4.0531e+00 +5.0591e-01 +3.2240e+00 +2.1394e-02 -1.0686e+00 +2.7561e-01 -2.1808e+00 +2.5257e+00 -1.6237e+00 -2.6372e+00 +1.2779e+00 -2.3583e+00 +1.6755e+00 -2.1938e+00 -2.5175e+00 +1.3762e+00
406 +9.879043626e+01 +9.879043626e+01 +4.098004363e+02 +4.098004363e+02 -2.1225e+00 -4.4924e+00 -7.8045e-01 +7.6839e-01 +3.8413e+00 +1.2867e+00 +3.4141e+00 +1.3171e+00 +1.1897e+00 -4.0865e-01 -2.4734e+00 +3.0253e+00 -4.3724e+00 -3.7283e+00 +1.8653e+00 -7.1553e-01 +2.3147e+00 -1.6012e+00 -2.0840e+00 -5.5897e-02
497 +6.227656969e+01 +6.227656969e+01 +3.732865697e+02 +3.732865697e+02 -1.0497e+00 -3.4956e+00 -2.3571e+00 +1.7574e+00 +4.4539e+00 +1.2952e+00 +3.4655e+00 +2.8254e+00 -1.8065e-01 -1.5628e+00 -1.3872e+00 +4.2608e+00 -3.1910e+00 -3.1494e+00 +4.4775e-01 -5.1097e-01 +6.7416e-01 -1.9517e+00 -2.5766e+00 +1.0702e+00
622 +3.957262439e+01 +3.957262439e+01 +3.505826244e+02 +3.505826244e+02 -1.8387e+00 -3.5751e+00 -1.6164e+00 +9.9076e-01 +4.9371e+00 +1.3915e+00 +3.4510e+00 +2.7647e+00 -8.4319e-01 -1.7439e+00 -9.4698e-01 +4.0265e+00 -3.7079e+00 -3.1744e+00 +2.3414e-01 -5.7097e-01 +1.0239e+00 -3.6336e+00 -2.9069e+00 +9.0700e-01
882 +2.393829252e+01 +2.393829252e+01 +3.349482925e+02 +3.349482925e+02 -1.3039e+00 -3.2817e+00 -2.0590e+00 +3.2747e-01 +4.5524e+00 +7.7935e-01 +2.0164e+00 +2.3784e+00 +4.8245e-01 -1.8814e+00 -9.1295e-01 +2.8642e+00 -5.0807e+00 -3.7426e+00 +2.9439e-01 +1.2026e+00 +1.1989e+00 -4.0485e+00 -2.0690e+00 +9.1510e-01
1165 +1.515065053e+01 +1.515065053e+01 +3.261606505e+02 +3.261606505e+02 -1.5636e+00 -3.1179e+00 -2.3864e+00 +3.0552e-01 +3.8311e+00 +1.0944e+00 +1.7702e+00 +2.8745e+00 +4.1471e-01 -1.6735e+00 -7.5244e-01 +2.7660e+00 -4.5028e+00 -3.6982e+00 -4.3205e-01 +1.9323e+00 +1.8801e+00 -3.6760e+00 -2.2067e+00 +1.0884e+00
% function evaluation | noise-free fitness - Fopt (-8.051800000000e+02) | best noise-free fitness - Fopt | measured fitness | best measured fitness | x1 | x2...
1 +1.037780972e+03 +1.037780972e+03 +2.326009724e+02 +2.326009724e+02 +1.0162e+00 +5.4355e-01 +3.4216e-01 +1.4024e+00 +7.7903e-01 +4.0795e-01 +4.9656e-01 +4.5585e-01 +1.0457e+00 +7.2870e-01 +4.2413e-01 +6.2647e-01 +6.3651e-01 +2.4253e-01 -8.3005e-02 +5.7340e-01 +5.1932e-01 +6.8926e-01 +1.2033e+00 +4.4604e-01
4 +9.532237866e+02 +9.532237866e+02 +1.480437866e+02 +1.480437866e+02 +1.2405e+00 +9.9327e-01 +1.8633e-01 +1.3897e+00 +3.9102e-01 +3.0653e-01 +5.2902e-01 +4.7377e-01 +1.0222e+00 +6.1514e-01 -1.8677e-01 +1.0021e+00 +1.1738e+00 +1.2610e+00 +6.0021e-01 +1.9809e-01 +3.9701e-01 +3.3583e-01 +6.6052e-01 +4.2109e-01
71 +5.918218182e+02 +5.918218182e+02 -2.133581818e+02 -2.133581818e+02 +1.0134e+00 +1.5409e-01 -9.2447e-02 +6.4510e-01 +9.1854e-01 -1.8245e-01 +2.9238e-01 +1.4086e+00 +6.9627e-01 +8.3630e-01 +1.2939e+00 +1.3335e+00 +9.4370e-01 -2.1263e-01 +1.2783e+00 +7.1304e-01 -2.3428e-01 +1.3134e+00 -2.1832e-01 +1.2452e+00
103 +3.750715658e+02 +3.750715658e+02 -4.301084342e+02 -4.301084342e+02 +1.5129e+00 -8.8407e-01 -7.8401e-01 +2.6126e-01 +6.2285e-01 -3.6259e-01 -5.5777e-01 +2.1399e+00 +1.6999e+00 +9.7722e-01 +1.4014e+00 +8.8859e-01 +6.1601e-01 -2.0501e-01 +3.9113e-01 +7.3344e-01 -4.2217e-01 +3.5975e-01 -1.8339e-01 +7.5437e-01
147 +2.197025409e+02 +2.197025409e+02 -5.854774591e+02 -5.854774591e+02 +1.5929e+00 -1.5657e+00 -5.7968e-01 +6.5864e-01 -4.2714e-01 -5.1556e-02 -3.2016e-01 +2.4375e+00 +2.0271e+00 -1.7833e-01 +2.3165e+00 +1.1086e+00 +7.5607e-01 +4.1679e-01 +1.1978e+00 +2.5722e+00 -1.5973e-01 +3.4106e-01 -6.1472e-01 -5.6649e-02
201 +1.547689945e+02 +1.547689945e+02 -6.504110055e+02 -6.504110055e+02 +1.7871e+00 -2.7646e+00 -1.3759e-02 +2.4964e-01 +1.2493e+00 +8.1609e-01 -3.5183e-01 +2.8487e+00 +3.5654e+00 +6.9795e-01 +2.4343e+00 +8.0534e-01 +8.4029e-01 -3.3364e-01 +1.3595e+00 +2.1438e+00 -1.7637e+00 +2.4005e-01 -7.4467e-01 +1.6237e-01
269 +9.211190916e+01 +9.211190916e+01 -7.130680908e+02 -7.130680908e+02 +2.0371e+00 -1.5675e+00 +2.9908e-01 +5.7693e-02 +1.3824e+00 -8.1559e-01 -5.9121e-01 +2.6393e+00 +3.1748e+00 +8.2841e-02 +2.3673e+00 -1.2915e-02 +1.1300e+00 +4.5711e-01 +1.5117e+00 +2.1456e+00 -2.4241e+00 +9.5298e-01 -1.6351e+00 +3.7575e-01
337 +6.026617181e+01 +6.026617181e+01 -7.449138282e+02 -7.449138282e+02 +2.3109e+00 -2.3695e+00 +4.3315e-01 +7.0906e-01 +2.0534e+00 -8.4719e-01 -7.4240e-01 +3.0679e+00 +2.4276e+00 +7.7787e-01 +3.1231e+00 -1.3949e+00 -1.4140e-01 +1.2456e+00 +3.0951e+00 +1.8078e+00 -2.1965e+00 +3.4803e-01 -1.7722e+00 -8.4895e-01
485 +3.167005352e+01 +3.167005352e+01 -7.735099465e+02 -7.735099465e+02 +2.5157e+00 -2.9004e+00 -4.5641e-01 +2.2833e-01 +2.1875e+00 -4.3258e-01 -2.9394e-01 +2.3058e+00 +1.7581e+00 +1.7967e+00 +1.9048e+00 -9.8066e-01 -4.6419e-01 -1.1359e+00 +3.2682e+00 +1.7959e+00 -2.4335e+00 +3.9007e-01 -2.8400e+00 -9.0724e-01
518 +2.426991120e+01 +2.426991120e+01 -7.809100888e+02 -7.809100888e+02 +2.4028e+00 -3.7201e+00 -3.6877e-01 +3.0510e-01 +2.2100e+00 -7.1129e-01 -6.3433e-01 +2.3582e+00 +1.9200e+00 +1.8910e+00 +2.1541e+00 -7.6666e-01 -7.1567e-01 -1.0043e+00 +3.1723e+00 +1.7831e+00 -2.0814e+00 +2.3057e-01 -2.7153e+00 -8.6975e-01
583 +1.583710305e+01 +1.583710305e+01 -7.893428969e+02 -7.893428969e+02 +2.4473e+00 -3.7593e+00 -1.3084e-01 +3.4619e-01 +2.2178e+00 -6.1770e-01 -1.0829e+00 +1.7172e+00 +1.4194e+00 +2.4228e+00 +2.0609e+00 -1.7492e+00 -7.5779e-01 -7.0097e-01 +3.4905e+00 +1.8233e+00 -2.1711e+00 -3.4775e-01 -3.2954e+00 -1.2096e+00
921 +9.029597098e+00 +9.029597098e+00 -7.961504029e+02 -7.961504029e+02 +2.5622e+00 -3.6132e+00 -2.8836e-01 +5.9199e-01 +2.1626e+00 -3.8588e-02 -1.0857e+00 +6.9573e-01 +1.2068e+00 +2.7109e+00 +1.9665e+00 -1.6665e+00 -2.9160e-01 -1.3079e-01 +3.2550e+00 +1.5586e+00 -3.1200e+00 -6.6961e-01 -3.1101e+00 -1.4232e+00
1035 +5.770074377e+00 +5.770074377e+00 -7.994099256e+02 -7.994099256e+02 +2.5360e+00 -3.7614e+00 -1.1613e-01 +3.3304e-01 +2.2299e+00 -6.9465e-02 -1.2322e+00 +2.7330e-01 +9.2898e-01 +2.5774e+00 +1.5818e+00 -1.6299e+00 -3.5612e-01 -2.0914e-02 +2.6579e+00 +1.7433e+00 -3.2173e+00 -1.1962e+00 -3.4037e+00 -1.5888e+00
% function evaluation | noise-free fitness - Fopt (2.926000000000e+01) | best noise-free fitness - Fopt | measured fitness | best measured fitness | x1 | x2...
1 +1.073778164e+03 +1.073778164e+03 +1.103038164e+03 +1.103038164e+03 +1.0162e+00 +5.4355e-01 +3.4216e-01 +1.4024e+00 +7.7903e-01 +4.0795e-01 +4.9656e-01 +4.5585e-01 +1.0457e+00 +7.2870e-01 +4.2413e-01 +6.2647e-01 +6.3651e-01 +2.4253e-01 -8.3005e-02 +5.7340e-01 +5.1932e-01 +6.8926e-01 +1.2033e+00 +4.4604e-01
6 +9.580390078e+02 +9.580390078e+02 +9.872990078e+02 +9.872990078e+02 +1.6871e+00 +1.1534e+00 +5.4068e-01 +5.9592e-01 +4.9177e-01 +1.5800e-02 +6.0803e-01 +4.6352e-01 +1.1680e+00 +3.4934e-01 +5.1458e-02 +7.2352e-01 +4.8405e-01 +6.3777e-01 +8.8488e-01 +1.5193e-01 +2.1658e-02 +1.2540e+00 +8.9726e-01 +8.6977e-01
88 +6.295059918e+02 +6.295059918e+02 +6.587659918e+02 +6.587659918e+02 +9.7804e-01 +1.5652e+00 -5.8124e-02 +1.8471e+00 +2.3383e-01 -4.1839e-01 -3.4667e-01 +7.8600e-01 +8.6676e-01 +3.4936e-01 -1.1756e-01 +1.4793e+00 +1.0041e+00 +8.7222e-01 +1.0501e+00 -2.8005e-01 +5.2272e-01 -1.5994e-02 -7.7415e-02 -1.3487e-01
145 +3.960605284e+02 +3.960605284e+02 +4.253205284e+02 +4.253205284e+02 +4.8528e-01 +1.3643e+00 -2.3669e-01 +3.1835e+00 -3.5054e-01 -5.6589e-01 +1.4034e-01 -2.2533e-01 +1.5381e+00 -5.3296e-01 +6.5519e-01 +1.8790e+00 +2.3972e+00 +1.0319e+00 +1.5353e+00 -4.5841e-01 -1.0087e+00 +3.4033e-01 -1.1675e+00 -6.5736e-01
175 +2.478659603e+02 +2.478659603e+02 +2.771259603e+02 +2.771259603e+02 +5.3395e-01 +1.8836e+00 -2.6953e-01 +3.3523e+00 -8.1339e-01 -9.4401e-01 -1.8391e-01 -5.4686e-01 +1.5535e+00 -1.8894e+00 +5.6497e-01 +2.7631e+00 +2.5681e+00 +9.7247e-01 -4.2534e-03 +2.3542e-01 -1.0144e+00 +2.9213e-01 -1.9117e+00 -1.3622e+00
218 +1.486544522e+02 +1.486544522e+02 +1.779144522e+02 +1.779144522e+02 +1.0596e+00 +1.1669e+00 -1.1686e+00 +2.6172e+00 -8.8266e-02 -1.1206e+00 -1.4961e+00 -1.3328e+00 +1.1989e+00 -1.4906e+00 +1.2239e+00 +2.7706e+00 +3.4713e+00 -3.2006e-01 +1.7808e+00 -1.0773e+00 -1.2726e+00 -9.4075e-01 -2.3496e+00 -1.6676e+00
259 +9.853903393e+01 +9.853903393e+01 +1.277990339e+02 +1.277990339e+02 +2.2438e+00 +2.5141e+00 -4.4767e-01 +1.9138e+00 -1.3973e+00 -1.5059e+00 -1.3596e+00 -1.9087e+00 +2.5717e+00 -2.2685e+00 +2.0805e+00 +2.8794e+00 +2.8328e+00 -1.1767e+00 +1.8910e+00 -1.1753e+00 -1.6514e+00 -7.2046e-01 -2.2895e+00 +1.3921e-02
435 +6.095731035e+01 +6.095731035e+01 +9.021731035e+01 +9.021731035e+01 +3.5580e-01 +2.3494e+00 -1.2857e+00 +4.7019e-01 -3.6378e+00 +2.6670e-01 -2.3550e+00 -8.4742e-01 +2.4084e+00 -1.9284e+00 +7.8828e-01 +2.9296e+00 +2.4575e+00 -8.4947e-01 +3.9241e+00 -3.5211e+00 -9.0859e-01 -2.9425e+00 -2.4271e+00 +1.3090e-01
508 +3.903104221e+01 +3.903104221e+01 +6.829104221e+01 +6.829104221e+01 +1.9408e+00 +2.4160e+00 -1.4851e+00 +9.7615e-01 -3.4690e+00 -2.8658e-01 -2.3551e+00 +3.2029e-01 +2.5593e+00 -2.4764e+00 +1.3397e+00 +2.7722e+00 +2.6305e-01 -7.7232e-01 +4.6349e+00 -1.9428e+00 -1.1498e+00 -3.2396e+00 -1.0098e+00 -3.2352e-01
688 +1.816376307e+01 +1.816376307e+01 +4.742376307e+01 +4.742376307e+01 +1.8100e+00 +2.8607e+00 -1.7310e+00 +6.4420e-01 -3.4818e+00 +1.4515e-01 -1.4650e+00 -6.3609e-01 +2.1402e+00 -2.7599e+00 +1.0838e+00 +3.3399e+00 +9.9811e-01 -8.5516e-01 +4.6800e+00 -2.2590e+00 -1.4648e+00 -4.4894e+00 -1.1677e+00 -7.8515e-03
861 +1.241765150e+01 +1.241765150e+01 +4.167765150e+01 +4.167765150e+01 +1.0553e+00 +2.9244e+00 -1.6410e+00 +9.8367e-01 -3.3290e+00 -2.1349e-01 -1.1960e+00 -4.2301e-01 +2.8125e+00 -2.5411e+00 +1.2269e+00 +3.2830e+00 +8.6493e-01 -6.3590e-01 +4.2104e+00 -2.5524e+00 -1.3652e+00 -4.5774e+00 -1.3516e+00 +3.8588e-01
1335 +9.968570743e+00 +9.968570743e+00 +3.922857074e+01 +3.922857074e+01 +9.5582e-01 +2.6945e+00 -2.0107e+00 +6.2485e-01 -3.3683e+00 +1.1525e-01 -1.1705e+00 -1.1628e-02 +2.8047e+00 -3.1263e+00 +1.3115e+00 +3.3395e+00 +4.9417e-01 -6.0447e-01 +4.1271e+00 -2.1842e+00 -1.7646e+00 -4.9418e+00 -1.0498e+00 +2.9413e-01
% function evaluation | noise-free fitness - Fopt (-1.110600000000e+02) | best noise-free fitness - Fopt | measured fitness | best measured fitness | x1 | x2...
1 +1.247043761e+03 +1.247043761e+03 +1.135983761e+03 +1.135983761e+03 +1.0162e+00 +5.4355e-01 +3.4216e-01 +1.4024e+00 +7.7903e-01 +4.0795e-01 +4.9656e-01 +4.5585e-01 +1.0457e+00 +7.2870e-01 +4.2413e-01 +6.2647e-01 +6.3651e-01 +2.4253e-01 -8.3005e-02 +5.7340e-01 +5.1932e-01 +6.8926e-01 +1.2033e+00 +4.4604e-01
3 +9.304853972e+02 +9.304853972e+02 +8.194253972e+02 +8.194253972e+02 +4.8800e-01 +9.1556e-01 +2.9274e-01 +1.2436e+00 +1.0956e+00 +1.2332e-01 -1.6898e-01 +3.2419e-01 +6.3903e-01 +1.6700e+00 -2.7067e-02 +1.1950e+00 +8.9944e-01 +7.5196e-01 +5.7083e-01 -2.7879e-01 -4.9515e-03 +1.0622e+00 +7.3899e-01 +9.0068e-01
76 +5.543984134e+02 +5.543984134e+02 +4.433384134e+02 +4.433384134e+02 -5.3995e-01 +9.7383e-01 +1.3043e-01 +2.0714e+00 +1.1189e+00 +1.0634e+00 -1.4420e-01 -1.3215e-01 -4.1423e-01 +1.7327e+00 +5.3358e-01 +1.2916e+00 +1.2858e+00 +1.7558e+00 +9.1002e-01 +4.9404e-01 -1.2893e-01 +8.3780e-01 +5.8262e-01 +1.1003e+00
109 +3.783839062e+02 +3.783839062e+02 +2.673239062e+02 +2.673239062e+02 -8.8458e-01 +1.7875e+00 -6.3637e-01 +2.5271e+00 +1.1190e+00 +1.7857e+00 +1.2147e-01 -3.5833e-01 +1.0566e-01 +9.8489e-01 +7.1643e-01 +1.6295e+00 +1.2662e+00 +9.1741e-01 +1.1255e+00 -3.6533e-01 +1.5619e-02 +1.4729e+00 -1.1985e-01 +1.0673e+00
166 +2.479617849e+02 +2.479617849e+02 +1.369017849e+02 +1.369017849e+02 -1.2085e+00 +1.9631e+00 -1.3395e+00 +2.7861e+00 +1.1810e+00 +2.6370e+00 -8.3342e-01 -6.7366e-01 +4.1956e-02 +1.6685e+00 +8.4589e-01 +1.2394e+00 +1.5104e+00 +1.9590e+00 +1.0993e+00 -4.8308e-01 +4.0470e-01 +1.8241e+00 -1.3324e+00 +1.1040e+00
228 +1.179357901e+02 +1.179357901e+02 +6.875790058e+00 +6.875790058e+00 -1.9030e+00 +1.6050e+00 -1.5447e+00 +1.6528e+00 -4.3193e-01 +2.8908e+00 -1.8968e+00 -1.5991e+00 +6.2880e-01 +1.1716e+00 +8.0016e-01 -8.0241e-02 +2.4834e+00 +1.9946e+00 +1.5864e+00 -8.1292e-01 -3.9150e-01 +1.7218e+00 -2.1384e+00 -1.7419e-01
369 +8.540584055e+01 +8.540584055e+01 -2.565415945e+01 -2.565415945e+01 -2.1697e+00 +3.6428e+00 -7.2055e-01 +1.3170e+00 -3.6042e-01 +4.7884e+00 -1.8409e+00 -2.2112e+00 +2.2835e-01 +8.2246e-01 -3.6016e-01 -6.0341e-01 +2.5924e+00 +3.3804e+00 +3.4037e+00 -2.3606e+00 +7.2384e-01 +1.7982e+00 -4.6433e+00 +1.3266e-01
405 +5.435423131e+01 +5.435423131e+01 -5.670576869e+01 -5.670576869e+01 -2.1196e+00 +2.4309e+00 -2.1561e+00 +9.6025e-01 -6.0010e-01 +4.7556e+00 -1.9892e+00 -1.3542e+00 -1.1496e+00 -1.0424e-01 -2.2061e+00 -1.1094e+00 +2.9373e+00 +2.9383e+00 +3.4419e+00 -1.6546e+00 +1.3331e+00 +2.7524e+00 -4.2848e+00 +1.8996e-01
523 +3.200038446e+01 +3.200038446e+01 -7.905961554e+01 -7.905961554e+01 -2.6489e+00 +2.1799e+00 -2.0393e+00 +6.7616e-01 -8.1073e-01 +4.1339e+00 -2.7485e+00 -1.6607e+00 -1.5470e+00 +4.0787e-01 -1.6067e+00 -1.3602e+00 +3.5877e+00 +3.4225e+00 +3.9742e+00 -7.0859e-01 +1.0470e+00 +2.5337e+00 -3.3815e+00 -3.7479e-01
725 +1.972817976e+01 +1.972817976e+01 -9.133182024e+01 -9.133182024e+01 -2.4319e+00 +2.5439e+00 -1.1462e+00 +3.2540e-01 -5.3761e-01 +4.2782e+00 -2.8072e+00 -1.5768e+00 -1.8621e+00 -2.6860e-01 -3.8789e-01 -5.2735e-01 +3.0021e+00 +2.6975e+00 +3.7001e+00 -1.6790e-02 +1.4814e+00 +2.3314e+00 -3.9760e+00 -4.3959e-01
927 +1.316834013e+01 +1.316834013e+01 -9.789165987e+01 -9.789165987e+01 -2.6867e+00 +2.6746e+00 -1.4972e+00 -2.6139e-01 -1.5091e+00 +4.5126e+00 -3.1580e+00 -1.3328e+00 -2.4414e+00 -1.1340e+00 +1.7806e-01 -9.4529e-01 +2.9243e+00 +2.9347e+00 +3.2390e+00 -4.3899e-01 +1.3364e+00 +2.8489e+00 -3.6354e+00 -1.2590e+00
1465 +9.815785208e+00 +9.815785208e+00 -1.012442148e+02 -1.012442148e+02 -2.9174e+00 +2.5439e+00 -1.6232e+00 -4.1261e-01 -1.5841e+00 +3.8292e+00 -3.0644e+00 -1.5202e+00 -2.6064e+00 -8.0611e-02 -3.1677e-01 -1.1306e+00 +3.4871e+00 +3.5206e+00 +4.0460e+00 -2.2788e-01 +6.5455e-01 +2.1525e+00 -4.1127e+00 -1.4799e+00
% function evaluation | noise-free fitness - Fopt (4.319000000000e+01) | best noise-free fitness - Fopt | measured fitness | best measured fitness | x1 | x2...
1 +9.643651998e+02 +9.643651998e+02 +1.007555200e+03 +1.007555200e+03 +1.0162e+00 +5.4355e-01 +3.4216e-01 +1.4024e+00 +7.7903e-01 +4.0795e-01 +4.9656e-01 +4.5585e-01 +1.0457e+00 +7.2870e-01 +4.2413e-01 +6.2647e-01 +6.3651e-01 +2.4253e-01 -8.3005e-02 +5.7340e-01 +5.1932e-01 +6.8926e-01 +1.2033e+00 +4.4604e-01
14 +6.289152593e+02 +6.289152593e+02 +6.721052593e+02 +6.721052593e+02 +7.4969e-01 +7.5060e-01 +7.4852e-01 +1.0368e+00 +1.1250e+00 -1.3728e-01 -4.6045e-02 +8.2327e-01 +1.7470e+00 +1.8987e+00 -4.9859e-01 +8.3118e-01 +1.1094e+00 -1.6404e-01 +1.3264e+00 +5.1795e-01 +5.6314e-01 +8.5004e-01 +9.0786e-01 +5.0885e-01
119 +3.724276676e+02 +3.724276676e+02 +4.156176676e+02 +4.156176676e+02 -3.0630e-01 -2.0207e-01 +2.1929e+00 +3.4694e-01 +1.7722e+00 +3.8748e-01 +3.2593e-01 +1.0325e+00 +1.5012e+00 +1.8765e+00 -1.6296e+00 +7.9154e-01 +1.4494e+00 -7.9195e-01 +1.4264e+00 +8.1375e-01 -4.7117e-01 +8.6005e-01 +1.1737e-01 +5.6600e-01
134 +2.273376435e+02 +2.273376435e+02 +2.705276435e+02 +2.705276435e+02 -9.1608e-01 -1.0168e+00 +2.5347e+00 +5.6717e-01 +3.6328e+00 +1.6380e-01 -7.4273e-01 +9.2179e-01 +6.9868e-01 +2.8943e+00 -2.7830e+00 +1.0010e+00 +1.6143e+00 -5.3004e-01 +1.6673e+00 +1.2900e+00 -9.7317e-01 +5.6174e-01 +1.2490e-01 -3.7292e-01
202 +1.555029946e+02 +1.555029946e+02 +1.986929946e+02 +1.986929946e+02 -3.0248e+00 -1.0543e+00 +3.7198e+00 -6.5315e-02 +1.3201e+00 -6.7595e-01 -1.5574e-01 +2.8310e+00 +1.0222e+00 +3.1379e+00 -4.9765e+00 -7.5583e-01 +8.5769e-01 +8.1852e-02 +2.3304e+00 +1.6874e+00 -1.7972e+00 -1.4770e-01 -1.0094e+00 +1.2659e-01
261 +9.995406679e+01 +9.995406679e+01 +1.431440668e+02 +1.431440668e+02 -4.2561e+00 -1.2113e+00 +6.5280e-01 -2.1148e+00 +2.9537e+00 -1.3222e+00 +1.2949e+00 +2.6595e+00 +5.1942e-01 +3.3351e+00 -2.7014e+00 -1.5450e+00 +2.7650e+00 +6.0642e-02 +2.4528e+00 +8.5339e-01 -1.8126e+00 +1.9500e+00 -8.9324e-01 +1.4970e-01
336 +4.603380694e+01 +4.603380694e+01 +8.922380694e+01 +8.922380694e+01 -3.7970e+00 -1.2437e+00 +1.2880e+00 -1.4923e+00 +3.1463e+00 -3.1619e+00 +6.4104e-01 +4.1662e+00 +1.8826e-01 +3.6298e+00 -5.0505e+00 -2.8148e+00 +3.0162e+00 -8.6010e-02 +1.0449e+00 +2.9809e+00 -7.3635e-01 +1.2025e+00 +1.2116e-02 +9.7579e-01
393 +3.157581947e+01 +3.157581947e+01 +7.476581947e+01 +7.476581947e+01 -2.7801e+00 -4.3737e-01 +3.1768e+00 -1.4202e+00 +3.9580e+00 -1.5853e+00 +8.4992e-01 +2.1686e+00 -1.1161e+00 +5.2614e+00 -3.2354e+00 -1.8891e-01 +3.1016e+00 -7.1462e-01 +1.5319e+00 +7.4023e-01 +8.4598e-01 +2.7158e+00 +5.2049e-01 +1.3424e+00
565 +1.688310746e+01 +1.688310746e+01 +6.007310746e+01 +6.007310746e+01 -4.9300e+00 -8.2038e-02 +2.9909e+00 -2.2716e+00 +4.1856e+00 -1.8574e+00 -1.9094e-01 +3.4190e+00 -5.2333e-01 +4.9678e+00 -3.1761e+00 -7.9729e-01 +3.6588e+00 -3.3125e-01 +1.8327e+00 +1.7681e+00 +7.6087e-01 +2.5846e+00 +7.3201e-01 +1.7268e+00
670 +1.475131622e+01 +1.475131622e+01 +5.794131622e+01 +5.794131622e+01 -4.1926e+00 -1.0664e+00 +2.8111e+00 -2.1609e+00 +3.7868e+00 -1.6953e+00 -3.1891e-01 +3.4419e+00 -1.0564e+00 +4.7772e+00 -3.9295e+00 -9.5529e-01 +3.9003e+00 -1.6095e+00 +1.3543e+00 +1.9684e+00 +8.8772e-01 +3.4271e+00 +3.4119e-01 +2.2694e+00
770 +8.656302339e+00 +8.656302339e+00 +5.184630234e+01 +5.184630234e+01 -3.7208e+00 -1.6593e+00 +2.6581e+00 -9.8204e-01 +3.4618e+00 -1.6339e+00 -9.1018e-01 +3.3020e+00 -1.1154e+00 +4.5455e+00 -3.5448e+00 -9.3424e-01 +3.9420e+00 -1.0860e+00 +1.5397e+00 +1.5266e+00 +1.3152e+00 +3.3240e+00 +2.5120e-01 +2.2099e+00
1127 +6.211730333e+00 +6.211730333e+00 +4.940173033e+01 +4.940173033e+01 -3.8357e+00 -1.4900e+00 +2.4714e+00 -1.1286e+00 +3.6340e+00 -1.5142e+00 -7.5418e-01 +3.2191e+00 -1.3617e+00 +4.4598e+00 -3.4384e+00 -7.9391e-01 +3.6429e+00 -9.3567e-01 +2.1715e+00 +1.3374e+00 +1.0943e+00 +3.1697e+00 +4.3024e-01 +2.0463e+00
% function evaluation | noise-free fitness - Fopt (1.000000000000e+03) | best noise-free fitness - Fopt | measured fitness | best measured fitness | x1 | x2...
1 +7.622743817e+02 +7.622743817e+02 +1.762274382e+03 +1.762274382e+03 +1.0162e+00 +5.4355e-01 +3.4216e-01 +1.4024e+00 +7.7903e-01 +4.0795e-01 +4.9656e-01 +4.5585e-01 +1.0457e+00 +7.2870e-01 +4.2413e-01 +6.2647e-01 +6.3651e-01 +2.4253e-01 -8.3005e-02 +5.7340e-01 +5.1932e-01 +6.8926e-01 +1.2033e+00 +4.4604e-01
19 +5.967380686e+02 +5.967380686e+02 +1.596738069e+03 +1.596738069e+03 +3.4348e-01 +3.0079e-01 +1.7741e-01 +1.2791e+00 +1.0186e+00 +6.0562e-01 -1.8544e-01 +1.7749e-01 +1.3370e+00 +1.0297e+00 -3.6240e-01 +8.7893e-01 +9.5633e-01 +6.8491e-01 +4.5718e-01 -1.4561e-01 +3.7129e-01 +5.6440e-01 +4.2348e-01 +1.3317e+00
92 +3.765760101e+02 +3.765760101e+02 +1.376576010e+03 +1.376576010e+03 +8.5310e-01 +8.9851e-02 +4.0441e-01 +1.3986e+00 +8.2275e-01 +1.0885e+00 -5.4193e-01 -3.0863e-02 +1.8823e+00 +6.0922e-01 -9.0388e-01 +8.4600e-01 +7.7005e-01 +2.0250e+00 +9.1579e-02 +8.4356e-02 +1.5040e+00 +9.8308e-01 -7.4882e-02 +2.7126e+00
123 +2.468293463e+02 +2.468293463e+02 +1.246829346e+03 +1.246829346e+03 +4.9849e-01 -2.0459e-01 -9.4348e-02 +9.9893e-01 +3.1665e-01 +1.9508e+00 -8.9248e-01 +3.7452e-01 +1.7292e+00 +2.8832e-02 -1.5800e+00 +1.2799e+00 +2.4476e-02 +1.8033e+00 -3.2395e-01 -3.8918e-01 +1.5888e+00 +9.9050e-01 +2.6012e-01 +2.2336e+00
180 +1.461014402e+02 +1.461014402e+02 +1.146101440e+03 +1.146101440e+03 +7.9615e-01 -1.3493e+00 -9.9752e-01 +6.6019e-01 -1.7587e-01 +2.0925e+00 -1.0915e+00 +7.4264e-01 +1.8246e+00 -1.8662e+00 -1.6033e+00 +1.2301e+00 +7.3505e-01 +1.0623e+00 -1.5587e+00 -4.6163e-01 +1.7649e+00 +3.8398e-01 +3.3672e-02 +2.8503e+00
237 +8.359648427e+01 +8.359648427e+01 +1.083596484e+03 +1.083596484e+03 +8.3108e-01 -1.1492e+00 -3.1479e-01 +3.7888e-01 -8.3256e-01 +3.1005e+00 -2.4153e-01 +2.2378e-01 +1.6865e+00 -2.7401e+00 -5.4224e-01 +1.4207e+00 +2.8240e-01 +2.2644e+00 -1.9616e+00 -2.2732e+00 +3.4438e+00 -5.5305e-01 +3.7267e-01 +4.4758e+00
409 +5.759007866e+01 +5.759007866e+01 +1.057590079e+03 +1.057590079e+03 +2.0267e+00 -1.4920e+00 -1.2751e+00 +6.0515e-01 -1.5243e+00 +1.9271e+00 +4.0886e-01 +5.8833e-01 +1.3461e+00 -3.1521e+00 +5.0886e-01 +8.1495e-01 +9.1579e-01 +3.1296e+00 -1.5861e+00 -2.9015e+00 +3.0572e+00 +1.4805e-01 -6.2260e-01 +4.2474e+00
437 +3.507908209e+01 +3.507908209e+01 +1.035079082e+03 +1.035079082e+03 +1.9018e+00 -1.3382e+00 -1.2121e+00 +8.7202e-01 -1.2995e+00 +2.7725e+00 +5.8676e-01 -3.7277e-01 +2.1257e+00 -3.4243e+00 +1.1491e-02 +7.1658e-01 +6.2192e-01 +2.6556e+00 -2.3250e+00 -2.5306e+00 +3.3950e+00 +3.5788e-01 -2.5803e-01 +3.9655e+00
626 +2.503876595e+01 +2.503876595e+01 +1.025038766e+03 +1.025038766e+03 +1.0610e+00 -2.6829e+00 -1.1122e+00 -3.3892e-01 -2.1555e+00 +3.1400e+00 +2.2488e+00 -1.1856e+00 +2.7738e+00 -2.8578e+00 -4.9209e-01 +6.6559e-01 +2.4707e+00 +2.9606e+00 -3.1236e+00 -3.1988e+00 +3.5131e+00 +1.2177e+00 -9.9658e-01 +4.4389e+00
712 +1.519725788e+01 +1.519725788e+01 +1.015197258e+03 +1.015197258e+03 +1.2058e+00 -2.7275e+00 -1.3695e+00 -2.5748e-01 -2.5403e+00 +2.4127e+00 +1.4865e+00 -6.1808e-01 +2.4303e+00 -2.8557e+00 -4.5944e-01 +1.0670e+00 +1.9733e+00 +2.5657e+00 -3.3171e+00 -2.3193e+00 +3.9751e+00 +1.1492e+00 -1.8645e+00 +4.2326e+00
884 +9.576832199e+00 +9.576832199e+00 +1.009576832e+03 +1.009576832e+03 +1.5376e+00 -3.0098e+00 -1.1235e+00 -5.6750e-01 -2.4914e+00 +2.1815e+00 +1.8300e+00 -5.9456e-01 +2.6934e+00 -3.4928e+00 +2.6800e-01 +3.1966e-01 +1.9293e+00 +2.7186e+00 -3.1650e+00 -2.0934e+00 +4.0173e+00 +1.3244e+00 -1.6806e+00 +3.7739e+00
1017 +5.076420655e+00 +5.076420655e+00 +1.005076421e+03 +1.005076421e+03 +2.1512e+00 -3.1392e+00 -9.1262e-01 -4.3363e-01 -2.3599e+00 +2.4351e+00 +1.8042e+00 -6.5101e-01 +2.9874e+00 -3.5420e+00 +4.8469e-01 +6.2258e-01 +1.7151e+00 +3.0233e+00 -3.1715e+00 -2.1052e+00 +3.5053e+00 +1.4746e+00 -1.4937e+00 +3.9343e+00
1477 +3.923894836e+00 +3.923894836e+00 +1.003923895e+03 +1.003923895e+03 +1.5833e+00 -2.6791e+00 -1.0508e+00 -6.2256e-01 -2.5633e+00 +2.5066e+00 +1.8901e+00 -6.4563e-01 +3.2809e+00 -3.7207e+00 +3.6800e-01 +3.8940e-01 +1.5733e+00 +2.8185e+00 -3.1169e+00 -1.6159e+00 +3.3229e+00 +1.7810e+00 -1.6029e+00 +3.6691e+00
% function evaluation | noise-free fitness - Fopt (2.909700000000e+02) | best noise-free fitness - Fopt | measured fitness | best measured fitness | x1 | x2...
1 +5.517233602e+02 +5.517233602e+02 +8.426933602e+02 +8.426933602e+02 +1.0162e+00 +5.4355e-01 +3.4216e-01 +1.4024e+00 +7.7903e-01 +4.0795e-01 +4.9656e-01 +4.5585e-01 +1.0457e+00 +7.2870e-01 +4.2413e-01 +6.2647e-01 +6.3651e-01 +2.4253e-01 -8.3005e-02 +5.7340e-01 +5.1932e-01 +6.8926e-01 +1.2033e+00 +4.4604e-01
26 +3.700817046e+02 +3.700817046e+02 +6.610517046e+02 +6.610517046e+02 +1.2273e+00 +3.7412e-01 -1.4505e-02 +1.0827e+00 -1.3797e-01 -3.9970e-01 +7.4791e-02 +9.6284e-02 +1.0568e+00 +7.8886e-01 +4.0584e-01 +1.1312e+00 +5.8769e-01 +3.2513e-01 +5.8584e-01 +5.5049e-01 +3.3592e-01 +1.3766e+00 +8.3352e-01 +9.8982e-01
88 +2.442400983e+02 +2.442400983e+02 +5.352100983e+02 +5.352100983e+02 +7.1113e-01 +6.7918e-01 +1.0612e+00 +1.4799e+00 +2.7078e-01 -6.4529e-01 +7.5282e-02 -7.6509e-01 +1.6483e-01 +3.3779e-01 +5.4728e-01 +1.9338e+00 +2.7456e-01 -1.1095e-01 +5.0609e-01 +3.1222e-01 +6.2217e-01 +1.7631e+00 +1.0281e+00 +1.4254e+00
152 +1.410884240e+02 +1.410884240e+02 +4.320584240e+02 +4.320584240e+02 +3.0122e-01 -5.8277e-01 +1.2506e+00 +3.2780e-01 -1.7093e-01 -7.0141e-01 -6.3582e-01 -1.0519e+00 -1.1099e+00 +6.3742e-01 +1.6295e+00 +1.1504e+00 -1.7987e-01 -1.3113e+00 -4.0065e-01 -4.1261e-02 +7.1954e-01 +1.0802e+00 +1.6129e+00 +3.0221e+00
200 +7.214124930e+01 +7.214124930e+01 +3.631112493e+02 +3.631112493e+02 +5.5030e-01 -6.8020e-01 +1.2320e+00 -1.4674e-01 -1.8048e+00 -5.1269e-01 +8.8493e-01 -2.9198e+00 -1.7917e+00 -4.6682e-02 +1.4055e+00 +2.6282e+00 -3.4480e-01 -1.5068e+00 -1.5340e-01 -3.1497e-01 +2.8724e+00 +2.2285e+00 +2.8270e+00 +2.7275e+00
276 +6.202931984e+01 +6.202931984e+01 +3.529993198e+02 +3.529993198e+02 +1.8540e+00 +1.9306e-01 +1.0640e+00 +4.2286e-01 -2.2020e+00 -1.9956e-01 +1.3355e+00 -2.9100e+00 -3.0765e+00 +4.5620e-01 +1.3634e+00 +2.6116e+00 -3.5128e-01 -2.1213e+00 -9.1768e-01 -9.5697e-01 +3.0613e+00 +1.5874e+00 +1.7776e+00 +4.6870e+00
290 +3.461136714e+01 +3.461136714e+01 +3.255813671e+02 +3.255813671e+02 +2.0996e-01 -2.9641e-01 +1.4826e+00 -1.2121e+00 -2.1106e+00 -7.7692e-01 +1.4058e+00 -3.4046e+00 -1.9874e+00 +5.7593e-01 +1.5439e+00 +1.8667e+00 -1.1854e+00 -1.4652e+00 -9.2615e-01 -1.5005e+00 +2.9236e+00 +1.2238e+00 +2.2658e+00 +3.3275e+00
533 +1.350895329e+01 +1.350895329e+01 +3.044789533e+02 +3.044789533e+02 +2.9593e-01 -5.4644e-01 +4.8266e-01 -1.0654e+00 -2.7864e+00 -1.3130e+00 +1.5156e+00 -3.6670e+00 -1.8402e+00 +1.7603e+00 +2.7274e+00 +2.3517e+00 -1.2420e+00 -2.4697e+00 -2.7976e+00 +5.3905e-01 +3.4398e+00 +1.3971e+00 +1.5415e+00 +3.5513e+00
710 +7.920076103e+00 +7.920076103e+00 +2.988900761e+02 +2.988900761e+02 +1.1956e-03 -6.2103e-01 +2.6121e-01 -1.4004e+00 -2.3392e+00 -9.8320e-01 +1.8781e+00 -3.1801e+00 -1.7669e+00 +2.0031e+00 +2.9285e+00 +1.5768e+00 -1.6496e+00 -2.4328e+00 -2.8174e+00 +2.9236e-01 +3.2206e+00 +1.3172e+00 +2.1492e+00 +4.2023e+00
936 +6.265063185e+00 +6.265063185e+00 +2.972350632e+02 +2.972350632e+02 +3.3550e-01 -9.9055e-01 +3.6350e-01 -1.4053e+00 -2.1496e+00 -1.1329e+00 +1.7606e+00 -3.0563e+00 -2.3903e+00 +1.8874e+00 +2.4561e+00 +1.5293e+00 -1.2991e+00 -2.7955e+00 -2.2778e+00 -3.5367e-02 +3.2826e+00 +1.2041e+00 +1.9283e+00 +4.2491e+00
1274 +3.896228383e+00 +3.896228383e+00 +2.948662284e+02 +2.948662284e+02 +1.5665e-01 -1.0351e+00 +4.9674e-01 -1.5721e+00 -1.8518e+00 -1.4531e+00 +2.1860e+00 -3.2019e+00 -2.2198e+00 +1.6567e+00 +2.5918e+00 +1.3852e+00 -1.5142e+00 -2.7122e+00 -2.4006e+00 +1.9094e-01 +3.4839e+00 +1.5538e+00 +1.7814e+00 +4.3207e+00
% function evaluation | noise-free fitness - Fopt (-1.963400000000e+02) | best noise-free fitness - Fopt | measured fitness | best measured fitness | x1 | x2...
1 +2.086596998e+03 +2.086596998e+03 +1.890256998e+03 +1.890256998e+03 +1.0162e+00 +5.4355e-01 +3.4216e-01 +1.4024e+00 +7.7903e-01 +4.0795e-01 +4.9656e-01 +4.5585e-01 +1.0457e+00 +7.2870e-01 +4.2413e-01 +6.2647e-01 +6.3651e-01 +2.4253e-01 -8.3005e-02 +5.7340e-01 +5.1932e-01 +6.8926e-01 +1.2033e+00 +4.4604e-01
70 +1.508075550e+03 +1.508075550e+03 +1.311735550e+03 +1.311735550e+03 +1.4008e+00 +1.0227e+00 +1.2295e+00 +8.0966e-01 -1.6719e-03 -4.7506e-01 +2.6319e-01 +1.6166e-03 +9.5521e-01 +3.7423e-01 +4.8091e-01 -7.4773e-01 +5.9773e-01 +5.7251e-01 +6.2160e-01 +8.1706e-01 +2.5519e-01 -3.3937e-01 +4.9567e-01 +7.8812e-01
138 +7.496178060e+02 +7.496178060e+02 +5.532778060e+02 +5.532778060e+02 +2.0243e+00 +1.1587e-01 +2.8835e+00 +4.8953e-01 -1.8073e+00 -2.8125e-01 +7.0703e-02 -1.8138e-01 +8.8664e-01 -8.5198e-01 +5.9218e-01 -1.3457e+00 +5.9922e-01 -1.8265e+00 +1.4473e+00 +9.7441e-01 +5.5472e-01 -8.2564e-01 +1.8243e+00 +2.2023e+00
146 +5.910207661e+02 +5.910207661e+02 +3.946807661e+02 +3.946807661e+02 +1.1447e+00 +7.3389e-01 +2.6731e+00 +1.4978e+00 -2.6743e+00 -8.6571e-01 +1.2456e+00 -3.1428e-01 +9.3899e-01 -1.1464e+00 +5.3646e-01 -2.0128e+00 +2.9540e-01 -2.0412e+00 +1.9254e+00 +8.9129e-01 +6.2719e-01 -3.2073e+00 +1.8499e+00 +3.4033e+00
183 +3.552132688e+02 +3.552132688e+02 +1.588732688e+02 +1.588732688e+02 +4.3522e-01 -1.7048e+00 +2.3485e+00 -1.3765e-01 -1.9391e+00 +4.6952e-01 +1.9532e+00 -1.2706e+00 +1.2092e+00 -1.0536e+00 -5.2956e-01 -9.1520e-01 +1.9560e+00 -1.8322e+00 +2.6557e+00 +1.6350e+00 -6.9526e-01 -2.6681e+00 +2.2824e+00 +4.0833e+00
208 +2.158742911e+02 +2.158742911e+02 +1.953429111e+01 +1.953429111e+01 +1.7299e-02 -3.1085e+00 +3.9562e+00 +3.4378e-01 -2.8776e+00 +2.1620e+00 +1.9039e+00 -8.6655e-01 +2.2989e+00 -1.1044e+00 -2.6172e-01 -1.8016e+00 +1.0667e+00 -2.6891e-01 +1.1808e+00 +2.3342e+00 +5.3525e-01 -2.7382e+00 +3.3823e+00 +4.8392e+00
273 +1.278419010e+02 +1.278419010e+02 -6.849809897e+01 -6.849809897e+01 +1.5781e+00 -2.9401e+00 +3.5847e+00 +1.6069e-02 -2.1422e+00 +1.5581e+00 +1.2545e+00 +6.8568e-01 -5.0447e-01 -3.3717e+00 +1.6234e+00 -1.4381e+00 +6.1186e+00 +3.8266e-01 +3.9906e-01 +6.5407e-01 +2.8424e+00 -3.7785e+00 +4.6443e+00 +2.9244e+00
381 +8.618513191e+01 +8.618513191e+01 -1.101548681e+02 -1.101548681e+02 +3.0578e+00 -2.6561e+00 +3.4177e+00 +5.2582e-01 -3.0785e+00 +1.6870e+00 +2.3511e+00 +4.0578e-02 +1.0590e-03 -4.1071e+00 +1.4379e+00 -1.6874e+00 +2.8316e+00 +4.0719e-01 +2.6068e-01 +2.1655e+00 +1.5346e+00 -5.1763e+00 +3.6901e+00 +3.1645e+00
490 +6.268047254e+01 +6.268047254e+01 -1.336595275e+02 -1.336595275e+02 +1.6366e+00 -5.0287e+00 +3.1419e+00 +1.4709e+00 -2.0805e+00 +1.0262e-01 +3.3442e+00 +3.6601e-01 +1.4827e+00 -2.0233e+00 +1.3015e+00 -2.5229e+00 +3.9286e+00 -6.3717e-01 -1.7701e-01 +1.2134e+00 +7.1032e-01 -4.3612e+00 +2.3313e+00 +2.7469e+00
554 +3.633571131e+01 +3.633571131e+01 -1.600042887e+02 -1.600042887e+02 +3.3478e+00 -5.3296e+00 +2.8668e+00 +1.0120e+00 -2.6903e+00 -1.8709e-01 +2.7273e+00 -1.1561e-01 +1.4698e+00 -3.6475e+00 +1.3140e+00 -2.3413e+00 +4.0102e+00 +1.2411e+00 +9.2562e-01 +1.9466e+00 +1.3397e+00 -5.2039e+00 +3.0130e+00 +2.7856e+00
762 +2.389531844e+01 +2.389531844e+01 -1.724446816e+02 -1.724446816e+02 +3.9647e+00 -5.0070e+00 +2.2956e+00 +2.1737e+00 -2.9672e+00 -1.1778e+00 +3.0576e+00 +1.6099e-01 +1.4686e+00 -2.8323e+00 +1.4392e+00 -2.5095e+00 +3.9474e+00 +2.9410e-01 -7.6906e-01 +1.4069e+00 +8.0835e-01 -3.8999e+00 +1.8236e+00 +3.1500e+00
943 +1.438074562e+01 +1.438074562e+01 -1.819592544e+02 -1.819592544e+02 +4.3918e+00 -4.5505e+00 +1.8557e+00 +1.5504e+00 -2.8033e+00 -4.2553e-01 +3.0509e+00 -5.0072e-01 +2.0436e+00 -3.5403e+00 +1.1714e+00 -2.6082e+00 +4.5845e+00 +7.2122e-01 -6.9171e-01 +1.6590e+00 +1.0497e+00 -3.9933e+00 +1.6301e+00 +2.4505e+00
1117 +9.689516837e+00 +9.689516837e+00 -1.866504832e+02 -1.866504832e+02 +4.2325e+00 -4.3474e+00 +1.9112e+00 +1.8442e+00 -3.2994e+00 -3.4539e-01 +2.9202e+00 -5.2461e-01 +2.3336e+00 -3.5472e+00 +1.0157e+00 -2.1686e+00 +3.9052e+00 +4.9344e-01 -6.5569e-01 +2.0429e+00 +8.8725e-01 -3.7593e+00 +1.5821e+00 +2.3311e+00
% function evaluation | noise-free fitness - Fopt (-1.935000000000e+01) | best noise-free fitness - Fopt | measured fitness | best measured fitness | x1 | x2...
1 +7.157653629e+02 +7.157653629e+02 +6.964153629e+02 +6.964153629e+02 +1.0162e+00 +5.4355e-01 +3.4216e-01 +1.4024e+00 +7.7903e-01 +4.0795e-01 +4.9656e-01 +4.5585e-01 +1.0457e+00 +7.2870e-01 +4.2413e-01 +6.2647e-01 +6.3651e-01 +2.4253e-01 -8.3005e-02 +5.7340e-01 +5.1932e-01 +6.8926e-01 +1.2033e+00 +4.4604e-01
19 +6.240271544e+02 +6.240271544e+02 +6.046771544e+02 +6.046771544e+02 +2.6616e-01 +9.2110e-01 -2.0044e-01 +9.6280e-01 +8.2417e-01 +6.5476e-01 +2.4860e-01 +9.9368e-01 +1.3069e+00 +1.1198e+00 +4.2065e-01 +2.3508e-01 +9.3182e-01 +3.6662e-01 +6.1958e-01 +1.1208e-02 +1.3385e-01 +2.9981e-01 +4.9481e-01 +1.1213e+00
63 +3.677158784e+02 +3.677158784e+02 +3.483658784e+02 +3.483658784e+02 -4.1729e-01 +6.1723e-01 -5.5231e-01 +1.1471e+00 +9.2747e-01 +8.3011e-01 -3.3734e-01 +1.6099e+00 +1.5185e+00 +9.6567e-01 +3.4439e-01 +4.0068e-01 -2.2886e-02 +5.4822e-01 -3.2328e-01 -4.2284e-01 -1.5399e-01 -2.5121e-01 -1.5625e-01 +2.1527e+00
109 +2.338784549e+02 +2.338784549e+02 +2.145284549e+02 +2.145284549e+02 -1.1730e+00 +1.6617e+00 -1.2810e+00 +7.9472e-01 +8.3618e-01 +6.5356e-01 -7.7851e-01 +9.2151e-01 +2.1262e+00 +8.2673e-02 +2.7742e-01 +9.4788e-03 +8.4919e-01 +1.0278e+00 -8.3630e-01 -1.2891e+00 -4.3999e-01 -6.1834e-01 -4.2674e-01 +2.2466e+00
171 +1.516724466e+02 +1.516724466e+02 +1.323224466e+02 +1.323224466e+02 -1.0751e+00 +1.7954e+00 -2.5491e+00 +7.5036e-01 +8.6192e-02 +1.1458e+00 -8.8786e-01 +9.8276e-01 +2.1915e+00 +6.7934e-01 +1.0353e+00 +7.5527e-01 -4.4488e-01 +2.0454e+00 -5.6815e-01 -1.7249e+00 -1.1255e+00 -1.6007e+00 -1.1194e+00 +1.4055e+00
288 +9.629776159e+01 +9.629776159e+01 +7.694776159e+01 +7.694776159e+01 -1.1781e+00 +2.5320e+00 -1.8139e+00 +7.0201e-01 -9.1699e-02 +1.6936e+00 -3.3243e+00 +1.6704e+00 +1.5325e+00 -1.2462e+00 -2.3797e-01 +2.7721e+00 +1.2483e+00 +2.7497e+00 -4.3365e-01 -2.2223e+00 -8.0127e-01 -2.6295e+00 -1.7652e+00 +1.4804e+00
305 +6.050871865e+01 +6.050871865e+01 +4.115871865e+01 +4.115871865e+01 -2.8207e-01 +3.0133e+00 -2.4166e+00 +2.2571e-01 -4.3026e-02 +8.7416e-01 -1.9710e+00 +1.7617e+00 +8.0554e-01 -2.4819e+00 -9.2448e-01 +2.4092e+00 +1.9021e+00 +4.2689e+00 -3.0321e+00 -2.6705e+00 -2.1316e-01 -4.1085e+00 -7.9132e-01 +1.4251e+00
458 +3.467933767e+01 +3.467933767e+01 +1.532933767e+01 +1.532933767e+01 -2.1486e+00 +2.5520e+00 -2.3921e+00 -5.0579e-01 -6.2963e-01 +1.6166e+00 -3.2312e+00 +3.0057e+00 +2.2137e+00 -3.4785e+00 -1.2837e+00 +1.2518e+00 +3.3521e+00 +3.2164e+00 -1.4660e+00 -3.7658e+00 -1.4663e+00 -3.7420e+00 -2.1520e+00 +9.2768e-01
537 +2.303116105e+01 +2.303116105e+01 +3.681161054e+00 +3.681161054e+00 -7.7929e-01 +3.4049e+00 -3.0928e+00 -3.6268e-01 -3.6517e-01 +1.5812e+00 -2.7711e+00 +3.7394e+00 +2.2920e+00 -2.8524e+00 -1.0004e+00 +1.2162e+00 +2.8104e+00 +3.5502e+00 -1.6133e+00 -3.4339e+00 -1.2251e+00 -3.3203e+00 -1.9218e+00 +1.7042e+00
687 +1.561323989e+01 +1.561323989e+01 -3.736760108e+00 -3.736760108e+00 -1.0444e+00 +3.0882e+00 -3.3623e+00 +7.1531e-01 -1.3612e+00 +1.6660e+00 -2.0691e+00 +3.5559e+00 +2.1859e+00 -3.9228e+00 -7.8727e-01 +2.0043e+00 +3.6199e+00 +3.0977e+00 -2.1290e+00 -3.5961e+00 -1.1346e+00 -3.0208e+00 -1.3826e+00 +5.3438e-01
1468 +9.900345976e+00 +9.900345976e+00 -9.449654024e+00 -9.449654024e+00 -7.5430e-01 +3.4693e+00 -4.1722e+00 +1.8150e-01 -1.4410e+00 +1.2782e+00 -2.1264e+00 +3.5089e+00 +2.2064e+00 -3.5506e+00 -1.2618e+00 +1.4085e+00 +3.2108e+00 +3.2237e+00 -2.4184e+00 -3.3110e+00 -1.0279e+00 -3.1281e+00 -1.5501e+00 +5.6701e-01
% function evaluation | noise-free fitness - Fopt (-3.314200000000e+02) | best noise-free fitness - Fopt | measured fitness | best measured fitness | x1 | x2...
1 +7.271769175e+02 +7.271769175e+02 +3.957569175e+02 +3.957569175e+02 +1.0162e+00 +5.4355e-01 +3.4216e-01 +1.4024e+00 +7.7903e-01 +4.0795e-01 +4.9656e-01 +4.5585e-01 +1.0457e+00 +7.2870e-01 +4.2413e-01 +6.2647e-01 +6.3651e-01 +2.4253e-01 -8.3005e-02 +5.7340e-01 +5.1932e-01 +6.8926e-01 +1.2033e+00 +4.4604e-01
28 +6.125726850e+02 +6.125726850e+02 +2.811526850e+02 +2.811526850e+02 +9.9183e-01 +1.4229e+00 -9.6634e-02 +4.7797e-01 +7.8008e-01 +1.8681e-01 +1.4303e+00 +6.0887e-01 +1.2926e+00 +3.0993e-01 -4.8002e-01 +8.0509e-01 +9.3652e-01 +5.1019e-01 +7.5300e-01 -3.0746e-01 +1.9654e-02 +2.3582e-01 +9.4036e-01 +7.5050e-01
61 +3.457325398e+02 +3.457325398e+02 +1.431253980e+01 +1.431253980e+01 +1.6261e+00 +7.3854e-01 -1.1940e-01 +7.0639e-01 -2.1815e-01 +1.2657e+00 +1.5073e+00 +1.2187e+00 +1.6491e+00 -1.2823e-03 -6.2724e-01 +4.9363e-01 +1.3379e+00 +1.1456e+00 +8.3277e-01 -3.1768e-01 +3.1763e-01 +2.2919e-01 +1.2886e+00 +2.2789e-01
103 +2.297084283e+02 +2.297084283e+02 -1.017115717e+02 -1.017115717e+02 +2.5447e+00 +7.5400e-01 +6.3167e-02 +1.4781e+00 -5.7848e-01 -9.2439e-02 +2.3335e+00 +2.5552e+00 +2.7476e+00 -1.3560e-01 -3.1794e-01 -1.4103e-01 +1.1582e+00 +4.5182e-01 +1.6820e+00 -1.0897e+00 -2.1012e-01 +5.7126e-01 +2.3159e+00 -1.1540e-01
207 +1.408543897e+02 +1.408543897e+02 -1.905656103e+02 -1.905656103e+02 +1.5170e+00 -1.0042e+00 +2.2061e+00 +6.0882e-01 -1.4864e-01 +1.0351e+00 +2.9976e+00 +3.0420e+00 +5.6946e+00 -6.9740e-02 -1.2643e+00 +1.7769e-01 +1.7091e+00 +7.9416e-01 +1.9486e+00 -2.4125e-01 -4.0643e-01 +1.3319e-02 +1.4948e+00 -2.9316e-01
274 +8.927355342e+01 +8.927355342e+01 -2.421464466e+02 -2.421464466e+02 +1.3163e+00 +5.6221e-01 +1.5516e+00 -7.6206e-02 -1.6036e+00 +3.1268e+00 +3.4205e+00 +3.0317e+00 +5.8678e+00 +8.7495e-02 +6.2946e-01 -1.4155e+00 +3.3339e+00 -1.1477e-01 +1.9759e+00 -6.6236e-01 +7.7260e-01 -4.3802e-01 +1.5229e+00 +6.4217e-01
385 +6.182314328e+01 +6.182314328e+01 -2.695968567e+02 -2.695968567e+02 +1.1956e+00 +6.0980e-01 +1.1572e+00 +8.3871e-01 -1.3706e+00 +2.6972e+00 +3.6684e+00 +3.7665e+00 +5.1259e+00 +3.3598e-02 -2.2522e+00 -2.3575e+00 +3.2781e+00 +7.9023e-02 +3.1601e+00 -1.4272e+00 +9.1332e-01 -5.7310e-01 +2.8494e+00 +2.0925e+00
535 +3.879308473e+01 +3.879308473e+01 -2.926269153e+02 -2.926269153e+02 -2.4122e-01 -1.0193e+00 +9.6211e-01 +1.0568e+00 -1.8675e+00 +2.2799e+00 +4.1861e+00 +3.1121e+00 +4.6537e+00 -2.5612e-01 -1.9515e+00 -3.1539e+00 +1.8419e+00 -1.8226e-01 +1.6198e+00 -5.1979e-01 +2.2731e-01 +3.6080e-01 +2.9179e+00 +2.6362e+00
678 +2.202512717e+01 +2.202512717e+01 -3.093948728e+02 -3.093948728e+02 -8.2220e-01 -1.2107e+00 +6.2790e-01 +1.4064e+00 -1.8213e+00 +2.9422e+00 +4.3778e+00 +2.9089e+00 +4.0599e+00 -6.9984e-01 -2.3214e+00 -2.3628e+00 +1.7393e+00 -5.8971e-02 +2.1597e+00 -7.2601e-01 +4.8608e-01 +1.0700e+00 +2.3696e+00 +1.8577e+00
731 +1.417339670e+01 +1.417339670e+01 -3.172466033e+02 -3.172466033e+02 -7.6211e-01 -1.1935e+00 +1.2800e+00 +1.9184e+00 -1.8505e+00 +2.6510e+00 +4.3063e+00 +3.1788e+00 +4.0553e+00 -6.8056e-01 -2.6493e+00 -2.2355e+00 +1.7669e+00 +1.3672e-02 +2.3175e+00 -1.3480e+00 +4.6246e-01 +3.2705e-01 +1.8724e+00 +1.7667e+00
1269 +9.008175143e+00 +9.008175143e+00 -3.224118249e+02 -3.224118249e+02 -1.9769e+00 -1.5773e+00 +2.5727e+00 +2.8154e+00 -2.3950e+00 +3.4758e+00 +3.9009e+00 +3.6133e+00 +3.7862e+00 -4.8122e-01 -2.3176e+00 -2.0299e+00 +1.7659e+00 -2.9465e-01 +2.4168e+00 -8.0554e-01 +1.8301e-01 +1.1806e+00 +1.5940e+00 +2.2703e+00
% function evaluation | noise-free fitness - Fopt (4.129200000000e+02) | best noise-free fitness - Fopt | measured fitness | best measured fitness | x1 | x2...
1 +8.345527974e+02 +8.345527974e+02 +1.247472797e+03 +1.247472797e+03 +1.0162e+00 +5.4355e-01 +3.4216e-01 +1.4024e+00 +7.7903e-01 +4.0795e-01 +4.9656e-01 +4.5585e-01 +1.0457e+00 +7.2870e-01 +4.2413e-01 +6.2647e-01 +6.3651e-01 +2.4253e-01 -8.3005e-02 +5.7340e-01 +5.1932e-01 +6.8926e-01 +1.2033e+00 +4.4604e-01
41 +5.877573491e+02 +5.877573491e+02 +1.000677349e+03 +1.000677349e+03 +9.9372e-01 +1.0335e+00 -7.0978e-02 +1.4301e+00 +4.4391e-01 +5.7116e-01 +4.3645e-01 +7.3400e-01 +9.2544e-01 +1.0625e+00 -5.3345e-01 +1.1197e+00 +4.7209e-01 +1.5039e+00 +5.3614e-01 +2.5836e-01 +6.3144e-01 +6.3754e-01 +3.5381e-01 +3.5807e-01
73 +3.672434066e+02 +3.672434066e+02 +7.801634066e+02 +7.801634066e+02 +1.1469e+00 +1.0191e+00 -9.0259e-01 +2.0567e+00 +2.4034e-01 +9.3247e-01 +1.0162e+00 +9.1466e-01 +1.1167e+00 +9.8993e-01 -1.9005e-01 +1.1397e+00 +3.0740e-01 +1.8066e+00 +9.3181e-01 -1.5775e-01 +1.4148e+00 +1.6292e+00 +6.3540e-01 -6.8134e-02
132 +2.265439482e+02 +2.265439482e+02 +6.394639482e+02 +6.394639482e+02 +9.9981e-01 +1.2446e+00 -3.0561e-01 +1.7282e+00 -2.7993e-01 +1.6533e+00 +1.4227e+00 +1.5169e+00 +1.4720e+00 +3.8407e-01 -7.5699e-01 +2.1998e+00 -8.1423e-01 +2.9466e+00 +4.0798e-01 -6.8867e-01 +2.2545e+00 +8.0062e-01 +6.1919e-03 +1.7996e-01
191 +1.424478172e+02 +1.424478172e+02 +5.553678172e+02 +5.553678172e+02 -1.1177e-01 +1.0404e+00 -3.2688e-01 +2.8333e+00 -9.9452e-01 +2.3648e+00 +1.8135e+00 +1.9026e+00 +1.0044e+00 +1.6737e+00 +7.6006e-02 +2.1203e+00 -5.4190e-01 +2.7786e+00 -3.4869e-01 -7.2130e-01 +2.2505e+00 +2.6484e-01 -2.1231e-01 -8.9382e-01
242 +6.480933310e+01 +6.480933310e+01 +4.777293331e+02 +4.777293331e+02 +1.1686e+00 +6.3960e-01 -6.5652e-01 +3.0069e+00 -2.6334e-01 +2.4481e+00 +3.4320e+00 +7.5504e-01 +1.2914e-01 +1.1613e+00 -7.3339e-01 +1.5175e+00 -2.6089e-01 +1.8000e+00 +5.4247e-01 -4.7763e-01 +3.6657e+00 -1.5334e-01 +1.3247e+00 -5.5807e-01
340 +6.130808249e+01 +6.130808249e+01 +4.742280825e+02 +4.742280825e+02 +1.2192e+00 +4.1253e-01 -1.4019e+00 +4.1539e+00 +1.4882e-01 +2.5760e+00 +3.0214e+00 +3.6048e-01 -4.0724e-01 +2.6060e+00 -1.1797e+00 +1.1673e+00 -4.1554e-01 +2.7258e+00 +3.9247e-01 -9.6005e-02 +5.2785e+00 -1.2956e+00 +1.3643e+00 -9.0374e-01
351 +3.703949010e+01 +3.703949010e+01 +4.499594901e+02 +4.499594901e+02 +1.4514e+00 +7.6160e-01 -1.4348e+00 +4.4072e+00 -1.5751e-01 +3.3035e+00 +3.3259e+00 +3.4813e-01 -4.0681e-01 +2.2575e+00 -1.2075e+00 +1.2538e+00 -7.8630e-01 +2.2037e+00 +8.2910e-01 -1.3701e+00 +3.7713e+00 -1.1011e+00 +1.5723e+00 -2.4862e+00
681 +2.333830251e+01 +2.333830251e+01 +4.362583025e+02 +4.362583025e+02 +5.8221e-01 +3.5318e-01 -1.0112e+00 +3.3801e+00 -1.6698e-02 +2.7907e+00 +2.2032e+00 +6.4076e-01 -1.1918e+00 +2.0139e+00 -1.6409e+00 +9.7137e-01 +4.7983e-01 +4.0241e+00 +2.0889e+00 -1.4582e+00 +3.3028e+00 -1.4946e+00 +2.0154e+00 -1.4203e+00
808 +1.316861246e+01 +1.316861246e+01 +4.260886125e+02 +4.260886125e+02 +3.3826e-01 +6.6845e-01 -2.5578e+00 +3.7663e+00 +5.4766e-01 +2.9279e+00 +2.6398e+00 +1.1763e+00 -9.6044e-01 +2.4197e+00 -1.5653e+00 +1.9408e+00 +7.8594e-01 +3.7351e+00 +1.1603e+00 -2.0953e+00 +3.8056e+00 -2.0996e+00 +1.3873e+00 -2.7348e+00
959 +9.044317871e+00 +9.044317871e+00 +4.219643179e+02 +4.219643179e+02 +5.8642e-01 +5.6025e-01 -2.0992e+00 +3.3092e+00 +1.7090e-02 +3.5455e+00 +3.3142e+00 +6.3132e-01 -1.7644e+00 +2.5087e+00 -1.7340e+00 +1.3866e+00 +1.4072e+00 +3.7268e+00 +1.9926e+00 -2.5307e+00 +4.0216e+00 -2.2719e+00 +2.1291e+00 -2.8037e+00
1215 +5.721648020e+00 +5.721648020e+00 +4.186416480e+02 +4.186416480e+02 +9.8799e-01 +2.6172e-01 -2.7977e+00 +3.3635e+00 +4.8826e-01 +3.4972e+00 +3.2773e+00 +1.4541e+00 -1.5990e+00 +2.3233e+00 -1.9071e+00 +1.7638e+00 +2.1236e+00 +4.0377e+00 +2.0010e+00 -2.8190e+00 +4.1950e+00 -2.2240e+00 +1.9846e+00 -2.4460e+00
1416 +3.695372563e+00 +3.695372563e+00 +4.166153726e+02 +4.166153726e+02 +7.7504e-01 +1.3701e-01 -2.6441e+00 +3.1918e+00 +2.3646e-01 +3.4819e+00 +3.2808e+00 +1.4270e+00 -1.4411e+00 +2.1576e+00 -1.6649e+00 +1.7036e+00 +2.0777e+00 +3.7115e+00 +1.8561e+00 -2.9741e+00 +3.8014e+00 -1.9820e+00 +2.1240e+00 -2.5402e+00
