% function evaluation | noise-free fitness - Fopt (9.294000000000e+01) | best noise-free fitness - Fopt | measured fitness | best measured fitness | x1 | x2...
1 +1.154840050e+01 +1.154840050e+01 +1.044884005e+02 +1.044884005e+02 +4.2242e-01 +7.7571e-01 +2.2977e-01 +1.9869e+00 +1.4632e+00
9 +7.115241120e+00 +7.115241120e+00 +1.000552411e+02 +1.000552411e+02 +7.5534e-01 +5.6116e-01 -1.1085e-01 +2.1312e+00 +7.2787e-01
20 +4.953916123e+00 +4.953916123e+00 +9.789391612e+01 +9.789391612e+01 +4.8834e-01 +3.2398e-01 +1.7412e-01 +2.1946e+00 +8.2958e-01
30 +3.844747200e+00 +3.844747200e+00 +9.678474720e+01 +9.678474720e+01 +3.3547e-01 +4.9545e-01 +5.2603e-01 +2.4400e+00 +1.0107e+00
40 +2.304991267e+00 +2.304991267e+00 +9.524499127e+01 +9.524499127e+01 +3.5764e-01 +1.0231e+00 +1.8407e-01 +1.9342e+00 +8.3960e-01
80 +1.540350318e+00 +1.540350318e+00 +9.448035032e+01 +9.448035032e+01 +1.0532e-01 +9.3214e-01 +2.5990e-01 +2.5838e+00 +1.2098e+00
123 +1.953588765e-01 +1.953588765e-01 +9.313535888e+01 +9.313535888e+01 -1.6295e-01 +9.2220e-01 +1.6124e-01 +3.0653e+00 +2.2169e+00
204 +4.657660172e-02 +4.657660172e-02 +9.298657660e+01 +9.298657660e+01 -2.0631e-01 +7.2298e-01 +2.4562e-01 +2.8404e+00 +2.1244e+00
241 +2.668359354e-02 +2.668359354e-02 +9.296668359e+01 +9.296668359e+01 -2.7647e-01 +7.2219e-01 +1.7790e-01 +2.8907e+00 +2.2979e+00
256 +1.557975818e-02 +1.557975818e-02 +9.295557976e+01 +9.295557976e+01 -2.7603e-01 +7.2688e-01 +2.1737e-01 +3.0301e+00 +2.4210e+00
362 +9.011210944e-03 +9.011210944e-03 +9.294901121e+01 +9.294901121e+01 -2.7899e-01 +7.8193e-01 +2.4356e-01 +3.0758e+00 +2.4059e+00
370 +1.270031476e-07 +1.270031476e-07 +9.294000013e+01 +9.294000013e+01 -2.5353e-01 +7.3857e-01 +2.6717e-01 +3.1093e+00 +2.3999e+00
411 +5.683422444e-08 +5.683422444e-08 +9.294000006e+01 +9.294000006e+01 -2.4023e-01 +7.4839e-01 +2.7148e-01 +3.1055e+00 +2.3981e+00
413 +2.501317908e-08 +2.501317908e-08 +9.294000003e+01 +9.294000003e+01 -2.1493e-01 +7.5595e-01 +2.6749e-01 +3.0995e+00 +2.4042e+00
494 +8.145917718e-09 +8.145917718e-09 +9.294000001e+01 +9.294000001e+01 -2.3150e-01 +7.5021e-01 +2.6488e-01 +3.1109e+00 +2.3982e+00
503 +1.250995751e-09 +1.250995751e-09 +9.294000000e+01 +9.294000000e+01 -2.0905e-01 +7.4507e-01 +2.7369e-01 +3.1053e+00 +2.3817e+00
621 +8.647589311e-10 +8.647589311e-10 +9.294000000e+01 +9.294000000e+01 -2.2394e-01 +7.4279e-01 +2.7226e-01 +3.1084e+00 +2.4011e+00
656 +3.073807875e-10 +3.073807875e-10 +9.294000000e+01 +9.294000000e+01 -2.1680e-01 +7.4401e-01 +2.7210e-01 +3.1072e+00 +2.3908e+00
791 +9.150369351e-11 +9.150369351e-11 +9.294000000e+01 +9.294000000e+01 -2.1487e-01 +7.4491e-01 +2.7271e-01 +3.1047e+00 +2.3939e+00
806 +4.604316928e-12 +4.604316928e-12 +9.294000000e+01 +9.294000000e+01 -2.1450e-01 +7.4552e-01 +2.7217e-01 +3.1039e+00 +2.3953e+00
1056 +1.136868377e-13 +1.136868377e-13 +9.294000000e+01 +9.294000000e+01 -2.1971e-01 +7.4952e-01 +2.7000e-01 +3.1029e+00 +2.4003e+00
1756 +2.842170943e-14 +2.842170943e-14 +9.294000000e+01 +9.294000000e+01 -2.1514e-01 +7.4602e-01 +2.6901e-01 +3.1035e+00 +2.3999e+00
1786 +1.421085472e-14 +1.421085472e-14 +9.294000000e+01 +9.294000000e+01 -2.1550e-01 +7.4622e-01 +2.6907e-01 +3.1034e+00 +2.4001e+00
2017 +0.000000000e+00 +0.000000000e+00 +9.294000000e+01 +9.294000000e+01 -2.1633e-01 +7.4610e-01 +2.6904e-01 +3.1038e+00 +2.4006e+00
% function evaluation | noise-free fitness - Fopt (3.535000000000e+01) | best noise-free fitness - Fopt | measured fitness | best measured fitness | x1 | x2...
1 +4.137909184e+02 +4.137909184e+02 +4.491409184e+02 +4.491409184e+02 +4.2242e-01 +7.7571e-01 +2.2977e-01 +1.9869e+00 +1.4632e+00
2 +3.607859935e+02 +3.607859935e+02 +3.961359935e+02 +3.961359935e+02 +4.0976e-01 +1.8163e+00 +3.4461e-01 +8.9446e-01 +8.4678e-01
17 +2.390080784e+02 +2.390080784e+02 +2.743580784e+02 +2.743580784e+02 +1.2284e+00 +8.6378e-01 +5.4302e-01 +1.4425e+00 +1.3847e-02
41 +1.285915216e+02 +1.285915216e+02 +1.639415216e+02 +1.639415216e+02 +1.3068e+00 +1.5841e+00 +9.7976e-01 +1.7837e+00 -7.2662e-01
51 +5.365255043e+01 +5.365255043e+01 +8.900255043e+01 +8.900255043e+01 +1.2158e+00 +6.7971e-01 +2.7760e+00 +5.8627e-01 -9.8382e-01
57 +4.115528154e+00 +4.115528154e+00 +3.946552815e+01 +3.946552815e+01 +1.6093e+00 +1.1450e+00 +3.4616e+00 +1.5903e+00 -1.9989e+00
73 +2.213620427e+00 +2.213620427e+00 +3.756362043e+01 +3.756362043e+01 +1.5309e+00 +1.8973e+00 +3.7830e+00 +1.3881e+00 -2.2831e+00
169 +9.934048259e-01 +9.934048259e-01 +3.634340483e+01 +3.634340483e+01 +2.1331e+00 +1.2918e+00 +3.9087e+00 +1.1363e+00 -1.8827e+00
189 +4.795778706e-01 +4.795778706e-01 +3.582957787e+01 +3.582957787e+01 +1.6447e+00 +1.1886e+00 +4.1685e+00 +1.2431e+00 -1.9311e+00
217 +7.850396932e-02 +7.850396932e-02 +3.542850397e+01 +3.542850397e+01 +1.6872e+00 +1.4465e+00 +4.0649e+00 +1.5074e+00 -1.9143e+00
% function evaluation | noise-free fitness - Fopt (3.820000000000e+00) | best noise-free fitness - Fopt | measured fitness | best measured fitness | x1 | x2...
1 +6.506969024e+02 +6.506969024e+02 +6.545169024e+02 +6.545169024e+02 +4.2242e-01 +7.7571e-01 +2.2977e-01 +1.9869e+00 +1.4632e+00
2 +4.259736996e+02 +4.259736996e+02 +4.297936996e+02 +4.297936996e+02 +4.0976e-01 +1.8163e+00 +3.4461e-01 +8.9446e-01 +8.4678e-01
4 +3.641855839e+02 +3.641855839e+02 +3.680055839e+02 +3.680055839e+02 +1.0162e+00 +5.4355e-01 +3.4216e-01 +1.4024e+00 +7.7903e-01
25 +2.123070833e+02 +2.123070833e+02 +2.161270833e+02 +2.161270833e+02 +1.9162e+00 -6.2608e-02 +1.0447e+00 +1.4908e+00 -2.6817e-01
46 +1.199380895e+02 +1.199380895e+02 +1.237580895e+02 +1.237580895e+02 +1.5332e+00 +1.0373e+00 +1.3090e+00 +1.2663e+00 -5.3133e-01
55 +8.024264261e+01 +8.024264261e+01 +8.406264261e+01 +8.406264261e+01 +1.9815e+00 +1.0306e+00 +1.3189e+00 +1.4238e+00 -2.6636e-01
57 +1.952637598e+01 +1.952637598e+01 +2.334637598e+01 +2.334637598e+01 +2.8238e+00 +1.0760e+00 +1.6105e+00 +1.1970e+00 -1.1934e+00
62 +1.311563673e+01 +1.311563673e+01 +1.693563673e+01 +1.693563673e+01 +3.0798e+00 +8.0789e-01 +1.9608e+00 +1.2388e+00 -1.1460e+00
81 +9.320220668e+00 +9.320220668e+00 +1.314022067e+01 +1.314022067e+01 +3.2762e+00 +1.0744e+00 +2.2929e+00 +1.2449e+00 -5.0390e-01
157 +5.133183207e+00 +5.133183207e+00 +8.953183207e+00 +8.953183207e+00 +3.3447e+00 +7.5582e-01 +1.9970e+00 -1.2516e-01 -4.5527e-01
215 +2.905802603e+00 +2.905802603e+00 +6.725802603e+00 +6.725802603e+00 +3.7267e+00 +9.6611e-01 +2.1235e+00 -1.2181e+00 -2.3894e-01
224 +1.915085460e+00 +1.915085460e+00 +5.735085460e+00 +5.735085460e+00 +3.6478e+00 +1.5059e+00 +1.5275e+00 -1.9231e+00 +5.3622e-02
320 +1.554390874e+00 +1.554390874e+00 +5.374390874e+00 +5.374390874e+00 +3.7900e+00 +1.9083e+00 +1.4531e+00 -1.8784e+00 +1.4675e-01
% function evaluation | noise-free fitness - Fopt (2.175000000000e+01) | best noise-free fitness - Fopt | measured fitness | best measured fitness | x1 | x2...
1 +1.902364780e+02 +1.902364780e+02 +2.119864780e+02 +2.119864780e+02 +4.2242e-01 +7.7571e-01 +2.2977e-01 +1.9869e+00 +1.4632e+00
3 +1.457775958e+02 +1.457775958e+02 +1.675275958e+02 +1.675275958e+02 +7.5323e-01 +8.6855e-01 +5.7390e-01 +1.3361e+00 +1.0575e+00
6 +9.033636998e+01 +9.033636998e+01 +1.120863700e+02 +1.120863700e+02 +1.0812e+00 +5.6167e-01 -1.9367e-01 +6.7053e-01 -2.5093e-01
25 +5.491295480e+01 +5.491295480e+01 +7.666295480e+01 +7.666295480e+01 +1.7734e+00 +2.1150e-01 +9.1411e-01 +1.1812e+00 -1.3096e+00
37 +3.653462199e+01 +3.653462199e+01 +5.828462199e+01 +5.828462199e+01 +1.1014e+00 +4.0574e-01 +5.6093e-02 +2.0433e+00 -1.0170e+00
52 +2.459323736e+01 +2.459323736e+01 +4.634323736e+01 +4.634323736e+01 +1.8500e+00 +9.6116e-01 -3.6473e-02 +2.0642e+00 -1.0214e+00
62 +1.244995147e+01 +1.244995147e+01 +3.419995147e+01 +3.419995147e+01 +1.7741e+00 -5.1985e-02 -3.1370e-01 +3.7208e+00 -1.6178e+00
71 +6.843426142e+00 +6.843426142e+00 +2.859342614e+01 +2.859342614e+01 +2.3059e+00 -3.9662e-01 -4.5763e-01 +4.0907e+00 -1.4843e+00
102 +1.614201708e+00 +1.614201708e+00 +2.336420171e+01 +2.336420171e+01 +2.5859e+00 +6.7443e-01 -5.2056e-01 +4.1696e+00 -1.7487e+00
189 +1.469303259e+00 +1.469303259e+00 +2.321930326e+01 +2.321930326e+01 +2.3526e+00 +6.2893e-01 -6.3071e-01 +4.2777e+00 -1.8198e+00
267 +9.885888772e-01 +9.885888772e-01 +2.273858888e+01 +2.273858888e+01 +2.6240e+00 +7.7572e-01 -6.1506e-01 +4.2268e+00 -2.0622e+00
% function evaluation | noise-free fitness - Fopt (6.479000000000e+01) | best noise-free fitness - Fopt | measured fitness | best measured fitness | x1 | x2...
1 +4.572207922e+01 +4.572207922e+01 +1.105120792e+02 +1.105120792e+02 +4.2242e-01 +7.7571e-01 +2.2977e-01 +1.9869e+00 +1.4632e+00
3 +2.756715340e+01 +2.756715340e+01 +9.235715340e+01 +9.235715340e+01 +7.5323e-01 +8.6855e-01 +5.7390e-01 +1.3361e+00 +1.0575e+00
4 +1.577095423e+01 +1.577095423e+01 +8.056095423e+01 +8.056095423e+01 +1.0162e+00 +5.4355e-01 +3.4216e-01 +1.4024e+00 +7.7903e-01
28 +6.154212149e+00 +6.154212149e+00 +7.094421215e+01 +7.094421215e+01 +1.1503e+00 +4.4944e-01 +3.0423e-01 +1.8535e+00 -1.0684e-02
49 +2.589644996e+00 +2.589644996e+00 +6.737964500e+01 +6.737964500e+01 +9.7991e-01 -1.3346e-01 -3.3065e-01 +1.4052e+00 +2.9283e-01
87 +1.281425560e+00 +1.281425560e+00 +6.607142556e+01 +6.607142556e+01 +1.9308e-01 -7.4588e-01 -4.8330e-01 +1.6272e+00 +3.3726e-02
% function evaluation | noise-free fitness - Fopt (5.407000000000e+01) | best noise-free fitness - Fopt | measured fitness | best measured fitness | x1 | x2...
1 +2.985390924e+02 +2.985390924e+02 +3.526090924e+02 +3.526090924e+02 +4.2242e-01 +7.7571e-01 +2.2977e-01 +1.9869e+00 +1.4632e+00
3 +2.451965154e+02 +2.451965154e+02 +2.992665154e+02 +2.992665154e+02 +7.5323e-01 +8.6855e-01 +5.7390e-01 +1.3361e+00 +1.0575e+00
6 +1.299900200e+02 +1.299900200e+02 +1.840600200e+02 +1.840600200e+02 +1.0812e+00 +5.6167e-01 -1.9367e-01 +6.7053e-01 -2.5093e-01
17 +9.134662857e+01 +9.134662857e+01 +1.454166286e+02 +1.454166286e+02 +1.0239e+00 -7.1262e-02 +7.2095e-02 +6.4054e-01 -5.7302e-01
28 +6.286769441e+01 +6.286769441e+01 +1.169376944e+02 +1.169376944e+02 +1.3944e+00 +2.9883e-01 -2.6722e-01 +9.1020e-01 -1.4852e+00
46 +3.655126547e+01 +3.655126547e+01 +9.062126547e+01 +9.062126547e+01 +5.1292e-01 -2.5616e-01 +3.2480e-01 +1.4661e+00 -2.1067e+00
62 +1.487410681e+01 +1.487410681e+01 +6.894410681e+01 +6.894410681e+01 +9.4478e-01 -7.9497e-01 -1.1043e-01 +1.6326e+00 -3.8490e+00
281 +9.902455964e+00 +9.902455964e+00 +6.397245596e+01 +6.397245596e+01 -2.8924e-01 -9.8106e-01 -6.8728e-01 +3.0535e+00 -3.8912e+00
% function evaluation | noise-free fitness - Fopt (-9.152000000000e+01) | best noise-free fitness - Fopt | measured fitness | best measured fitness | x1 | x2...
1 +1.282112180e+02 +1.282112180e+02 +3.669121803e+01 +3.669121803e+01 +4.2242e-01 +7.7571e-01 +2.2977e-01 +1.9869e+00 +1.4632e+00
10 +8.281244990e+01 +8.281244990e+01 -8.707550100e+00 -8.707550100e+00 +4.1748e-02 +1.5998e+00 +4.9662e-02 +9.9044e-01 +9.2292e-01
13 +4.432360177e+01 +4.432360177e+01 -4.719639823e+01 -4.719639823e+01 +1.4837e-01 +2.0731e+00 +2.1507e-01 +1.3840e+00 +1.8388e+00
35 +3.702734953e+01 +3.702734953e+01 -5.449265047e+01 -5.449265047e+01 +7.9030e-03 +2.9123e+00 +6.2345e-01 +9.5588e-01 +1.9485e+00
47 +1.805450158e+01 +1.805450158e+01 -7.346549842e+01 -7.346549842e+01 -2.0905e+00 +3.0311e+00 +1.2797e+00 +1.1932e+00 +1.1545e+00
63 +1.392094448e+01 +1.392094448e+01 -7.759905552e+01 -7.759905552e+01 -2.2457e+00 +4.0298e+00 +6.1084e-02 +1.5651e+00 +2.0522e+00
80 +9.172312772e+00 +9.172312772e+00 -8.234768723e+01 -8.234768723e+01 -2.2015e+00 +3.1096e+00 -2.5306e-01 +2.9038e+00 +1.5818e+00
93 +5.789359227e+00 +5.789359227e+00 -8.573064077e+01 -8.573064077e+01 -2.9091e+00 +3.2007e+00 +5.4043e-01 +1.2453e+00 +1.1259e+00
126 +3.344137465e+00 +3.344137465e+00 -8.817586254e+01 -8.817586254e+01 -2.8247e+00 +2.9318e+00 -1.8566e-01 +2.3571e+00 +1.1411e+00
133 +2.505149744e+00 +2.505149744e+00 -8.901485026e+01 -8.901485026e+01 -2.8154e+00 +2.8946e+00 -3.4490e-01 +2.6176e+00 +1.3078e+00
151 +1.301220272e+00 +1.301220272e+00 -9.021877973e+01 -9.021877973e+01 -2.2749e+00 +2.7982e+00 -6.3747e-01 +2.7868e+00 +2.0080e+00
163 +7.892436523e-01 +7.892436523e-01 -9.073075635e+01 -9.073075635e+01 -2.6864e+00 +2.4526e+00 -3.6009e-01 +3.1708e+00 +1.8038e+00
245 +5.886886292e-01 +5.886886292e-01 -9.093131137e+01 -9.093131137e+01 -2.5922e+00 +2.6825e+00 -9.1275e-01 +3.1161e+00 +1.9817e+00
248 +3.378477289e-01 +3.378477289e-01 -9.118215227e+01 -9.118215227e+01 -2.6447e+00 +2.9232e+00 -7.4792e-01 +3.0161e+00 +2.1051e+00
265 +1.195335531e-01 +1.195335531e-01 -9.140046645e+01 -9.140046645e+01 -2.6229e+00 +2.8377e+00 -7.3154e-01 +3.1047e+00 +2.1017e+00
277 +1.548954068e-02 +1.548954068e-02 -9.150451046e+01 -9.150451046e+01 -2.5141e+00 +2.7193e+00 -7.3754e-01 +3.2166e+00 +2.1601e+00
% function evaluation | noise-free fitness - Fopt (2.263000000000e+01) | best noise-free fitness - Fopt | measured fitness | best measured fitness | x1 | x2...
1 +7.362358267e+02 +7.362358267e+02 +7.588658267e+02 +7.588658267e+02 +4.2242e-01 +7.7571e-01 +2.2977e-01 +1.9869e+00 +1.4632e+00
4 +5.639402164e+02 +5.639402164e+02 +5.865702164e+02 +5.865702164e+02 +1.0162e+00 +5.4355e-01 +3.4216e-01 +1.4024e+00 +7.7903e-01
24 +3.684368153e+02 +3.684368153e+02 +3.910668153e+02 +3.910668153e+02 +1.9684e+00 +5.3312e-01 +7.2315e-01 +8.6947e-01 +5.1259e-01
44 +2.097376649e+02 +2.097376649e+02 +2.323676649e+02 +2.323676649e+02 +2.8520e+00 -3.1021e-01 +1.4552e+00 +7.5106e-01 +1.7542e+00
56 +1.306700835e+02 +1.306700835e+02 +1.533000835e+02 +1.533000835e+02 +3.4913e+00 -7.6432e-01 +9.0496e-01 +3.6033e-01 +1.3708e+00
60 +8.167144838e+01 +8.167144838e+01 +1.043014484e+02 +1.043014484e+02 +3.6424e+00 -1.3807e+00 +1.7657e+00 +3.4271e-02 +1.5194e+00
65 +3.389683145e+01 +3.389683145e+01 +5.652683145e+01 +5.652683145e+01 +4.0961e+00 -2.8252e+00 +2.6055e+00 +1.4746e+00 +2.6337e+00
90 +1.939650981e+01 +1.939650981e+01 +4.202650981e+01 +4.202650981e+01 +2.1823e+00 -2.9197e+00 +2.7064e+00 +2.5633e+00 +3.8939e+00
93 +7.634652433e+00 +7.634652433e+00 +3.026465243e+01 +3.026465243e+01 +3.8336e+00 -2.4690e+00 +2.4360e+00 +3.5793e+00 +3.2174e+00
137 +3.535810868e+00 +3.535810868e+00 +2.616581087e+01 +2.616581087e+01 +3.4269e+00 -2.9965e+00 +2.3493e+00 +3.7743e+00 +3.5511e+00
162 +1.344829750e+00 +1.344829750e+00 +2.397482975e+01 +2.397482975e+01 +3.1900e+00 -3.2216e+00 +2.5469e+00 +3.2044e+00 +3.0988e+00
192 +5.812997711e-01 +5.812997711e-01 +2.321129977e+01 +2.321129977e+01 +3.5084e+00 -3.3638e+00 +2.8498e+00 +3.3278e+00 +2.9489e+00
% function evaluation | noise-free fitness - Fopt (1.554000000000e+01) | best noise-free fitness - Fopt | measured fitness | best measured fitness | x1 | x2...
1 +7.911535944e+02 +7.911535944e+02 +8.066935944e+02 +8.066935944e+02 +4.2242e-01 +7.7571e-01 +2.2977e-01 +1.9869e+00 +1.4632e+00
10 +5.850515374e+02 +5.850515374e+02 +6.005915374e+02 +6.005915374e+02 +5.0190e-01 +6.9079e-01 +5.1206e-01 +1.1370e+00 +2.6734e-01
25 +3.891587620e+02 +3.891587620e+02 +4.046987620e+02 +4.046987620e+02 +2.7231e-01 +1.2457e-02 +8.9334e-01 +1.5694e+00 +1.2539e-03
57 +1.629144421e+02 +1.629144421e+02 +1.784544421e+02 +1.784544421e+02 -4.9696e-01 +3.4520e-01 +1.6061e+00 +1.6961e+00 -1.2220e+00
59 +1.413947559e+02 +1.413947559e+02 +1.569347559e+02 +1.569347559e+02 -1.5182e+00 +1.4645e+00 +1.0034e+00 +1.1631e+00 -2.0811e+00
71 +8.681369079e+01 +8.681369079e+01 +1.023536908e+02 +1.023536908e+02 -1.5196e+00 +8.0388e-01 +2.0311e+00 +1.8342e+00 -1.8550e+00
78 +1.945076594e+01 +1.945076594e+01 +3.499076594e+01 +3.499076594e+01 -2.7479e+00 +1.2299e+00 +1.8455e+00 +9.3659e-01 -1.9256e+00
100 +1.370002077e+01 +1.370002077e+01 +2.924002077e+01 +2.924002077e+01 -2.6095e+00 +3.3083e-01 +1.1650e+00 +8.5580e-01 -2.6968e+00
126 +6.940892716e+00 +6.940892716e+00 +2.248089272e+01 +2.248089272e+01 -2.8032e+00 -4.8409e-01 +3.0855e-01 +4.5919e-01 -2.9198e+00
231 +5.917534613e+00 +5.917534613e+00 +2.145753461e+01 +2.145753461e+01 -3.2275e+00 +4.7981e-01 +1.0558e+00 +1.7228e+00 -3.5070e+00
286 +3.854420651e+00 +3.854420651e+00 +1.939442065e+01 +1.939442065e+01 -1.8019e+00 -1.5255e+00 +1.3648e+00 +4.3712e-01 -1.9685e+00
303 +1.926246935e+00 +1.926246935e+00 +1.746624693e+01 +1.746624693e+01 -1.6629e+00 -1.7681e+00 +1.3212e+00 +5.0504e-01 -1.7756e+00
314 +1.189492449e+00 +1.189492449e+00 +1.672949245e+01 +1.672949245e+01 -2.2231e+00 -1.5296e+00 +7.5115e-01 +1.0927e+00 -2.6157e+00
443 +9.475477318e-01 +9.475477318e-01 +1.648754773e+01 +1.648754773e+01 -2.1078e+00 -1.2835e+00 +8.4045e-01 +1.1140e+00 -2.8558e+00
% function evaluation | noise-free fitness - Fopt (-3.765100000000e+02) | best noise-free fitness - Fopt | measured fitness | best measured fitness | x1 | x2...
1 +7.768644735e+01 +7.768644735e+01 -2.988235527e+02 -2.988235527e+02 +4.2242e-01 +7.7571e-01 +2.2977e-01 +1.9869e+00 +1.4632e+00
3 +6.071601085e+01 +6.071601085e+01 -3.157939891e+02 -3.157939891e+02 +7.5323e-01 +8.6855e-01 +5.7390e-01 +1.3361e+00 +1.0575e+00
13 +3.814121154e+01 +3.814121154e+01 -3.383687885e+02 -3.383687885e+02 +2.1149e-01 +1.7431e+00 +1.0278e+00 +1.6423e+00 +8.7989e-01
27 +1.623419241e+01 +1.623419241e+01 -3.602758076e+02 -3.602758076e+02 -2.5017e-01 +7.7319e-01 +8.7202e-01 +1.0735e+00 +1.2268e+00
61 +1.028071386e+01 +1.028071386e+01 -3.662292861e+02 -3.662292861e+02 -1.2379e+00 +7.9289e-01 +1.0227e+00 +1.2088e+00 +2.1047e+00
81 +4.348452535e+00 +4.348452535e+00 -3.721615475e+02 -3.721615475e+02 -1.9302e+00 +5.6021e-01 +9.5344e-01 +1.0544e+00 +2.2812e+00
121 +3.742938253e+00 +3.742938253e+00 -3.727670617e+02 -3.727670617e+02 -2.4010e+00 +7.2653e-01 +1.5647e+00 +2.2785e+00 +2.8956e+00
% function evaluation | noise-free fitness - Fopt (3.960400000000e+02) | best noise-free fitness - Fopt | measured fitness | best measured fitness | x1 | x2...
1 +2.344068844e+02 +2.344068844e+02 +6.304468844e+02 +6.304468844e+02 +4.2242e-01 +7.7571e-01 +2.2977e-01 +1.9869e+00 +1.4632e+00
12 +1.454413697e+02 +1.454413697e+02 +5.414813697e+02 +5.414813697e+02 -3.8192e-03 +9.7215e-01 +6.3642e-01 +2.2005e+00 +1.4569e+00
21 +9.576236443e+01 +9.576236443e+01 +4.918023644e+02 +4.918023644e+02 -1.0641e-01 -1.2318e-01 +9.9646e-01 +1.2153e+00 +1.4953e+00
26 +4.971186858e+01 +4.971186858e+01 +4.457518686e+02 +4.457518686e+02 -7.6729e-01 +4.9165e-01 +1.4529e+00 +1.0876e+00 +1.8849e+00
34 +3.626181903e+01 +3.626181903e+01 +4.323018190e+02 +4.323018190e+02 -2.2681e+00 +2.6545e-01 +1.9517e+00 +2.2479e+00 +6.8287e-01
73 +1.982088122e+01 +1.982088122e+01 +4.158608812e+02 +4.158608812e+02 -1.6666e+00 -1.2976e+00 +1.1399e+00 +1.7642e+00 -1.6126e-01
83 +1.238309476e+01 +1.238309476e+01 +4.084230948e+02 +4.084230948e+02 -2.2375e+00 -1.4915e+00 +2.0587e-03 +1.8960e+00 -1.6411e+00
148 +8.909695201e+00 +8.909695201e+00 +4.049496952e+02 +4.049496952e+02 -1.8860e+00 -1.8759e+00 +1.3131e+00 +2.4066e+00 -1.0690e+00
188 +6.186256490e+00 +6.186256490e+00 +4.022262565e+02 +4.022262565e+02 -1.3237e+00 -2.5106e+00 +9.9578e-01 +3.2490e+00 -8.5042e-01
197 +3.073954029e+00 +3.073954029e+00 +3.991139540e+02 +3.991139540e+02 -1.6744e+00 -2.9240e+00 +5.1153e-01 +3.2191e+00 -2.2364e+00
204 +1.672009904e+00 +1.672009904e+00 +3.977120099e+02 +3.977120099e+02 -1.6483e+00 -2.6346e+00 +3.2403e-01 +3.1914e+00 -1.9797e+00
312 +5.094868752e-01 +5.094868752e-01 +3.965494869e+02 +3.965494869e+02 -2.1400e+00 -3.1714e+00 +4.8640e-02 +3.2817e+00 -2.7189e+00
% function evaluation | noise-free fitness - Fopt (1.281100000000e+02) | best noise-free fitness - Fopt | measured fitness | best measured fitness | x1 | x2...
1 +5.428316822e+01 +5.428316822e+01 +1.823931682e+02 +1.823931682e+02 +4.2242e-01 +7.7571e-01 +2.2977e-01 +1.9869e+00 +1.4632e+00
3 +3.302752762e+01 +3.302752762e+01 +1.611375276e+02 +1.611375276e+02 +7.5323e-01 +8.6855e-01 +5.7390e-01 +1.3361e+00 +1.0575e+00
4 +1.593313083e+01 +1.593313083e+01 +1.440431308e+02 +1.440431308e+02 +1.0162e+00 +5.4355e-01 +3.4216e-01 +1.4024e+00 +7.7903e-01
5 +9.499143100e+00 +9.499143100e+00 +1.376091431e+02 +1.376091431e+02 +1.1251e+00 +1.1239e+00 +3.5955e-02 +1.0015e+00 +3.9617e-01
20 +6.011559943e+00 +6.011559943e+00 +1.341215599e+02 +1.341215599e+02 +7.4145e-01 +9.8272e-01 -1.9816e-01 +1.1249e+00 +2.4042e-01
33 +3.351640232e+00 +3.351640232e+00 +1.314616402e+02 +1.314616402e+02 +1.8446e-01 +1.0348e+00 -4.0184e-01 +7.2430e-01 +5.7185e-01
% function evaluation | noise-free fitness - Fopt (-2.923500000000e+02) | best noise-free fitness - Fopt | measured fitness | best measured fitness | x1 | x2...
1 +3.734644499e+02 +3.734644499e+02 +8.111444985e+01 +8.111444985e+01 +4.2242e-01 +7.7571e-01 +2.2977e-01 +1.9869e+00 +1.4632e+00
4 +2.270660909e+02 +2.270660909e+02 -6.528390911e+01 -6.528390911e+01 +1.0162e+00 +5.4355e-01 +3.4216e-01 +1.4024e+00 +7.7903e-01
6 +1.217276731e+02 +1.217276731e+02 -1.706223269e+02 -1.706223269e+02 +1.0812e+00 +5.6167e-01 -1.9367e-01 +6.7053e-01 -2.5093e-01
10 +7.512003908e+01 +7.512003908e+01 -2.172299609e+02 -2.172299609e+02 +8.3754e-01 +4.1151e-01 +9.2447e-02 +4.0836e-01 +1.5472e-01
17 +5.923185799e+01 +5.923185799e+01 -2.331181420e+02 -2.331181420e+02 +1.1924e+00 +5.4485e-01 +2.8064e-01 +2.3372e-01 -1.9992e-01
18 +2.734048546e+01 +2.734048546e+01 -2.650095145e+02 -2.650095145e+02 +2.9800e-01 +2.0696e-01 +5.8201e-01 -5.8081e-02 -4.8251e-02
26 +1.899885830e+01 +1.899885830e+01 -2.733511417e+02 -2.733511417e+02 +7.6795e-01 +1.8410e-01 +2.6487e-01 -3.9518e-01 +5.6363e-01
33 +1.455117531e+01 +1.455117531e+01 -2.777988247e+02 -2.777988247e+02 +8.6280e-01 -2.3681e-01 +1.3930e-01 -1.0008e-01 +1.1366e+00
63 +7.584607178e+00 +7.584607178e+00 -2.847653928e+02 -2.847653928e+02 -8.2719e-01 -1.1506e+00 +8.5522e-01 +4.8179e-01 +1.3565e+00
123 +5.586294234e+00 +5.586294234e+00 -2.867637058e+02 -2.867637058e+02 -2.6862e+00 -2.3839e+00 +8.0429e-01 +1.2558e+00 +3.4858e+00
152 +3.486030775e+00 +3.486030775e+00 -2.888639692e+02 -2.888639692e+02 -2.3818e+00 -1.7968e+00 +9.1365e-01 +1.0653e+00 +3.1392e+00
185 +2.194306334e+00 +2.194306334e+00 -2.901556937e+02 -2.901556937e+02 -2.2673e+00 -2.1819e+00 +1.4363e+00 +1.2435e+00 +2.7131e+00
211 +9.187995981e-01 +9.187995981e-01 -2.914312004e+02 -2.914312004e+02 -1.9297e+00 -3.3825e+00 +1.2188e+00 +1.6239e+00 +2.6751e+00
246 +1.837186425e-01 +1.837186425e-01 -2.921662814e+02 -2.921662814e+02 -2.0341e+00 -3.1957e+00 +1.4134e+00 +1.6509e+00 +2.6210e+00
325 +1.581854008e-01 +1.581854008e-01 -2.921918146e+02 -2.921918146e+02 -2.2077e+00 -3.2966e+00 +1.5966e+00 +1.8226e+00 +2.7871e+00
355 +6.006268167e-02 +6.006268167e-02 -2.922899373e+02 -2.922899373e+02 -2.2579e+00 -3.2145e+00 +1.4375e+00 +1.7406e+00 +2.7384e+00
437 +3.463327067e-02 +3.463327067e-02 -2.923153667e+02 -2.923153667e+02 -2.1546e+00 -3.3587e+00 +1.3619e+00 +1.7713e+00 +2.7412e+00
458 +1.385132973e-02 +1.385132973e-02 -2.923361487e+02 -2.923361487e+02 -2.0761e+00 -3.2708e+00 +1.2887e+00 +1.7298e+00 +2.6702e+00
% function evaluation | noise-free fitness - Fopt (3.110100000000e+02) | best noise-free fitness - Fopt | measured fitness | best measured fitness | x1 | x2...
1 +4.151966649e+02 +4.151966649e+02 +7.262066649e+02 +7.262066649e+02 +4.2242e-01 +7.7571e-01 +2.2977e-01 +1.9869e+00 +1.4632e+00
3 +3.765464337e+02 +3.765464337e+02 +6.875564337e+02 +6.875564337e+02 +7.5323e-01 +8.6855e-01 +5.7390e-01 +1.3361e+00 +1.0575e+00
18 +1.951348595e+02 +1.951348595e+02 +5.061448595e+02 +5.061448595e+02 +1.0088e+00 +5.4046e-01 +2.3643e-01 +1.1873e+00 +1.5725e+00
33 +8.747527752e+01 +8.747527752e+01 +3.984852775e+02 +3.984852775e+02 +1.6588e+00 +1.9890e-01 -7.7522e-01 +1.4677e+00 +2.2611e+00
47 +5.137228549e+01 +5.137228549e+01 +3.623822855e+02 +3.623822855e+02 +1.6300e+00 -4.4664e-01 -2.0447e+00 +2.1602e+00 +2.6276e+00
49 +3.544041171e+01 +3.544041171e+01 +3.464504117e+02 +3.464504117e+02 +1.7030e+00 -1.0018e+00 -2.5271e+00 +1.3226e+00 +1.9813e+00
77 +1.979555267e+01 +1.979555267e+01 +3.308055527e+02 +3.308055527e+02 -6.2739e-01 -1.2810e+00 -3.5194e+00 +1.3777e+00 +4.4752e+00
97 +1.175830533e+01 +1.175830533e+01 +3.227683053e+02 +3.227683053e+02 +4.8786e-03 -2.1809e+00 -1.5900e+00 +1.4746e+00 +4.4439e+00
109 +9.487640470e+00 +9.487640470e+00 +3.204976405e+02 +3.204976405e+02 -8.6018e-01 -2.6235e+00 -1.2683e+00 +5.7772e-01 +4.4575e+00
133 +4.743223624e+00 +4.743223624e+00 +3.157532236e+02 +3.157532236e+02 -1.1626e+00 -2.5556e+00 -2.4017e+00 +1.7072e+00 +5.6370e+00
144 +2.069221541e+00 +2.069221541e+00 +3.130792215e+02 +3.130792215e+02 -1.8560e+00 -3.5095e+00 -1.7609e+00 +1.2357e+00 +4.7278e+00
281 +1.414631462e+00 +1.414631462e+00 +3.124246315e+02 +3.124246315e+02 -1.4363e+00 -2.8622e+00 -2.0652e+00 +1.0863e+00 +4.7113e+00
375 +8.786589573e-01 +8.786589573e-01 +3.118886590e+02 +3.118886590e+02 -1.6751e+00 -3.0791e+00 -2.2085e+00 +1.0707e+00 +4.7116e+00
470 +6.166340062e-01 +6.166340062e-01 +3.116266340e+02 +3.116266340e+02 -1.9228e+00 -2.9081e+00 -2.3549e+00 +1.0764e+00 +5.1218e+00
% function evaluation | noise-free fitness - Fopt (-8.051800000000e+02) | best noise-free fitness - Fopt | measured fitness | best measured fitness | x1 | x2...
1 +2.557094584e+02 +2.557094584e+02 -5.494705416e+02 -5.494705416e+02 +4.2242e-01 +7.7571e-01 +2.2977e-01 +1.9869e+00 +1.4632e+00
10 +1.924788132e+02 +1.924788132e+02 -6.127011868e+02 -6.127011868e+02 +5.1235e-01 +2.1060e-01 -9.9350e-02 +1.7240e+00 +7.8017e-01
26 +1.196376335e+02 +1.196376335e+02 -6.855423665e+02 -6.855423665e+02 -2.1127e-01 -3.4746e-02 +1.3361e+00 +2.2537e+00 +1.6627e-01
33 +7.625370367e+01 +7.625370367e+01 -7.289262963e+02 -7.289262963e+02 -9.7187e-01 -9.2297e-01 +5.9402e-01 +3.7376e+00 +1.2374e-01
41 +6.222172131e+01 +6.222172131e+01 -7.429582787e+02 -7.429582787e+02 -5.2998e-01 -6.8451e-01 +7.4148e-01 +3.1651e+00 +6.5727e-01
76 +1.819346570e+01 +1.819346570e+01 -7.869865343e+02 -7.869865343e+02 +1.8888e+00 -1.3307e+00 -6.9458e-01 +3.4062e+00 +3.7441e-01
83 +1.418285570e+01 +1.418285570e+01 -7.909971443e+02 -7.909971443e+02 +2.2919e+00 -2.1442e+00 -5.8176e-01 +3.0301e+00 +3.1473e-01
116 +7.568294198e+00 +7.568294198e+00 -7.976117058e+02 -7.976117058e+02 +1.0391e+00 -1.2170e+00 -2.2361e+00 +4.4066e+00 +7.4703e-01
196 +3.756112697e+00 +3.756112697e+00 -8.014238873e+02 -8.014238873e+02 +1.5042e+00 -1.6104e+00 -2.5564e+00 +3.9862e+00 +8.1025e-01
% function evaluation | noise-free fitness - Fopt (2.926000000000e+01) | best noise-free fitness - Fopt | measured fitness | best measured fitness | x1 | x2...
1 +3.157557805e+02 +3.157557805e+02 +3.450157805e+02 +3.450157805e+02 +4.2242e-01 +7.7571e-01 +2.2977e-01 +1.9869e+00 +1.4632e+00
5 +2.017916759e+02 +2.017916759e+02 +2.310516759e+02 +2.310516759e+02 +1.1251e+00 +1.1239e+00 +3.5955e-02 +1.0015e+00 +3.9617e-01
6 +1.570495793e+02 +1.570495793e+02 +1.863095793e+02 +1.863095793e+02 +1.0812e+00 +5.6167e-01 -1.9367e-01 +6.7053e-01 -2.5093e-01
18 +8.668146060e+01 +8.668146060e+01 +1.159414606e+02 +1.159414606e+02 +7.6687e-01 +4.0424e-01 -8.1315e-01 +3.2405e-02 -8.1364e-02
19 +5.530053113e+01 +5.530053113e+01 +8.456053113e+01 +8.456053113e+01 +6.4888e-01 +7.1171e-01 -8.9459e-01 +1.3829e+00 -8.9864e-01
31 +3.494537467e+01 +3.494537467e+01 +6.420537467e+01 +6.420537467e+01 +4.0999e-01 +1.2540e-01 -1.4658e+00 +1.0859e+00 -5.0593e-01
42 +2.250093197e+01 +2.250093197e+01 +5.176093197e+01 +5.176093197e+01 +1.8278e+00 -5.2027e-01 -2.0943e+00 +1.5674e+00 -8.9502e-01
44 +1.268041543e+01 +1.268041543e+01 +4.194041543e+01 +4.194041543e+01 +1.2247e+00 -2.8271e-01 -2.1804e+00 +2.8603e+00 -1.2284e+00
57 +5.147857740e+00 +5.147857740e+00 +3.440785774e+01 +3.440785774e+01 +2.3532e+00 -7.0539e-01 -2.8154e+00 +2.5267e+00 -1.9989e+00
109 +1.268681932e+00 +1.268681932e+00 +3.052868193e+01 +3.052868193e+01 +1.1985e+00 +3.6327e-01 -2.6049e+00 +1.9602e+00 -2.1470e+00
% function evaluation | noise-free fitness - Fopt (-1.110600000000e+02) | best noise-free fitness - Fopt | measured fitness | best measured fitness | x1 | x2...
1 +2.153574840e+03 +2.153574840e+03 +2.042514840e+03 +2.042514840e+03 +4.2242e-01 +7.7571e-01 +2.2977e-01 +1.9869e+00 +1.4632e+00
2 +1.280790878e+03 +1.280790878e+03 +1.169730878e+03 +1.169730878e+03 +4.0976e-01 +1.8163e+00 +3.4461e-01 +8.9446e-01 +8.4678e-01
13 +9.836952077e+02 +9.836952077e+02 +8.726352077e+02 +8.726352077e+02 +8.9523e-01 +2.4554e+00 +2.5493e-01 +1.0258e+00 +1.0084e+00
33 +5.484651272e+02 +5.484651272e+02 +4.374051272e+02 +4.374051272e+02 +6.3070e-01 +3.4862e+00 -5.2336e-01 +7.1455e-01 +1.6557e+00
45 +3.718894350e+02 +3.718894350e+02 +2.608294350e+02 +2.608294350e+02 +2.2973e-01 +3.6247e+00 -9.9398e-02 +8.2349e-02 +1.8041e+00
47 +1.495920851e+02 +1.495920851e+02 +3.853208507e+01 +3.853208507e+01 -1.3953e-01 +4.6534e+00 -1.6972e+00 -1.1658e+00 +1.3394e+00
51 +9.524633222e+01 +9.524633222e+01 -1.581366778e+01 -1.581366778e+01 -2.8556e+00 +2.9813e+00 -2.5844e+00 -1.5823e+00 +2.1611e+00
63 +4.352607938e+01 +4.352607938e+01 -6.753392062e+01 -6.753392062e+01 -1.4016e+00 +5.4524e+00 -1.1950e+00 -7.6857e-02 +7.5504e-01
78 +3.333153238e+01 +3.333153238e+01 -7.772846762e+01 -7.772846762e+01 +2.8280e-01 +6.4031e+00 -6.7600e-01 +2.4950e+00 +5.7229e-01
97 +2.072376235e+01 +2.072376235e+01 -9.033623765e+01 -9.033623765e+01 -1.0460e+00 +5.4141e+00 -1.0510e+00 +4.6577e-01 +1.4832e-03
120 +1.281813245e+01 +1.281813245e+01 -9.824186755e+01 -9.824186755e+01 -2.4301e+00 +4.6216e+00 -3.6039e-01 +3.0065e-01 +1.0371e+00
131 +8.415741812e+00 +8.415741812e+00 -1.026442582e+02 -1.026442582e+02 -2.2564e+00 +5.2615e+00 -1.1239e+00 +1.3590e+00 +6.1858e-01
245 +4.963910243e+00 +4.963910243e+00 -1.060960898e+02 -1.060960898e+02 -2.0167e+00 +5.0152e+00 -6.2673e-01 +3.4744e-01 +2.9838e-03
282 +3.795458602e+00 +3.795458602e+00 -1.072645414e+02 -1.072645414e+02 -1.9373e+00 +5.0289e+00 -8.9734e-01 -4.8803e-01 -3.9256e-01
338 +2.032970254e+00 +2.032970254e+00 -1.090270297e+02 -1.090270297e+02 -2.2937e+00 +4.5744e+00 -1.0111e+00 -8.7153e-01 -4.8368e-01
% function evaluation | noise-free fitness - Fopt (4.319000000000e+01) | best noise-free fitness - Fopt | measured fitness | best measured fitness | x1 | x2...
1 +4.781958440e+02 +4.781958440e+02 +5.213858440e+02 +5.213858440e+02 +4.2242e-01 +7.7571e-01 +2.2977e-01 +1.9869e+00 +1.4632e+00
11 +3.966251060e+02 +3.966251060e+02 +4.398151060e+02 +4.398151060e+02 +7.7367e-01 +4.3412e-01 +3.5128e-01 +1.7558e+00 +1.9349e+00
27 +2.171643314e+02 +2.171643314e+02 +2.603543314e+02 +2.603543314e+02 -8.6228e-02 -5.7124e-01 +5.1724e-01 +6.5563e-01 +1.6691e+00
29 +1.419597482e+02 +1.419597482e+02 +1.851497482e+02 +1.851497482e+02 -3.5212e-01 -1.7427e+00 +2.0446e+00 +1.8918e+00 +1.2186e+00
35 +7.235134111e+01 +7.235134111e+01 +1.155413411e+02 +1.155413411e+02 -4.0991e-01 -2.1378e+00 +1.1580e+00 +2.2801e+00 +1.7491e+00
49 +5.886981539e+01 +5.886981539e+01 +1.020598154e+02 +1.020598154e+02 -8.6356e-01 -2.7028e+00 -8.1252e-02 +7.9771e-01 +3.3242e+00
53 +3.142469450e+01 +3.142469450e+01 +7.461469450e+01 +7.461469450e+01 +5.9244e-01 -2.9546e+00 +1.7161e+00 +2.6517e+00 +3.0011e+00
84 +1.518001456e+01 +1.518001456e+01 +5.837001456e+01 +5.837001456e+01 -5.8380e-01 -2.5702e+00 +2.0598e+00 +1.5366e+00 +3.2153e+00
90 +7.899470106e+00 +7.899470106e+00 +5.108947011e+01 +5.108947011e+01 -1.4932e+00 -1.6854e+00 +2.1433e+00 +1.3346e-01 +4.5880e+00
100 +5.626351236e+00 +5.626351236e+00 +4.881635124e+01 +4.881635124e+01 -1.5434e+00 -2.3382e+00 +2.9773e+00 +4.1539e-01 +4.1767e+00
154 +3.361898220e+00 +3.361898220e+00 +4.655189822e+01 +4.655189822e+01 -1.0031e+00 -2.7140e+00 +2.5356e+00 +8.5225e-01 +3.1554e+00
183 +1.385542750e+00 +1.385542750e+00 +4.457554275e+01 +4.457554275e+01 -3.0298e+00 -2.2905e+00 +3.6209e+00 +5.9746e-01 +3.5655e+00
310 +6.129242364e-01 +6.129242364e-01 +4.380292424e+01 +4.380292424e+01 -2.9973e+00 -2.3399e+00 +3.0292e+00 +8.3776e-01 +3.3965e+00
315 +2.955513249e-01 +2.955513249e-01 +4.348555132e+01 +4.348555132e+01 -3.1852e+00 -2.3163e+00 +3.1404e+00 +7.3487e-01 +3.5003e+00
385 +1.560993753e-01 +1.560993753e-01 +4.334609938e+01 +4.334609938e+01 -3.6490e+00 -2.4390e+00 +3.2302e+00 +6.7838e-01 +3.3850e+00
484 +7.005244722e-02 +7.005244722e-02 +4.326005245e+01 +4.326005245e+01 -3.1254e+00 -2.4957e+00 +3.0211e+00 +6.4447e-01 +3.1692e+00
488 +5.421832155e-02 +5.421832155e-02 +4.324421832e+01 +4.324421832e+01 -3.2107e+00 -2.4769e+00 +3.0671e+00 +5.7472e-01 +3.2091e+00
504 +3.893601238e-02 +3.893601238e-02 +4.322893601e+01 +4.322893601e+01 -3.2129e+00 -2.5023e+00 +3.0488e+00 +6.0820e-01 +3.2341e+00
568 +2.321347663e-02 +2.321347663e-02 +4.321321348e+01 +4.321321348e+01 -3.3851e+00 -2.5067e+00 +3.1468e+00 +7.1559e-01 +3.2516e+00
594 +7.641229473e-03 +7.641229473e-03 +4.319764123e+01 +4.319764123e+01 -3.4389e+00 -2.5162e+00 +3.1658e+00 +7.1104e-01 +3.1718e+00
623 +3.228267870e-03 +3.228267870e-03 +4.319322827e+01 +4.319322827e+01 -3.3686e+00 -2.5273e+00 +3.1246e+00 +6.2756e-01 +3.2086e+00
692 +1.453575180e-07 +1.453575180e-07 +4.319000015e+01 +4.319000015e+01 -3.3305e+00 -2.5240e+00 +3.1299e+00 +6.8265e-01 +3.1872e+00
724 +5.562614547e-08 +5.562614547e-08 +4.319000006e+01 +4.319000006e+01 -3.3447e+00 -2.5330e+00 +3.1403e+00 +6.7066e-01 +3.1979e+00
754 +9.450062066e-09 +9.450062066e-09 +4.319000001e+01 +4.319000001e+01 -3.3411e+00 -2.5328e+00 +3.1333e+00 +6.5978e-01 +3.1894e+00
827 +3.744062838e-10 +3.744062838e-10 +4.319000000e+01 +4.319000000e+01 -3.3440e+00 -2.5336e+00 +3.1349e+00 +6.6565e-01 +3.1743e+00
1030 +1.485673806e-10 +1.485673806e-10 +4.319000000e+01 +4.319000000e+01 -3.3435e+00 -2.5306e+00 +3.1425e+00 +6.6040e-01 +3.1767e+00
1068 +3.833378059e-11 +3.833378059e-11 +4.319000000e+01 +4.319000000e+01 -3.3441e+00 -2.5288e+00 +3.1425e+00 +6.6046e-01 +3.1768e+00
1241 +1.995914545e-11 +1.995914545e-11 +4.319000000e+01 +4.319000000e+01 -3.3441e+00 -2.5291e+00 +3.1465e+00 +6.6006e-01 +3.1750e+00
1376 +1.124078608e-11 +1.124078608e-11 +4.319000000e+01 +4.319000000e+01 -3.3443e+00 -2.5284e+00 +3.1463e+00 +6.5965e-01 +3.1752e+00
1378 +1.243449788e-12 +1.243449788e-12 +4.319000000e+01 +4.319000000e+01 -3.3443e+00 -2.5282e+00 +3.1460e+00 +6.6009e-01 +3.1758e+00
1480 +3.623767952e-13 +3.623767952e-13 +4.319000000e+01 +4.319000000e+01 -3.3443e+00 -2.5283e+00 +3.1459e+00 +6.5976e-01 +3.1756e+00
1599 +1.989519660e-13 +1.989519660e-13 +4.319000000e+01 +4.319000000e+01 -3.3443e+00 -2.5282e+00 +3.1465e+00 +6.5974e-01 +3.1754e+00
1669 +5.684341886e-14 +5.684341886e-14 +4.319000000e+01 +4.319000000e+01 -3.3443e+00 -2.5283e+00 +3.1462e+00 +6.5976e-01 +3.1756e+00
1812 +2.842170943e-14 +2.842170943e-14 +4.319000000e+01 +4.319000000e+01 -3.3443e+00 -2.5283e+00 +3.1463e+00 +6.5966e-01 +3.1756e+00
1915 +1.421085472e-14 +1.421085472e-14 +4.319000000e+01 +4.319000000e+01 -3.3443e+00 -2.5283e+00 +3.1462e+00 +6.5967e-01 +3.1757e+00
2188 +7.105427358e-15 +7.105427358e-15 +4.319000000e+01 +4.319000000e+01 -3.3443e+00 -2.5283e+00 +3.1463e+00 +6.5968e-01 +3.1756e+00
2230 +0.000000000e+00 +0.000000000e+00 +4.319000000e+01 +4.319000000e+01 -3.3443e+00 -2.5283e+00 +3.1463e+00 +6.5968e-01 +3.1756e+00
% function evaluation | noise-free fitness - Fopt (1.000000000000e+03) | best noise-free fitness - Fopt | measured fitness | best measured fitness | x1 | x2...
1 +7.980611978e+02 +7.980611978e+02 +1.798061198e+03 +1.798061198e+03 +4.2242e-01 +7.7571e-01 +2.2977e-01 +1.9869e+00 +1.4632e+00
2 +5.721016645e+02 +5.721016645e+02 +1.572101664e+03 +1.572101664e+03 +4.0976e-01 +1.8163e+00 +3.4461e-01 +8.9446e-01 +8.4678e-01
5 +3.564801790e+02 +3.564801790e+02 +1.356480179e+03 +1.356480179e+03 +1.1251e+00 +1.1239e+00 +3.5955e-02 +1.0015e+00 +3.9617e-01
17 +2.506357472e+02 +2.506357472e+02 +1.250635747e+03 +1.250635747e+03 +1.8224e+00 +8.8492e-01 -1.3719e-01 +8.4680e-01 +1.6117e-02
25 +1.377741505e+02 +1.377741505e+02 +1.137774151e+03 +1.137774151e+03 +2.8158e+00 +7.7454e-01 -7.3384e-01 +9.1529e-01 +1.0063e-01
46 +9.640899444e+01 +9.640899444e+01 +1.096408994e+03 +1.096408994e+03 +2.4193e+00 +5.4465e-01 -6.9685e-02 -7.1762e-02 -9.6075e-01
57 +3.885583714e+01 +3.885583714e+01 +1.038855837e+03 +1.038855837e+03 +3.6661e+00 -6.4245e-01 -3.1919e-02 -1.2687e+00 -1.1955e+00
85 +1.550338596e+01 +1.550338596e+01 +1.015503386e+03 +1.015503386e+03 +2.8160e+00 -2.5381e+00 -8.5505e-01 -2.4221e+00 -1.6767e+00
141 +4.368630946e+00 +4.368630946e+00 +1.004368631e+03 +1.004368631e+03 +1.7702e+00 -3.9640e+00 -1.3098e+00 -3.2235e+00 -2.4110e+00
148 +3.233846951e+00 +3.233846951e+00 +1.003233847e+03 +1.003233847e+03 +1.4186e+00 -4.2981e+00 -1.6303e+00 -3.6678e+00 -2.9030e+00
204 +2.432231320e+00 +2.432231320e+00 +1.002432231e+03 +1.002432231e+03 +9.5264e-01 -3.3129e+00 -2.0384e+00 -3.9670e+00 -2.8694e+00
277 +1.460302495e+00 +1.460302495e+00 +1.001460302e+03 +1.001460302e+03 +1.1402e+00 -3.6075e+00 -2.1055e+00 -3.8174e+00 -2.4863e+00
306 +9.839335595e-01 +9.839335595e-01 +1.000983934e+03 +1.000983934e+03 +1.1307e+00 -3.4367e+00 -2.0434e+00 -3.7335e+00 -2.6648e+00
% function evaluation | noise-free fitness - Fopt (2.909700000000e+02) | best noise-free fitness - Fopt | measured fitness | best measured fitness | x1 | x2...
1 +5.315790476e+02 +5.315790476e+02 +8.225490476e+02 +8.225490476e+02 +4.2242e-01 +7.7571e-01 +2.2977e-01 +1.9869e+00 +1.4632e+00
4 +3.457996039e+02 +3.457996039e+02 +6.367696039e+02 +6.367696039e+02 +1.0162e+00 +5.4355e-01 +3.4216e-01 +1.4024e+00 +7.7903e-01
6 +1.730891598e+02 +1.730891598e+02 +4.640591598e+02 +4.640591598e+02 +1.0812e+00 +5.6167e-01 -1.9367e-01 +6.7053e-01 -2.5093e-01
17 +1.192161759e+02 +1.192161759e+02 +4.101861759e+02 +4.101861759e+02 +1.0376e+00 +1.9057e-01 +1.3000e-03 +1.6087e-01 -4.8685e-01
25 +5.286779812e+01 +5.286779812e+01 +3.438377981e+02 +3.438377981e+02 +7.1545e-01 -9.2552e-01 -9.4764e-01 -4.1005e-01 -8.4285e-01
50 +3.462726738e+01 +3.462726738e+01 +3.255972674e+02 +3.255972674e+02 +1.5420e+00 -7.7625e-01 -1.2875e+00 -1.2136e+00 -1.0465e+00
53 +1.758684013e+01 +1.758684013e+01 +3.085568401e+02 +3.085568401e+02 +1.6021e+00 +6.3869e-01 -1.3371e+00 -6.7848e-01 -1.5220e+00
73 +5.227901067e+00 +5.227901067e+00 +2.961979011e+02 +2.961979011e+02 +1.4858e+00 -2.3698e-01 -1.0988e+00 -1.5672e+00 -1.9243e+00
109 +3.321340191e+00 +3.321340191e+00 +2.942913402e+02 +2.942913402e+02 +7.2414e-01 +4.4296e-01 -1.0811e+00 -1.9835e+00 -2.4006e+00
131 +2.299342729e+00 +2.299342729e+00 +2.932693427e+02 +2.932693427e+02 +2.9031e-01 +8.2796e-01 -1.0058e+00 -3.2156e+00 -2.4401e+00
144 +1.345974650e+00 +1.345974650e+00 +2.923159747e+02 +2.923159747e+02 +4.3237e-01 +2.4850e-01 -1.0794e+00 -2.8245e+00 -2.5774e+00
201 +6.166745842e-01 +6.166745842e-01 +2.915866746e+02 +2.915866746e+02 +1.8191e-01 +7.5946e-01 -8.5295e-01 -3.1536e+00 -2.6821e+00
251 +5.982992989e-02 +5.982992989e-02 +2.910298299e+02 +2.910298299e+02 +3.3434e-01 -2.4065e-01 -4.4672e-01 -2.9396e+00 -2.8277e+00
303 +1.677036338e-02 +1.677036338e-02 +2.909867704e+02 +2.909867704e+02 +3.5317e-01 -4.0782e-01 -4.1443e-01 -2.8480e+00 -2.8250e+00
361 +1.250073750e-02 +1.250073750e-02 +2.909825007e+02 +2.909825007e+02 +3.4858e-01 -3.9836e-01 -4.6371e-01 -2.8686e+00 -2.8174e+00
363 +7.185628920e-03 +7.185628920e-03 +2.909771856e+02 +2.909771856e+02 +3.3510e-01 -4.3380e-01 -3.7695e-01 -2.9025e+00 -2.8481e+00
417 +1.287212967e-07 +1.287212967e-07 +2.909700001e+02 +2.909700001e+02 +3.3895e-01 -3.9249e-01 -4.2655e-01 -2.8726e+00 -2.8515e+00
437 +6.326962421e-08 +6.326962421e-08 +2.909700001e+02 +2.909700001e+02 +3.0976e-01 -3.8650e-01 -4.2290e-01 -2.8934e+00 -2.8645e+00
465 +2.936371857e-08 +2.936371857e-08 +2.909700000e+02 +2.909700000e+02 +3.1555e-01 -3.8414e-01 -4.3747e-01 -2.8914e+00 -2.8585e+00
466 +9.480743302e-09 +9.480743302e-09 +2.909700000e+02 +2.909700000e+02 +3.0802e-01 -3.8884e-01 -4.5903e-01 -2.8878e+00 -2.8582e+00
480 +2.092804152e-09 +2.092804152e-09 +2.909700000e+02 +2.909700000e+02 +2.9726e-01 -3.6131e-01 -4.5840e-01 -2.9205e+00 -2.8668e+00
495 +7.175344763e-10 +7.175344763e-10 +2.909700000e+02 +2.909700000e+02 +3.1936e-01 -3.9866e-01 -4.3801e-01 -2.8871e+00 -2.8597e+00
595 +1.433591024e-10 +1.433591024e-10 +2.909700000e+02 +2.909700000e+02 +3.0896e-01 -4.0126e-01 -4.4549e-01 -2.8952e+00 -2.8568e+00
645 +5.479705578e-11 +5.479705578e-11 +2.909700000e+02 +2.909700000e+02 +2.9897e-01 -3.8868e-01 -4.5524e-01 -2.8994e+00 -2.8567e+00
734 +3.836930773e-11 +3.836930773e-11 +2.909700000e+02 +2.909700000e+02 +3.0351e-01 -3.9574e-01 -4.4809e-01 -2.9002e+00 -2.8566e+00
797 +6.082245818e-12 +6.082245818e-12 +2.909700000e+02 +2.909700000e+02 +3.0188e-01 -3.9423e-01 -4.4982e-01 -2.9016e+00 -2.8567e+00
806 +7.389644452e-13 +7.389644452e-13 +2.909700000e+02 +2.909700000e+02 +3.0177e-01 -3.9329e-01 -4.5040e-01 -2.9010e+00 -2.8568e+00
1075 +3.410605132e-13 +3.410605132e-13 +2.909700000e+02 +2.909700000e+02 +2.9838e-01 -3.8714e-01 -4.5249e-01 -2.9004e+00 -2.8566e+00
1539 +1.705302566e-13 +1.705302566e-13 +2.909700000e+02 +2.909700000e+02 +2.9055e-01 -3.8513e-01 -4.5725e-01 -2.9011e+00 -2.8540e+00
1766 +5.684341886e-14 +5.684341886e-14 +2.909700000e+02 +2.909700000e+02 +2.9132e-01 -3.8589e-01 -4.5669e-01 -2.9004e+00 -2.8540e+00
1841 +0.000000000e+00 +0.000000000e+00 +2.909700000e+02 +2.909700000e+02 +2.9141e-01 -3.8601e-01 -4.5668e-01 -2.9003e+00 -2.8540e+00
% function evaluation | noise-free fitness - Fopt (-1.963400000000e+02) | best noise-free fitness - Fopt | measured fitness | best measured fitness | x1 | x2...
1 +1.112912487e+03 +1.112912487e+03 +9.165724868e+02 +9.165724868e+02 +4.2242e-01 +7.7571e-01 +2.2977e-01 +1.9869e+00 +1.4632e+00
4 +8.631046652e+02 +8.631046652e+02 +6.667646652e+02 +6.667646652e+02 +1.0162e+00 +5.4355e-01 +3.4216e-01 +1.4024e+00 +7.7903e-01
15 +6.260915778e+02 +6.260915778e+02 +4.297515778e+02 +4.297515778e+02 +1.1355e+00 +3.6122e-01 -6.1139e-01 +1.1059e+00 +2.3698e-01
25 +3.404411364e+02 +3.404411364e+02 +1.441011364e+02 +1.441011364e+02 +6.2228e-01 -2.6902e-01 -1.8156e+00 +1.7254e+00 +6.3362e-02
42 +2.251096146e+02 +2.251096146e+02 +2.876961464e+01 +2.876961464e+01 +1.1715e+00 -9.9126e-01 -9.7155e-01 +2.2675e+00 -5.9875e-01
51 +1.033017478e+02 +1.033017478e+02 -9.303825219e+01 -9.303825219e+01 -5.9028e-01 -2.6840e+00 -5.0359e-01 -3.1288e-02 -1.0169e+00
69 +8.193557757e+01 +8.193557757e+01 -1.144044224e+02 -1.144044224e+02 +1.0911e+00 -4.8763e+00 +6.5422e-01 +5.1576e-01 -1.3663e+00
79 +2.203556948e+01 +2.203556948e+01 -1.743044305e+02 -1.743044305e+02 +1.9442e+00 -4.3091e+00 +2.0767e+00 +8.4091e-01 -3.2137e+00
124 +1.581534807e+01 +1.581534807e+01 -1.805246519e+02 -1.805246519e+02 +4.2723e+00 -2.4326e+00 -2.6198e+00 +1.0492e-01 -3.0840e+00
164 +8.945430654e+00 +8.945430654e+00 -1.873945693e+02 -1.873945693e+02 +3.2412e+00 -2.4313e+00 -1.7248e+00 -3.7685e-01 -3.7941e+00
169 +6.055509882e+00 +6.055509882e+00 -1.902844901e+02 -1.902844901e+02 +3.1040e+00 -1.8981e+00 -1.4901e+00 +5.5358e-01 -4.1724e+00
241 +3.912066470e+00 +3.912066470e+00 -1.924279335e+02 -1.924279335e+02 +3.6438e+00 -2.0963e+00 -1.4862e+00 -2.1236e-01 -4.4262e+00
356 +1.848982606e+00 +1.848982606e+00 -1.944910174e+02 -1.944910174e+02 +3.5673e+00 -2.6689e+00 -7.1072e-01 +8.1307e-01 -3.8872e+00
% function evaluation | noise-free fitness - Fopt (-1.935000000000e+01) | best noise-free fitness - Fopt | measured fitness | best measured fitness | x1 | x2...
1 +2.906313669e+02 +2.906313669e+02 +2.712813669e+02 +2.712813669e+02 +4.2242e-01 +7.7571e-01 +2.2977e-01 +1.9869e+00 +1.4632e+00
9 +2.331799881e+02 +2.331799881e+02 +2.138299881e+02 +2.138299881e+02 +1.2508e-01 +1.3842e+00 +1.9263e-01 +1.8669e+00 +1.4971e+00
24 +1.023676669e+02 +1.023676669e+02 +8.301766687e+01 +8.301766687e+01 +3.1132e-01 +1.9918e+00 -1.0581e+00 +2.0393e+00 +7.0138e-01
33 +7.602645805e+01 +7.602645805e+01 +5.667645805e+01 +5.667645805e+01 +7.6227e-02 +2.1843e+00 -1.3713e+00 +3.3473e+00 +1.1554e+00
34 +4.606362243e+01 +4.606362243e+01 +2.671362243e+01 +2.671362243e+01 +4.1419e-01 +1.3701e+00 -2.1363e+00 +2.8906e+00 +1.8090e+00
53 +1.753602906e+01 +1.753602906e+01 -1.813970945e+00 -1.813970945e+00 -1.1257e+00 +7.5391e-01 -3.5852e+00 +1.2971e+00 +1.3801e+00
116 +1.336078496e+01 +1.336078496e+01 -5.989215037e+00 -5.989215037e+00 -8.5606e-02 +1.6835e+00 -3.7160e+00 +1.2097e+00 +1.0847e+00
146 +6.474165795e+00 +6.474165795e+00 -1.287583421e+01 -1.287583421e+01 +6.5894e-01 +3.5301e+00 -3.7980e+00 +1.4209e+00 -3.1551e-01
161 +5.743507342e+00 +5.743507342e+00 -1.360649266e+01 -1.360649266e+01 +8.9355e-02 +3.1402e+00 -3.9522e+00 +1.1836e+00 -4.5279e-01
200 +3.779818400e+00 +3.779818400e+00 -1.557018160e+01 -1.557018160e+01 +5.3433e-02 +2.5386e+00 -4.0351e+00 +1.5341e+00 -9.3584e-01
268 +2.315506445e+00 +2.315506445e+00 -1.703449356e+01 -1.703449356e+01 +4.1999e-01 +2.9482e+00 -3.6616e+00 +2.0200e+00 -1.5164e+00
378 +1.577820547e+00 +1.577820547e+00 -1.777217945e+01 -1.777217945e+01 +4.3912e-01 +2.5831e+00 -3.4643e+00 +2.4858e+00 -1.2920e+00
% function evaluation | noise-free fitness - Fopt (-3.314200000000e+02) | best noise-free fitness - Fopt | measured fitness | best measured fitness | x1 | x2...
1 +5.462925607e+02 +5.462925607e+02 +2.148725607e+02 +2.148725607e+02 +4.2242e-01 +7.7571e-01 +2.2977e-01 +1.9869e+00 +1.4632e+00
13 +3.213740003e+02 +3.213740003e+02 -1.004599974e+01 -1.004599974e+01 +2.5205e-01 +8.5960e-01 +2.3997e-01 +2.7611e+00 +1.0050e+00
18 +2.312751096e+02 +2.312751096e+02 -1.001448904e+02 -1.001448904e+02 +3.4302e-01 +7.0476e-01 -5.3558e-01 +2.5387e+00 -3.1086e-01
29 +1.020928039e+02 +1.020928039e+02 -2.293271961e+02 -2.293271961e+02 -5.7045e-01 +1.2114e+00 -5.8114e-01 +3.5947e+00 -5.8403e-01
33 +8.189152055e+01 +8.189152055e+01 -2.495284795e+02 -2.495284795e+02 -8.7106e-01 +1.8847e+00 +1.5495e-01 +3.8340e+00 -4.0839e-01
35 +5.767619060e+01 +5.767619060e+01 -2.737438094e+02 -2.737438094e+02 -3.3354e-01 +9.8732e-01 -1.6143e-01 +4.2480e+00 -5.6657e-01
56 +2.819280161e+01 +2.819280161e+01 -3.032271984e+02 -3.032271984e+02 -7.5320e-02 +2.8162e-01 +1.0774e+00 +4.7885e+00 +3.8568e-01
64 +2.499932433e+01 +2.499932433e+01 -3.064206757e+02 -3.064206757e+02 -3.2437e-01 +1.8317e+00 +6.3554e-01 +4.9555e+00 +5.1625e-01
81 +1.275822718e+01 +1.275822718e+01 -3.186617728e+02 -3.186617728e+02 -1.7682e+00 +2.9366e+00 +1.9258e+00 +6.0941e+00 +1.0369e+00
129 +9.816100825e+00 +9.816100825e+00 -3.216038992e+02 -3.216038992e+02 -2.0010e+00 +2.4942e+00 +1.7397e+00 +5.9261e+00 +7.9907e-01
237 +4.536497100e+00 +4.536497100e+00 -3.268835029e+02 -3.268835029e+02 -2.9065e+00 -2.2523e-02 +2.1499e+00 +4.7640e+00 -1.3394e+00
310 +2.406071375e+00 +2.406071375e+00 -3.290139286e+02 -3.290139286e+02 -1.9045e+00 -2.0868e-01 +2.7997e+00 +4.6394e+00 -9.2581e-01
393 +1.306974417e+00 +1.306974417e+00 -3.301130256e+02 -3.301130256e+02 -1.0536e+00 -1.6680e+00 +3.0099e+00 +3.8618e+00 -1.6371e+00
% function evaluation | noise-free fitness - Fopt (4.129200000000e+02) | best noise-free fitness - Fopt | measured fitness | best measured fitness | x1 | x2...
1 +6.592526771e+01 +6.592526771e+01 +4.788452677e+02 +4.788452677e+02 +4.2242e-01 +7.7571e-01 +2.2977e-01 +1.9869e+00 +1.4632e+00
13 +5.925652189e+01 +5.925652189e+01 +4.721765219e+02 +4.721765219e+02 +9.0514e-01 +1.2304e+00 -2.3430e-01 +2.3478e+00 +1.7508e-01
17 +2.252536989e+01 +2.252536989e+01 +4.354453699e+02 +4.354453699e+02 +6.3766e-01 +8.6097e-01 +8.9890e-02 +2.6844e+00 +1.4500e-01
23 +7.559289761e+00 +7.559289761e+00 +4.204792898e+02 +4.204792898e+02 +1.3972e-01 +9.1032e-01 -3.0820e-01 +2.6573e+00 -1.7263e-01
28 +2.268015211e+00 +2.268015211e+00 +4.151880152e+02 +4.151880152e+02 -5.8009e-01 +1.2277e+00 -5.2737e-01 +3.1556e+00 -4.8309e-01
