% function evaluation | noise-free fitness - Fopt (2.997000000000e+01) | best noise-free fitness - Fopt | measured fitness | best measured fitness | x1 | x2...
1 +1.544871323e+03 +1.544871323e+03 +1.574841323e+03 +1.574841323e+03 +3.1472e+00 +4.0579e+00 -3.7301e+00 +4.1338e+00 +1.3236e+00
7 +7.285363782e+02 +7.285363782e+02 +7.585063782e+02 +7.585063782e+02 +2.0605e+00 -4.6817e+00 -2.2308e+00 -4.5383e+00 -4.0287e+00
97 +4.573688026e+02 +4.573688026e+02 +4.873388026e+02 +4.873388026e+02 +5.1660e-01 +1.3083e+00 -1.1474e+00 -1.5028e+00 +2.1719e+00
137 +3.526312866e+02 +3.526312866e+02 +3.826012866e+02 +3.826012866e+02 +1.4085e+00 +4.1642e-01 -2.0392e+00 -2.3946e+00 +1.2801e+00
170 +2.102961600e+02 +2.102961600e+02 +2.402661600e+02 +2.402661600e+02 +3.4868e-01 -5.4414e-01 -2.5369e+00 -1.9064e+00 +2.2577e+00
302 +1.420422895e+02 +1.420422895e+02 +1.720122895e+02 +1.720122895e+02 -5.2181e-02 -5.7761e-02 -2.8670e+00 -2.0372e+00 +2.6125e+00
338 +5.756179451e+01 +5.756179451e+01 +8.753179451e+01 +8.753179451e+01 +4.6002e-01 -1.0708e+00 -3.4491e+00 -2.1191e+00 +3.0298e+00
440 +3.432893008e+01 +3.432893008e+01 +6.429893008e+01 +6.429893008e+01 +6.3924e-01 -1.4352e+00 -3.6737e+00 -1.9099e+00 +3.1607e+00
545 +1.406632777e+01 +1.406632777e+01 +4.403632777e+01 +4.403632777e+01 +7.2479e-01 -1.4476e+00 -3.5659e+00 -1.9410e+00 +3.2449e+00
557 +4.190520016e+00 +4.190520016e+00 +3.416052002e+01 +3.416052002e+01 +8.8715e-01 -1.6885e+00 -3.6545e+00 -1.9491e+00 +3.1198e+00
671 +2.884710240e+00 +2.884710240e+00 +3.285471024e+01 +3.285471024e+01 +8.7303e-01 -1.6775e+00 -3.6430e+00 -1.9423e+00 +3.1144e+00
1260 +1.464486298e+00 +1.464486298e+00 +3.143448630e+01 +3.143448630e+01 +8.5872e-01 -1.6818e+00 -3.6518e+00 -1.9418e+00 +3.1140e+00
1623 +6.015587537e-01 +6.015587537e-01 +3.057155875e+01 +3.057155875e+01 +8.6565e-01 -1.6790e+00 -3.6539e+00 -1.9416e+00 +3.1218e+00
2030 +3.190452707e-01 +3.190452707e-01 +3.028904527e+01 +3.028904527e+01 +8.6611e-01 -1.6797e+00 -3.6535e+00 -1.9397e+00 +3.1183e+00
2327 +2.423771859e-01 +2.423771859e-01 +3.021237719e+01 +3.021237719e+01 +8.6487e-01 -1.6791e+00 -3.6541e+00 -1.9395e+00 +3.1187e+00
2617 +1.510425139e-01 +1.510425139e-01 +3.012104251e+01 +3.012104251e+01 +8.6514e-01 -1.6790e+00 -3.6540e+00 -1.9394e+00 +3.1196e+00
2790 +8.866118013e-02 +8.866118013e-02 +3.005866118e+01 +3.005866118e+01 +8.6513e-01 -1.6788e+00 -3.6543e+00 -1.9393e+00 +3.1203e+00
2982 +5.702275265e-02 +5.702275265e-02 +3.002702275e+01 +3.002702275e+01 +8.6509e-01 -1.6788e+00 -3.6545e+00 -1.9393e+00 +3.1209e+00
3197 +3.970617117e-02 +3.970617117e-02 +3.000970617e+01 +3.000970617e+01 +8.6466e-01 -1.6782e+00 -3.6544e+00 -1.9391e+00 +3.1213e+00
3250 +2.495349953e-02 +2.495349953e-02 +2.999495350e+01 +2.999495350e+01 +8.6452e-01 -1.6781e+00 -3.6543e+00 -1.9393e+00 +3.1211e+00
3495 +8.104438826e-03 +8.104438826e-03 +2.997810444e+01 +2.997810444e+01 +8.6453e-01 -1.6782e+00 -3.6543e+00 -1.9393e+00 +3.1213e+00
3580 +6.115028165e-03 +6.115028165e-03 +2.997611503e+01 +2.997611503e+01 +8.6456e-01 -1.6782e+00 -3.6543e+00 -1.9393e+00 +3.1213e+00
3691 +3.537548976e-03 +3.537548976e-03 +2.997353755e+01 +2.997353755e+01 +8.6455e-01 -1.6782e+00 -3.6543e+00 -1.9393e+00 +3.1213e+00
4051 +2.458944079e-03 +2.458944079e-03 +2.997245894e+01 +2.997245894e+01 +8.6454e-01 -1.6781e+00 -3.6543e+00 -1.9392e+00 +3.1213e+00
% function evaluation | noise-free fitness - Fopt (-5.171000000000e+01) | best noise-free fitness - Fopt | measured fitness | best measured fitness | x1 | x2...
1 +9.991019571e+02 +9.991019571e+02 +9.473919571e+02 +9.473919571e+02 +3.1472e+00 +4.0579e+00 -3.7301e+00 +4.1338e+00 +1.3236e+00
54 +5.996180649e+02 +5.996180649e+02 +5.479080649e+02 +5.479080649e+02 +3.9294e+00 +1.4722e+00 -2.6138e+00 -2.5071e+00 -1.4249e+00
149 +3.944335879e+02 +3.944335879e+02 +3.427235879e+02 +3.427235879e+02 +3.8251e+00 +2.4995e+00 -2.6133e+00 -2.3443e+00 -6.6162e-01
206 +1.280325110e+02 +1.280325110e+02 +7.632251099e+01 +7.632251099e+01 +2.3185e+00 +2.4512e+00 -3.7860e+00 -3.4452e+00 +1.0984e+00
313 +9.072244584e+01 +9.072244584e+01 +3.901244584e+01 +3.901244584e+01 +2.6346e+00 +3.4507e+00 -3.5008e+00 -4.1981e+00 +7.0339e-01
328 +6.112184880e+01 +6.112184880e+01 +9.411848796e+00 +9.411848796e+00 +3.0394e+00 +4.0953e+00 -3.1054e+00 -3.4978e+00 +3.8004e-01
377 +3.620274834e+01 +3.620274834e+01 -1.550725166e+01 -1.550725166e+01 +2.9204e+00 +3.6047e+00 -3.1556e+00 -3.4962e+00 +5.6340e-01
600 +2.186788569e+01 +2.186788569e+01 -2.984211431e+01 -2.984211431e+01 +2.8803e+00 +3.7171e+00 -3.0196e+00 -3.5297e+00 +5.6844e-01
869 +1.439056544e+01 +1.439056544e+01 -3.731943456e+01 -3.731943456e+01 +2.8752e+00 +3.6544e+00 -3.0902e+00 -3.6270e+00 +5.4636e-01
1153 +6.335733534e+00 +6.335733534e+00 -4.537426647e+01 -4.537426647e+01 +2.8202e+00 +3.6450e+00 -3.0663e+00 -3.6729e+00 +5.4614e-01
1233 +5.930225139e+00 +5.930225139e+00 -4.577977486e+01 -4.577977486e+01 +2.8216e+00 +3.6483e+00 -3.0681e+00 -3.6667e+00 +5.4838e-01
2150 +3.755886673e+00 +3.755886673e+00 -4.795411333e+01 -4.795411333e+01 +2.8517e+00 +3.6859e+00 -3.0364e+00 -3.6555e+00 +5.1417e-01
% function evaluation | noise-free fitness - Fopt (-2.799500000000e+02) | best noise-free fitness - Fopt | measured fitness | best measured fitness | x1 | x2...
1 +3.713259362e+03 +3.713259362e+03 +3.433309362e+03 +3.433309362e+03 +3.1472e+00 +4.0579e+00 -3.7301e+00 +4.1338e+00 +1.3236e+00
2 +1.428141711e+03 +1.428141711e+03 +1.148191711e+03 +1.148191711e+03 -4.0246e+00 -2.2150e+00 +4.6882e-01 +4.5751e+00 +4.6489e+00
31 +9.024304353e+02 +9.024304353e+02 +6.224804353e+02 +6.224804353e+02 -8.2733e-01 -4.5035e+00 +4.0272e+00 +4.4479e+00 -9.1359e-02
150 +5.536714085e+02 +5.536714085e+02 +2.737214085e+02 +2.737214085e+02 -2.4182e+00 -4.5164e+00 -7.6681e-01 -9.0354e-01 -1.6005e+00
190 +3.671692485e+02 +3.671692485e+02 +8.721924846e+01 +8.721924846e+01 -1.4182e+00 -5.0000e+00 +2.3319e-01 +9.6463e-02 -2.6005e+00
253 +1.917983200e+02 +1.917983200e+02 -8.815168004e+01 -8.815168004e+01 -3.1096e+00 -5.0000e+00 +3.1221e+00 +7.2881e-02 -1.8473e+00
294 +1.373786585e+02 +1.373786585e+02 -1.425713415e+02 -1.425713415e+02 -2.4071e+00 -5.0000e+00 +2.7516e+00 +2.7899e-01 -2.4377e+00
374 +8.483622697e+01 +8.483622697e+01 -1.951137730e+02 -1.951137730e+02 -2.6230e+00 -5.0000e+00 +2.1623e+00 +1.8566e-01 -2.3950e+00
497 +5.965299268e+01 +5.965299268e+01 -2.202970073e+02 -2.202970073e+02 -2.7728e+00 -5.0000e+00 +2.0334e+00 +3.5270e-02 -2.6639e+00
502 +3.779516415e+01 +3.779516415e+01 -2.421548358e+02 -2.421548358e+02 -2.8411e+00 -4.8386e+00 +2.3208e+00 -3.4198e-01 -2.8775e+00
611 +2.462304725e+01 +2.462304725e+01 -2.553269528e+02 -2.553269528e+02 -2.7224e+00 -4.9110e+00 +2.1982e+00 -2.0358e-01 -2.9029e+00
1070 +1.584766310e+01 +1.584766310e+01 -2.641023369e+02 -2.641023369e+02 -2.7471e+00 -4.8928e+00 +2.1605e+00 -2.0770e-01 -2.9610e+00
% function evaluation | noise-free fitness - Fopt (9.319900000000e+02) | best noise-free fitness - Fopt | measured fitness | best measured fitness | x1 | x2...
1 +2.095816419e+03 +2.095816419e+03 +3.027806419e+03 +3.027806419e+03 +3.1472e+00 +4.0579e+00 -3.7301e+00 +4.1338e+00 +1.3236e+00
3 +1.492096041e+03 +1.492096041e+03 +2.424086041e+03 +2.424086041e+03 -3.4239e+00 +4.7059e+00 +4.5717e+00 -1.4624e-01 +3.0028e+00
10 +6.378008629e+02 +6.378008629e+02 +1.569790863e+03 +1.569790863e+03 -1.0236e-01 -5.4414e-01 +1.4631e+00 +2.0936e+00 +2.5469e+00
18 +5.949869043e+02 +5.949869043e+02 +1.526976904e+03 +1.526976904e+03 -2.1416e+00 +2.5720e+00 +2.5373e+00 -1.1955e+00 +6.7822e-01
62 +3.916801318e+02 +3.916801318e+02 +1.323670132e+03 +1.323670132e+03 +1.9819e-02 -1.3703e+00 +2.5408e+00 +8.9215e-01 +1.4815e+00
133 +2.187946887e+02 +2.187946887e+02 +1.150784689e+03 +1.150784689e+03 +1.6319e-01 +3.0919e-01 +2.8028e+00 -5.8069e-01 +1.2498e+00
231 +1.459123063e+02 +1.459123063e+02 +1.077902306e+03 +1.077902306e+03 +6.8957e-01 +3.7581e-01 +2.0639e+00 -5.5213e-01 +2.2212e+00
332 +8.237837156e+01 +8.237837156e+01 +1.014368372e+03 +1.014368372e+03 +5.0163e-01 +2.3690e-01 +2.2272e+00 -1.2811e+00 +2.3738e+00
363 +6.038981875e+01 +6.038981875e+01 +9.923798187e+02 +9.923798187e+02 +9.8275e-01 +6.6288e-01 +2.6081e+00 -1.0531e+00 +2.1824e+00
417 +2.806983819e+01 +2.806983819e+01 +9.600598382e+02 +9.600598382e+02 +1.0628e+00 +4.1135e-01 +2.4449e+00 -1.1808e+00 +2.5610e+00
546 +1.738528125e+01 +1.738528125e+01 +9.493752813e+02 +9.493752813e+02 +1.1192e+00 +4.4790e-01 +2.3807e+00 -1.2749e+00 +2.6186e+00
746 +1.442299364e+01 +1.442299364e+01 +9.464129936e+02 +9.464129936e+02 +1.1178e+00 +4.7128e-01 +2.3692e+00 -1.2951e+00 +2.6196e+00
959 +9.061534790e+00 +9.061534790e+00 +9.410515348e+02 +9.410515348e+02 +1.1097e+00 +4.6128e-01 +2.3110e+00 -1.2682e+00 +2.6262e+00
1332 +5.831965458e+00 +5.831965458e+00 +9.378219655e+02 +9.378219655e+02 +1.1159e+00 +4.6895e-01 +2.3014e+00 -1.2997e+00 +2.6360e+00
2106 +3.972662998e+00 +3.972662998e+00 +9.359626630e+02 +9.359626630e+02 +1.1201e+00 +4.7517e-01 +2.2955e+00 -1.3175e+00 +2.6412e+00
% function evaluation | noise-free fitness - Fopt (1.133100000000e+02) | best noise-free fitness - Fopt | measured fitness | best measured fitness | x1 | x2...
1 +8.399354419e+02 +8.399354419e+02 +9.532454419e+02 +9.532454419e+02 +3.1472e+00 +4.0579e+00 -3.7301e+00 +4.1338e+00 +1.3236e+00
29 +5.514667933e+02 +5.514667933e+02 +6.647767933e+02 +6.647767933e+02 +3.5303e+00 +1.2206e+00 -1.4905e+00 +1.3250e-01 -9.8192e-01
90 +1.586283406e+02 +1.586283406e+02 +2.719383406e+02 +2.719383406e+02 +1.8976e+00 +1.4559e+00 -5.3687e-01 +9.3648e-02 +5.4687e-01
199 +1.257787401e+02 +1.257787401e+02 +2.390887401e+02 +2.390887401e+02 +1.8955e+00 +2.2203e+00 +3.3238e-01 -1.6705e-01 +1.0321e+00
291 +7.693470270e+01 +7.693470270e+01 +1.902447027e+02 +1.902447027e+02 +2.5204e+00 +2.0298e+00 -9.9902e-01 +9.9569e-01 +1.2474e+00
380 +5.465267522e+01 +5.465267522e+01 +1.679626752e+02 +1.679626752e+02 +2.5424e+00 +2.5780e+00 -2.2828e-01 +7.7091e-01 +7.3183e-01
436 +3.748924219e+01 +3.748924219e+01 +1.507992422e+02 +1.507992422e+02 +2.3054e+00 +2.1597e+00 -3.6669e-01 +5.2148e-01 +1.1074e+00
712 +2.399963368e+01 +2.399963368e+01 +1.373096337e+02 +1.373096337e+02 +2.4554e+00 +2.0361e+00 -5.6476e-01 +7.2505e-01 +9.4571e-01
1073 +1.062036834e+01 +1.062036834e+01 +1.239303683e+02 +1.239303683e+02 +2.4716e+00 +2.0312e+00 -6.0723e-01 +7.0813e-01 +1.0294e+00
1408 +9.901883765e+00 +9.901883765e+00 +1.232118838e+02 +1.232118838e+02 +2.4692e+00 +2.0309e+00 -6.0623e-01 +7.0956e-01 +1.0316e+00
% function evaluation | noise-free fitness - Fopt (-3.000200000000e+02) | best noise-free fitness - Fopt | measured fitness | best measured fitness | x1 | x2...
1 +1.796088463e+03 +1.796088463e+03 +1.496068463e+03 +1.496068463e+03 +3.1472e+00 +4.0579e+00 -3.7301e+00 +4.1338e+00 +1.3236e+00
2 +1.543977189e+03 +1.543977189e+03 +1.243957189e+03 +1.243957189e+03 -4.0246e+00 -2.2150e+00 +4.6882e-01 +4.5751e+00 +4.6489e+00
11 +9.348326828e+02 +9.348326828e+02 +6.348126828e+02 +6.348126828e+02 -2.2397e+00 +1.7970e+00 +1.5510e+00 -3.3739e+00 -3.8100e+00
54 +4.589190843e+02 +4.589190843e+02 +1.588990843e+02 +1.588990843e+02 +3.5929e+00 +3.4552e-01 -2.6138e+00 -4.5071e+00 -1.4249e+00
97 +3.594047109e+02 +3.594047109e+02 +5.938471087e+01 +5.938471087e+01 -1.4834e+00 +1.3083e+00 -1.1474e+00 -1.5028e+00 +2.1719e+00
137 +2.080558805e+02 +2.080558805e+02 -9.196411955e+01 -9.196411955e+01 -4.8340e-01 +5.7851e-01 -2.1474e+00 -2.5028e+00 +1.1719e+00
171 +7.663228514e+01 +7.663228514e+01 -2.233877149e+02 -2.233877149e+02 +4.4623e-01 +1.6288e+00 -2.4490e+00 -3.6841e+00 -7.9344e-02
247 +3.919631749e+01 +3.919631749e+01 -2.608236825e+02 -2.608236825e+02 +6.5567e-01 +1.3183e+00 -2.3247e+00 -3.8589e+00 -1.9938e-01
426 +2.377110297e+01 +2.377110297e+01 -2.762488970e+02 -2.762488970e+02 +8.1967e-01 +1.3409e+00 -2.3092e+00 -3.8668e+00 -9.6130e-02
1115 +1.467154036e+01 +1.467154036e+01 -2.853484596e+02 -2.853484596e+02 +7.3383e-01 +1.4203e+00 -2.2781e+00 -3.7939e+00 -7.1581e-02
2497 +9.960232009e+00 +9.960232009e+00 -2.900597680e+02 -2.900597680e+02 +7.2310e-01 +1.4160e+00 -2.2802e+00 -3.8111e+00 -8.6346e-02
% function evaluation | noise-free fitness - Fopt (4.471000000000e+01) | best noise-free fitness - Fopt | measured fitness | best measured fitness | x1 | x2...
1 +1.363662053e+03 +1.363662053e+03 +1.408372053e+03 +1.408372053e+03 +3.1472e+00 +4.0579e+00 -3.7301e+00 +4.1338e+00 +1.3236e+00
5 +9.803355238e+02 +9.803355238e+02 +1.025045524e+03 +1.025045524e+03 +1.5574e+00 -4.6429e+00 +3.4913e+00 +4.3399e+00 +1.7874e+00
49 +4.586162605e+02 +4.586162605e+02 +5.033262605e+02 +5.033262605e+02 +3.8744e-01 -2.1844e+00 +3.4333e+00 +1.9520e+00 -2.1313e+00
89 +3.575978049e+02 +3.575978049e+02 +4.023078049e+02 +4.023078049e+02 +1.2834e+00 -3.0804e+00 +4.1304e+00 +1.0561e+00 -1.2353e+00
158 +2.299074627e+02 +2.299074627e+02 +2.746174627e+02 +2.746174627e+02 -1.9450e-01 -2.9804e+00 +4.1861e+00 +1.4172e-01 -1.2620e+00
231 +1.498500842e+02 +1.498500842e+02 +1.945600842e+02 +1.945600842e+02 +2.7332e-01 -1.8716e+00 +3.7704e+00 +5.0648e-01 -1.7746e-01
360 +9.081351431e+01 +9.081351431e+01 +1.355235143e+02 +1.355235143e+02 +1.1238e-01 -1.9104e+00 +3.7295e+00 -6.4335e-02 -5.1065e-01
603 +6.099049217e+01 +6.099049217e+01 +1.057004922e+02 +1.057004922e+02 +7.4800e-02 -1.7476e+00 +3.7506e+00 +3.5939e-02 -5.5637e-01
1066 +3.175804069e+01 +3.175804069e+01 +7.646804069e+01 +7.646804069e+01 +5.4775e-01 -1.4981e+00 +3.4917e+00 +8.1321e-02 -1.8335e-01
1622 +2.483311651e+01 +2.483311651e+01 +6.954311651e+01 +6.954311651e+01 +5.4390e-01 -1.4847e+00 +3.4839e+00 +8.8789e-02 -2.2635e-01
% function evaluation | noise-free fitness - Fopt (-1.000000000000e+03) | best noise-free fitness - Fopt | measured fitness | best measured fitness | x1 | x2...
1 +3.255964994e+03 +3.255964994e+03 +2.255964994e+03 +2.255964994e+03 +3.1472e+00 +4.0579e+00 -3.7301e+00 +4.1338e+00 +1.3236e+00
2 +1.823886947e+03 +1.823886947e+03 +8.238869466e+02 +8.238869466e+02 -4.0246e+00 -2.2150e+00 +4.6882e-01 +4.5751e+00 +4.6489e+00
3 +1.181946234e+03 +1.181946234e+03 +1.819462338e+02 +1.819462338e+02 -3.4239e+00 +4.7059e+00 +4.5717e+00 -1.4624e-01 +3.0028e+00
11 +7.339697160e+02 +7.339697160e+02 -2.660302840e+02 -2.660302840e+02 -2.2397e+00 +1.7970e+00 +1.5510e+00 -3.3739e+00 -3.8100e+00
51 +5.550324787e+02 +5.550324787e+02 -4.449675213e+02 -4.449675213e+02 -1.3443e+00 +2.3702e+00 +2.2113e+00 -2.4826e+00 -2.8100e+00
137 +2.059495195e+02 +2.059495195e+02 -7.940504805e+02 -7.940504805e+02 -1.8630e+00 +9.9671e-01 +3.7445e+00 -2.3946e+00 +1.2801e+00
255 +1.222225095e+02 +1.222225095e+02 -8.777774905e+02 -8.777774905e+02 -2.0984e+00 +2.0707e+00 +4.0165e+00 -3.1385e+00 +8.5974e-01
273 +5.718597800e+01 +5.718597800e+01 -9.428140220e+02 -9.428140220e+02 -2.5331e+00 +2.1277e+00 +3.4169e+00 -3.1169e+00 +1.9352e+00
382 +2.905004280e+01 +2.905004280e+01 -9.709499572e+02 -9.709499572e+02 -2.2495e+00 +2.1091e+00 +3.4662e+00 -3.2025e+00 +1.8039e+00
591 +1.701576277e+01 +1.701576277e+01 -9.829842372e+02 -9.829842372e+02 -2.1163e+00 +2.0786e+00 +3.4480e+00 -3.2040e+00 +1.7762e+00
671 +1.519101051e+01 +1.519101051e+01 -9.848089895e+02 -9.848089895e+02 -2.1222e+00 +2.0782e+00 +3.4391e+00 -3.2118e+00 +1.7826e+00
1070 +9.803396415e+00 +9.803396415e+00 -9.901966036e+02 -9.901966036e+02 -2.0824e+00 +2.0553e+00 +3.4173e+00 -3.2256e+00 +1.7245e+00
1476 +6.183536700e+00 +6.183536700e+00 -9.938164633e+02 -9.938164633e+02 -2.0581e+00 +2.0733e+00 +3.4264e+00 -3.2514e+00 +1.7506e+00
% function evaluation | noise-free fitness - Fopt (3.042000000000e+02) | best noise-free fitness - Fopt | measured fitness | best measured fitness | x1 | x2...
1 +1.970024100e+03 +1.970024100e+03 +2.274224100e+03 +2.274224100e+03 +3.1472e+00 +4.0579e+00 -3.7301e+00 +4.1338e+00 +1.3236e+00
6 +9.378023306e+02 +9.378023306e+02 +1.242002331e+03 +1.242002331e+03 +2.5774e+00 +2.4313e+00 -1.0777e+00 +1.5548e+00 -3.2881e+00
12 +4.708138927e+02 +4.708138927e+02 +7.750138927e+02 +7.750138927e+02 -1.6359e-02 +4.5974e+00 -1.5961e+00 +8.5268e-01 -2.7619e+00
28 +3.543865526e+02 +3.543865526e+02 +6.585865526e+02 +6.585865526e+02 -3.6393e+00 +3.6929e+00 +7.9705e-01 +4.9860e-01 -3.5505e+00
147 +2.465890436e+02 +2.465890436e+02 +5.507890436e+02 +5.507890436e+02 -3.6859e+00 +3.1244e+00 -1.8153e-01 +4.9841e-01 -3.2157e+00
228 +1.467767702e+02 +1.467767702e+02 +4.509767702e+02 +4.509767702e+02 -4.9637e+00 +2.7537e+00 +1.9770e+00 -1.3299e+00 -9.2168e-01
329 +9.761475440e+01 +9.761475440e+01 +4.018147544e+02 +4.018147544e+02 -4.1601e+00 +3.2426e+00 +1.5218e+00 -2.0274e+00 -1.0625e+00
339 +5.818741060e+01 +5.818741060e+01 +3.623874106e+02 +3.623874106e+02 -3.8380e+00 +3.1885e+00 +1.5243e+00 -1.8851e+00 -1.1739e+00
512 +2.747076762e+01 +2.747076762e+01 +3.316707676e+02 +3.316707676e+02 -3.5958e+00 +3.0802e+00 +1.1935e+00 -1.6936e+00 -1.3090e+00
546 +2.029003509e+01 +2.029003509e+01 +3.244900351e+02 +3.244900351e+02 -3.5190e+00 +3.0487e+00 +1.1931e+00 -1.6371e+00 -1.3769e+00
850 +1.308811461e+01 +1.308811461e+01 +3.172881146e+02 +3.172881146e+02 -3.4341e+00 +3.0854e+00 +1.0821e+00 -1.6459e+00 -1.4750e+00
1150 +9.747188403e+00 +9.747188403e+00 +3.139471884e+02 +3.139471884e+02 -3.4248e+00 +3.0690e+00 +1.0922e+00 -1.6162e+00 -1.4697e+00
2165 +6.296828725e+00 +6.296828725e+00 +3.104968287e+02 +3.104968287e+02 -3.4164e+00 +3.0893e+00 +1.0687e+00 -1.5998e+00 -1.5008e+00
% function evaluation | noise-free fitness - Fopt (-1.046700000000e+02) | best noise-free fitness - Fopt | measured fitness | best measured fitness | x1 | x2...
1 +2.633471995e+03 +2.633471995e+03 +2.528801995e+03 +2.528801995e+03 +3.1472e+00 +4.0579e+00 -3.7301e+00 +4.1338e+00 +1.3236e+00
2 +2.454394852e+03 +2.454394852e+03 +2.349724852e+03 +2.349724852e+03 -4.0246e+00 -2.2150e+00 +4.6882e-01 +4.5751e+00 +4.6489e+00
11 +1.184371105e+03 +1.184371105e+03 +1.079701105e+03 +1.079701105e+03 -2.2397e+00 +1.7970e+00 +1.5510e+00 -3.3739e+00 -3.8100e+00
20 +8.861878301e+02 +8.861878301e+02 +7.815178301e+02 +7.815178301e+02 -3.7009e+00 +6.8824e-01 -3.0609e-01 -4.8810e+00 -1.6288e+00
131 +5.086247777e+02 +5.086247777e+02 +4.039547777e+02 +4.039547777e+02 -2.3325e+00 +3.1812e+00 -1.4490e+00 -3.2301e+00 -1.0127e+00
172 +3.121651030e+02 +3.121651030e+02 +2.074951030e+02 +2.074951030e+02 -3.3065e+00 +1.5598e+00 -2.2619e+00 -3.1212e+00 +6.7228e-01
206 +2.438168978e+02 +2.438168978e+02 +1.391468978e+02 +1.391468978e+02 -2.4226e+00 +3.6107e+00 -1.4064e+00 -3.4337e+00 +9.6461e-01
222 +1.522394171e+02 +1.522394171e+02 +4.756941706e+01 +4.756941706e+01 -3.9802e+00 +2.4325e+00 -3.1144e+00 -3.1079e+00 +1.0569e+00
347 +6.825261787e+01 +6.825261787e+01 -3.641738213e+01 -3.641738213e+01 -3.5979e+00 +2.9382e+00 -2.8783e+00 -3.1952e+00 +1.5648e+00
380 +6.286526562e+01 +6.286526562e+01 -4.180473438e+01 -4.180473438e+01 -3.6578e+00 +2.9406e+00 -2.8698e+00 -3.2434e+00 +1.5324e+00
1091 +3.882899787e+01 +3.882899787e+01 -6.584100213e+01 -6.584100213e+01 -3.6610e+00 +2.6091e+00 -2.7782e+00 -3.3106e+00 +1.7501e+00
2146 +2.510252675e+01 +2.510252675e+01 -7.956747325e+01 -7.956747325e+01 -3.6514e+00 +2.6807e+00 -2.7017e+00 -3.2724e+00 +1.7503e+00
4492 +1.580675450e+01 +1.580675450e+01 -8.886324550e+01 -8.886324550e+01 -3.7119e+00 +1.9670e+00 -2.8807e+00 -3.3296e+00 +2.2885e+00
% function evaluation | noise-free fitness - Fopt (4.869500000000e+02) | best noise-free fitness - Fopt | measured fitness | best measured fitness | x1 | x2...
1 +2.503295570e+03 +2.503295570e+03 +2.990245570e+03 +2.990245570e+03 +3.1472e+00 +4.0579e+00 -3.7301e+00 +4.1338e+00 +1.3236e+00
2 +1.107326708e+03 +1.107326708e+03 +1.594276708e+03 +1.594276708e+03 -4.0246e+00 -2.2150e+00 +4.6882e-01 +4.5751e+00 +4.6489e+00
9 +3.019405850e+02 +3.019405850e+02 +7.888905850e+02 +7.888905850e+02 -6.1256e-01 -1.1844e+00 +2.6552e+00 +2.9520e+00 -3.1313e+00
143 +2.362924120e+02 +2.362924120e+02 +7.232424120e+02 +7.232424120e+02 -2.2535e+00 -1.1618e+00 +2.8977e-01 +1.2065e+00 -1.6448e+00
169 +1.323541304e+02 +1.323541304e+02 +6.193041304e+02 +6.193041304e+02 -1.4667e+00 -9.5773e-01 +2.4383e+00 +2.0699e+00 -2.4047e+00
370 +8.781346869e+01 +8.781346869e+01 +5.747634687e+02 +5.747634687e+02 -1.3908e+00 -6.8558e-01 +2.1471e+00 +1.4347e+00 -2.6702e+00
482 +6.196971848e+01 +6.196971848e+01 +5.489197185e+02 +5.489197185e+02 -1.4856e+00 -7.6672e-01 +2.1248e+00 +1.4732e+00 -2.6335e+00
1290 +3.641571336e+01 +3.641571336e+01 +5.233657134e+02 +5.233657134e+02 -2.4559e+00 -5.2895e-01 +7.8870e-01 +3.1023e-01 -2.9015e+00
1451 +2.037410560e+01 +2.037410560e+01 +5.073241056e+02 +5.073241056e+02 -2.7708e+00 -4.0687e-01 +4.6960e-01 +2.8613e-02 -3.0444e+00
1571 +1.560307872e+01 +1.560307872e+01 +5.025530787e+02 +5.025530787e+02 -3.0110e+00 -3.5440e-01 +1.3804e-01 -2.1561e-01 -3.1153e+00
1668 +9.636203427e+00 +9.636203427e+00 +4.965862034e+02 +4.965862034e+02 -3.5921e+00 -1.8605e-01 -6.6651e-01 -8.6016e-01 -3.2131e+00
1684 +5.868225276e+00 +5.868225276e+00 +4.928182253e+02 +4.928182253e+02 -3.4877e+00 -2.2837e-01 -5.1157e-01 -7.4087e-01 -3.1941e+00
2291 +3.855060163e+00 +3.855060163e+00 +4.908050602e+02 +4.908050602e+02 -3.5015e+00 -2.2730e-01 -5.1442e-01 -7.5764e-01 -3.2002e+00
2702 +2.295911028e+00 +2.295911028e+00 +4.892459110e+02 +4.892459110e+02 -3.5565e+00 -2.0677e-01 -5.7935e-01 -8.2880e-01 -3.2272e+00
2811 +1.582248506e+00 +1.582248506e+00 +4.885322485e+02 +4.885322485e+02 -3.6100e+00 -1.9307e-01 -6.5469e-01 -8.8827e-01 -3.2427e+00
2922 +9.720855566e-01 +9.720855566e-01 +4.879220856e+02 +4.879220856e+02 -3.8696e+00 -1.1964e-01 -9.9367e-01 -1.1775e+00 -3.3165e+00
2934 +6.091793102e-01 +6.091793102e-01 +4.875591793e+02 +4.875591793e+02 -3.7672e+00 -1.4748e-01 -8.6045e-01 -1.0671e+00 -3.2913e+00
3005 +3.259227054e-01 +3.259227054e-01 +4.872759227e+02 +4.872759227e+02 -3.8716e+00 -1.1867e-01 -9.9850e-01 -1.1863e+00 -3.3221e+00
3046 +2.147988571e-01 +2.147988571e-01 +4.871647989e+02 +4.871647989e+02 -3.9391e+00 -9.8107e-02 -1.0880e+00 -1.2630e+00 -3.3441e+00
3088 +1.579111596e-01 +1.579111596e-01 +4.871079112e+02 +4.871079112e+02 -3.9127e+00 -1.0645e-01 -1.0532e+00 -1.2324e+00 -3.3357e+00
3203 +6.261225863e-02 +6.261225863e-02 +4.870126123e+02 +4.870126123e+02 -3.9921e+00 -8.4093e-02 -1.1574e+00 -1.3212e+00 -3.3588e+00
3374 +3.267772034e-02 +3.267772034e-02 +4.869826777e+02 +4.869826777e+02 -3.9861e+00 -8.5654e-02 -1.1493e+00 -1.3146e+00 -3.3568e+00
3413 +1.711209461e-02 +1.711209461e-02 +4.869671121e+02 +4.869671121e+02 -3.9706e+00 -9.0070e-02 -1.1291e+00 -1.2972e+00 -3.3522e+00
3443 +8.458370956e-03 +8.458370956e-03 +4.869584584e+02 +4.869584584e+02 -3.9807e+00 -8.7227e-02 -1.1425e+00 -1.3086e+00 -3.3553e+00
3493 +5.590176052e-03 +5.590176052e-03 +4.869555902e+02 +4.869555902e+02 -3.9787e+00 -8.7782e-02 -1.1398e+00 -1.3064e+00 -3.3547e+00
3494 +3.843642349e-03 +3.843642349e-03 +4.869538436e+02 +4.869538436e+02 -3.9801e+00 -8.7406e-02 -1.1416e+00 -1.3079e+00 -3.3551e+00
3805 +1.380214399e-03 +1.380214399e-03 +4.869513802e+02 +4.869513802e+02 -3.9776e+00 -8.8127e-02 -1.1383e+00 -1.3051e+00 -3.3543e+00
3916 +8.365870212e-04 +8.365870212e-04 +4.869508366e+02 +4.869508366e+02 -3.9776e+00 -8.8116e-02 -1.1384e+00 -1.3051e+00 -3.3543e+00
3999 +5.766774117e-04 +5.766774117e-04 +4.869505767e+02 +4.869505767e+02 -3.9767e+00 -8.8364e-02 -1.1372e+00 -1.3041e+00 -3.3541e+00
4097 +2.594072428e-04 +2.594072428e-04 +4.869502594e+02 +4.869502594e+02 -3.9773e+00 -8.8201e-02 -1.1380e+00 -1.3048e+00 -3.3542e+00
4165 +2.258686269e-04 +2.258686269e-04 +4.869502259e+02 +4.869502259e+02 -3.9772e+00 -8.8235e-02 -1.1378e+00 -1.3046e+00 -3.3542e+00
4283 +1.324965281e-04 +1.324965281e-04 +4.869501325e+02 +4.869501325e+02 -3.9774e+00 -8.8172e-02 -1.1381e+00 -1.3049e+00 -3.3543e+00
4377 +8.711739537e-05 +8.711739537e-05 +4.869500871e+02 +4.869500871e+02 -3.9773e+00 -8.8200e-02 -1.1380e+00 -1.3048e+00 -3.3542e+00
4485 +4.760533943e-05 +4.760533943e-05 +4.869500476e+02 +4.869500476e+02 -3.9773e+00 -8.8196e-02 -1.1380e+00 -1.3048e+00 -3.3542e+00
% function evaluation | noise-free fitness - Fopt (9.655000000000e+01) | best noise-free fitness - Fopt | measured fitness | best measured fitness | x1 | x2...
1 +8.101353203e+02 +8.101353203e+02 +9.066853203e+02 +9.066853203e+02 +3.1472e+00 +4.0579e+00 -3.7301e+00 +4.1338e+00 +1.3236e+00
50 +5.921295060e+02 +5.921295060e+02 +6.886795060e+02 +6.886795060e+02 +8.9764e-01 +4.5586e-01 +4.6313e-01 +3.0936e+00 +1.5469e+00
119 +2.497019549e+02 +2.497019549e+02 +3.462519549e+02 +3.462519549e+02 +3.7860e+00 +3.6816e+00 -2.1321e+00 +1.3586e+00 +1.0794e+00
261 +1.274564587e+02 +1.274564587e+02 +2.240064587e+02 +2.240064587e+02 +2.6218e+00 +3.0157e+00 -1.6494e+00 +1.9278e+00 +1.9948e+00
295 +8.322812966e+01 +8.322812966e+01 +1.797781297e+02 +1.797781297e+02 +2.8844e+00 +3.3317e+00 -2.0165e+00 +2.0763e+00 +1.7367e+00
300 +5.158020647e+01 +5.158020647e+01 +1.481302065e+02 +1.481302065e+02 +2.1918e+00 +3.0930e+00 -2.5211e+00 +2.0331e+00 +2.6588e+00
416 +3.961917790e+01 +3.961917790e+01 +1.361691779e+02 +1.361691779e+02 +2.2418e+00 +3.3473e+00 -2.3970e+00 +2.1434e+00 +2.5249e+00
523 +2.249555075e+01 +2.249555075e+01 +1.190455508e+02 +1.190455508e+02 +2.0678e+00 +3.3746e+00 -2.5832e+00 +1.9893e+00 +2.6735e+00
603 +6.658964115e+00 +6.658964115e+00 +1.032089641e+02 +1.032089641e+02 +1.9372e+00 +3.3178e+00 -2.5156e+00 +2.0439e+00 +2.8121e+00
1037 +5.831270733e+00 +5.831270733e+00 +1.023812707e+02 +1.023812707e+02 +1.9378e+00 +3.3179e+00 -2.5167e+00 +2.0385e+00 +2.8112e+00
1636 +3.780424624e+00 +3.780424624e+00 +1.003304246e+02 +1.003304246e+02 +1.9602e+00 +3.3232e+00 -2.5062e+00 +2.0298e+00 +2.7799e+00
1786 +1.930836635e+00 +1.930836635e+00 +9.848083663e+01 +9.848083663e+01 +1.9657e+00 +3.3237e+00 -2.4890e+00 +2.0390e+00 +2.7594e+00
1925 +1.550414355e+00 +1.550414355e+00 +9.810041436e+01 +9.810041436e+01 +1.9625e+00 +3.3246e+00 -2.4817e+00 +2.0421e+00 +2.7608e+00
2846 +9.944614825e-01 +9.944614825e-01 +9.754446148e+01 +9.754446148e+01 +1.9643e+00 +3.3289e+00 -2.4843e+00 +2.0401e+00 +2.7591e+00
% function evaluation | noise-free fitness - Fopt (6.320000000000e+00) | best noise-free fitness - Fopt | measured fitness | best measured fitness | x1 | x2...
1 +1.605705050e+03 +1.605705050e+03 +1.612025050e+03 +1.612025050e+03 +3.1472e+00 +4.0579e+00 -3.7301e+00 +4.1338e+00 +1.3236e+00
5 +1.338475174e+03 +1.338475174e+03 +1.344795174e+03 +1.344795174e+03 +1.5574e+00 -4.6429e+00 +3.4913e+00 +4.3399e+00 +1.7874e+00
6 +6.610769729e+02 +6.610769729e+02 +6.673969729e+02 +6.673969729e+02 +2.5774e+00 +2.4313e+00 -1.0777e+00 +1.5548e+00 -3.2881e+00
9 +6.029747384e+02 +6.029747384e+02 +6.092947384e+02 +6.092947384e+02 -6.1256e-01 -1.1844e+00 +2.6552e+00 +2.9520e+00 -3.1313e+00
49 +3.498331310e+02 +3.498331310e+02 +3.561531310e+02 +3.561531310e+02 +3.8744e-01 -4.4682e-01 +1.6552e+00 +1.9520e+00 -2.1313e+00
170 +2.163809136e+02 +2.163809136e+02 +2.227009136e+02 +2.227009136e+02 +1.6881e+00 -1.6805e-01 +1.1212e+00 +1.0428e+00 -1.4531e+00
242 +7.799857704e+01 +7.799857704e+01 +8.431857704e+01 +8.431857704e+01 +1.9754e+00 -2.0309e-01 +1.1661e+00 -3.1050e-01 -1.3511e+00
347 +4.096742915e+01 +4.096742915e+01 +4.728742915e+01 +4.728742915e+01 +2.0351e+00 -1.6531e-01 +1.2980e+00 -4.4311e-01 -1.5512e+00
493 +3.837382955e+01 +3.837382955e+01 +4.469382955e+01 +4.469382955e+01 +2.0439e+00 -1.7669e-01 +1.2799e+00 -4.5461e-01 -1.5377e+00
% function evaluation | noise-free fitness - Fopt (-1.275100000000e+02) | best noise-free fitness - Fopt | measured fitness | best measured fitness | x1 | x2...
1 +2.654540407e+03 +2.654540407e+03 +2.527030407e+03 +2.527030407e+03 +3.1472e+00 +4.0579e+00 -3.7301e+00 +4.1338e+00 +1.3236e+00
2 +1.224343179e+03 +1.224343179e+03 +1.096833179e+03 +1.096833179e+03 -4.0246e+00 -2.2150e+00 +4.6882e-01 +4.5751e+00 +4.6489e+00
16 +9.941193367e+02 +9.941193367e+02 +8.666093367e+02 +8.666093367e+02 -1.5002e+00 -3.0340e+00 -2.4892e+00 +1.1604e+00 -2.6711e-01
59 +4.715758608e+02 +4.715758608e+02 +3.440658608e+02 +3.440658608e+02 -4.8122e+00 -4.9286e+00 +1.0037e+00 +1.9433e+00 +4.3219e+00
99 +3.804412563e+02 +3.804412563e+02 +2.529312563e+02 +2.529312563e+02 -5.0000e+00 -5.0000e+00 +1.6270e+00 +1.1832e+00 +4.3056e+00
165 +1.997340167e+02 +1.997340167e+02 +7.222401673e+01 +7.222401673e+01 -2.4426e+00 -4.7779e+00 -1.1852e-01 +3.3993e-01 +5.0000e+00
357 +1.207934887e+02 +1.207934887e+02 -6.716511320e+00 -6.716511320e+00 -3.0492e+00 -4.0010e+00 +1.0922e-02 +2.9734e-01 +4.5456e+00
416 +7.653840850e+01 +7.653840850e+01 -5.097159150e+01 -5.097159150e+01 -2.6756e+00 -3.6236e+00 -9.7134e-01 -2.9603e-01 +3.9920e+00
463 +5.788504350e+01 +5.788504350e+01 -6.962495650e+01 -6.962495650e+01 -2.7094e+00 -3.6147e+00 -5.4587e-01 -1.3130e-01 +4.2342e+00
630 +2.827433525e+01 +2.827433525e+01 -9.923566475e+01 -9.923566475e+01 -2.7638e+00 -3.6603e+00 -5.7738e-01 -4.1385e-02 +4.1201e+00
851 +2.336731585e+01 +2.336731585e+01 -1.041426841e+02 -1.041426841e+02 -2.7850e+00 -3.7179e+00 -5.7486e-01 -2.2169e-02 +4.0618e+00
1429 +1.448601808e+01 +1.448601808e+01 -1.130239819e+02 -1.130239819e+02 -2.7738e+00 -3.6518e+00 -6.0742e-01 -8.0015e-02 +4.0432e+00
% function evaluation | noise-free fitness - Fopt (8.328000000000e+02) | best noise-free fitness - Fopt | measured fitness | best measured fitness | x1 | x2...
1 +2.056497446e+03 +2.056497446e+03 +2.889297446e+03 +2.889297446e+03 +3.1472e+00 +4.0579e+00 -3.7301e+00 +4.1338e+00 +1.3236e+00
2 +1.358671006e+03 +1.358671006e+03 +2.191471006e+03 +2.191471006e+03 -4.0246e+00 -2.2150e+00 +4.6882e-01 +4.5751e+00 +4.6489e+00
17 +8.554130698e+02 +8.554130698e+02 +1.688213070e+03 +1.688213070e+03 -1.4834e+00 +3.3083e+00 +8.5264e-01 +4.9724e-01 +4.1719e+00
57 +5.331901109e+02 +5.331901109e+02 +1.365990111e+03 +1.365990111e+03 -2.4834e+00 +2.3083e+00 -1.4736e-01 -5.0276e-01 +3.1719e+00
97 +3.020721316e+02 +3.020721316e+02 +1.134872132e+03 +1.134872132e+03 -3.3793e+00 +1.4124e+00 -1.0433e+00 -1.3987e+00 +2.2760e+00
130 +1.379378920e+02 +1.379378920e+02 +9.707378920e+02 +9.707378920e+02 -3.1024e+00 +4.5586e-01 -1.5369e+00 -9.0635e-01 +2.8681e+00
308 +9.201310547e+01 +9.201310547e+01 +9.248131055e+02 +9.248131055e+02 -5.0000e+00 +1.2195e+00 -2.1505e+00 -1.8487e-01 +1.6729e+00
317 +6.276009910e+01 +6.276009910e+01 +8.955600991e+02 +8.955600991e+02 -3.8667e+00 -8.8664e-02 -1.5837e+00 -1.2302e+00 +2.7560e+00
337 +3.782990310e+01 +3.782990310e+01 +8.706299031e+02 +8.706299031e+02 -4.0160e+00 +1.7690e-01 -1.8270e+00 -9.7272e-01 +2.4602e+00
611 +2.376539472e+01 +2.376539472e+01 +8.565653947e+02 +8.565653947e+02 -4.0444e+00 +5.4298e-02 -1.8437e+00 -9.2602e-01 +2.3689e+00
1232 +1.578443912e+01 +1.578443912e+01 +8.485844391e+02 +8.485844391e+02 -4.0779e+00 +8.3811e-02 -1.8123e+00 -9.0375e-01 +2.3783e+00
1911 +9.910871283e+00 +9.910871283e+00 +8.427108713e+02 +8.427108713e+02 -4.0879e+00 +1.2561e-01 -1.8040e+00 -8.6400e-01 +2.3958e+00
