% function evaluation | noise-free fitness - Fopt (-4.620900000000e+02) | best noise-free fitness - Fopt | measured fitness | best measured fitness | x1 | x2...
1 +3.762406607e+03 +3.762406607e+03 +3.300316607e+03 +3.300316607e+03 +3.1472e+00 +4.0579e+00 -3.7301e+00 +4.1338e+00 +1.3236e+00 -4.0246e+00 -2.2150e+00 +4.6882e-01 +4.5751e+00 +4.6489e+00 -3.4239e+00 +4.7059e+00 +4.5717e+00 -1.4624e-01 +3.0028e+00 -3.5811e+00 -7.8239e-01 +4.1574e+00 +2.9221e+00 +4.5949e+00
3 +2.118860262e+03 +2.118860262e+03 +1.656770262e+03 +1.656770262e+03 -6.1256e-01 -1.1844e+00 +2.6552e+00 +2.9520e+00 -3.1313e+00 -1.0236e-01 -5.4414e-01 +1.4631e+00 +2.0936e+00 +2.5469e+00 -2.2397e+00 +1.7970e+00 +1.5510e+00 -3.3739e+00 -3.8100e+00 -1.6359e-02 +4.5974e+00 -1.5961e+00 +8.5268e-01 -2.7619e+00
9 +1.270621986e+03 +1.270621986e+03 +8.085319861e+02 +8.085319861e+02 +2.8025e+00 -1.1026e+00 -2.5831e+00 -9.6088e-01 -4.0355e+00 -3.6803e+00 +4.4205e+00 +4.5613e+00 +7.5209e-01 -4.4022e+00 -2.6522e+00 -1.4684e+00 +3.2119e+00 -4.8460e+00 -4.5698e+00 -3.3101e+00 +1.4912e+00 +2.3172e+00 +1.4775e+00 -4.9076e-01
19 +9.187000752e+02 +9.187000752e+02 +4.566100752e+02 +4.566100752e+02 -4.6740e+00 +6.1200e-01 +3.8187e+00 +1.6918e+00 -3.0957e+00 -1.3108e+00 -3.9274e-01 +4.8164e+00 -3.4360e+00 +3.5552e+00 +1.4476e+00 -1.2373e+00 -3.0908e+00 -7.1747e-01 -1.7978e-01 -3.7939e+00 +8.9507e-01 -2.7381e+00 -1.1538e+00 +8.2986e-01
131 +5.659194379e+02 +5.659194379e+02 +1.038294379e+02 +1.038294379e+02 +7.4880e-01 -2.5480e+00 +4.8007e+00 +2.3283e+00 -4.9796e-01 +2.8616e+00 +1.7594e+00 +5.0156e-01 -7.7525e-01 +9.3323e-01 -2.9226e+00 -3.8310e+00 +9.9215e-01 -8.0377e-01 +1.4431e+00 -1.7691e+00 -1.4022e+00 -1.2929e+00 -2.7234e+00 +1.3570e+00
283 +3.444902697e+02 +3.444902697e+02 -1.175997303e+02 -1.175997303e+02 -3.6409e+00 -5.2013e-01 +2.0601e+00 +1.7186e+00 +6.8573e-01 +1.1124e+00 +1.5503e+00 +3.3427e+00 -1.5642e+00 +3.3993e-01 -1.8965e+00 -2.1168e+00 +7.5497e-01 -2.8282e+00 +1.8998e-01 -2.9137e+00 +1.1544e+00 +1.2772e+00 -3.1473e+00 +1.2381e+00
632 +2.489105879e+02 +2.489105879e+02 -2.131794121e+02 -2.131794121e+02 -2.3233e+00 +8.2157e-01 +4.0432e+00 +6.7417e-01 +1.5925e+00 +1.0204e+00 +1.3923e+00 +7.5742e-01 -1.8443e+00 +6.0548e-01 -1.6818e+00 -3.9104e+00 -1.5006e-01 -4.1036e+00 -1.6397e+00 -3.0468e+00 +5.3468e-01 +9.4594e-01 -3.6627e+00 +2.6048e+00
1263 +1.465476524e+02 +1.465476524e+02 -3.155423476e+02 -3.155423476e+02 -1.2211e+00 +1.4143e+00 +3.1384e+00 +1.5834e+00 +1.1613e+00 +2.1456e+00 +1.1507e+00 +1.9336e+00 -2.8288e-01 -5.0049e-01 -2.8981e+00 -3.7945e+00 -1.3013e-01 -2.9657e+00 -1.2957e+00 -4.0885e+00 -2.5708e-01 +2.1514e+00 -3.2047e+00 +1.5766e+00
3801 +9.677563314e+01 +9.677563314e+01 -3.653143669e+02 -3.653143669e+02 -1.3470e+00 +1.3147e+00 +3.0645e+00 +1.6165e+00 +8.7176e-01 +2.1343e+00 +1.2648e+00 +1.6532e+00 +8.0312e-02 -2.0833e-02 -2.1673e+00 -3.6948e+00 -1.2879e-01 -2.4203e+00 -1.4130e+00 -4.7045e+00 -6.3753e-01 +1.8867e+00 -3.1305e+00 +1.8196e+00
4159 +5.608908297e+01 +5.608908297e+01 -4.060009170e+02 -4.060009170e+02 -1.3477e+00 +1.3194e+00 +3.1623e+00 +1.6027e+00 +8.3640e-01 +2.1340e+00 +1.2666e+00 +1.8945e+00 +7.9832e-02 +9.2383e-03 -2.2213e+00 -3.6774e+00 -1.2103e-01 -2.4806e+00 -1.4260e+00 -4.2951e+00 -3.8687e-01 +1.8671e+00 -3.1444e+00 +1.8089e+00
% function evaluation | noise-free fitness - Fopt (7.766000000000e+01) | best noise-free fitness - Fopt | measured fitness | best measured fitness | x1 | x2...
1 +1.226184772e+04 +1.226184772e+04 +1.233950772e+04 +1.233950772e+04 +3.1472e+00 +4.0579e+00 -3.7301e+00 +4.1338e+00 +1.3236e+00 -4.0246e+00 -2.2150e+00 +4.6882e-01 +4.5751e+00 +4.6489e+00 -3.4239e+00 +4.7059e+00 +4.5717e+00 -1.4624e-01 +3.0028e+00 -3.5811e+00 -7.8239e-01 +4.1574e+00 +2.9221e+00 +4.5949e+00
2 +5.979719885e+02 +5.979719885e+02 +6.756319885e+02 +6.756319885e+02 +1.5574e+00 -4.6429e+00 +3.4913e+00 +4.3399e+00 +1.7874e+00 +2.5774e+00 +2.4313e+00 -1.0777e+00 +1.5548e+00 -3.2881e+00 +2.0605e+00 -4.6817e+00 -2.2308e+00 -4.5383e+00 -4.0287e+00 +3.2346e+00 +1.9483e+00 -1.8290e+00 +4.5022e+00 -4.6555e+00
294 +3.877508417e+02 +3.877508417e+02 +4.654108417e+02 +4.654108417e+02 -7.4720e-01 -2.3730e-02 +2.5746e-01 +1.7670e+00 -3.5820e-01 -2.2567e+00 -7.4155e-01 -1.1082e+00 -5.0762e-01 -1.6631e+00 -5.6972e-02 -2.3378e+00 +2.8995e-01 -1.0849e+00 -1.7250e+00 +1.2552e+00 +3.3815e-02 -3.6678e-01 +3.8499e+00 -2.9078e+00
482 +2.467458782e+02 +2.467458782e+02 +3.244058782e+02 +3.244058782e+02 -7.0074e-01 +1.2671e-01 +1.5185e-02 +2.9237e+00 -7.9462e-01 +6.8654e-01 -1.6827e+00 +2.1354e-01 -1.0342e+00 -2.4341e+00 +1.8128e-01 -1.9489e-01 -5.8876e-02 -1.7041e+00 -2.0128e+00 +1.4838e+00 -3.0062e-02 -2.6162e+00 +2.7853e+00 -3.6907e+00
1485 +1.380523625e+02 +1.380523625e+02 +2.157123625e+02 +2.157123625e+02 +1.8076e-01 -1.2223e-01 -1.4260e+00 +3.2980e+00 -1.1527e+00 -7.8791e-01 -1.5144e+00 +1.8618e-01 -8.8632e-01 -2.2833e+00 +7.8792e-01 -3.9528e-01 +3.0378e-01 -1.6333e+00 -2.7724e+00 +4.9122e-01 +1.2810e-01 -2.7059e+00 +3.1231e+00 -4.0738e+00
3041 +9.718970215e+01 +9.718970215e+01 +1.748497021e+02 +1.748497021e+02 +4.7927e-01 -7.6435e-01 -1.4668e+00 +3.3445e+00 -1.0565e+00 -3.8818e-01 -6.3857e-01 -6.3557e-02 -4.6495e-01 -3.2762e+00 +1.9673e+00 +5.7943e-01 -6.2551e-01 -1.1569e+00 -2.3195e+00 +1.3314e+00 +1.8637e-01 -2.7417e+00 +3.5267e+00 -3.1074e+00
4761 +6.304956949e+01 +6.304956949e+01 +1.407095695e+02 +1.407095695e+02 +5.2327e-01 -7.7936e-01 -1.2978e+00 +3.3592e+00 -1.0492e+00 -4.1614e-01 -6.4135e-01 -1.0771e-01 -4.6400e-01 -3.2699e+00 +1.9250e+00 +6.5256e-01 -6.7601e-01 -1.1235e+00 -2.8096e+00 +1.3625e+00 +1.4956e-01 -2.7291e+00 +3.5338e+00 -3.1238e+00
% function evaluation | noise-free fitness - Fopt (1.156800000000e+02) | best noise-free fitness - Fopt | measured fitness | best measured fitness | x1 | x2...
1 +5.225863794e+03 +5.225863794e+03 +5.341543794e+03 +5.341543794e+03 +3.1472e+00 +4.0579e+00 -3.7301e+00 +4.1338e+00 +1.3236e+00 -4.0246e+00 -2.2150e+00 +4.6882e-01 +4.5751e+00 +4.6489e+00 -3.4239e+00 +4.7059e+00 +4.5717e+00 -1.4624e-01 +3.0028e+00 -3.5811e+00 -7.8239e-01 +4.1574e+00 +2.9221e+00 +4.5949e+00
2 +1.557697822e+03 +1.557697822e+03 +1.673377822e+03 +1.673377822e+03 +1.5574e+00 -4.6429e+00 +3.4913e+00 +4.3399e+00 +1.7874e+00 +2.5774e+00 +2.4313e+00 -1.0777e+00 +1.5548e+00 -3.2881e+00 +2.0605e+00 -4.6817e+00 -2.2308e+00 -4.5383e+00 -4.0287e+00 +3.2346e+00 +1.9483e+00 -1.8290e+00 +4.5022e+00 -4.6555e+00
33 +8.136233562e+02 +8.136233562e+02 +9.293033562e+02 +9.293033562e+02 +5.2291e-01 +1.2988e+00 -4.6801e+00 +1.1471e+00 -1.3759e+00 -4.5047e+00 -1.0430e-01 -3.0749e+00 -3.7692e+00 -2.9451e+00 -3.5349e+00 -3.1093e+00 -4.5735e+00 +1.3520e+00 -2.1813e+00 +3.8597e-01 +1.9516e+00 -8.8399e-03 +3.5801e-01 -5.4817e-01
113 +5.586008871e+02 +5.586008871e+02 +6.742808871e+02 +6.742808871e+02 +1.4704e+00 +2.6586e+00 -5.0000e+00 +2.0357e+00 -1.4233e+00 -3.5047e+00 -2.1211e+00 -2.4881e+00 -4.4460e+00 -2.3125e+00 -2.5349e+00 -1.1921e+00 -3.2265e+00 +1.6807e+00 -1.9965e+00 +1.1264e+00 +6.6218e-01 +9.9116e-01 +1.3580e+00 -7.7535e-01
294 +3.934397235e+02 +3.934397235e+02 +5.091197235e+02 +5.091197235e+02 -6.2261e-01 -1.4832e-01 +1.3287e-01 +2.7097e+00 -4.7897e-01 -1.5473e+00 -1.6464e+00 -7.1290e-01 -3.3935e+00 -1.7877e+00 +6.7619e-02 -2.4336e+00 -4.0583e+00 +2.1180e+00 -1.7755e+00 +1.5923e-01 +8.0205e-02 +1.1385e+00 +3.1613e+00 -3.8036e-02
913 +2.470815015e+02 +2.470815015e+02 +3.627615015e+02 +3.627615015e+02 +9.6801e-01 +1.2041e+00 -3.4531e+00 +3.1715e+00 -6.2293e-01 -4.3836e-01 -3.6717e+00 -6.6455e-02 -3.2838e+00 -2.4697e+00 +6.0272e-01 -2.4279e+00 -3.8424e+00 +6.0935e-01 -2.9125e+00 -8.1482e-01 -1.5224e+00 +3.8048e+00 +4.3734e+00 -5.3137e-01
2441 +1.372264463e+02 +1.372264463e+02 +2.529064463e+02 +2.529064463e+02 +8.1114e-01 +9.3502e-01 -1.5673e+00 +2.1942e+00 -1.4226e+00 -3.0824e+00 -2.7027e+00 +1.2128e+00 -3.2279e+00 -2.9828e+00 +2.2301e+00 -2.3159e+00 -4.2443e+00 +1.1697e+00 -2.9759e+00 +1.0700e+00 -1.4942e+00 +3.1232e+00 +3.4379e+00 -5.4237e-01
4155 +9.502161716e+01 +9.502161716e+01 +2.107016172e+02 +2.107016172e+02 +8.1808e-01 +8.9988e-01 -1.3483e+00 +2.2342e+00 -1.5105e+00 -3.3119e+00 -2.7964e+00 +1.1631e+00 -3.1610e+00 -2.9881e+00 +2.2523e+00 -2.2824e+00 -4.3350e+00 +1.1624e+00 -2.9573e+00 +5.5475e-01 -1.5156e+00 +3.4204e+00 +3.4488e+00 -5.5655e-01
% function evaluation | noise-free fitness - Fopt (-3.710000000000e+00) | best noise-free fitness - Fopt | measured fitness | best measured fitness | x1 | x2...
1 +7.984185589e+03 +7.984185589e+03 +7.980475589e+03 +7.980475589e+03 +3.1472e+00 +4.0579e+00 -3.7301e+00 +4.1338e+00 +1.3236e+00 -4.0246e+00 -2.2150e+00 +4.6882e-01 +4.5751e+00 +4.6489e+00 -3.4239e+00 +4.7059e+00 +4.5717e+00 -1.4624e-01 +3.0028e+00 -3.5811e+00 -7.8239e-01 +4.1574e+00 +2.9221e+00 +4.5949e+00
2 +2.245443833e+03 +2.245443833e+03 +2.241733833e+03 +2.241733833e+03 +1.5574e+00 -4.6429e+00 +3.4913e+00 +4.3399e+00 +1.7874e+00 +2.5774e+00 +2.4313e+00 -1.0777e+00 +1.5548e+00 -3.2881e+00 +2.0605e+00 -4.6817e+00 -2.2308e+00 -4.5383e+00 -4.0287e+00 +3.2346e+00 +1.9483e+00 -1.8290e+00 +4.5022e+00 -4.6555e+00
3 +1.028731004e+03 +1.028731004e+03 +1.025021004e+03 +1.025021004e+03 -6.1256e-01 -1.1844e+00 +2.6552e+00 +2.9520e+00 -3.1313e+00 -1.0236e-01 -5.4414e-01 +1.4631e+00 +2.0936e+00 +2.5469e+00 -2.2397e+00 +1.7970e+00 +1.5510e+00 -3.3739e+00 -3.8100e+00 -1.6359e-02 +4.5974e+00 -1.5961e+00 +8.5268e-01 -2.7619e+00
4 +9.748252903e+02 +9.748252903e+02 +9.711152903e+02 +9.711152903e+02 +2.5127e+00 -2.4490e+00 +5.9571e-02 +1.9908e+00 +3.9090e+00 +4.5929e+00 +4.7216e-01 -3.6138e+00 -3.5071e+00 -2.4249e+00 +3.4072e+00 -2.4572e+00 +3.1428e+00 -2.5648e+00 +4.2926e+00 -1.5002e+00 -3.0340e+00 -2.4892e+00 +1.1604e+00 -2.6711e-01
124 +6.029148561e+02 +6.029148561e+02 +5.992048561e+02 +5.992048561e+02 +5.1267e-01 -4.4905e-01 -7.3166e-01 +1.8486e+00 +2.3321e+00 +3.6585e+00 +4.7216e-01 -1.6138e+00 -2.4674e+00 -6.2254e-01 +2.0851e+00 -4.5718e-01 +1.2694e+00 -1.5643e+00 +2.2926e+00 -3.0809e+00 -1.0340e+00 -5.2877e-01 -6.7193e-01 -1.9530e+00
338 +3.845152742e+02 +3.845152742e+02 +3.808052742e+02 +3.808052742e+02 +5.1630e-01 +2.0989e+00 -1.1348e+00 -2.2238e-02 +1.6912e+00 +3.2532e+00 -1.0583e+00 +4.2737e-01 -1.7984e+00 +1.0354e+00 +2.6263e+00 +1.0693e+00 +2.6563e+00 -9.5970e-01 +2.7627e+00 -2.3982e+00 +6.8777e-01 +8.3507e-01 +9.9080e-01 -3.9020e+00
799 +2.401941182e+02 +2.401941182e+02 +2.364841182e+02 +2.364841182e+02 +1.3188e+00 +1.4472e+00 +3.1858e-03 +5.3924e-01 +1.5655e+00 +2.8152e+00 -1.1831e+00 -1.1605e+00 -1.8373e+00 -1.3073e-01 +2.4995e+00 +1.0009e+00 +3.6225e+00 +4.0121e-01 -3.9615e-02 -2.0721e+00 +1.4168e+00 +1.7753e+00 +3.1966e+00 -3.5140e+00
1938 +1.522033685e+02 +1.522033685e+02 +1.484933685e+02 +1.484933685e+02 +1.4713e+00 +2.4133e+00 -1.2962e-02 +1.3401e+00 +1.6900e+00 +3.7923e+00 -1.0508e+00 -2.0616e+00 -3.0039e+00 +6.4898e-02 +2.6696e+00 +1.2090e+00 +4.0243e+00 -8.3043e-01 +1.5887e-01 -2.7886e+00 +1.9633e+00 +2.0965e+00 +3.2253e+00 -3.4708e+00
4208 +9.891010948e+01 +9.891010948e+01 +9.520010948e+01 +9.520010948e+01 +1.2685e+00 +2.0556e+00 -1.5136e-01 +1.4243e+00 +1.6066e+00 +3.5248e+00 -1.0721e+00 -1.9570e+00 -2.9297e+00 +1.5087e-02 +3.1546e+00 +1.5307e+00 +4.0792e+00 -1.7052e+00 +5.0642e-01 -3.3170e+00 +1.9100e+00 +1.5492e+00 +3.5639e+00 -3.5203e+00
% function evaluation | noise-free fitness - Fopt (1.321800000000e+02) | best noise-free fitness - Fopt | measured fitness | best measured fitness | x1 | x2...
1 +3.259224633e+03 +3.259224633e+03 +3.391404633e+03 +3.391404633e+03 +3.1472e+00 +4.0579e+00 -3.7301e+00 +4.1338e+00 +1.3236e+00 -4.0246e+00 -2.2150e+00 +4.6882e-01 +4.5751e+00 +4.6489e+00 -3.4239e+00 +4.7059e+00 +4.5717e+00 -1.4624e-01 +3.0028e+00 -3.5811e+00 -7.8239e-01 +4.1574e+00 +2.9221e+00 +4.5949e+00
3 +1.152045521e+03 +1.152045521e+03 +1.284225521e+03 +1.284225521e+03 -6.1256e-01 -1.1844e+00 +2.6552e+00 +2.9520e+00 -3.1313e+00 -1.0236e-01 -5.4414e-01 +1.4631e+00 +2.0936e+00 +2.5469e+00 -2.2397e+00 +1.7970e+00 +1.5510e+00 -3.3739e+00 -3.8100e+00 -1.6359e-02 +4.5974e+00 -1.5961e+00 +8.5268e-01 -2.7619e+00
6 +6.118388002e+02 +6.118388002e+02 +7.440188002e+02 +7.440188002e+02 -3.3782e+00 +2.9428e+00 -1.8878e+00 +2.8533e-01 -3.3435e+00 +1.0198e+00 -2.3703e+00 +1.5408e+00 +1.8921e+00 +2.4815e+00 -4.9458e-01 -4.1618e+00 -2.7102e+00 +4.1334e+00 -3.4762e+00 +3.2582e+00 +3.8342e-01 +4.9613e+00 -4.2182e+00 -5.7322e-01
236 +3.858228828e+02 +3.858228828e+02 +5.180028828e+02 +5.180028828e+02 -2.4097e+00 +5.4100e-01 -2.5629e-01 -1.1124e+00 -1.4576e+00 -2.2892e-01 -1.2909e+00 +6.0148e-01 +9.8486e-01 -8.1845e-01 +1.8842e+00 +1.1246e+00 -9.3083e-01 +3.0272e+00 -2.8347e+00 +6.9361e-01 +2.3350e+00 +1.0096e+00 +1.8204e-01 -9.9778e-01
862 +2.500189613e+02 +2.500189613e+02 +3.821989613e+02 +3.821989613e+02 -2.5842e+00 -1.2845e+00 +2.0810e-02 -1.9319e+00 +2.2131e-01 +1.2852e+00 -1.9779e+00 +1.3350e+00 +1.6224e-01 +1.0778e+00 +8.1618e-01 -6.5034e-01 -1.2121e+00 +2.8876e+00 -3.0539e+00 +2.3481e+00 +1.6147e+00 +2.3681e+00 -9.4758e-01 +7.5927e-01
2228 +1.580761927e+02 +1.580761927e+02 +2.902561927e+02 +2.902561927e+02 -2.6830e+00 -3.6560e-01 -2.1120e-01 -3.5662e+00 -1.5940e+00 -8.3377e-02 -1.5122e+00 +1.5188e-01 -7.2708e-01 +3.9000e-01 +1.0615e-01 +2.6276e+00 -1.5335e+00 +1.7538e+00 -3.1142e+00 +3.0415e+00 +2.5122e+00 +3.0653e+00 -1.2971e+00 +2.0663e+00
4319 +9.587427137e+01 +9.587427137e+01 +2.280542714e+02 +2.280542714e+02 -3.7444e+00 -3.0884e-01 -1.1477e-01 -2.7690e+00 -1.8237e+00 -2.1445e-01 -1.5449e+00 +1.1229e-01 -1.0256e+00 -7.2029e-02 +7.0695e-01 +2.4291e+00 -1.5453e+00 +2.3867e+00 -3.1076e+00 +2.4103e+00 +2.0952e+00 +3.0891e+00 -6.0690e-01 +1.1535e+00
% function evaluation | noise-free fitness - Fopt (-5.847300000000e+02) | best noise-free fitness - Fopt | measured fitness | best measured fitness | x1 | x2...
1 +8.991701682e+03 +8.991701682e+03 +8.406971682e+03 +8.406971682e+03 +3.1472e+00 +4.0579e+00 -3.7301e+00 +4.1338e+00 +1.3236e+00 -4.0246e+00 -2.2150e+00 +4.6882e-01 +4.5751e+00 +4.6489e+00 -3.4239e+00 +4.7059e+00 +4.5717e+00 -1.4624e-01 +3.0028e+00 -3.5811e+00 -7.8239e-01 +4.1574e+00 +2.9221e+00 +4.5949e+00
2 +3.190478647e+03 +3.190478647e+03 +2.605748647e+03 +2.605748647e+03 +1.5574e+00 -4.6429e+00 +3.4913e+00 +4.3399e+00 +1.7874e+00 +2.5774e+00 +2.4313e+00 -1.0777e+00 +1.5548e+00 -3.2881e+00 +2.0605e+00 -4.6817e+00 -2.2308e+00 -4.5383e+00 -4.0287e+00 +3.2346e+00 +1.9483e+00 -1.8290e+00 +4.5022e+00 -4.6555e+00
4 +1.539171485e+03 +1.539171485e+03 +9.544414854e+02 +9.544414854e+02 +2.5127e+00 -2.4490e+00 +5.9571e-02 +1.9908e+00 +3.9090e+00 +4.5929e+00 +4.7216e-01 -3.6138e+00 -3.5071e+00 -2.4249e+00 +3.4072e+00 -2.4572e+00 +3.1428e+00 -2.5648e+00 +4.2926e+00 -1.5002e+00 -3.0340e+00 -2.4892e+00 +1.1604e+00 -2.6711e-01
8 +7.690821160e+02 +7.690821160e+02 +1.843521160e+02 +1.843521160e+02 +3.5303e+00 +1.2206e+00 -1.4905e+00 +1.3250e-01 -9.8192e-01 -4.2403e+00 -2.6008e+00 -3.7668e+00 -3.1609e+00 -2.6005e+00 -8.2733e-01 -4.5035e+00 +4.0272e+00 +4.4479e+00 -9.1359e-02 -1.0747e-01 -1.6228e+00 +4.0005e+00 -1.3075e+00 -3.8880e+00
125 +5.098310662e+02 +5.098310662e+02 -7.489893379e+01 -7.489893379e+01 -7.2565e-01 +1.3083e+00 -8.4187e-01 -1.7584e-03 +2.1719e+00 -2.0166e+00 +5.7200e-01 +5.3729e-01 -2.2936e-01 -1.3218e+00 -2.2415e+00 -5.0000e+00 +1.7244e-01 +1.4838e+00 +2.3401e+00 -1.7009e+00 -1.3118e+00 +1.6939e+00 -2.8810e+00 -3.6288e+00
205 +3.618417770e+02 +3.618417770e+02 -2.228882230e+02 -2.228882230e+02 -1.7256e+00 +3.0829e-01 -1.8419e+00 -1.0018e+00 +1.1719e+00 -1.7245e+00 +5.3251e-01 +4.3386e-01 +6.8119e-01 -2.3218e+00 -1.2415e+00 -4.0000e+00 +2.3467e-01 +1.7912e+00 +1.3401e+00 -7.0094e-01 -2.3118e+00 +2.6939e+00 -1.8810e+00 -3.5070e+00
612 +2.414821275e+02 +2.414821275e+02 -3.432478725e+02 -3.432478725e+02 +7.7221e-02 +1.6366e+00 -1.8220e+00 -1.6583e+00 +1.3246e+00 -2.1970e+00 +3.8264e-01 +1.1034e+00 -3.7235e-01 -2.2879e+00 +1.4468e-02 -1.8067e+00 -1.0907e+00 +3.4227e+00 +2.7670e+00 -6.8727e-01 -1.0566e+00 +3.4556e+00 -6.0838e-01 -2.5237e+00
2105 +1.487741841e+02 +1.487741841e+02 -4.359558159e+02 -4.359558159e+02 +3.5780e-01 +6.6126e-01 -9.9297e-01 -3.5739e+00 +9.3783e-01 -2.0425e+00 +3.2995e+00 +1.7729e+00 -1.1156e-02 -2.3197e+00 +1.4283e+00 -6.1634e-01 -1.0018e+00 +3.5980e+00 +3.5314e+00 -1.7669e+00 -2.5954e+00 +4.1383e+00 -1.2858e+00 -3.2439e+00
4365 +9.798259020e+01 +9.798259020e+01 -4.867474098e+02 -4.867474098e+02 -1.9821e+00 -1.0535e+00 -1.3168e+00 -3.1345e+00 +8.5007e-01 -2.0454e+00 +2.4867e+00 +8.9842e-01 -3.7759e-01 -1.8096e+00 +8.3076e-01 -1.2652e+00 -1.0006e+00 +3.8584e+00 +3.0091e+00 -1.9140e-01 -2.2044e+00 +4.1609e+00 -1.1685e+00 -2.8111e+00
% function evaluation | noise-free fitness - Fopt (-3.654000000000e+01) | best noise-free fitness - Fopt | measured fitness | best measured fitness | x1 | x2...
1 +5.840401841e+03 +5.840401841e+03 +5.803861841e+03 +5.803861841e+03 +3.1472e+00 +4.0579e+00 -3.7301e+00 +4.1338e+00 +1.3236e+00 -4.0246e+00 -2.2150e+00 +4.6882e-01 +4.5751e+00 +4.6489e+00 -3.4239e+00 +4.7059e+00 +4.5717e+00 -1.4624e-01 +3.0028e+00 -3.5811e+00 -7.8239e-01 +4.1574e+00 +2.9221e+00 +4.5949e+00
3 +1.332746613e+03 +1.332746613e+03 +1.296206613e+03 +1.296206613e+03 -6.1256e-01 -1.1844e+00 +2.6552e+00 +2.9520e+00 -3.1313e+00 -1.0236e-01 -5.4414e-01 +1.4631e+00 +2.0936e+00 +2.5469e+00 -2.2397e+00 +1.7970e+00 +1.5510e+00 -3.3739e+00 -3.8100e+00 -1.6359e-02 +4.5974e+00 -1.5961e+00 +8.5268e-01 -2.7619e+00
12 +8.396830432e+02 +8.396830432e+02 +8.031430432e+02 +8.031430432e+02 -1.8890e+00 +4.2338e+00 -6.9793e-01 -3.1518e+00 +4.0488e+00 +4.7975e+00 -6.1130e-01 -3.8888e+00 -2.4194e+00 -9.1280e-01 +9.4896e-01 -2.3779e+00 +1.0284e+00 +2.1122e+00 -2.7825e+00 -3.8258e+00 -2.0332e+00 -1.8122e+00 -7.5833e-01 +7.8583e-02
59 +6.293114223e+02 +6.293114223e+02 +5.927714223e+02 +5.927714223e+02 -3.6740e+00 -3.8800e-01 +2.8187e+00 +2.0568e+00 -2.0957e+00 -2.3108e+00 -4.3419e-01 +4.4687e+00 -2.4458e+00 +2.5552e+00 +1.9254e+00 -2.2373e+00 -2.0908e+00 +2.8253e-01 +5.7123e-01 -2.8244e+00 +1.8130e+00 -3.1976e+00 -1.5679e+00 +3.3711e-01
203 +3.601507943e+02 +3.601507943e+02 +3.236107943e+02 +3.236107943e+02 -3.6126e+00 +1.1767e+00 -4.0953e-02 -4.8001e-02 -1.3127e-01 -7.8533e-01 -1.8333e+00 +9.3036e-01 -4.5822e-01 +3.3397e-01 -6.1735e-03 -1.0927e+00 +1.5849e-01 -3.7388e-01 -9.0493e-01 -1.1791e+00 +3.4880e+00 -8.4969e-01 -2.1473e+00 -1.7122e+00
637 +2.496479725e+02 +2.496479725e+02 +2.131079725e+02 +2.131079725e+02 -2.0108e+00 +2.4607e+00 +7.8798e-01 -5.2608e-01 +1.7329e+00 -2.6741e+00 -2.6871e+00 +9.2179e-01 -2.8704e-01 +9.5423e-01 -1.5518e-01 -2.0784e+00 +2.7336e-01 +5.9872e-01 -3.7523e-01 -2.2803e+00 +3.9640e+00 -2.3674e+00 -3.9418e+00 +4.5965e-01
1367 +1.533279405e+02 +1.533279405e+02 +1.167879405e+02 +1.167879405e+02 -3.3333e+00 -2.1822e+00 +9.4758e-01 -5.0533e-01 -7.2231e-01 -1.7348e+00 -3.3455e+00 +2.4829e-01 -8.0692e-01 -1.8074e+00 +2.8827e-01 -8.2749e-01 -2.0942e+00 -4.4177e-01 -1.5854e+00 -2.8153e+00 +3.0473e+00 -1.3271e+00 -2.3639e+00 +4.5458e-01
4137 +9.324659740e+01 +9.324659740e+01 +5.670659740e+01 +5.670659740e+01 -2.2958e+00 -3.6255e-01 +8.3605e-01 -1.2322e-01 -6.3342e-01 -4.0313e-01 -2.8039e+00 +9.4502e-01 -1.7180e+00 -1.4554e+00 -2.0496e-01 -2.0703e+00 -2.1477e+00 +2.4645e-01 -1.2954e+00 -2.3424e+00 +3.0407e+00 -8.3367e-01 -3.4312e+00 +4.6627e-01
% function evaluation | noise-free fitness - Fopt (1.000000000000e+03) | best noise-free fitness - Fopt | measured fitness | best measured fitness | x1 | x2...
1 +5.379763973e+03 +5.379763973e+03 +6.379763973e+03 +6.379763973e+03 +3.1472e+00 +4.0579e+00 -3.7301e+00 +4.1338e+00 +1.3236e+00 -4.0246e+00 -2.2150e+00 +4.6882e-01 +4.5751e+00 +4.6489e+00 -3.4239e+00 +4.7059e+00 +4.5717e+00 -1.4624e-01 +3.0028e+00 -3.5811e+00 -7.8239e-01 +4.1574e+00 +2.9221e+00 +4.5949e+00
2 +1.877028311e+03 +1.877028311e+03 +2.877028311e+03 +2.877028311e+03 +1.5574e+00 -4.6429e+00 +3.4913e+00 +4.3399e+00 +1.7874e+00 +2.5774e+00 +2.4313e+00 -1.0777e+00 +1.5548e+00 -3.2881e+00 +2.0605e+00 -4.6817e+00 -2.2308e+00 -4.5383e+00 -4.0287e+00 +3.2346e+00 +1.9483e+00 -1.8290e+00 +4.5022e+00 -4.6555e+00
4 +1.263086078e+03 +1.263086078e+03 +2.263086078e+03 +2.263086078e+03 +2.5127e+00 -2.4490e+00 +5.9571e-02 +1.9908e+00 +3.9090e+00 +4.5929e+00 +4.7216e-01 -3.6138e+00 -3.5071e+00 -2.4249e+00 +3.4072e+00 -2.4572e+00 +3.1428e+00 -2.5648e+00 +4.2926e+00 -1.5002e+00 -3.0340e+00 -2.4892e+00 +1.1604e+00 -2.6711e-01
23 +8.214663894e+02 +8.214663894e+02 +1.821466389e+03 +1.821466389e+03 -2.4521e+00 -2.7596e+00 +1.6783e+00 +3.4439e+00 -1.5554e+00 +2.8052e+00 +1.7533e+00 -4.9328e+00 +1.0217e+00 -1.1323e+00 +4.1599e+00 -4.9885e+00 -3.7551e-01 -7.5651e-01 -3.9084e-01 +2.7016e+00 -1.7753e+00 +2.8474e+00 -2.8643e-01 -4.6424e+00
124 +5.746883444e+02 +5.746883444e+02 +1.574688344e+03 +1.574688344e+03 +5.1267e-01 -1.0522e+00 -1.9404e+00 +1.7493e+00 +2.1210e+00 +3.0142e+00 +8.2519e-01 -2.0223e+00 -3.6415e+00 -4.2264e+00 +1.5218e+00 -4.2823e+00 +1.1428e+00 -7.0072e-01 +2.8226e+00 -2.0424e+00 -1.0969e+00 -5.2203e-01 +2.2111e-01 -1.1185e+00
284 +3.703300837e+02 +3.703300837e+02 +1.370330084e+03 +1.370330084e+03 -1.4873e+00 +8.2743e-01 -3.1040e+00 +6.3303e-01 +8.5372e-01 +1.4170e+00 +1.6122e+00 -4.6905e-01 -3.7589e+00 -3.2764e+00 +3.6077e-01 -2.2823e+00 -8.5715e-01 +1.2993e+00 +9.8077e-01 -2.0363e+00 -2.1085e+00 +1.4780e+00 +8.7309e-01 -4.5281e-01
443 +2.318466941e+02 +2.318466941e+02 +1.231846694e+03 +1.231846694e+03 -1.4685e+00 -5.1434e-03 -2.7597e+00 +1.5409e+00 +2.3629e+00 +1.1652e-01 +4.0389e+00 -5.1060e-01 -3.8839e+00 -3.2632e+00 +1.4303e+00 -3.9579e+00 -1.6086e+00 +2.6261e+00 +1.9835e+00 -6.1445e-01 -1.4026e+00 +2.4939e+00 +2.1916e+00 -3.2711e-01
1337 +1.353586158e+02 +1.353586158e+02 +1.135358616e+03 +1.135358616e+03 -1.4861e+00 -9.0247e-01 -2.2868e-01 +1.7548e+00 +1.4697e+00 +6.5325e-01 +3.8769e+00 -1.4497e+00 -3.0589e+00 -2.4720e+00 +1.3469e+00 -4.3508e+00 -1.7488e+00 +2.8566e+00 +2.4807e+00 +4.6054e-01 -3.2133e+00 +2.2371e+00 +1.3754e+00 -5.7738e-01
4151 +8.407436600e+01 +8.407436600e+01 +1.084074366e+03 +1.084074366e+03 -1.3692e+00 -1.7657e+00 -2.1161e-01 +1.5841e+00 +1.4577e+00 +1.0448e+00 +4.5205e+00 -1.4757e+00 -3.1592e+00 -2.5657e+00 +1.7619e+00 -4.2912e+00 -2.8029e+00 +3.2634e+00 +1.9103e+00 +7.6747e-01 -3.3169e+00 +2.1652e+00 +1.0379e+00 -3.6117e-01
% function evaluation | noise-free fitness - Fopt (4.661000000000e+01) | best noise-free fitness - Fopt | measured fitness | best measured fitness | x1 | x2...
1 +3.137260207e+03 +3.137260207e+03 +3.183870207e+03 +3.183870207e+03 +3.1472e+00 +4.0579e+00 -3.7301e+00 +4.1338e+00 +1.3236e+00 -4.0246e+00 -2.2150e+00 +4.6882e-01 +4.5751e+00 +4.6489e+00 -3.4239e+00 +4.7059e+00 +4.5717e+00 -1.4624e-01 +3.0028e+00 -3.5811e+00 -7.8239e-01 +4.1574e+00 +2.9221e+00 +4.5949e+00
3 +1.391908823e+03 +1.391908823e+03 +1.438518823e+03 +1.438518823e+03 -6.1256e-01 -1.1844e+00 +2.6552e+00 +2.9520e+00 -3.1313e+00 -1.0236e-01 -5.4414e-01 +1.4631e+00 +2.0936e+00 +2.5469e+00 -2.2397e+00 +1.7970e+00 +1.5510e+00 -3.3739e+00 -3.8100e+00 -1.6359e-02 +4.5974e+00 -1.5961e+00 +8.5268e-01 -2.7619e+00
11 +8.584351845e+02 +8.584351845e+02 +9.050451845e+02 +9.050451845e+02 +1.4432e+00 -1.2139e+00 +3.1158e+00 +3.2826e-01 -1.4927e+00 +4.3900e+00 +3.7594e+00 +5.0156e-01 +1.2248e+00 +8.7045e-01 -2.9226e+00 -1.9875e+00 -2.9077e-01 -2.6951e+00 +3.4431e+00 -3.0524e+00 -2.7408e+00 -3.2929e+00 -2.7234e+00 -6.4301e-01
65 +5.958556846e+02 +5.958556846e+02 +6.424656846e+02 +6.424656846e+02 +2.2281e+00 +7.9017e-01 +1.8499e+00 +3.4517e+00 -1.9414e+00 +2.8279e+00 -1.6377e+00 -2.8060e+00 +9.8538e-01 +2.9279e-01 -1.2396e+00 +6.1945e-01 +1.7029e+00 -2.0059e+00 +2.6201e+00 -8.6060e-01 +2.4193e+00 +2.3292e+00 -2.5230e+00 +1.3461e-01
233 +3.900308720e+02 +3.900308720e+02 +4.366408720e+02 +4.366408720e+02 +1.5229e+00 -9.7590e-02 -1.6801e+00 +1.8504e+00 -1.6738e+00 -1.5047e+00 -4.5922e-02 -3.9482e-01 -2.2850e+00 +5.4942e-02 -1.7223e+00 -7.0379e-01 -1.5735e+00 -1.5010e+00 +8.1867e-01 -2.5670e+00 -2.0683e-01 -7.6910e-01 -2.6420e+00 +9.0635e-01
536 +2.328621428e+02 +2.328621428e+02 +2.794721428e+02 +2.794721428e+02 +3.2747e-01 -3.4506e-02 +5.0059e-01 +2.7145e+00 -1.0639e+00 -7.6048e-01 +1.3893e+00 -2.0436e+00 +2.4392e+00 -2.6103e+00 -1.1546e+00 -7.9421e-01 -2.7116e-01 -1.6504e+00 +8.2270e-01 -5.4205e-01 -7.9810e-01 -3.1213e-01 -3.0000e+00 +1.7861e+00
1266 +1.323192006e+02 +1.323192006e+02 +1.789292006e+02 +1.789292006e+02 +5.7718e-01 -8.7932e-01 +1.6298e+00 +3.0081e+00 -4.6092e-01 -1.0820e+00 +1.3834e+00 -2.6124e+00 +1.3176e+00 -1.9750e+00 -4.2156e-02 +3.2038e-01 -7.3900e-02 -2.1490e+00 +4.7352e-01 -6.1329e-01 -1.3458e+00 -5.1988e-01 -3.3809e+00 +1.6807e+00
3714 +9.352792388e+01 +9.352792388e+01 +1.401379239e+02 +1.401379239e+02 +7.8096e-01 -8.3501e-01 +1.6808e+00 +2.9143e+00 -8.7874e-01 -1.0032e+00 +1.3902e+00 -2.6167e+00 +1.2229e+00 -2.0845e+00 -7.1155e-02 +3.3245e-01 -1.7428e-01 -2.0718e+00 +4.2392e-01 -5.9984e-01 -6.0794e-01 -5.5653e-01 -3.3934e+00 +1.7403e+00
% function evaluation | noise-free fitness - Fopt (-2.643100000000e+02) | best noise-free fitness - Fopt | measured fitness | best measured fitness | x1 | x2...
1 +1.130373990e+04 +1.130373990e+04 +1.103942990e+04 +1.103942990e+04 +3.1472e+00 +4.0579e+00 -3.7301e+00 +4.1338e+00 +1.3236e+00 -4.0246e+00 -2.2150e+00 +4.6882e-01 +4.5751e+00 +4.6489e+00 -3.4239e+00 +4.7059e+00 +4.5717e+00 -1.4624e-01 +3.0028e+00 -3.5811e+00 -7.8239e-01 +4.1574e+00 +2.9221e+00 +4.5949e+00
2 +4.134432147e+03 +4.134432147e+03 +3.870122147e+03 +3.870122147e+03 +1.5574e+00 -4.6429e+00 +3.4913e+00 +4.3399e+00 +1.7874e+00 +2.5774e+00 +2.4313e+00 -1.0777e+00 +1.5548e+00 -3.2881e+00 +2.0605e+00 -4.6817e+00 -2.2308e+00 -4.5383e+00 -4.0287e+00 +3.2346e+00 +1.9483e+00 -1.8290e+00 +4.5022e+00 -4.6555e+00
3 +8.970399549e+02 +8.970399549e+02 +6.327299549e+02 +6.327299549e+02 -6.1256e-01 -1.1844e+00 +2.6552e+00 +2.9520e+00 -3.1313e+00 -1.0236e-01 -5.4414e-01 +1.4631e+00 +2.0936e+00 +2.5469e+00 -2.2397e+00 +1.7970e+00 +1.5510e+00 -3.3739e+00 -3.8100e+00 -1.6359e-02 +4.5974e+00 -1.5961e+00 +8.5268e-01 -2.7619e+00
43 +5.633224832e+02 +5.633224832e+02 +2.990124832e+02 +2.990124832e+02 -1.6126e+00 -8.2328e-01 +1.9590e+00 +1.9520e+00 -2.1313e+00 -1.1024e+00 -1.5441e+00 +2.4631e+00 +1.5418e+00 +1.5469e+00 -1.2397e+00 +7.9703e-01 +1.4711e+00 -2.3739e+00 -2.8100e+00 -1.0164e+00 +3.5974e+00 -1.9364e+00 -1.4732e-01 -3.7122e+00
209 +3.549237430e+02 +3.549237430e+02 +9.061374303e+01 +9.061374303e+01 -1.9748e-01 +5.3604e-01 -1.7778e+00 +2.0140e+00 -2.0756e+00 -1.2533e+00 +1.4205e+00 +1.9471e+00 -1.2004e-01 -1.4022e+00 +1.4115e-01 -6.7955e-01 +2.4028e+00 -1.8460e+00 -1.5698e+00 -7.2678e-01 +2.6344e+00 -6.8278e-01 -1.5225e+00 -2.9587e+00
920 +2.451057972e+02 +2.451057972e+02 -1.920420280e+01 -1.920420280e+01 -1.2217e+00 -8.6348e-01 -2.5750e+00 +2.0773e+00 +2.1849e-01 -1.5008e+00 +1.7131e+00 +1.7285e+00 -2.6342e-01 -4.5799e-01 -8.0519e-01 +1.4630e+00 +3.0538e+00 -1.4040e+00 -2.7380e+00 +2.9376e-01 +1.2859e+00 -1.7436e+00 -1.6255e+00 -3.3612e+00
1959 +1.149419336e+02 +1.149419336e+02 -1.493680664e+02 -1.493680664e+02 -1.6196e+00 -1.3829e+00 -2.7238e+00 +9.2984e-01 +1.9782e-01 -2.2880e+00 +2.4420e+00 +8.5506e-01 -1.2521e+00 +4.8430e-01 +7.9631e-01 +2.2131e+00 +3.4255e+00 -9.3905e-01 -2.7628e+00 +3.6845e-01 +1.3235e+00 -2.5128e+00 -1.5913e+00 -2.6555e+00
3512 +9.752135539e+01 +9.752135539e+01 -1.667886446e+02 -1.667886446e+02 -1.1863e+00 -1.4122e+00 -2.7457e+00 +7.2260e-01 +3.1128e-01 -2.3249e+00 +2.4428e+00 +9.8600e-01 -1.0701e+00 +5.7769e-01 +8.9232e-01 +2.2981e+00 +3.4474e+00 -1.0013e+00 -2.7767e+00 +2.9460e-01 +1.2310e+00 -2.4070e+00 -1.8149e+00 -2.6567e+00
4282 +6.307151944e+01 +6.307151944e+01 -2.012384806e+02 -2.012384806e+02 -1.3096e+00 -1.3710e+00 -2.7084e+00 +9.1193e-01 +3.9138e-01 -2.4174e+00 +2.4564e+00 +1.0209e+00 -1.2837e+00 +4.4930e-01 +8.3176e-01 +2.2060e+00 +3.4059e+00 -9.3826e-01 -2.7699e+00 +3.4713e-01 +1.3149e+00 -2.4073e+00 -1.8524e+00 -2.6423e+00
% function evaluation | noise-free fitness - Fopt (7.273000000000e+01) | best noise-free fitness - Fopt | measured fitness | best measured fitness | x1 | x2...
1 +5.884179511e+03 +5.884179511e+03 +5.956909511e+03 +5.956909511e+03 +3.1472e+00 +4.0579e+00 -3.7301e+00 +4.1338e+00 +1.3236e+00 -4.0246e+00 -2.2150e+00 +4.6882e-01 +4.5751e+00 +4.6489e+00 -3.4239e+00 +4.7059e+00 +4.5717e+00 -1.4624e-01 +3.0028e+00 -3.5811e+00 -7.8239e-01 +4.1574e+00 +2.9221e+00 +4.5949e+00
3 +1.892232552e+03 +1.892232552e+03 +1.964962552e+03 +1.964962552e+03 -6.1256e-01 -1.1844e+00 +2.6552e+00 +2.9520e+00 -3.1313e+00 -1.0236e-01 -5.4414e-01 +1.4631e+00 +2.0936e+00 +2.5469e+00 -2.2397e+00 +1.7970e+00 +1.5510e+00 -3.3739e+00 -3.8100e+00 -1.6359e-02 +4.5974e+00 -1.5961e+00 +8.5268e-01 -2.7619e+00
5 +1.476423428e+03 +1.476423428e+03 +1.549153428e+03 +1.549153428e+03 -1.4834e+00 +3.3083e+00 +8.5264e-01 +4.9724e-01 +4.1719e+00 -2.1416e+00 +2.5720e+00 +2.5373e+00 -1.1955e+00 +6.7822e-01 -4.2415e+00 -4.4605e+00 +3.0798e-01 +2.7917e+00 +4.3401e+00 -3.7009e+00 +6.8824e-01 -3.0609e-01 -4.8810e+00 -1.6288e+00
12 +9.413623581e+02 +9.413623581e+02 +1.014092358e+03 +1.014092358e+03 -1.8890e+00 +4.2338e+00 -6.9793e-01 -3.1518e+00 +4.0488e+00 +4.7975e+00 -6.1130e-01 -3.8888e+00 -2.4194e+00 -9.1280e-01 +9.4896e-01 -2.3779e+00 +1.0284e+00 +2.1122e+00 -2.7825e+00 -3.8258e+00 -2.0332e+00 -1.8122e+00 -7.5833e-01 +7.8583e-02
101 +6.057293600e+02 +6.057293600e+02 +6.784593600e+02 +6.784593600e+02 -1.2358e+00 -3.0577e+00 +1.9852e+00 -2.3145e+00 +1.8757e+00 +2.9423e+00 -8.8328e-02 -3.6640e+00 -3.3119e+00 -1.0567e+00 -2.1927e-02 +9.2285e-01 -6.6346e-02 +2.9163e+00 +2.5716e+00 +1.6639e+00 +1.2021e+00 -7.4854e-01 -3.3217e+00 +1.9228e+00
337 +3.806313342e+02 +3.806313342e+02 +4.533613342e+02 +4.533613342e+02 -2.7347e+00 -2.7940e+00 +2.3367e+00 -1.3859e+00 +8.2653e-02 +3.8732e+00 -4.0633e-01 -2.1994e+00 -2.4314e+00 -1.3811e+00 -1.0207e+00 -1.2784e-01 -8.4513e-01 +2.1575e+00 +4.3545e-01 -9.4016e-01 +3.7575e+00 +9.4408e-01 -3.7433e+00 +3.8302e+00
701 +2.421416128e+02 +2.421416128e+02 +3.148716128e+02 +3.148716128e+02 -1.6130e+00 -3.1922e+00 +1.2593e+00 +1.9983e-01 +2.4485e+00 +3.1271e+00 -1.4904e+00 -2.6963e+00 -1.4577e+00 -2.7449e-01 -2.7163e+00 -2.8667e+00 -3.2641e-01 +2.8876e+00 -6.8575e-02 +6.4464e-01 +3.8478e+00 -1.1741e-01 -4.1472e+00 +4.0752e+00
2188 +1.486621688e+02 +1.486621688e+02 +2.213921688e+02 +2.213921688e+02 -2.5504e+00 -3.2486e+00 +1.1029e+00 +9.9632e-01 +1.7444e+00 +1.8716e+00 -4.9559e+00 -3.2336e+00 -1.7448e+00 +2.2024e-01 -6.3352e-01 -2.0887e+00 +1.8038e-01 +2.9055e+00 -8.0445e-01 +1.9543e-01 +3.8499e+00 -9.3893e-01 -2.5718e+00 +3.5729e+00
4447 +9.371721548e+01 +9.371721548e+01 +1.664472155e+02 +1.664472155e+02 -2.5561e+00 -3.9508e+00 -1.1538e+00 +1.9109e+00 +2.5895e+00 +1.2080e+00 -4.5536e+00 -3.3384e+00 -3.1120e+00 -7.5992e-02 -9.7045e-01 -2.1177e+00 -1.0274e+00 +2.9419e+00 -8.5059e-01 +1.0502e+00 +4.2722e+00 -5.2584e-01 -3.0222e+00 +3.8597e+00
% function evaluation | noise-free fitness - Fopt (1.368700000000e+02) | best noise-free fitness - Fopt | measured fitness | best measured fitness | x1 | x2...
1 +1.442253519e+04 +1.442253519e+04 +1.455940519e+04 +1.455940519e+04 +3.1472e+00 +4.0579e+00 -3.7301e+00 +4.1338e+00 +1.3236e+00 -4.0246e+00 -2.2150e+00 +4.6882e-01 +4.5751e+00 +4.6489e+00 -3.4239e+00 +4.7059e+00 +4.5717e+00 -1.4624e-01 +3.0028e+00 -3.5811e+00 -7.8239e-01 +4.1574e+00 +2.9221e+00 +4.5949e+00
2 +2.130908104e+03 +2.130908104e+03 +2.267778104e+03 +2.267778104e+03 +1.5574e+00 -4.6429e+00 +3.4913e+00 +4.3399e+00 +1.7874e+00 +2.5774e+00 +2.4313e+00 -1.0777e+00 +1.5548e+00 -3.2881e+00 +2.0605e+00 -4.6817e+00 -2.2308e+00 -4.5383e+00 -4.0287e+00 +3.2346e+00 +1.9483e+00 -1.8290e+00 +4.5022e+00 -4.6555e+00
12 +1.042122119e+03 +1.042122119e+03 +1.178992119e+03 +1.178992119e+03 -1.8890e+00 +4.2338e+00 -6.9793e-01 -3.1518e+00 +4.0488e+00 +4.7975e+00 -6.1130e-01 -3.8888e+00 -2.4194e+00 -9.1280e-01 +9.4896e-01 -2.3779e+00 +1.0284e+00 +2.1122e+00 -2.7825e+00 -3.8258e+00 -2.0332e+00 -1.8122e+00 -7.5833e-01 +7.8583e-02
57 +8.381845854e+02 +8.381845854e+02 +9.750545854e+02 +9.750545854e+02 -2.2661e+00 -9.0622e-02 +2.3138e+00 +2.3058e+00 -3.3953e+00 -7.4223e-03 -7.3124e-01 -1.8320e+00 +5.6860e-01 +1.3604e+00 -1.8216e+00 -1.6835e+00 -3.8451e+00 +3.8406e+00 -2.6068e+00 -3.1967e+00 -1.5604e+00 -2.4376e+00 -6.3054e-01 -1.4002e+00
150 +5.695173967e+02 +5.695173967e+02 +7.063873967e+02 +7.063873967e+02 -2.3881e-01 +3.4684e+00 +8.8026e-01 -2.4818e+00 -3.0014e+00 +5.0691e-01 +1.1730e+00 +1.4152e+00 +8.9963e-01 -9.3184e-02 +3.4064e-01 -2.1707e+00 -3.2034e+00 -1.6371e+00 -2.1348e-01 -1.2778e+00 -4.3191e+00 -2.0499e+00 -1.5239e+00 -2.4503e+00
374 +3.450323617e+02 +3.450323617e+02 +4.819023617e+02 +4.819023617e+02 -5.1752e-01 +9.1219e-01 +1.2150e+00 -1.6638e+00 -2.7236e+00 +2.3271e+00 +2.9059e+00 +2.0980e+00 +4.4846e-01 -2.9334e-01 +1.0676e+00 -3.3851e+00 -2.9851e+00 +4.2214e-01 -2.5896e+00 -3.0595e-01 -1.0908e+00 -2.1017e+00 -1.7400e+00 -2.3138e+00
786 +2.498762585e+02 +2.498762585e+02 +3.867462585e+02 +3.867462585e+02 +1.0482e+00 -2.7519e-01 +1.0940e+00 -1.8316e+00 -2.2010e+00 +3.4627e+00 +2.4110e+00 +2.4192e+00 -4.3364e-01 -1.4533e+00 +2.1948e-01 -2.1455e+00 -3.5155e+00 +5.4030e-02 -3.7373e+00 +1.9953e-02 -2.3210e+00 -2.9764e+00 -1.4520e+00 -3.5165e+00
3284 +1.487354029e+02 +1.487354029e+02 +2.856054029e+02 +2.856054029e+02 +4.8974e-01 +8.2518e-01 +1.9157e+00 -6.4464e-01 -8.8814e-01 +3.8362e+00 +1.2102e+00 +1.8555e+00 -5.8764e-01 -2.5723e+00 -3.4265e-01 -2.9634e+00 -3.6726e+00 -7.4656e-01 -4.2438e+00 -2.4686e-01 -2.2883e+00 -2.8743e+00 -1.3894e+00 -2.2436e+00
% function evaluation | noise-free fitness - Fopt (2.196000000000e+01) | best noise-free fitness - Fopt | measured fitness | best measured fitness | x1 | x2...
1 +4.862777000e+03 +4.862777000e+03 +4.884737000e+03 +4.884737000e+03 +3.1472e+00 +4.0579e+00 -3.7301e+00 +4.1338e+00 +1.3236e+00 -4.0246e+00 -2.2150e+00 +4.6882e-01 +4.5751e+00 +4.6489e+00 -3.4239e+00 +4.7059e+00 +4.5717e+00 -1.4624e-01 +3.0028e+00 -3.5811e+00 -7.8239e-01 +4.1574e+00 +2.9221e+00 +4.5949e+00
2 +2.397630541e+03 +2.397630541e+03 +2.419590541e+03 +2.419590541e+03 +1.5574e+00 -4.6429e+00 +3.4913e+00 +4.3399e+00 +1.7874e+00 +2.5774e+00 +2.4313e+00 -1.0777e+00 +1.5548e+00 -3.2881e+00 +2.0605e+00 -4.6817e+00 -2.2308e+00 -4.5383e+00 -4.0287e+00 +3.2346e+00 +1.9483e+00 -1.8290e+00 +4.5022e+00 -4.6555e+00
4 +1.399703385e+03 +1.399703385e+03 +1.421663385e+03 +1.421663385e+03 +2.5127e+00 -2.4490e+00 +5.9571e-02 +1.9908e+00 +3.9090e+00 +4.5929e+00 +4.7216e-01 -3.6138e+00 -3.5071e+00 -2.4249e+00 +3.4072e+00 -2.4572e+00 +3.1428e+00 -2.5648e+00 +4.2926e+00 -1.5002e+00 -3.0340e+00 -2.4892e+00 +1.1604e+00 -2.6711e-01
11 +5.163057168e+02 +5.163057168e+02 +5.382657168e+02 +5.382657168e+02 +1.4432e+00 -1.2139e+00 +3.1158e+00 +3.2826e-01 -1.4927e+00 +4.3900e+00 +3.7594e+00 +5.0156e-01 +1.2248e+00 +8.7045e-01 -2.9226e+00 -1.9875e+00 -2.9077e-01 -2.6951e+00 +3.4431e+00 -3.0524e+00 -2.7408e+00 -3.2929e+00 -2.7234e+00 -6.4301e-01
131 +3.836328581e+02 +3.836328581e+02 +4.055928581e+02 +4.055928581e+02 +1.1946e+00 -4.7477e-01 +3.0104e+00 -5.0465e-01 -1.7345e+00 +3.5790e+00 +3.3718e+00 +8.5750e-01 +1.3700e+00 -2.7155e-01 -2.4912e+00 -1.4196e+00 -1.0143e+00 -2.2542e+00 +3.3235e+00 -2.3854e+00 -3.7943e+00 -1.6817e+00 -2.3414e+00 -8.7877e-01
210 +2.401434750e+02 +2.401434750e+02 +2.621034750e+02 +2.621034750e+02 +2.4513e+00 -5.1877e-01 +7.9471e-01 -1.1352e+00 -9.8330e-01 -1.6489e-01 +1.6848e+00 +1.1177e+00 -4.7528e-02 -1.2315e+00 +1.2939e+00 -2.4287e-01 -1.6362e+00 -3.6414e+00 +2.4678e+00 -1.5164e+00 -2.9149e+00 -8.3469e-01 +1.7628e-01 -5.1686e-02
1429 +1.582206355e+02 +1.582206355e+02 +1.801806355e+02 +1.801806355e+02 +3.5116e+00 -8.5943e-01 +4.8331e-02 +4.3839e-01 -2.7331e+00 +1.4734e+00 +2.8565e+00 +2.3797e+00 +9.3418e-02 -2.1432e-01 +8.1031e-01 +5.1907e-01 -2.6145e+00 -1.7409e+00 +2.0068e+00 -1.3535e+00 -2.6950e+00 -1.2878e+00 -1.3468e+00 -2.5235e-01
3822 +9.392813421e+01 +9.392813421e+01 +1.158881342e+02 +1.158881342e+02 +3.4341e+00 -6.7102e-01 +4.6982e-02 -1.3525e-01 -1.8250e+00 +5.6926e-01 +1.7333e+00 +1.6871e+00 -4.3609e-01 -8.4244e-01 +3.1301e-01 -1.1312e+00 -3.3088e+00 -2.4931e+00 +2.3393e+00 -6.2097e-01 -2.7215e+00 -1.7760e-01 -5.1730e-01 -9.0982e-01
% function evaluation | noise-free fitness - Fopt (-2.139000000000e+01) | best noise-free fitness - Fopt | measured fitness | best measured fitness | x1 | x2...
1 +2.650659212e+03 +2.650659212e+03 +2.629269212e+03 +2.629269212e+03 +3.1472e+00 +4.0579e+00 -3.7301e+00 +4.1338e+00 +1.3236e+00 -4.0246e+00 -2.2150e+00 +4.6882e-01 +4.5751e+00 +4.6489e+00 -3.4239e+00 +4.7059e+00 +4.5717e+00 -1.4624e-01 +3.0028e+00 -3.5811e+00 -7.8239e-01 +4.1574e+00 +2.9221e+00 +4.5949e+00
2 +1.572770931e+03 +1.572770931e+03 +1.551380931e+03 +1.551380931e+03 +1.5574e+00 -4.6429e+00 +3.4913e+00 +4.3399e+00 +1.7874e+00 +2.5774e+00 +2.4313e+00 -1.0777e+00 +1.5548e+00 -3.2881e+00 +2.0605e+00 -4.6817e+00 -2.2308e+00 -4.5383e+00 -4.0287e+00 +3.2346e+00 +1.9483e+00 -1.8290e+00 +4.5022e+00 -4.6555e+00
10 +7.145804826e+02 +7.145804826e+02 +6.931904826e+02 +6.931904826e+02 +4.7009e-01 -2.0368e+00 +2.4469e+00 -3.1104e+00 +1.8678e+00 -3.1649e+00 -1.3152e+00 +1.2562e+00 +2.8023e+00 -4.1887e+00 +4.2939e+00 +2.7571e+00 -1.3208e-01 -6.4141e-01 -5.3216e-01 -1.9365e+00 +8.5087e-02 +1.0772e-01 +3.1763e+00 +2.9483e+00
132 +5.397778893e+02 +5.397778893e+02 +5.183878893e+02 +5.183878893e+02 -1.0635e+00 +2.2338e+00 -3.1096e-01 -2.8703e+00 +2.0488e+00 +2.7975e+00 -9.9057e-01 -1.8888e+00 -4.1935e-01 -9.1280e-01 +2.3518e+00 -3.7788e-01 -8.8278e-01 +2.4643e-01 -7.8253e-01 -1.8258e+00 -5.6004e-01 +1.8778e-01 +1.2417e+00 +2.0786e+00
364 +3.650361364e+02 +3.650361364e+02 +3.436461364e+02 +3.436461364e+02 -1.4438e+00 +6.5144e-01 +1.4622e+00 -3.0092e+00 +2.4707e+00 -2.1188e-01 -2.1530e+00 +5.8210e-01 +1.1640e+00 -1.6184e+00 +1.5491e+00 +9.4885e-01 -1.4655e+00 -1.1803e+00 -6.5164e-01 -1.1433e+00 +1.1724e-01 +1.5905e+00 +2.0552e+00 +2.8842e+00
633 +2.288305486e+02 +2.288305486e+02 +2.074405486e+02 +2.074405486e+02 -1.3779e+00 -1.5219e-01 +1.2880e+00 -3.1865e+00 +6.3121e-01 +4.8558e-01 -2.2676e+00 -1.9820e+00 +2.5525e+00 -2.1027e+00 +6.7367e-01 +2.1826e-01 -2.6149e+00 -2.8905e+00 -2.7177e+00 +8.9723e-01 -8.3012e-01 +2.6512e+00 +1.6525e+00 +3.2296e+00
1607 +1.197095828e+02 +1.197095828e+02 +9.831958282e+01 +9.831958282e+01 +2.9095e-01 +9.4864e-02 +1.1177e+00 -3.3396e+00 +7.0761e-02 +3.6285e-01 -3.3741e+00 +7.5364e-01 +4.1439e+00 -4.1455e-01 +3.0068e-01 -6.7454e-01 -2.0179e+00 -1.4845e+00 -3.0303e+00 +2.2193e+00 -1.2016e+00 +1.8685e+00 +1.6642e+00 +2.8847e+00
3493 +9.964927873e+01 +9.964927873e+01 +7.825927873e+01 +7.825927873e+01 +2.1785e-02 +8.7807e-02 +1.1613e+00 -3.3691e+00 +1.4335e-01 +3.2805e-01 -3.3623e+00 +7.8720e-01 +4.1169e+00 -4.3263e-01 +3.1215e-01 -6.6786e-01 -2.4859e+00 -1.4382e+00 -3.0086e+00 +1.8451e+00 -8.4761e-01 +1.9089e+00 +1.5822e+00 +2.8822e+00
4528 +6.274213514e+01 +6.274213514e+01 +4.135213514e+01 +4.135213514e+01 +1.7938e-01 -4.9179e-02 +1.1823e+00 -3.1466e+00 +5.4758e-02 +3.3814e-01 -3.3785e+00 +7.9127e-01 +3.9953e+00 -4.0632e-01 +3.2143e-01 -6.7247e-01 -2.0336e+00 -1.4029e+00 -3.0436e+00 +1.8369e+00 -8.2788e-01 +1.9696e+00 +1.6112e+00 +2.8750e+00
% function evaluation | noise-free fitness - Fopt (5.176600000000e+02) | best noise-free fitness - Fopt | measured fitness | best measured fitness | x1 | x2...
1 +9.486725182e+03 +9.486725182e+03 +1.000438518e+04 +1.000438518e+04 +3.1472e+00 +4.0579e+00 -3.7301e+00 +4.1338e+00 +1.3236e+00 -4.0246e+00 -2.2150e+00 +4.6882e-01 +4.5751e+00 +4.6489e+00 -3.4239e+00 +4.7059e+00 +4.5717e+00 -1.4624e-01 +3.0028e+00 -3.5811e+00 -7.8239e-01 +4.1574e+00 +2.9221e+00 +4.5949e+00
2 +5.317633580e+03 +5.317633580e+03 +5.835293580e+03 +5.835293580e+03 +1.5574e+00 -4.6429e+00 +3.4913e+00 +4.3399e+00 +1.7874e+00 +2.5774e+00 +2.4313e+00 -1.0777e+00 +1.5548e+00 -3.2881e+00 +2.0605e+00 -4.6817e+00 -2.2308e+00 -4.5383e+00 -4.0287e+00 +3.2346e+00 +1.9483e+00 -1.8290e+00 +4.5022e+00 -4.6555e+00
3 +1.021577254e+03 +1.021577254e+03 +1.539237254e+03 +1.539237254e+03 -6.1256e-01 -1.1844e+00 +2.6552e+00 +2.9520e+00 -3.1313e+00 -1.0236e-01 -5.4414e-01 +1.4631e+00 +2.0936e+00 +2.5469e+00 -2.2397e+00 +1.7970e+00 +1.5510e+00 -3.3739e+00 -3.8100e+00 -1.6359e-02 +4.5974e+00 -1.5961e+00 +8.5268e-01 -2.7619e+00
8 +9.961001848e+02 +9.961001848e+02 +1.513760185e+03 +1.513760185e+03 +3.5303e+00 +1.2206e+00 -1.4905e+00 +1.3250e-01 -9.8192e-01 -4.2403e+00 -2.6008e+00 -3.7668e+00 -3.1609e+00 -2.6005e+00 -8.2733e-01 -4.5035e+00 +4.0272e+00 +4.4479e+00 -9.1359e-02 -1.0747e-01 -1.6228e+00 +4.0005e+00 -1.3075e+00 -3.8880e+00
63 +6.169898931e+02 +6.169898931e+02 +1.134649893e+03 +1.134649893e+03 -2.8211e+00 -2.8207e+00 +6.7833e-01 +2.4439e+00 -1.2170e+00 +1.8052e+00 +7.5332e-01 -3.9328e+00 +2.0217e+00 -1.3229e-01 +3.7175e+00 -4.2113e+00 +6.2449e-01 +2.4349e-01 +5.0997e-01 +1.7016e+00 -7.7528e-01 +1.8474e+00 -1.2864e+00 -3.6424e+00
203 +3.552796645e+02 +3.552796645e+02 +8.729396645e+02 +8.729396645e+02 -1.6126e+00 +2.9137e-01 +1.0606e+00 +2.0602e+00 -5.2421e-01 -2.2722e+00 -3.4359e+00 +2.3549e+00 +8.2010e-01 -4.3905e-01 +4.5737e-01 -1.0881e+00 +1.2764e+00 -3.8745e-01 -9.1822e-01 +5.0304e-01 +1.5974e+00 -1.2399e+00 -2.0391e+00 -3.6516e+00
423 +2.352454732e+02 +2.352454732e+02 +7.529054732e+02 +7.529054732e+02 +1.0912e-01 +1.5937e+00 -1.5736e-01 +2.9097e+00 -6.7139e-01 -1.8994e+00 -3.2467e+00 -6.6054e-01 +5.5148e-01 +1.6697e-01 -1.4146e-01 -1.7264e+00 +3.3038e+00 +8.0891e-01 -5.2946e-01 +4.9566e-01 +2.2744e+00 -1.2942e+00 -2.4277e+00 -2.7365e+00
1558 +1.514495636e+02 +1.514495636e+02 +6.691095636e+02 +6.691095636e+02 -6.9585e-02 +2.9365e+00 -9.8854e-01 +3.7997e+00 -6.1035e-01 -1.4823e+00 -4.7800e+00 -1.1630e+00 +1.1161e+00 +5.6393e-01 +8.4760e-01 -2.5204e+00 +4.2826e+00 +9.3639e-01 -1.0053e+00 +1.5966e+00 +1.9957e+00 -3.0853e-01 -2.7947e+00 -2.2113e+00
3648 +8.851194777e+01 +8.851194777e+01 +6.061719478e+02 +6.061719478e+02 -8.2924e-01 +2.3169e+00 -1.0656e+00 +3.8137e+00 -3.7930e-01 -6.1414e-01 -4.0209e+00 -1.6892e-02 +1.3376e+00 +4.4248e-01 +3.4205e-01 -1.9705e+00 +4.3138e+00 +9.8590e-01 -1.0412e+00 +1.5522e+00 +2.0877e+00 +6.2440e-01 -2.4566e+00 -2.9810e+00
4219 +6.192031894e+01 +6.192031894e+01 +5.795803189e+02 +5.795803189e+02 -8.1881e-01 +2.2938e+00 -1.0448e+00 +3.8612e+00 -3.9926e-01 -5.4214e-01 -3.9617e+00 -2.3828e-02 +1.2689e+00 +4.9021e-01 +8.3618e-01 -1.9713e+00 +4.4608e+00 +9.7762e-01 -1.0418e+00 +1.5821e+00 +2.0124e+00 +6.1374e-01 -2.4528e+00 -3.0468e+00
