% function evaluation | noise-free fitness - Fopt (7.948000000000e+01) | best noise-free fitness - Fopt | measured fitness | best measured fitness | x1 | x2...
1 +1.659404090e+01 +1.659404090e+01 +9.607404090e+01 +9.607404090e+01 -1.5191e+00 +2.5112e+00
2 +1.355921665e+01 +1.355921665e+01 +9.303921665e+01 +9.303921665e+01 -9.2338e-01 +2.3326e+00
68 +9.827115271e+00 +9.827115271e+00 +8.930711527e+01 +8.930711527e+01 +3.3247e+00 -5.3210e-01
75 +4.007207775e+00 +4.007207775e+00 +8.348720777e+01 +8.348720777e+01 +2.2453e+00 -1.3492e+00
77 +3.514075880e+00 +3.514075880e+00 +8.299407588e+01 +8.299407588e+01 +2.1152e+00 -1.3699e+00
80 +1.514223310e+00 +1.514223310e+00 +8.099422331e+01 +8.099422331e+01 +1.4807e+00 -1.0769e+00
84 +7.547252915e-01 +7.547252915e-01 +8.023472529e+01 +8.023472529e+01 +5.9379e-01 -1.9558e+00
97 +4.162365401e-01 +4.162365401e-01 +7.989623654e+01 +7.989623654e+01 +6.7566e-01 -1.6441e+00
101 +7.377463897e-02 +7.377463897e-02 +7.955377464e+01 +7.955377464e+01 +9.0312e-02 -1.3745e+00
128 +4.611216097e-04 +4.611216097e-04 +7.948046112e+01 +7.948046112e+01 +2.4280e-01 -1.1378e+00
501 +8.972045127e-05 +8.972045127e-05 +7.948008972e+01 +7.948008972e+01 +2.5054e-01 -1.1476e+00
% function evaluation | noise-free fitness - Fopt (3.944800000000e+02) | best noise-free fitness - Fopt | measured fitness | best measured fitness | x1 | x2...
1 +1.847187594e-01 +1.847187594e-01 +3.946647188e+02 +3.946647188e+02 -3.9224e+00 -3.3195e+00
11 +1.074697988e-01 +1.074697988e-01 +3.945874698e+02 +3.945874698e+02 -3.7401e+00 -3.1775e+00
12 +6.327504742e-03 +6.327504742e-03 +3.944863275e+02 +3.944863275e+02 -3.8339e+00 -2.8438e+00
1083 +2.172909032e-03 +2.172909032e-03 +3.944821729e+02 +3.944821729e+02 -3.9447e+00 -2.8960e+00
1116 +3.047697782e-04 +3.047697782e-04 +3.944803048e+02 +3.944803048e+02 -3.8816e+00 -2.8855e+00
15445 +3.688576118e-05 +3.688576118e-05 +3.944800369e+02 +3.944800369e+02 -3.9006e+00 -2.8960e+00
30924 +5.024814982e-07 +5.024814982e-07 +3.944800005e+02 +3.944800005e+02 -3.8990e+00 -2.8908e+00
% function evaluation | noise-free fitness - Fopt (-2.471100000000e+02) | best noise-free fitness - Fopt | measured fitness | best measured fitness | x1 | x2...
1 +2.004819667e+00 +2.004819667e+00 -2.451051803e+02 -2.451051803e+02 -2.4928e+00 +7.5125e-01
5 +6.103359262e-01 +6.103359262e-01 -2.464996641e+02 -2.464996641e+02 -3.4953e+00 -5.1683e-01
132 +2.368217320e-01 +2.368217320e-01 -2.468731783e+02 -2.468731783e+02 -3.5735e+00 +6.3477e-01
144 +1.541628508e-01 +1.541628508e-01 -2.469558371e+02 -2.469558371e+02 -4.0850e+00 +4.7153e-01
155 +5.732943634e-02 +5.732943634e-02 -2.470526706e+02 -2.470526706e+02 -4.0252e+00 +1.2643e-01
256 +2.147684594e-02 +2.147684594e-02 -2.470885232e+02 -2.470885232e+02 -3.7149e+00 +3.2367e-01
367 +2.943403602e-04 +2.943403602e-04 -2.471097057e+02 -2.471097057e+02 -3.7949e+00 +1.8639e-01
1499 +2.147964605e-04 +2.147964605e-04 -2.471097852e+02 -2.471097852e+02 -3.7838e+00 +2.0462e-01
29314 +9.086592536e-05 +9.086592536e-05 -2.471099091e+02 -2.471099091e+02 -3.7923e+00 +1.9587e-01
32947 +3.008281220e-05 +3.008281220e-05 -2.471099699e+02 -2.471099699e+02 -3.8029e+00 +2.0641e-01
% function evaluation | noise-free fitness - Fopt (-1.520400000000e+02) | best noise-free fitness - Fopt | measured fitness | best measured fitness | x1 | x2...
1 +3.272424574e+00 +3.272424574e+00 -1.487675754e+02 -1.487675754e+02 +9.8415e-01 +2.7303e+00
102 +1.536162253e+00 +1.536162253e+00 -1.505038377e+02 -1.505038377e+02 -8.1621e-01 +3.1281e-01
103 +1.524587722e-01 +1.524587722e-01 -1.518875412e+02 -1.518875412e+02 -4.1839e-01 +1.0640e+00
114 +1.117830786e-02 +1.117830786e-02 -1.520288217e+02 -1.520288217e+02 -2.9392e-01 +1.5263e+00
135 +3.701302509e-03 +3.701302509e-03 -1.520362987e+02 -1.520362987e+02 -2.6182e-01 +1.4846e+00
815 +1.759127759e-03 +1.759127759e-03 -1.520382409e+02 -1.520382409e+02 -2.9206e-01 +1.3902e+00
1938 +1.005978303e-03 +1.005978303e-03 -1.520389940e+02 -1.520389940e+02 -2.5069e-01 +1.4511e+00
4854 +1.651046967e-04 +1.651046967e-04 -1.520398349e+02 -1.520398349e+02 -2.6870e-01 +1.4368e+00
23377 +4.150403703e-05 +4.150403703e-05 -1.520399585e+02 -1.520399585e+02 -2.6080e-01 +1.4233e+00
28656 +3.749084826e-05 +3.749084826e-05 -1.520399625e+02 -1.520399625e+02 -2.6304e-01 +1.4195e+00
% function evaluation | noise-free fitness - Fopt (-2.525000000000e+01) | best noise-free fitness - Fopt | measured fitness | best measured fitness | x1 | x2...
1 +4.401585325e+00 +4.401585325e+00 -2.084841468e+01 -2.084841468e+01 +2.2291e+00 +2.2108e+00
4 +3.970074853e+00 +3.970074853e+00 -2.127992515e+01 -2.127992515e+01 +1.8598e+00 +1.5794e+00
20 +1.837727851e+00 +1.837727851e+00 -2.341227215e+01 -2.341227215e+01 +2.2910e+00 +3.4131e-01
30 +9.552330338e-01 +9.552330338e-01 -2.429476697e+01 -2.429476697e+01 +3.1651e+00 -2.3277e-01
33 +4.699224448e-01 +4.699224448e-01 -2.478007756e+01 -2.478007756e+01 +3.1288e+00 +1.5131e-01
35 +3.529630061e-01 +3.529630061e-01 -2.489703699e+01 -2.489703699e+01 +3.1031e+00 +9.3783e-01
37 +2.405551207e-01 +2.405551207e-01 -2.500944488e+01 -2.500944488e+01 +3.8973e+00 +1.0358e+00
39 +7.511598980e-02 +7.511598980e-02 -2.517488401e+01 -2.517488401e+01 +3.7715e+00 +8.5977e-01
60 +3.697749457e-02 +3.697749457e-02 -2.521302251e+01 -2.521302251e+01 +3.7278e+00 +4.7987e-01
98 +6.641686161e-03 +6.641686161e-03 -2.524335831e+01 -2.524335831e+01 +3.6706e+00 +6.9418e-01
101 +2.166920342e-03 +2.166920342e-03 -2.524783308e+01 -2.524783308e+01 +3.6049e+00 +5.8963e-01
922 +3.881295172e-04 +3.881295172e-04 -2.524961187e+01 -2.524961187e+01 +3.6261e+00 +6.1931e-01
4392 +2.436012337e-05 +2.436012337e-05 -2.524997564e+01 -2.524997564e+01 +3.6095e+00 +6.3466e-01
% function evaluation | noise-free fitness - Fopt (-2.017200000000e+02) | best noise-free fitness - Fopt | measured fitness | best measured fitness | x1 | x2...
1 +5.023159831e+01 +5.023159831e+01 -1.514884017e+02 -1.514884017e+02 -4.6713e+00 +3.3925e+00
10 +3.714074058e+01 +3.714074058e+01 -1.645792594e+02 -1.645792594e+02 -3.3726e+00 +2.8677e+00
18 +2.074441408e+01 +2.074441408e+01 -1.809755859e+02 -1.809755859e+02 -2.2801e+00 +1.5672e+00
69 +1.468478118e+01 +1.468478118e+01 -1.870352188e+02 -1.870352188e+02 -1.3424e+00 +9.2567e-01
73 +8.949253357e+00 +8.949253357e+00 -1.927707466e+02 -1.927707466e+02 -2.1950e-01 -1.6587e-01
93 +4.479085284e+00 +4.479085284e+00 -1.972409147e+02 -1.972409147e+02 -1.2160e+00 -7.9915e-01
97 +3.550398581e+00 +3.550398581e+00 -1.981696014e+02 -1.981696014e+02 -2.5867e+00 -1.4254e+00
99 +1.464142019e+00 +1.464142019e+00 -2.002558580e+02 -2.002558580e+02 -1.6554e+00 -1.7185e+00
106 +5.493006418e-01 +5.493006418e-01 -2.011706994e+02 -2.011706994e+02 -2.1024e+00 -2.6144e+00
108 +4.686689384e-02 +4.686689384e-02 -2.016731331e+02 -2.016731331e+02 -1.3788e+00 -2.6932e+00
156 +2.382004975e-02 +2.382004975e-02 -2.016961800e+02 -2.016961800e+02 -1.3455e+00 -2.7709e+00
158 +5.021009112e-03 +5.021009112e-03 -2.017149790e+02 -2.017149790e+02 -1.4218e+00 -2.8347e+00
798 +3.012051812e-03 +3.012051812e-03 -2.017169879e+02 -2.017169879e+02 -1.4632e+00 -2.9404e+00
909 +1.356225373e-03 +1.356225373e-03 -2.017186438e+02 -2.017186438e+02 -1.4471e+00 -2.8799e+00
1856 +2.537795094e-04 +2.537795094e-04 -2.017197462e+02 -2.017197462e+02 -1.4142e+00 -2.8911e+00
7054 +9.547757429e-06 +9.547757429e-06 -2.017199905e+02 -2.017199905e+02 -1.4193e+00 -2.9029e+00
% function evaluation | noise-free fitness - Fopt (-1.000000000000e+03) | best noise-free fitness - Fopt | measured fitness | best measured fitness | x1 | x2...
1 +2.063237763e+01 +2.063237763e+01 -9.793676224e+02 -9.793676224e+02 +2.6974e+00 -3.3687e+00
12 +1.202502739e+01 +1.202502739e+01 -9.879749726e+02 -9.879749726e+02 +1.0522e+00 -3.0508e+00
13 +8.079526184e+00 +8.079526184e+00 -9.919204738e+02 -9.919204738e+02 +1.5129e+00 -2.1284e+00
53 +6.238857916e+00 +6.238857916e+00 -9.937611421e+02 -9.937611421e+02 +1.4299e+00 -1.7641e+00
63 +1.703397144e+00 +1.703397144e+00 -9.982966029e+02 -9.982966029e+02 -1.2952e+00 -2.3980e-01
64 +3.057844322e-01 +3.057844322e-01 -9.996942156e+02 -9.996942156e+02 -5.0362e-01 +5.7958e-01
120 +4.146412148e-02 +4.146412148e-02 -9.999585359e+02 -9.999585359e+02 +1.2626e-01 +2.1286e-01
154 +3.307373698e-02 +3.307373698e-02 -9.999669263e+02 -9.999669263e+02 +7.8449e-02 +1.3328e-01
227 +1.077310478e-02 +1.077310478e-02 -9.999892269e+02 -9.999892269e+02 -6.4554e-02 +3.3107e-01
239 +8.639783875e-03 +8.639783875e-03 -9.999913602e+02 -9.999913602e+02 -5.8172e-02 +3.1906e-01
284 +4.294394173e-03 +4.294394173e-03 -9.999957056e+02 -9.999957056e+02 -6.6439e-02 +1.6329e-01
947 +5.937060939e-05 +5.937060939e-05 -9.999999406e+02 -9.999999406e+02 -7.1759e-02 +2.3383e-01
12793 +1.603499811e-05 +1.603499811e-05 -9.999999840e+02 -9.999999840e+02 -8.0565e-02 +2.2936e-01
36274 +9.068612940e-06 +9.068612940e-06 -9.999999909e+02 -9.999999909e+02 -7.5029e-02 +2.3044e-01
% function evaluation | noise-free fitness - Fopt (-4.290000000000e+01) | best noise-free fitness - Fopt | measured fitness | best measured fitness | x1 | x2...
1 +2.975362188e-01 +2.975362188e-01 -4.260246378e+01 -4.260246378e+01 +2.1651e+00 +2.7079e+00
2 +4.235517020e-02 +4.235517020e-02 -4.285764483e+01 -4.285764483e+01 +2.6950e+00 +2.6234e+00
163 +1.851947604e-02 +1.851947604e-02 -4.288148052e+01 -4.288148052e+01 +2.5944e+00 +2.2966e+00
171 +1.027397136e-02 +1.027397136e-02 -4.288972603e+01 -4.288972603e+01 +2.5377e+00 +2.4622e+00
287 +6.337949631e-03 +6.337949631e-03 -4.289366205e+01 -4.289366205e+01 +2.7120e+00 +2.4351e+00
487 +9.776777649e-04 +9.776777649e-04 -4.289902232e+01 -4.289902232e+01 +2.6427e+00 +2.3975e+00
1290 +5.863318039e-04 +5.863318039e-04 -4.289941367e+01 -4.289941367e+01 +2.6570e+00 +2.4285e+00
1606 +3.480931581e-04 +3.480931581e-04 -4.289965191e+01 -4.289965191e+01 +2.6488e+00 +2.4177e+00
7119 +1.904231099e-04 +1.904231099e-04 -4.289980958e+01 -4.289980958e+01 +2.6368e+00 +2.4404e+00
20696 +1.218808478e-04 +1.218808478e-04 -4.289987812e+01 -4.289987812e+01 +2.6267e+00 +2.4180e+00
21033 +3.116290321e-05 +3.116290321e-05 -4.289996884e+01 -4.289996884e+01 +2.6361e+00 +2.4227e+00
41350 +2.231722861e-05 +2.231722861e-05 -4.289997768e+01 -4.289997768e+01 +2.6282e+00 +2.4261e+00
% function evaluation | noise-free fitness - Fopt (-1.013200000000e+02) | best noise-free fitness - Fopt | measured fitness | best measured fitness | x1 | x2...
1 +1.382650966e+01 +1.382650966e+01 -8.749349034e+01 -8.749349034e+01 +3.9441e-01 -7.2765e-01
5 +6.094775803e+00 +6.094775803e+00 -9.522522420e+01 -9.522522420e+01 +9.1857e-01 +4.1231e-01
76 +2.573266919e+00 +2.573266919e+00 -9.874673308e+01 -9.874673308e+01 +1.5830e+00 +1.1551e+00
79 +2.141476933e+00 +2.141476933e+00 -9.917852307e+01 -9.917852307e+01 +2.5375e+00 +1.5574e+00
89 +9.289206315e-01 +9.289206315e-01 -1.003910794e+02 -1.003910794e+02 +7.8020e-01 +2.4573e+00
93 +4.810520207e-02 +4.810520207e-02 -1.012718948e+02 -1.012718948e+02 +1.4818e+00 +2.7117e+00
146 +1.215765395e-02 +1.215765395e-02 -1.013078423e+02 -1.013078423e+02 +1.6423e+00 +2.8511e+00
237 +5.419098329e-03 +5.419098329e-03 -1.013145809e+02 -1.013145809e+02 +1.6366e+00 +2.7976e+00
1844 +1.684855440e-03 +1.684855440e-03 -1.013183151e+02 -1.013183151e+02 +1.6736e+00 +2.7891e+00
2893 +1.561403519e-03 +1.561403519e-03 -1.013184386e+02 -1.013184386e+02 +1.6961e+00 +2.7157e+00
3005 +4.068438295e-04 +4.068438295e-04 -1.013195932e+02 -1.013195932e+02 +1.6997e+00 +2.7352e+00
6008 +3.378684633e-04 +3.378684633e-04 -1.013196621e+02 -1.013196621e+02 +1.7098e+00 +2.7422e+00
12364 +2.411005202e-04 +2.411005202e-04 -1.013197589e+02 -1.013197589e+02 +1.7090e+00 +2.7456e+00
24517 +1.532493878e-04 +1.532493878e-04 -1.013198468e+02 -1.013198468e+02 +1.6990e+00 +2.7430e+00
36349 +3.985008389e-05 +3.985008389e-05 -1.013199601e+02 -1.013199601e+02 +1.6991e+00 +2.7493e+00
% function evaluation | noise-free fitness - Fopt (3.650000000000e+00) | best noise-free fitness - Fopt | measured fitness | best measured fitness | x1 | x2...
1 +2.023272289e+01 +2.023272289e+01 +2.388272289e+01 +2.388272289e+01 +4.6205e+00 -3.7655e+00
9 +9.684537104e+00 +9.684537104e+00 +1.333453710e+01 +1.333453710e+01 +2.7535e+00 -4.1147e+00
10 +5.315248078e+00 +5.315248078e+00 +8.965248078e+00 +8.965248078e+00 +2.1129e+00 -3.6162e+00
11 +2.095472280e+00 +2.095472280e+00 +5.745472280e+00 +5.745472280e+00 +1.3508e+00 -3.1415e+00
33 +1.297731482e+00 +1.297731482e+00 +4.947731482e+00 +4.947731482e+00 +1.0475e+00 -2.9703e+00
34 +1.529025561e-01 +1.529025561e-01 +3.802902556e+00 +3.802902556e+00 +8.5558e-01 -2.1242e+00
49 +4.413118398e-02 +4.413118398e-02 +3.694131184e+00 +3.694131184e+00 +4.5205e-01 -1.7686e+00
136 +4.628462608e-04 +4.628462608e-04 +3.650462846e+00 +3.650462846e+00 +4.9352e-01 -1.9959e+00
2771 +3.161604501e-05 +3.161604501e-05 +3.650031616e+00 +3.650031616e+00 +4.8879e-01 -1.9740e+00
5924 +5.211400587e-06 +5.211400587e-06 +3.650005211e+00 +3.650005211e+00 +4.9668e-01 -1.9746e+00
% function evaluation | noise-free fitness - Fopt (2.205300000000e+02) | best noise-free fitness - Fopt | measured fitness | best measured fitness | x1 | x2...
1 +2.656846022e-01 +2.656846022e-01 +2.207956846e+02 +2.207956846e+02 +2.5282e+00 -4.0627e+00
11 +1.791704629e-01 +1.791704629e-01 +2.207091705e+02 +2.207091705e+02 +2.6689e+00 -3.5803e+00
97 +1.223989424e-01 +1.223989424e-01 +2.206523989e+02 +2.206523989e+02 +3.2911e+00 -3.6589e+00
142 +8.862572405e-02 +8.862572405e-02 +2.206186257e+02 +2.206186257e+02 +3.0805e+00 -3.5623e+00
149 +2.730964381e-02 +2.730964381e-02 +2.205573096e+02 +2.205573096e+02 +3.0629e+00 -3.9995e+00
335 +1.847165961e-02 +1.847165961e-02 +2.205484717e+02 +2.205484717e+02 +2.9335e+00 -3.7277e+00
645 +9.846639508e-03 +9.846639508e-03 +2.205398466e+02 +2.205398466e+02 +3.0251e+00 -3.9431e+00
657 +3.155027169e-03 +3.155027169e-03 +2.205331550e+02 +2.205331550e+02 +2.9807e+00 -3.7942e+00
2577 +6.993870440e-04 +6.993870440e-04 +2.205306994e+02 +2.205306994e+02 +3.0190e+00 -3.8623e+00
3917 +2.815810064e-04 +2.815810064e-04 +2.205302816e+02 +2.205302816e+02 +2.9804e+00 -3.8442e+00
19180 +1.307061382e-04 +1.307061382e-04 +2.205301307e+02 +2.205301307e+02 +2.9947e+00 -3.8368e+00
% function evaluation | noise-free fitness - Fopt (4.212900000000e+02) | best noise-free fitness - Fopt | measured fitness | best measured fitness | x1 | x2...
1 +3.569711142e+00 +3.569711142e+00 +4.248597111e+02 +4.248597111e+02 -2.4020e+00 +2.2283e+00
5 +4.799297873e-01 +4.799297873e-01 +4.217699298e+02 +4.217699298e+02 -3.3547e+00 +2.9581e+00
6 +1.394208842e-01 +1.394208842e-01 +4.214294209e+02 +4.214294209e+02 -4.2145e+00 +3.0392e+00
83 +7.055889473e-02 +7.055889473e-02 +4.213605589e+02 +4.213605589e+02 -4.1463e+00 +3.1236e+00
94 +5.575473714e-02 +5.575473714e-02 +4.213457547e+02 +4.213457547e+02 -4.1472e+00 +3.4415e+00
102 +1.114501951e-02 +1.114501951e-02 +4.213011450e+02 +4.213011450e+02 -4.0589e+00 +3.3141e+00
417 +4.418517162e-03 +4.418517162e-03 +4.212944185e+02 +4.212944185e+02 -3.9688e+00 +3.3711e+00
890 +2.625706241e-03 +2.625706241e-03 +4.212926257e+02 +4.212926257e+02 -3.9997e+00 +3.2840e+00
1610 +5.680240175e-04 +5.680240175e-04 +4.212905680e+02 +4.212905680e+02 -3.9343e+00 +3.3205e+00
6877 +3.024283777e-04 +3.024283777e-04 +4.212903024e+02 +4.212903024e+02 -3.9595e+00 +3.2900e+00
13519 +1.804854276e-05 +1.804854276e-05 +4.212900180e+02 +4.212900180e+02 -3.9526e+00 +3.3023e+00
% function evaluation | noise-free fitness - Fopt (-7.900000000000e+01) | best noise-free fitness - Fopt | measured fitness | best measured fitness | x1 | x2...
1 +1.455081269e+01 +1.455081269e+01 -6.444918731e+01 -6.444918731e+01 -1.8743e-01 +3.6947e+00
19 +5.736433014e+00 +5.736433014e+00 -7.326356699e+01 -7.326356699e+01 -1.6901e+00 +3.1441e+00
20 +3.573056223e+00 +3.573056223e+00 -7.542694378e+01 -7.542694378e+01 -1.9490e+00 +2.7092e+00
21 +1.069050768e+00 +1.069050768e+00 -7.793094923e+01 -7.793094923e+01 -2.5155e+00 +2.0575e+00
25 +4.925040745e-01 +4.925040745e-01 -7.850749593e+01 -7.850749593e+01 -3.0140e+00 +1.8722e+00
28 +2.321435451e-01 +2.321435451e-01 -7.876785645e+01 -7.876785645e+01 -2.6562e+00 +8.9078e-01
29 +3.013034091e-03 +3.013034091e-03 -7.899698697e+01 -7.899698697e+01 -3.0296e+00 +1.2229e+00
1084 +6.133989514e-04 +6.133989514e-04 -7.899938660e+01 -7.899938660e+01 -3.0711e+00 +1.1801e+00
5970 +1.092561463e-04 +1.092561463e-04 -7.899989074e+01 -7.899989074e+01 -3.0375e+00 +1.1712e+00
11670 +4.050210947e-05 +4.050210947e-05 -7.899995950e+01 -7.899995950e+01 -3.0478e+00 +1.1648e+00
22241 +1.998729068e-05 +1.998729068e-05 -7.899998001e+01 -7.899998001e+01 -3.0439e+00 +1.1695e+00
% function evaluation | noise-free fitness - Fopt (-4.133000000000e+01) | best noise-free fitness - Fopt | measured fitness | best measured fitness | x1 | x2...
1 +1.558120375e-01 +1.558120375e-01 -4.117418796e+01 -4.117418796e+01 +3.3652e-01 -1.8258e+00
48 +2.775450060e-02 +2.775450060e-02 -4.130224550e+01 -4.130224550e+01 +2.9396e-01 -1.4012e+00
79 +2.606874801e-04 +2.606874801e-04 -4.132973931e+01 -4.132973931e+01 +4.6342e-01 -1.4360e+00
8012 +9.829263264e-05 +9.829263264e-05 -4.132990171e+01 -4.132990171e+01 +4.6332e-01 -1.4468e+00
12962 +1.064164029e-05 +1.064164029e-05 -4.132998936e+01 -4.132998936e+01 +4.5685e-01 -1.4491e+00
% function evaluation | noise-free fitness - Fopt (2.127500000000e+02) | best noise-free fitness - Fopt | measured fitness | best measured fitness | x1 | x2...
1 +7.538464044e+01 +7.538464044e+01 +2.881346404e+02 +2.881346404e+02 +4.6092e+00 -4.6273e+00
3 +5.036813278e+01 +5.036813278e+01 +2.631181328e+02 +2.631181328e+02 +2.9422e+00 -4.7292e+00
6 +3.815821808e+01 +3.815821808e+01 +2.509082181e+02 +2.509082181e+02 +1.8717e+00 -5.0000e+00
12 +2.238612394e+01 +2.238612394e+01 +2.351361239e+02 +2.351361239e+02 +2.6910e-01 -5.0000e+00
16 +1.123080457e+01 +1.123080457e+01 +2.239808046e+02 +2.239808046e+02 -5.2737e-01 -3.1067e+00
21 +8.764093936e+00 +8.764093936e+00 +2.215140939e+02 +2.215140939e+02 -9.8375e-01 -1.9336e+00
83 +6.025950808e+00 +6.025950808e+00 +2.187759508e+02 +2.187759508e+02 -1.6004e+00 -1.6911e+00
84 +2.981296962e+00 +2.981296962e+00 +2.157312970e+02 +2.157312970e+02 -2.2161e+00 -2.1158e+00
86 +2.511316730e+00 +2.511316730e+00 +2.152613167e+02 +2.152613167e+02 -2.3185e+00 -2.2672e+00
101 +6.676533370e-01 +6.676533370e-01 +2.134176533e+02 +2.134176533e+02 -3.6254e+00 -1.8873e+00
109 +2.891869568e-01 +2.891869568e-01 +2.130391870e+02 +2.130391870e+02 -3.5363e+00 -3.1093e+00
133 +1.478402763e-01 +1.478402763e-01 +2.128978403e+02 +2.128978403e+02 -4.1815e+00 -2.8683e+00
166 +5.264849572e-02 +5.264849572e-02 +2.128026485e+02 +2.128026485e+02 -3.6212e+00 -2.6613e+00
206 +2.552334873e-02 +2.552334873e-02 +2.127755233e+02 +2.127755233e+02 -3.9887e+00 -2.7527e+00
226 +1.373325112e-02 +1.373325112e-02 +2.127637333e+02 +2.127637333e+02 -3.8842e+00 -2.5606e+00
260 +2.839709261e-03 +2.839709261e-03 +2.127528397e+02 +2.127528397e+02 -3.8237e+00 -2.7189e+00
1096 +5.762369942e-04 +5.762369942e-04 +2.127505762e+02 +2.127505762e+02 -3.8283e+00 -2.6635e+00
3984 +1.892592263e-05 +1.892592263e-05 +2.127500189e+02 +2.127500189e+02 -3.8546e+00 -2.6715e+00
20833 +1.470013228e-05 +1.470013228e-05 +2.127500147e+02 +2.127500147e+02 -3.8508e+00 -2.6766e+00
