% function evaluation | noise-free fitness - Fopt (-2.098800000000e+02) | best noise-free fitness - Fopt | measured fitness | best measured fitness | x1 | x2...
1 +7.555353263e+06 +7.555353263e+06 +7.555143383e+06 +7.555143383e+06
5 +5.048772221e+06 +5.048772221e+06 +5.048562341e+06 +5.048562341e+06
47 +3.867042284e+06 +3.867042284e+06 +3.866832404e+06 +3.866832404e+06
76 +2.284202612e+06 +2.284202612e+06 +2.283992732e+06 +2.283992732e+06
138 +1.426872579e+06 +1.426872579e+06 +1.426662699e+06 +1.426662699e+06
248 +9.923831627e+05 +9.923831627e+05 +9.921732827e+05 +9.921732827e+05
409 +5.741214766e+05 +5.741214766e+05 +5.739115966e+05 +5.739115966e+05
548 +3.632195081e+05 +3.632195081e+05 +3.630096281e+05 +3.630096281e+05
777 +2.259584583e+05 +2.259584583e+05 +2.257485783e+05 +2.257485783e+05
1131 +1.505653183e+05 +1.505653183e+05 +1.503554383e+05 +1.503554383e+05
1670 +8.843036552e+04 +8.843036552e+04 +8.822048552e+04 +8.822048552e+04
2347 +6.149988283e+04 +6.149988283e+04 +6.129000283e+04 +6.129000283e+04
3122 +3.950839551e+04 +3.950839551e+04 +3.929851551e+04 +3.929851551e+04
4366 +2.511571969e+04 +2.511571969e+04 +2.490583969e+04 +2.490583969e+04
% function evaluation | noise-free fitness - Fopt (-9.209000000000e+01) | best noise-free fitness - Fopt | measured fitness | best measured fitness | x1 | x2...
1 +3.214945788e+07 +3.214945788e+07 +3.214936579e+07 +3.214936579e+07
29 +2.440415335e+07 +2.440415335e+07 +2.440406126e+07 +2.440406126e+07
95 +1.496660397e+07 +1.496660397e+07 +1.496651188e+07 +1.496651188e+07
138 +9.313734315e+06 +9.313734315e+06 +9.313642225e+06 +9.313642225e+06
185 +5.793140068e+06 +5.793140068e+06 +5.793047978e+06 +5.793047978e+06
211 +3.771026233e+06 +3.771026233e+06 +3.770934143e+06 +3.770934143e+06
239 +2.184142662e+06 +2.184142662e+06 +2.184050572e+06 +2.184050572e+06
263 +1.525624677e+06 +1.525624677e+06 +1.525532587e+06 +1.525532587e+06
371 +5.484435497e+05 +5.484435497e+05 +5.483514597e+05 +5.483514597e+05
1100 +3.819494343e+05 +3.819494343e+05 +3.818573443e+05 +3.818573443e+05
1486 +2.212897583e+05 +2.212897583e+05 +2.211976683e+05 +2.211976683e+05
1631 +1.481376990e+05 +1.481376990e+05 +1.480456090e+05 +1.480456090e+05
2316 +9.462509932e+04 +9.462509932e+04 +9.453300932e+04 +9.453300932e+04
3168 +6.198969479e+04 +6.198969479e+04 +6.189760479e+04 +6.189760479e+04
3783 +3.945727228e+04 +3.945727228e+04 +3.936518228e+04 +3.936518228e+04
4863 +2.504476458e+04 +2.504476458e+04 +2.495267458e+04 +2.495267458e+04
% function evaluation | noise-free fitness - Fopt (-8.789000000000e+01) | best noise-free fitness - Fopt | measured fitness | best measured fitness | x1 | x2...
1 +1.642725319e+07 +1.642725319e+07 +1.642716530e+07 +1.642716530e+07
2 +1.481553371e+07 +1.481553371e+07 +1.481544582e+07 +1.481544582e+07
72 +9.712044149e+06 +9.712044149e+06 +9.711956259e+06 +9.711956259e+06
136 +5.770808757e+06 +5.770808757e+06 +5.770720867e+06 +5.770720867e+06
165 +3.964045502e+06 +3.964045502e+06 +3.963957612e+06 +3.963957612e+06
212 +2.166553380e+06 +2.166553380e+06 +2.166465490e+06 +2.166465490e+06
258 +1.556163644e+06 +1.556163644e+06 +1.556075754e+06 +1.556075754e+06
295 +9.955996031e+05 +9.955996031e+05 +9.955117131e+05 +9.955117131e+05
585 +5.934818073e+05 +5.934818073e+05 +5.933939173e+05 +5.933939173e+05
1110 +2.765216619e+05 +2.765216619e+05 +2.764337719e+05 +2.764337719e+05
1557 +2.396269022e+05 +2.396269022e+05 +2.395390122e+05 +2.395390122e+05
1992 +1.497392187e+05 +1.497392187e+05 +1.496513287e+05 +1.496513287e+05
2381 +8.841216503e+04 +8.841216503e+04 +8.832427503e+04 +8.832427503e+04
2702 +6.227627998e+04 +6.227627998e+04 +6.218838998e+04 +6.218838998e+04
3298 +3.927894731e+04 +3.927894731e+04 +3.919105731e+04 +3.919105731e+04
3587 +2.403863735e+04 +2.403863735e+04 +2.395074735e+04 +2.395074735e+04
4757 +1.541033476e+04 +1.541033476e+04 +1.532244476e+04 +1.532244476e+04
% function evaluation | noise-free fitness - Fopt (3.201900000000e+02) | best noise-free fitness - Fopt | measured fitness | best measured fitness | x1 | x2...
1 +2.342587179e+07 +2.342587179e+07 +2.342619198e+07 +2.342619198e+07
18 +1.557256067e+07 +1.557256067e+07 +1.557288086e+07 +1.557288086e+07
100 +9.838169453e+06 +9.838169453e+06 +9.838489643e+06 +9.838489643e+06
154 +6.308732914e+06 +6.308732914e+06 +6.309053104e+06 +6.309053104e+06
213 +3.470924005e+06 +3.470924005e+06 +3.471244195e+06 +3.471244195e+06
260 +2.482360994e+06 +2.482360994e+06 +2.482681184e+06 +2.482681184e+06
337 +1.428761465e+06 +1.428761465e+06 +1.429081655e+06 +1.429081655e+06
404 +9.931820063e+05 +9.931820063e+05 +9.935021963e+05 +9.935021963e+05
543 +5.448527498e+05 +5.448527498e+05 +5.451729398e+05 +5.451729398e+05
768 +3.978476797e+05 +3.978476797e+05 +3.981678697e+05 +3.981678697e+05
1073 +2.408840206e+05 +2.408840206e+05 +2.412042106e+05 +2.412042106e+05
1728 +1.492515234e+05 +1.492515234e+05 +1.495717134e+05 +1.495717134e+05
1945 +9.915768409e+04 +9.915768409e+04 +9.947787409e+04 +9.947787409e+04
2454 +5.718729345e+04 +5.718729345e+04 +5.750748345e+04 +5.750748345e+04
3246 +3.830650308e+04 +3.830650308e+04 +3.862669308e+04 +3.862669308e+04
4526 +2.444835203e+04 +2.444835203e+04 +2.476854203e+04 +2.476854203e+04
% function evaluation | noise-free fitness - Fopt (-1.042400000000e+02) | best noise-free fitness - Fopt | measured fitness | best measured fitness | x1 | x2...
1 +1.060488829e+07 +1.060488829e+07 +1.060478405e+07 +1.060478405e+07
9 +9.893194574e+06 +9.893194574e+06 +9.893090334e+06 +9.893090334e+06
47 +5.788149793e+06 +5.788149793e+06 +5.788045553e+06 +5.788045553e+06
94 +3.785319940e+06 +3.785319940e+06 +3.785215700e+06 +3.785215700e+06
153 +2.241458940e+06 +2.241458940e+06 +2.241354700e+06 +2.241354700e+06
217 +1.520551141e+06 +1.520551141e+06 +1.520446901e+06 +1.520446901e+06
324 +8.386112862e+05 +8.386112862e+05 +8.385070462e+05 +8.385070462e+05
483 +5.070411352e+05 +5.070411352e+05 +5.069368952e+05 +5.069368952e+05
743 +3.897766169e+05 +3.897766169e+05 +3.896723769e+05 +3.896723769e+05
1062 +2.502058073e+05 +2.502058073e+05 +2.501015673e+05 +2.501015673e+05
1549 +1.552456150e+05 +1.552456150e+05 +1.551413750e+05 +1.551413750e+05
2325 +9.214758122e+04 +9.214758122e+04 +9.204334122e+04 +9.204334122e+04
3159 +6.105114895e+04 +6.105114895e+04 +6.094690895e+04 +6.094690895e+04
4128 +3.773563439e+04 +3.773563439e+04 +3.763139439e+04 +3.763139439e+04
4725 +2.465691518e+04 +2.465691518e+04 +2.455267518e+04 +2.455267518e+04
% function evaluation | noise-free fitness - Fopt (-3.570000000000e+01) | best noise-free fitness - Fopt | measured fitness | best measured fitness | x1 | x2...
1 +2.217043634e+07 +2.217043634e+07 +2.217040064e+07 +2.217040064e+07
25 +1.384896489e+07 +1.384896489e+07 +1.384892919e+07 +1.384892919e+07
78 +9.320007914e+06 +9.320007914e+06 +9.319972214e+06 +9.319972214e+06
119 +5.930518096e+06 +5.930518096e+06 +5.930482396e+06 +5.930482396e+06
158 +3.839155394e+06 +3.839155394e+06 +3.839119694e+06 +3.839119694e+06
199 +2.122209190e+06 +2.122209190e+06 +2.122173490e+06 +2.122173490e+06
326 +1.254564486e+06 +1.254564486e+06 +1.254528786e+06 +1.254528786e+06
362 +9.096436718e+05 +9.096436718e+05 +9.096079718e+05 +9.096079718e+05
519 +6.262763914e+05 +6.262763914e+05 +6.262406914e+05 +6.262406914e+05
704 +3.668410648e+05 +3.668410648e+05 +3.668053648e+05 +3.668053648e+05
1182 +2.444884928e+05 +2.444884928e+05 +2.444527928e+05 +2.444527928e+05
1466 +1.437172773e+05 +1.437172773e+05 +1.436815773e+05 +1.436815773e+05
2103 +9.285104517e+04 +9.285104517e+04 +9.281534517e+04 +9.281534517e+04
2683 +6.221589797e+04 +6.221589797e+04 +6.218019797e+04 +6.218019797e+04
4064 +3.881160195e+04 +3.881160195e+04 +3.877590195e+04 +3.877590195e+04
4649 +2.504194168e+04 +2.504194168e+04 +2.500624168e+04 +2.500624168e+04
% function evaluation | noise-free fitness - Fopt (2.070000000000e+01) | best noise-free fitness - Fopt | measured fitness | best measured fitness | x1 | x2...
1 +7.064896430e+06 +7.064896430e+06 +7.064917130e+06 +7.064917130e+06
16 +5.529470786e+06 +5.529470786e+06 +5.529491486e+06 +5.529491486e+06
69 +3.674837687e+06 +3.674837687e+06 +3.674858387e+06 +3.674858387e+06
97 +2.495554693e+06 +2.495554693e+06 +2.495575393e+06 +2.495575393e+06
142 +1.383542863e+06 +1.383542863e+06 +1.383563563e+06 +1.383563563e+06
197 +9.877949093e+05 +9.877949093e+05 +9.878156093e+05 +9.878156093e+05
355 +5.862684431e+05 +5.862684431e+05 +5.862891431e+05 +5.862891431e+05
578 +2.874004486e+05 +2.874004486e+05 +2.874211486e+05 +2.874211486e+05
817 +2.509495952e+05 +2.509495952e+05 +2.509702952e+05 +2.509702952e+05
1130 +1.459870516e+05 +1.459870516e+05 +1.460077516e+05 +1.460077516e+05
1784 +9.740805023e+04 +9.740805023e+04 +9.742875023e+04 +9.742875023e+04
2468 +6.259835795e+04 +6.259835795e+04 +6.261905795e+04 +6.261905795e+04
3151 +3.924601616e+04 +3.924601616e+04 +3.926671616e+04 +3.926671616e+04
4339 +2.470984329e+04 +2.470984329e+04 +2.473054329e+04 +2.473054329e+04
% function evaluation | noise-free fitness - Fopt (3.807000000000e+01) | best noise-free fitness - Fopt | measured fitness | best measured fitness | x1 | x2...
1 +1.532004788e+07 +1.532004788e+07 +1.532008595e+07 +1.532008595e+07
48 +9.925091350e+06 +9.925091350e+06 +9.925129420e+06 +9.925129420e+06
109 +5.979002774e+06 +5.979002774e+06 +5.979040844e+06 +5.979040844e+06
153 +3.527057636e+06 +3.527057636e+06 +3.527095706e+06 +3.527095706e+06
221 +2.416386354e+06 +2.416386354e+06 +2.416424424e+06 +2.416424424e+06
271 +1.514253163e+06 +1.514253163e+06 +1.514291233e+06 +1.514291233e+06
332 +9.537168028e+05 +9.537168028e+05 +9.537548728e+05 +9.537548728e+05
426 +5.798746859e+05 +5.798746859e+05 +5.799127559e+05 +5.799127559e+05
644 +3.304033365e+05 +3.304033365e+05 +3.304414065e+05 +3.304414065e+05
1247 +2.475405420e+05 +2.475405420e+05 +2.475786120e+05 +2.475786120e+05
1636 +1.322839150e+05 +1.322839150e+05 +1.323219850e+05 +1.323219850e+05
2454 +9.277801403e+04 +9.277801403e+04 +9.281608403e+04 +9.281608403e+04
3492 +6.121729948e+04 +6.121729948e+04 +6.125536948e+04 +6.125536948e+04
4491 +3.887703953e+04 +3.887703953e+04 +3.891510953e+04 +3.891510953e+04
% function evaluation | noise-free fitness - Fopt (-4.542000000000e+01) | best noise-free fitness - Fopt | measured fitness | best measured fitness | x1 | x2...
1 +8.027410540e+06 +8.027410540e+06 +8.027365120e+06 +8.027365120e+06
12 +5.894134361e+06 +5.894134361e+06 +5.894088941e+06 +5.894088941e+06
54 +3.926788091e+06 +3.926788091e+06 +3.926742671e+06 +3.926742671e+06
103 +2.224013430e+06 +2.224013430e+06 +2.223968010e+06 +2.223968010e+06
145 +1.527644408e+06 +1.527644408e+06 +1.527598988e+06 +1.527598988e+06
290 +9.926361899e+05 +9.926361899e+05 +9.925907699e+05 +9.925907699e+05
338 +5.747916752e+05 +5.747916752e+05 +5.747462552e+05 +5.747462552e+05
855 +3.743883887e+05 +3.743883887e+05 +3.743429687e+05 +3.743429687e+05
1361 +2.452887074e+05 +2.452887074e+05 +2.452432874e+05 +2.452432874e+05
1889 +1.485946994e+05 +1.485946994e+05 +1.485492794e+05 +1.485492794e+05
2127 +9.518628569e+04 +9.518628569e+04 +9.514086569e+04 +9.514086569e+04
2586 +6.257891346e+04 +6.257891346e+04 +6.253349346e+04 +6.253349346e+04
2993 +3.745793192e+04 +3.745793192e+04 +3.741251192e+04 +3.741251192e+04
4309 +2.494696814e+04 +2.494696814e+04 +2.490154814e+04 +2.490154814e+04
% function evaluation | noise-free fitness - Fopt (6.695000000000e+01) | best noise-free fitness - Fopt | measured fitness | best measured fitness | x1 | x2...
1 +2.714689951e+07 +2.714689951e+07 +2.714696646e+07 +2.714696646e+07
2 +2.438252597e+07 +2.438252597e+07 +2.438259292e+07 +2.438259292e+07
76 +1.406436838e+07 +1.406436838e+07 +1.406443533e+07 +1.406443533e+07
137 +8.993015723e+06 +8.993015723e+06 +8.993082673e+06 +8.993082673e+06
182 +5.593132977e+06 +5.593132977e+06 +5.593199927e+06 +5.593199927e+06
227 +3.914894414e+06 +3.914894414e+06 +3.914961364e+06 +3.914961364e+06
304 +2.155986445e+06 +2.155986445e+06 +2.156053395e+06 +2.156053395e+06
327 +1.498494211e+06 +1.498494211e+06 +1.498561161e+06 +1.498561161e+06
430 +8.364846043e+05 +8.364846043e+05 +8.365515543e+05 +8.365515543e+05
680 +5.935697095e+05 +5.935697095e+05 +5.936366595e+05 +5.936366595e+05
978 +3.880848510e+05 +3.880848510e+05 +3.881518010e+05 +3.881518010e+05
1344 +2.213549272e+05 +2.213549272e+05 +2.214218772e+05 +2.214218772e+05
1803 +1.557616393e+05 +1.557616393e+05 +1.558285893e+05 +1.558285893e+05
2381 +9.901432116e+04 +9.901432116e+04 +9.908127116e+04 +9.908127116e+04
3118 +6.209710877e+04 +6.209710877e+04 +6.216405877e+04 +6.216405877e+04
4291 +3.959087550e+04 +3.959087550e+04 +3.965782550e+04 +3.965782550e+04
% function evaluation | noise-free fitness - Fopt (5.832000000000e+01) | best noise-free fitness - Fopt | measured fitness | best measured fitness | x1 | x2...
1 +9.564819174e+06 +9.564819174e+06 +9.564877494e+06 +9.564877494e+06
17 +6.082888851e+06 +6.082888851e+06 +6.082947171e+06 +6.082947171e+06
62 +3.663412648e+06 +3.663412648e+06 +3.663470968e+06 +3.663470968e+06
124 +2.308734696e+06 +2.308734696e+06 +2.308793016e+06 +2.308793016e+06
186 +1.110938061e+06 +1.110938061e+06 +1.110996381e+06 +1.110996381e+06
273 +7.419380265e+05 +7.419380265e+05 +7.419963465e+05 +7.419963465e+05
301 +6.136649351e+05 +6.136649351e+05 +6.137232551e+05 +6.137232551e+05
535 +3.836496316e+05 +3.836496316e+05 +3.837079516e+05 +3.837079516e+05
903 +2.253493214e+05 +2.253493214e+05 +2.254076414e+05 +2.254076414e+05
1308 +1.551834851e+05 +1.551834851e+05 +1.552418051e+05 +1.552418051e+05
1464 +9.704583443e+04 +9.704583443e+04 +9.710415443e+04 +9.710415443e+04
1734 +5.707391620e+04 +5.707391620e+04 +5.713223620e+04 +5.713223620e+04
2460 +3.921665998e+04 +3.921665998e+04 +3.927497998e+04 +3.927497998e+04
4352 +2.496557217e+04 +2.496557217e+04 +2.502389217e+04 +2.502389217e+04
% function evaluation | noise-free fitness - Fopt (1.932700000000e+02) | best noise-free fitness - Fopt | measured fitness | best measured fitness | x1 | x2...
1 +1.450647595e+07 +1.450647595e+07 +1.450666922e+07 +1.450666922e+07
19 +9.901061260e+06 +9.901061260e+06 +9.901254530e+06 +9.901254530e+06
65 +4.635262540e+06 +4.635262540e+06 +4.635455810e+06 +4.635455810e+06
94 +3.215443361e+06 +3.215443361e+06 +3.215636631e+06 +3.215636631e+06
152 +2.216497026e+06 +2.216497026e+06 +2.216690296e+06 +2.216690296e+06
200 +1.492921609e+06 +1.492921609e+06 +1.493114879e+06 +1.493114879e+06
229 +8.884597108e+05 +8.884597108e+05 +8.886529808e+05 +8.886529808e+05
474 +3.900860356e+05 +3.900860356e+05 +3.902793056e+05 +3.902793056e+05
1146 +2.227278064e+05 +2.227278064e+05 +2.229210764e+05 +2.229210764e+05
1592 +1.578127520e+05 +1.578127520e+05 +1.580060220e+05 +1.580060220e+05
2218 +9.947546503e+04 +9.947546503e+04 +9.966873503e+04 +9.966873503e+04
2925 +6.247666305e+04 +6.247666305e+04 +6.266993305e+04 +6.266993305e+04
4180 +3.880678339e+04 +3.880678339e+04 +3.900005339e+04 +3.900005339e+04
4881 +2.450168273e+04 +2.450168273e+04 +2.469495273e+04 +2.469495273e+04
% function evaluation | noise-free fitness - Fopt (-4.190100000000e+02) | best noise-free fitness - Fopt | measured fitness | best measured fitness | x1 | x2...
1 +1.633890913e+07 +1.633890913e+07 +1.633849012e+07 +1.633849012e+07
4 +1.581642674e+07 +1.581642674e+07 +1.581600773e+07 +1.581600773e+07
54 +9.541828854e+06 +9.541828854e+06 +9.541409844e+06 +9.541409844e+06
107 +6.199995685e+06 +6.199995685e+06 +6.199576675e+06 +6.199576675e+06
160 +3.914304745e+06 +3.914304745e+06 +3.913885735e+06 +3.913885735e+06
203 +1.760323262e+06 +1.760323262e+06 +1.759904252e+06 +1.759904252e+06
230 +1.579428357e+06 +1.579428357e+06 +1.579009347e+06 +1.579009347e+06
261 +6.036607422e+05 +6.036607422e+05 +6.032417322e+05 +6.032417322e+05
690 +3.506757418e+05 +3.506757418e+05 +3.502567318e+05 +3.502567318e+05
1080 +2.405260846e+05 +2.405260846e+05 +2.401070746e+05 +2.401070746e+05
1536 +1.405727112e+05 +1.405727112e+05 +1.401537012e+05 +1.401537012e+05
2027 +9.550197590e+04 +9.550197590e+04 +9.508296590e+04 +9.508296590e+04
2946 +6.235314372e+04 +6.235314372e+04 +6.193413372e+04 +6.193413372e+04
3798 +3.924707952e+04 +3.924707952e+04 +3.882806952e+04 +3.882806952e+04
4773 +2.330423387e+04 +2.330423387e+04 +2.288522387e+04 +2.288522387e+04
% function evaluation | noise-free fitness - Fopt (4.076100000000e+02) | best noise-free fitness - Fopt | measured fitness | best measured fitness | x1 | x2...
1 +1.869192066e+07 +1.869192066e+07 +1.869232827e+07 +1.869232827e+07
31 +1.583023658e+07 +1.583023658e+07 +1.583064419e+07 +1.583064419e+07
94 +9.982078532e+06 +9.982078532e+06 +9.982486142e+06 +9.982486142e+06
160 +5.506746943e+06 +5.506746943e+06 +5.507154553e+06 +5.507154553e+06
211 +3.361577855e+06 +3.361577855e+06 +3.361985465e+06 +3.361985465e+06
285 +2.476651071e+06 +2.476651071e+06 +2.477058681e+06 +2.477058681e+06
355 +1.577300558e+06 +1.577300558e+06 +1.577708168e+06 +1.577708168e+06
380 +9.129871645e+05 +9.129871645e+05 +9.133947745e+05 +9.133947745e+05
559 +6.022431419e+05 +6.022431419e+05 +6.026507519e+05 +6.026507519e+05
1018 +3.562230344e+05 +3.562230344e+05 +3.566306444e+05 +3.566306444e+05
1500 +2.221736648e+05 +2.221736648e+05 +2.225812748e+05 +2.225812748e+05
2184 +1.559167923e+05 +1.559167923e+05 +1.563244023e+05 +1.563244023e+05
2710 +9.480441253e+04 +9.480441253e+04 +9.521202253e+04 +9.521202253e+04
3262 +6.275117001e+04 +6.275117001e+04 +6.315878001e+04 +6.315878001e+04
4081 +3.972963907e+04 +3.972963907e+04 +4.013724907e+04 +4.013724907e+04
% function evaluation | noise-free fitness - Fopt (2.872000000000e+01) | best noise-free fitness - Fopt | measured fitness | best measured fitness | x1 | x2...
1 +8.085035736e+06 +8.085035736e+06 +8.085064456e+06 +8.085064456e+06
17 +5.535507222e+06 +5.535507222e+06 +5.535535942e+06 +5.535535942e+06
33 +3.113254944e+06 +3.113254944e+06 +3.113283664e+06 +3.113283664e+06
64 +2.135325145e+06 +2.135325145e+06 +2.135353865e+06 +2.135353865e+06
162 +1.512230089e+06 +1.512230089e+06 +1.512258809e+06 +1.512258809e+06
211 +9.615421544e+05 +9.615421544e+05 +9.615708744e+05 +9.615708744e+05
385 +6.302591896e+05 +6.302591896e+05 +6.302879096e+05 +6.302879096e+05
825 +3.300453881e+05 +3.300453881e+05 +3.300741081e+05 +3.300741081e+05
1713 +2.467096461e+05 +2.467096461e+05 +2.467383661e+05 +2.467383661e+05
1937 +1.567713217e+05 +1.567713217e+05 +1.568000417e+05 +1.568000417e+05
2642 +9.915471914e+04 +9.915471914e+04 +9.918343914e+04 +9.918343914e+04
2962 +5.812372318e+04 +5.812372318e+04 +5.815244318e+04 +5.815244318e+04
3222 +3.809712062e+04 +3.809712062e+04 +3.812584062e+04 +3.812584062e+04
3555 +2.312370665e+04 +2.312370665e+04 +2.315242665e+04 +2.315242665e+04
3895 +1.540199688e+04 +1.540199688e+04 +1.543071688e+04 +1.543071688e+04
4733 +9.840548554e+03 +9.840548554e+03 +9.869268554e+03 +9.869268554e+03
% function evaluation | noise-free fitness - Fopt (-8.923000000000e+01) | best noise-free fitness - Fopt | measured fitness | best measured fitness | x1 | x2...
1 +1.036686968e+07 +1.036686968e+07 +1.036678045e+07 +1.036678045e+07
3 +8.501731601e+06 +8.501731601e+06 +8.501642371e+06 +8.501642371e+06
66 +6.275405494e+06 +6.275405494e+06 +6.275316264e+06 +6.275316264e+06
136 +3.427375298e+06 +3.427375298e+06 +3.427286068e+06 +3.427286068e+06
182 +2.113859707e+06 +2.113859707e+06 +2.113770477e+06 +2.113770477e+06
225 +1.289035983e+06 +1.289035983e+06 +1.288946753e+06 +1.288946753e+06
243 +9.579035476e+05 +9.579035476e+05 +9.578143176e+05 +9.578143176e+05
617 +5.656333525e+05 +5.656333525e+05 +5.655441225e+05 +5.655441225e+05
663 +3.419298552e+05 +3.419298552e+05 +3.418406252e+05 +3.418406252e+05
1715 +2.470361287e+05 +2.470361287e+05 +2.469468987e+05 +2.469468987e+05
2309 +1.508161858e+05 +1.508161858e+05 +1.507269558e+05 +1.507269558e+05
3070 +9.638866703e+04 +9.638866703e+04 +9.629943703e+04 +9.629943703e+04
3786 +6.228184330e+04 +6.228184330e+04 +6.219261330e+04 +6.219261330e+04
4359 +3.868899303e+04 +3.868899303e+04 +3.859976303e+04 +3.859976303e+04
% function evaluation | noise-free fitness - Fopt (5.832000000000e+01) | best noise-free fitness - Fopt | measured fitness | best measured fitness | x1 | x2...
1 +1.654255768e+07 +1.654255768e+07 +1.654261600e+07 +1.654261600e+07
5 +1.309938727e+07 +1.309938727e+07 +1.309944559e+07 +1.309944559e+07
63 +8.062887460e+06 +8.062887460e+06 +8.062945780e+06 +8.062945780e+06
107 +6.220505146e+06 +6.220505146e+06 +6.220563466e+06 +6.220563466e+06
139 +3.928680065e+06 +3.928680065e+06 +3.928738385e+06 +3.928738385e+06
167 +2.442110052e+06 +2.442110052e+06 +2.442168372e+06 +2.442168372e+06
205 +1.432412242e+06 +1.432412242e+06 +1.432470562e+06 +1.432470562e+06
231 +8.346790045e+05 +8.346790045e+05 +8.347373245e+05 +8.347373245e+05
441 +5.342648641e+05 +5.342648641e+05 +5.343231841e+05 +5.343231841e+05
752 +3.421110098e+05 +3.421110098e+05 +3.421693298e+05 +3.421693298e+05
1052 +2.054683040e+05 +2.054683040e+05 +2.055266240e+05 +2.055266240e+05
1222 +1.435419308e+05 +1.435419308e+05 +1.436002508e+05 +1.436002508e+05
1842 +9.904851530e+04 +9.904851530e+04 +9.910683530e+04 +9.910683530e+04
2843 +6.224136575e+04 +6.224136575e+04 +6.229968575e+04 +6.229968575e+04
3636 +3.627510941e+04 +3.627510941e+04 +3.633342941e+04 +3.633342941e+04
4007 +2.443812934e+04 +2.443812934e+04 +2.449644934e+04 +2.449644934e+04
% function evaluation | noise-free fitness - Fopt (3.118100000000e+02) | best noise-free fitness - Fopt | measured fitness | best measured fitness | x1 | x2...
1 +2.226601821e+07 +2.226601821e+07 +2.226633002e+07 +2.226633002e+07
52 +1.549564810e+07 +1.549564810e+07 +1.549595991e+07 +1.549595991e+07
126 +9.930338571e+06 +9.930338571e+06 +9.930650381e+06 +9.930650381e+06
175 +6.197242262e+06 +6.197242262e+06 +6.197554072e+06 +6.197554072e+06
201 +3.923092671e+06 +3.923092671e+06 +3.923404481e+06 +3.923404481e+06
249 +1.684050651e+06 +1.684050651e+06 +1.684362461e+06 +1.684362461e+06
262 +1.415632600e+06 +1.415632600e+06 +1.415944410e+06 +1.415944410e+06
290 +8.366682180e+05 +8.366682180e+05 +8.369800280e+05 +8.369800280e+05
346 +6.285696003e+05 +6.285696003e+05 +6.288814103e+05 +6.288814103e+05
1897 +3.940133891e+05 +3.940133891e+05 +3.943251991e+05 +3.943251991e+05
2031 +2.262300740e+05 +2.262300740e+05 +2.265418840e+05 +2.265418840e+05
2710 +1.563388383e+05 +1.563388383e+05 +1.566506483e+05 +1.566506483e+05
3279 +9.573793167e+04 +9.573793167e+04 +9.604974167e+04 +9.604974167e+04
3774 +6.145009192e+04 +6.145009192e+04 +6.176190192e+04 +6.176190192e+04
4608 +3.938377552e+04 +3.938377552e+04 +3.969558552e+04 +3.969558552e+04
% function evaluation | noise-free fitness - Fopt (1.490000000000e+01) | best noise-free fitness - Fopt | measured fitness | best measured fitness | x1 | x2...
1 +2.723130273e+07 +2.723130273e+07 +2.723131763e+07 +2.723131763e+07
2 +2.158770536e+07 +2.158770536e+07 +2.158772026e+07 +2.158772026e+07
62 +1.488338490e+07 +1.488338490e+07 +1.488339980e+07 +1.488339980e+07
157 +9.354000548e+06 +9.354000548e+06 +9.354015448e+06 +9.354015448e+06
182 +6.141916765e+06 +6.141916765e+06 +6.141931665e+06 +6.141931665e+06
215 +3.708686796e+06 +3.708686796e+06 +3.708701696e+06 +3.708701696e+06
227 +2.336606381e+06 +2.336606381e+06 +2.336621281e+06 +2.336621281e+06
271 +1.457330499e+06 +1.457330499e+06 +1.457345399e+06 +1.457345399e+06
357 +9.714780927e+05 +9.714780927e+05 +9.714929927e+05 +9.714929927e+05
532 +4.971392812e+05 +4.971392812e+05 +4.971541812e+05 +4.971541812e+05
1066 +3.821130237e+05 +3.821130237e+05 +3.821279237e+05 +3.821279237e+05
1627 +2.474759807e+05 +2.474759807e+05 +2.474908807e+05 +2.474908807e+05
2159 +1.563638182e+05 +1.563638182e+05 +1.563787182e+05 +1.563787182e+05
2939 +9.821691074e+04 +9.821691074e+04 +9.823181074e+04 +9.823181074e+04
4309 +6.244494065e+04 +6.244494065e+04 +6.245984065e+04 +6.245984065e+04
% function evaluation | noise-free fitness - Fopt (-6.223000000000e+01) | best noise-free fitness - Fopt | measured fitness | best measured fitness | x1 | x2...
1 +2.137325698e+07 +2.137325698e+07 +2.137319475e+07 +2.137319475e+07
38 +1.552944510e+07 +1.552944510e+07 +1.552938287e+07 +1.552938287e+07
76 +8.926591221e+06 +8.926591221e+06 +8.926528991e+06 +8.926528991e+06
109 +5.794816165e+06 +5.794816165e+06 +5.794753935e+06 +5.794753935e+06
153 +3.867371637e+06 +3.867371637e+06 +3.867309407e+06 +3.867309407e+06
215 +2.458437891e+06 +2.458437891e+06 +2.458375661e+06 +2.458375661e+06
261 +1.565128476e+06 +1.565128476e+06 +1.565066246e+06 +1.565066246e+06
359 +9.217439380e+05 +9.217439380e+05 +9.216817080e+05 +9.216817080e+05
940 +6.273576508e+05 +6.273576508e+05 +6.272954208e+05 +6.272954208e+05
1081 +3.951077313e+05 +3.951077313e+05 +3.950455013e+05 +3.950455013e+05
1596 +2.406736458e+05 +2.406736458e+05 +2.406114158e+05 +2.406114158e+05
1776 +1.528097260e+05 +1.528097260e+05 +1.527474960e+05 +1.527474960e+05
2062 +9.856736452e+04 +9.856736452e+04 +9.850513452e+04 +9.850513452e+04
2298 +6.216292643e+04 +6.216292643e+04 +6.210069643e+04 +6.210069643e+04
2677 +3.930038299e+04 +3.930038299e+04 +3.923815299e+04 +3.923815299e+04
3081 +2.335685250e+04 +2.335685250e+04 +2.329462250e+04 +2.329462250e+04
4493 +1.581406932e+04 +1.581406932e+04 +1.575183932e+04 +1.575183932e+04
% function evaluation | noise-free fitness - Fopt (6.359000000000e+01) | best noise-free fitness - Fopt | measured fitness | best measured fitness | x1 | x2...
1 +2.384065273e+07 +2.384065273e+07 +2.384071632e+07 +2.384071632e+07
47 +1.556673806e+07 +1.556673806e+07 +1.556680165e+07 +1.556680165e+07
94 +9.740583154e+06 +9.740583154e+06 +9.740646744e+06 +9.740646744e+06
138 +5.718466932e+06 +5.718466932e+06 +5.718530522e+06 +5.718530522e+06
185 +3.361579746e+06 +3.361579746e+06 +3.361643336e+06 +3.361643336e+06
188 +2.005510909e+06 +2.005510909e+06 +2.005574499e+06 +2.005574499e+06
234 +1.251712115e+06 +1.251712115e+06 +1.251775705e+06 +1.251775705e+06
247 +8.370660468e+05 +8.370660468e+05 +8.371296368e+05 +8.371296368e+05
281 +5.979278816e+05 +5.979278816e+05 +5.979914716e+05 +5.979914716e+05
777 +3.840388000e+05 +3.840388000e+05 +3.841023900e+05 +3.841023900e+05
1500 +2.424230036e+05 +2.424230036e+05 +2.424865936e+05 +2.424865936e+05
1775 +1.438932932e+05 +1.438932932e+05 +1.439568832e+05 +1.439568832e+05
2005 +9.979148379e+04 +9.979148379e+04 +9.985507379e+04 +9.985507379e+04
2749 +5.526887625e+04 +5.526887625e+04 +5.533246625e+04 +5.533246625e+04
3180 +3.947790189e+04 +3.947790189e+04 +3.954149189e+04 +3.954149189e+04
4448 +2.487742757e+04 +2.487742757e+04 +2.494101757e+04 +2.494101757e+04
% function evaluation | noise-free fitness - Fopt (-5.712900000000e+02) | best noise-free fitness - Fopt | measured fitness | best measured fitness | x1 | x2...
1 +3.295595267e+07 +3.295595267e+07 +3.295538138e+07 +3.295538138e+07
40 +2.389789804e+07 +2.389789804e+07 +2.389732675e+07 +2.389732675e+07
96 +1.472660612e+07 +1.472660612e+07 +1.472603483e+07 +1.472603483e+07
108 +9.437661109e+06 +9.437661109e+06 +9.437089819e+06 +9.437089819e+06
180 +5.992324018e+06 +5.992324018e+06 +5.991752728e+06 +5.991752728e+06
212 +3.736502378e+06 +3.736502378e+06 +3.735931088e+06 +3.735931088e+06
255 +2.306066700e+06 +2.306066700e+06 +2.305495410e+06 +2.305495410e+06
323 +1.248947249e+06 +1.248947249e+06 +1.248375959e+06 +1.248375959e+06
347 +8.962577007e+05 +8.962577007e+05 +8.956864107e+05 +8.956864107e+05
565 +6.270483175e+05 +6.270483175e+05 +6.264770275e+05 +6.264770275e+05
1636 +3.183067098e+05 +3.183067098e+05 +3.177354198e+05 +3.177354198e+05
1970 +2.337580809e+05 +2.337580809e+05 +2.331867909e+05 +2.331867909e+05
2331 +1.577567168e+05 +1.577567168e+05 +1.571854268e+05 +1.571854268e+05
2775 +9.914517235e+04 +9.914517235e+04 +9.857388235e+04 +9.857388235e+04
3271 +6.212073245e+04 +6.212073245e+04 +6.154944245e+04 +6.154944245e+04
4279 +3.829863434e+04 +3.829863434e+04 +3.772734434e+04 +3.772734434e+04
% function evaluation | noise-free fitness - Fopt (-5.260000000000e+01) | best noise-free fitness - Fopt | measured fitness | best measured fitness | x1 | x2...
1 +1.819761372e+07 +1.819761372e+07 +1.819756112e+07 +1.819756112e+07
2 +1.458738064e+07 +1.458738064e+07 +1.458732804e+07 +1.458732804e+07
77 +9.817801538e+06 +9.817801538e+06 +9.817748938e+06 +9.817748938e+06
130 +5.665659096e+06 +5.665659096e+06 +5.665606496e+06 +5.665606496e+06
173 +3.568059640e+06 +3.568059640e+06 +3.568007040e+06 +3.568007040e+06
199 +2.504503275e+06 +2.504503275e+06 +2.504450675e+06 +2.504450675e+06
334 +1.557994641e+06 +1.557994641e+06 +1.557942041e+06 +1.557942041e+06
431 +8.280353277e+05 +8.280353277e+05 +8.279827277e+05 +8.279827277e+05
532 +5.890544904e+05 +5.890544904e+05 +5.890018904e+05 +5.890018904e+05
774 +3.795339484e+05 +3.795339484e+05 +3.794813484e+05 +3.794813484e+05
979 +2.082777037e+05 +2.082777037e+05 +2.082251037e+05 +2.082251037e+05
1695 +1.456162132e+05 +1.456162132e+05 +1.455636132e+05 +1.455636132e+05
2006 +9.978765712e+04 +9.978765712e+04 +9.973505712e+04 +9.973505712e+04
2687 +5.655980642e+04 +5.655980642e+04 +5.650720642e+04 +5.650720642e+04
3446 +3.822812625e+04 +3.822812625e+04 +3.817552625e+04 +3.817552625e+04
4280 +2.327100780e+04 +2.327100780e+04 +2.321840780e+04 +2.321840780e+04
% function evaluation | noise-free fitness - Fopt (-1.257000000000e+02) | best noise-free fitness - Fopt | measured fitness | best measured fitness | x1 | x2...
1 +2.359394564e+07 +2.359394564e+07 +2.359381994e+07 +2.359381994e+07
62 +1.401686961e+07 +1.401686961e+07 +1.401674391e+07 +1.401674391e+07
129 +9.564455134e+06 +9.564455134e+06 +9.564329434e+06 +9.564329434e+06
195 +5.511656231e+06 +5.511656231e+06 +5.511530531e+06 +5.511530531e+06
204 +3.704789788e+06 +3.704789788e+06 +3.704664088e+06 +3.704664088e+06
227 +2.045444873e+06 +2.045444873e+06 +2.045319173e+06 +2.045319173e+06
287 +1.533874196e+06 +1.533874196e+06 +1.533748496e+06 +1.533748496e+06
359 +9.918593619e+05 +9.918593619e+05 +9.917336619e+05 +9.917336619e+05
1211 +3.661848710e+05 +3.661848710e+05 +3.660591710e+05 +3.660591710e+05
1888 +2.365486612e+05 +2.365486612e+05 +2.364229612e+05 +2.364229612e+05
1970 +1.218231562e+05 +1.218231562e+05 +1.216974562e+05 +1.216974562e+05
2483 +9.994383645e+04 +9.994383645e+04 +9.981813645e+04 +9.981813645e+04
3185 +6.004852199e+04 +6.004852199e+04 +5.992282199e+04 +5.992282199e+04
3742 +3.763366514e+04 +3.763366514e+04 +3.750796514e+04 +3.750796514e+04
4539 +2.467954002e+04 +2.467954002e+04 +2.455384002e+04 +2.455384002e+04
