% function evaluation | noise-free fitness - Fopt (7.948000000000e+01) | best noise-free fitness - Fopt | measured fitness | best measured fitness | x1 | x2...
1 +4.600492272e+02 +4.600492272e+02 +5.395292272e+02 +5.395292272e+02
4 +3.958023730e+02 +3.958023730e+02 +4.752823730e+02 +4.752823730e+02
54 +2.421127986e+02 +2.421127986e+02 +3.215927986e+02 +3.215927986e+02
734 +1.341021022e+02 +1.341021022e+02 +2.135821022e+02 +2.135821022e+02
1468 +9.808798256e+01 +9.808798256e+01 +1.775679826e+02 +1.775679826e+02
3128 +5.989634735e+01 +5.989634735e+01 +1.393763473e+02 +1.393763473e+02
5302 +3.925576401e+01 +3.925576401e+01 +1.187357640e+02 +1.187357640e+02
9854 +2.462364083e+01 +2.462364083e+01 +1.041036408e+02 +1.041036408e+02
20176 +1.525573708e+01 +1.525573708e+01 +9.473573708e+01 +9.473573708e+01
23623 +9.531072194e+00 +9.531072194e+00 +8.901107219e+01 +8.901107219e+01
41079 +5.549903111e+00 +5.549903111e+00 +8.502990311e+01 +8.502990311e+01
% function evaluation | noise-free fitness - Fopt (3.944800000000e+02) | best noise-free fitness - Fopt | measured fitness | best measured fitness | x1 | x2...
1 +6.452296655e+02 +6.452296655e+02 +1.039709665e+03 +1.039709665e+03
3 +5.499688711e+02 +5.499688711e+02 +9.444488711e+02 +9.444488711e+02
33 +3.576314461e+02 +3.576314461e+02 +7.521114461e+02 +7.521114461e+02
1014 +2.480072204e+02 +2.480072204e+02 +6.424872204e+02 +6.424872204e+02
2195 +1.516400435e+02 +1.516400435e+02 +5.461200435e+02 +5.461200435e+02
4515 +8.904560545e+01 +8.904560545e+01 +4.835256054e+02 +4.835256054e+02
9157 +5.950407918e+01 +5.950407918e+01 +4.539840792e+02 +4.539840792e+02
13129 +3.858631126e+01 +3.858631126e+01 +4.330663113e+02 +4.330663113e+02
22808 +2.466996550e+01 +2.466996550e+01 +4.191499655e+02 +4.191499655e+02
26498 +1.548310019e+01 +1.548310019e+01 +4.099631002e+02 +4.099631002e+02
32897 +9.927172433e+00 +9.927172433e+00 +4.044071724e+02 +4.044071724e+02
47231 +6.114772614e+00 +6.114772614e+00 +4.005947726e+02 +4.005947726e+02
% function evaluation | noise-free fitness - Fopt (-2.471100000000e+02) | best noise-free fitness - Fopt | measured fitness | best measured fitness | x1 | x2...
1 +5.550161586e+02 +5.550161586e+02 +3.079061586e+02 +3.079061586e+02
29 +3.531887635e+02 +3.531887635e+02 +1.060787635e+02 +1.060787635e+02
145 +2.380811594e+02 +2.380811594e+02 -9.028840588e+00 -9.028840588e+00
1209 +1.570866685e+02 +1.570866685e+02 -9.002333150e+01 -9.002333150e+01
3489 +9.890035322e+01 +9.890035322e+01 -1.482096468e+02 -1.482096468e+02
6200 +6.175780777e+01 +6.175780777e+01 -1.853521922e+02 -1.853521922e+02
10260 +3.822966397e+01 +3.822966397e+01 -2.088803360e+02 -2.088803360e+02
19720 +2.391318029e+01 +2.391318029e+01 -2.231968197e+02 -2.231968197e+02
30177 +1.458634862e+01 +1.458634862e+01 -2.325236514e+02 -2.325236514e+02
38505 +9.618345144e+00 +9.618345144e+00 -2.374916549e+02 -2.374916549e+02
48889 +6.101496815e+00 +6.101496815e+00 -2.410085032e+02 -2.410085032e+02
% function evaluation | noise-free fitness - Fopt (-1.520400000000e+02) | best noise-free fitness - Fopt | measured fitness | best measured fitness | x1 | x2...
1 +4.496543130e+02 +4.496543130e+02 +2.976143130e+02 +2.976143130e+02
4 +3.497531506e+02 +3.497531506e+02 +1.977131506e+02 +1.977131506e+02
129 +2.499551979e+02 +2.499551979e+02 +9.791519794e+01 +9.791519794e+01
660 +1.493161541e+02 +1.493161541e+02 -2.723845916e+00 -2.723845916e+00
2258 +9.345096682e+01 +9.345096682e+01 -5.858903318e+01 -5.858903318e+01
4518 +6.119103598e+01 +6.119103598e+01 -9.084896402e+01 -9.084896402e+01
8119 +3.772382330e+01 +3.772382330e+01 -1.143161767e+02 -1.143161767e+02
11542 +2.217068394e+01 +2.217068394e+01 -1.298693161e+02 -1.298693161e+02
20961 +1.516408542e+01 +1.516408542e+01 -1.368759146e+02 -1.368759146e+02
33285 +8.481858599e+00 +8.481858599e+00 -1.435581414e+02 -1.435581414e+02
40597 +5.699416076e+00 +5.699416076e+00 -1.463405839e+02 -1.463405839e+02
% function evaluation | noise-free fitness - Fopt (-2.525000000000e+01) | best noise-free fitness - Fopt | measured fitness | best measured fitness | x1 | x2...
1 +4.839081757e+02 +4.839081757e+02 +4.586581757e+02 +4.586581757e+02
9 +3.868765289e+02 +3.868765289e+02 +3.616265289e+02 +3.616265289e+02
61 +2.246308881e+02 +2.246308881e+02 +1.993808881e+02 +1.993808881e+02
141 +1.506427448e+02 +1.506427448e+02 +1.253927448e+02 +1.253927448e+02
735 +9.014138100e+01 +9.014138100e+01 +6.489138100e+01 +6.489138100e+01
2645 +6.128737426e+01 +6.128737426e+01 +3.603737426e+01 +3.603737426e+01
5054 +3.819389633e+01 +3.819389633e+01 +1.294389633e+01 +1.294389633e+01
8356 +2.304585823e+01 +2.304585823e+01 -2.204141766e+00 -2.204141766e+00
17309 +1.570660242e+01 +1.570660242e+01 -9.543397580e+00 -9.543397580e+00
30829 +9.994614217e+00 +9.994614217e+00 -1.525538578e+01 -1.525538578e+01
37636 +5.885612193e+00 +5.885612193e+00 -1.936438781e+01 -1.936438781e+01
% function evaluation | noise-free fitness - Fopt (-2.017200000000e+02) | best noise-free fitness - Fopt | measured fitness | best measured fitness | x1 | x2...
1 +5.033000818e+02 +5.033000818e+02 +3.015800818e+02 +3.015800818e+02
7 +3.927377233e+02 +3.927377233e+02 +1.910177233e+02 +1.910177233e+02
125 +2.441092275e+02 +2.441092275e+02 +4.238922751e+01 +4.238922751e+01
1273 +1.378054076e+02 +1.378054076e+02 -6.391459239e+01 -6.391459239e+01
2513 +9.499931661e+01 +9.499931661e+01 -1.067206834e+02 -1.067206834e+02
5159 +5.927533446e+01 +5.927533446e+01 -1.424446655e+02 -1.424446655e+02
8355 +3.718731075e+01 +3.718731075e+01 -1.645326892e+02 -1.645326892e+02
17293 +2.330511371e+01 +2.330511371e+01 -1.784148863e+02 -1.784148863e+02
24495 +1.549600270e+01 +1.549600270e+01 -1.862239973e+02 -1.862239973e+02
35158 +9.284135034e+00 +9.284135034e+00 -1.924358650e+02 -1.924358650e+02
43792 +5.479002599e+00 +5.479002599e+00 -1.962409974e+02 -1.962409974e+02
% function evaluation | noise-free fitness - Fopt (-1.000000000000e+03) | best noise-free fitness - Fopt | measured fitness | best measured fitness | x1 | x2...
1 +6.287619350e+02 +6.287619350e+02 -3.712380650e+02 -3.712380650e+02
22 +3.319638699e+02 +3.319638699e+02 -6.680361301e+02 -6.680361301e+02
62 +2.456626896e+02 +2.456626896e+02 -7.543373104e+02 -7.543373104e+02
1035 +1.534362741e+02 +1.534362741e+02 -8.465637259e+02 -8.465637259e+02
3781 +9.785042706e+01 +9.785042706e+01 -9.021495729e+02 -9.021495729e+02
5874 +5.766690591e+01 +5.766690591e+01 -9.423330941e+02 -9.423330941e+02
8514 +3.813069521e+01 +3.813069521e+01 -9.618693048e+02 -9.618693048e+02
17380 +2.198646004e+01 +2.198646004e+01 -9.780135400e+02 -9.780135400e+02
26186 +1.556277731e+01 +1.556277731e+01 -9.844372227e+02 -9.844372227e+02
35146 +9.339256186e+00 +9.339256186e+00 -9.906607438e+02 -9.906607438e+02
44809 +5.709891407e+00 +5.709891407e+00 -9.942901086e+02 -9.942901086e+02
% function evaluation | noise-free fitness - Fopt (-4.290000000000e+01) | best noise-free fitness - Fopt | measured fitness | best measured fitness | x1 | x2...
1 +4.580550473e+02 +4.580550473e+02 +4.151550473e+02 +4.151550473e+02
18 +3.873033777e+02 +3.873033777e+02 +3.444033777e+02 +3.444033777e+02
150 +2.319017591e+02 +2.319017591e+02 +1.890017591e+02 +1.890017591e+02
1142 +1.516565579e+02 +1.516565579e+02 +1.087565579e+02 +1.087565579e+02
3943 +9.731904812e+01 +9.731904812e+01 +5.441904812e+01 +5.441904812e+01
7071 +5.893127534e+01 +5.893127534e+01 +1.603127534e+01 +1.603127534e+01
12487 +3.603892049e+01 +3.603892049e+01 -6.861079506e+00 -6.861079506e+00
15716 +2.488529925e+01 +2.488529925e+01 -1.801470075e+01 -1.801470075e+01
26836 +1.470624248e+01 +1.470624248e+01 -2.819375752e+01 -2.819375752e+01
34520 +9.586405994e+00 +9.586405994e+00 -3.331359401e+01 -3.331359401e+01
41938 +6.119894106e+00 +6.119894106e+00 -3.678010589e+01 -3.678010589e+01
49613 +3.873370973e+00 +3.873370973e+00 -3.902662903e+01 -3.902662903e+01
% function evaluation | noise-free fitness - Fopt (-1.013200000000e+02) | best noise-free fitness - Fopt | measured fitness | best measured fitness | x1 | x2...
1 +5.624102922e+02 +5.624102922e+02 +4.610902922e+02 +4.610902922e+02
24 +3.787329003e+02 +3.787329003e+02 +2.774129003e+02 +2.774129003e+02
124 +2.362366398e+02 +2.362366398e+02 +1.349166398e+02 +1.349166398e+02
624 +1.575666801e+02 +1.575666801e+02 +5.624668008e+01 +5.624668008e+01
2812 +9.953680237e+01 +9.953680237e+01 -1.783197626e+00 -1.783197626e+00
5155 +5.723506304e+01 +5.723506304e+01 -4.408493696e+01 -4.408493696e+01
8097 +3.815364983e+01 +3.815364983e+01 -6.316635017e+01 -6.316635017e+01
11857 +2.426533761e+01 +2.426533761e+01 -7.705466239e+01 -7.705466239e+01
25297 +1.542726627e+01 +1.542726627e+01 -8.589273373e+01 -8.589273373e+01
30983 +9.679834481e+00 +9.679834481e+00 -9.164016552e+01 -9.164016552e+01
36090 +6.119730513e+00 +6.119730513e+00 -9.520026949e+01 -9.520026949e+01
% function evaluation | noise-free fitness - Fopt (3.650000000000e+00) | best noise-free fitness - Fopt | measured fitness | best measured fitness | x1 | x2...
1 +4.194097145e+02 +4.194097145e+02 +4.230597145e+02 +4.230597145e+02
2 +3.577636274e+02 +3.577636274e+02 +3.614136274e+02 +3.614136274e+02
81 +2.294996272e+02 +2.294996272e+02 +2.331496272e+02 +2.331496272e+02
441 +1.579107494e+02 +1.579107494e+02 +1.615607494e+02 +1.615607494e+02
2355 +8.622439463e+01 +8.622439463e+01 +8.987439463e+01 +8.987439463e+01
4435 +5.989182491e+01 +5.989182491e+01 +6.354182491e+01 +6.354182491e+01
10819 +3.913005821e+01 +3.913005821e+01 +4.278005821e+01 +4.278005821e+01
17533 +2.216058865e+01 +2.216058865e+01 +2.581058865e+01 +2.581058865e+01
24997 +1.471528140e+01 +1.471528140e+01 +1.836528140e+01 +1.836528140e+01
36677 +9.699021978e+00 +9.699021978e+00 +1.334902198e+01 +1.334902198e+01
41453 +6.246207607e+00 +6.246207607e+00 +9.896207607e+00 +9.896207607e+00
% function evaluation | noise-free fitness - Fopt (2.205300000000e+02) | best noise-free fitness - Fopt | measured fitness | best measured fitness | x1 | x2...
1 +6.088093887e+02 +6.088093887e+02 +8.293393887e+02 +8.293393887e+02
42 +3.263359127e+02 +3.263359127e+02 +5.468659127e+02 +5.468659127e+02
122 +2.480881428e+02 +2.480881428e+02 +4.686181428e+02 +4.686181428e+02
1682 +1.514668110e+02 +1.514668110e+02 +3.719968110e+02 +3.719968110e+02
3702 +9.747462039e+01 +9.747462039e+01 +3.180046204e+02 +3.180046204e+02
6650 +5.702550091e+01 +5.702550091e+01 +2.775555009e+02 +2.775555009e+02
12032 +3.644197030e+01 +3.644197030e+01 +2.569719703e+02 +2.569719703e+02
14752 +2.482996167e+01 +2.482996167e+01 +2.453599617e+02 +2.453599617e+02
25952 +1.521445935e+01 +1.521445935e+01 +2.357444593e+02 +2.357444593e+02
34178 +9.535564453e+00 +9.535564453e+00 +2.300655645e+02 +2.300655645e+02
43698 +5.841860987e+00 +5.841860987e+00 +2.263718610e+02 +2.263718610e+02
% function evaluation | noise-free fitness - Fopt (4.212900000000e+02) | best noise-free fitness - Fopt | measured fitness | best measured fitness | x1 | x2...
1 +6.014872853e+02 +6.014872853e+02 +1.022777285e+03 +1.022777285e+03
10 +3.484546281e+02 +3.484546281e+02 +7.697446281e+02 +7.697446281e+02
130 +1.998382669e+02 +1.998382669e+02 +6.211282669e+02 +6.211282669e+02
887 +1.497139702e+02 +1.497139702e+02 +5.710039702e+02 +5.710039702e+02
3523 +9.969984566e+01 +9.969984566e+01 +5.209898457e+02 +5.209898457e+02
6503 +6.243388746e+01 +6.243388746e+01 +4.837238875e+02 +4.837238875e+02
9550 +3.974242878e+01 +3.974242878e+01 +4.610324288e+02 +4.610324288e+02
17926 +2.451563101e+01 +2.451563101e+01 +4.458056310e+02 +4.458056310e+02
28016 +1.525899188e+01 +1.525899188e+01 +4.365489919e+02 +4.365489919e+02
38593 +9.656502057e+00 +9.656502057e+00 +4.309465021e+02 +4.309465021e+02
48489 +6.154208573e+00 +6.154208573e+00 +4.274442086e+02 +4.274442086e+02
% function evaluation | noise-free fitness - Fopt (-7.900000000000e+01) | best noise-free fitness - Fopt | measured fitness | best measured fitness | x1 | x2...
1 +3.849147329e+02 +3.849147329e+02 +3.059147329e+02 +3.059147329e+02
121 +2.469142917e+02 +2.469142917e+02 +1.679142917e+02 +1.679142917e+02
214 +1.495532227e+02 +1.495532227e+02 +7.055322270e+01 +7.055322270e+01
1934 +9.933335843e+01 +9.933335843e+01 +2.033335843e+01 +2.033335843e+01
4037 +6.169892033e+01 +6.169892033e+01 -1.730107967e+01 -1.730107967e+01
7695 +3.740198433e+01 +3.740198433e+01 -4.159801567e+01 -4.159801567e+01
13713 +2.491073010e+01 +2.491073010e+01 -5.408926990e+01 -5.408926990e+01
21220 +1.529913626e+01 +1.529913626e+01 -6.370086374e+01 -6.370086374e+01
31607 +9.386996414e+00 +9.386996414e+00 -6.961300359e+01 -6.961300359e+01
40112 +6.231745597e+00 +6.231745597e+00 -7.276825440e+01 -7.276825440e+01
% function evaluation | noise-free fitness - Fopt (-4.133000000000e+01) | best noise-free fitness - Fopt | measured fitness | best measured fitness | x1 | x2...
1 +6.397741849e+02 +6.397741849e+02 +5.984441849e+02 +5.984441849e+02
2 +5.059742442e+02 +5.059742442e+02 +4.646442442e+02 +4.646442442e+02
42 +3.639894570e+02 +3.639894570e+02 +3.226594570e+02 +3.226594570e+02
202 +2.091231394e+02 +2.091231394e+02 +1.677931394e+02 +1.677931394e+02
1955 +1.584008432e+02 +1.584008432e+02 +1.170708432e+02 +1.170708432e+02
4265 +9.605584284e+01 +9.605584284e+01 +5.472584284e+01 +5.472584284e+01
7385 +6.128432949e+01 +6.128432949e+01 +1.995432949e+01 +1.995432949e+01
12496 +3.840557091e+01 +3.840557091e+01 -2.924429088e+00 -2.924429088e+00
21056 +2.440117720e+01 +2.440117720e+01 -1.692882280e+01 -1.692882280e+01
29720 +1.521262402e+01 +1.521262402e+01 -2.611737598e+01 -2.611737598e+01
36440 +9.728500942e+00 +9.728500942e+00 -3.160149906e+01 -3.160149906e+01
42576 +5.941912654e+00 +5.941912654e+00 -3.538808735e+01 -3.538808735e+01
% function evaluation | noise-free fitness - Fopt (2.127500000000e+02) | best noise-free fitness - Fopt | measured fitness | best measured fitness | x1 | x2...
1 +5.681716787e+02 +5.681716787e+02 +7.809216787e+02 +7.809216787e+02
15 +3.919338376e+02 +3.919338376e+02 +6.046838376e+02 +6.046838376e+02
204 +2.308844409e+02 +2.308844409e+02 +4.436344409e+02 +4.436344409e+02
1634 +1.471096889e+02 +1.471096889e+02 +3.598596889e+02 +3.598596889e+02
4566 +9.141326418e+01 +9.141326418e+01 +3.041632642e+02 +3.041632642e+02
7058 +5.623696492e+01 +5.623696492e+01 +2.689869649e+02 +2.689869649e+02
9058 +3.364649495e+01 +3.364649495e+01 +2.463964950e+02 +2.463964950e+02
18275 +2.441210742e+01 +2.441210742e+01 +2.371621074e+02 +2.371621074e+02
25465 +1.373104134e+01 +1.373104134e+01 +2.264810413e+02 +2.264810413e+02
37048 +9.627425339e+00 +9.627425339e+00 +2.223774253e+02 +2.223774253e+02
42321 +4.827911563e+00 +4.827911563e+00 +2.175779116e+02 +2.175779116e+02
47710 +3.908147852e+00 +3.908147852e+00 +2.166581479e+02 +2.166581479e+02
