% function evaluation | noise-free fitness - Fopt (-2.098800000000e+02) | best noise-free fitness - Fopt | measured fitness | best measured fitness | x1 | x2...
1 +1.991192034e+07 +1.991192034e+07 +1.991171046e+07 +1.991171046e+07 +1.3573e+00 -4.0304e+00
2 +4.594463335e+06 +4.594463335e+06 +4.594253455e+06 +4.594253455e+06 +2.5414e+00 -1.7185e+00
3 +1.206206611e+06 +1.206206611e+06 +1.205996731e+06 +1.205996731e+06 -1.0754e-01 -6.2052e-01
4 +1.887923579e+04 +1.887923579e+04 +1.866935579e+04 +1.866935579e+04 +2.6048e+00 +5.9157e-01
44 +2.655217833e+03 +2.655217833e+03 +2.445337833e+03 +2.445337833e+03 +2.0999e+00 +3.9780e-01
204 +1.237661181e+02 +1.237661181e+02 -8.611388190e+01 -8.611388190e+01 +9.9908e-02 +4.5907e-01
385 +2.323906774e+01 +2.323906774e+01 -1.866409323e+02 -1.866409323e+02 +8.4782e-01 +4.4362e-01
496 +3.242087317e-01 +3.242087317e-01 -2.095557913e+02 -2.095557913e+02 +8.4863e-01 +4.4843e-01
576 +1.910131001e-01 +1.910131001e-01 -2.096889869e+02 -2.096889869e+02 +1.1424e+00 +4.4843e-01
1296 +4.284500000e-03 +4.284500000e-03 -2.098757155e+02 -2.098757155e+02 +1.1424e+00 +4.4797e-01
1945 +3.906795120e-04 +3.906795120e-04 -2.098796093e+02 -2.098796093e+02 +1.1996e+00 +4.4802e-01
3787 +1.041465313e-04 +1.041465313e-04 -2.098798959e+02 -2.098798959e+02 +1.2108e+00 +4.4799e-01
4905 +8.081727884e-06 +8.081727884e-06 -2.098799919e+02 -2.098799919e+02 +1.2053e+00 +4.4800e-01
6519 +5.637615288e-06 +5.637615288e-06 -2.098799944e+02 -2.098799944e+02 +1.2057e+00 +4.4800e-01
7133 +3.841632179e-06 +3.841632179e-06 -2.098799962e+02 -2.098799962e+02 +1.2078e+00 +4.4800e-01
7136 +7.373689073e-07 +7.373689073e-07 -2.098799993e+02 -2.098799993e+02 +1.2066e+00 +4.4800e-01
9147 +7.854401929e-08 +7.854401929e-08 -2.098799999e+02 -2.098799999e+02 +1.2069e+00 +4.4800e-01
10335 +5.409168580e-08 +5.409168580e-08 -2.098799999e+02 -2.098799999e+02 +1.2072e+00 +4.4800e-01
10587 +2.633925078e-08 +2.633925078e-08 -2.098800000e+02 -2.098800000e+02 +1.2071e+00 +4.4800e-01
11547 +2.267026389e-08 +2.267026389e-08 -2.098800000e+02 -2.098800000e+02 +1.2074e+00 +4.4800e-01
11695 +1.480924539e-08 +1.480924539e-08 -2.098800000e+02 -2.098800000e+02 +1.2072e+00 +4.4800e-01
13060 +4.507114681e-10 +4.507114681e-10 -2.098800000e+02 -2.098800000e+02 +1.2072e+00 +4.4800e-01
% function evaluation | noise-free fitness - Fopt (-9.209000000000e+01) | best noise-free fitness - Fopt | measured fitness | best measured fitness | x1 | x2...
1 +1.140180033e+06 +1.140180033e+06 +1.140087943e+06 +1.140087943e+06 +1.0954e+00 +1.5743e+00
2 +7.419521119e+05 +7.419521119e+05 +7.418600219e+05 +7.418600219e+05 -3.7299e+00 +3.5418e+00
4 +7.210541132e+04 +7.210541132e+04 +7.201332132e+04 +7.201332132e+04 +4.7796e+00 +2.8871e+00
5 +6.729425443e+03 +6.729425443e+03 +6.637335443e+03 +6.637335443e+03 -4.1228e+00 +2.7051e+00
41 +2.450390129e+03 +2.450390129e+03 +2.358300129e+03 +2.358300129e+03 +9.5383e-02 +2.5743e+00
64 +1.425636648e+03 +1.425636648e+03 +1.333546648e+03 +1.333546648e+03 +3.0330e+00 +2.6613e+00
104 +9.981603553e+02 +9.981603553e+02 +9.060703553e+02 +9.060703553e+02 +3.0330e+00 +2.6559e+00
155 +2.311106158e+02 +2.311106158e+02 +1.390206158e+02 +1.390206158e+02 -1.5895e+00 +2.6069e+00
402 +1.835768860e+01 +1.835768860e+01 -7.373231140e+01 -7.373231140e+01 -1.3707e+00 +2.6181e+00
919 +9.931646431e+00 +9.931646431e+00 -8.215835357e+01 -8.215835357e+01 -1.5548e-01 +2.6249e+00
991 +2.595637607e+00 +2.595637607e+00 -8.949436239e+01 -8.949436239e+01 +5.9558e-01 +2.6200e+00
1456 +6.621486429e-01 +6.621486429e-01 -9.142785136e+01 -9.142785136e+01 +1.5258e-01 +2.6210e+00
1849 +3.231653673e-01 +3.231653673e-01 -9.176683463e+01 -9.176683463e+01 +1.2381e+00 +2.6218e+00
1930 +1.529451283e-01 +1.529451283e-01 -9.193705487e+01 -9.193705487e+01 +4.0839e-01 +2.6218e+00
2410 +9.856477092e-02 +9.856477092e-02 -9.199143523e+01 -9.199143523e+01 +9.4917e-01 +2.6218e+00
3078 +4.440299661e-02 +4.440299661e-02 -9.204559700e+01 -9.204559700e+01 +7.2793e-01 +2.6218e+00
3638 +2.084770289e-02 +2.084770289e-02 -9.206915230e+01 -9.206915230e+01 +8.1100e-01 +2.6215e+00
3764 +1.357444277e-02 +1.357444277e-02 -9.207642556e+01 -9.207642556e+01 +7.9032e-01 +2.6215e+00
4350 +2.438297278e-03 +2.438297278e-03 -9.208756170e+01 -9.208756170e+01 +7.5358e-01 +2.6216e+00
4430 +1.517383624e-03 +1.517383624e-03 -9.208848262e+01 -9.208848262e+01 +7.5358e-01 +2.6216e+00
5219 +6.521048762e-04 +6.521048762e-04 -9.208934790e+01 -9.208934790e+01 +7.3399e-01 +2.6216e+00
5789 +8.455298354e-05 +8.455298354e-05 -9.208991545e+01 -9.208991545e+01 +7.3447e-01 +2.6216e+00
6113 +1.497092002e-05 +1.497092002e-05 -9.208998503e+01 -9.208998503e+01 +7.2200e-01 +2.6216e+00
6749 +4.097168656e-06 +4.097168656e-06 -9.208999590e+01 -9.208999590e+01 +7.2718e-01 +2.6216e+00
8340 +3.732467775e-07 +3.732467775e-07 -9.208999963e+01 -9.208999963e+01 +7.2550e-01 +2.6216e+00
8740 +1.667091141e-07 +1.667091141e-07 -9.208999983e+01 -9.208999983e+01 +7.2550e-01 +2.6216e+00
9949 +1.540216346e-07 +1.540216346e-07 -9.208999985e+01 -9.208999985e+01 +7.2535e-01 +2.6216e+00
11715 +9.937508594e-09 +9.937508594e-09 -9.208999999e+01 -9.208999999e+01 +7.2554e-01 +2.6216e+00
% function evaluation | noise-free fitness - Fopt (-8.789000000000e+01) | best noise-free fitness - Fopt | measured fitness | best measured fitness | x1 | x2...
1 +5.493488387e+07 +5.493488387e+07 +5.493479598e+07 +5.493479598e+07 +1.6153e+00 -4.1011e+00
2 +4.446393730e+06 +4.446393730e+06 +4.446305840e+06 +4.446305840e+06 -1.3669e-02 +1.5254e+00
3 +1.379396707e+06 +1.379396707e+06 +1.379308817e+06 +1.379308817e+06 +3.4355e+00 +2.5239e+00
7 +9.203959067e+05 +9.203959067e+05 +9.203080167e+05 +9.203080167e+05 +4.3712e+00 +4.6237e+00
12 +4.724326033e+05 +4.724326033e+05 +4.723447133e+05 +4.723447133e+05 -1.8318e+00 +4.2929e+00
14 +2.616508178e+04 +2.616508178e+04 +2.607719178e+04 +2.607719178e+04 -6.2052e-01 +3.8097e+00
43 +1.749338095e+04 +1.749338095e+04 +1.740549095e+04 +1.740549095e+04 +2.4355e+00 +3.5186e+00
67 +1.571213148e+04 +1.571213148e+04 +1.562424148e+04 +1.562424148e+04 -2.8038e+00 +3.5239e+00
131 +2.098516828e+00 +2.098516828e+00 -8.579148317e+01 -8.579148317e+01 +1.1319e+00 +3.6467e+00
971 +1.497110665e+00 +1.497110665e+00 -8.639288934e+01 -8.639288934e+01 +5.0760e-01 +3.6467e+00
1240 +8.649472050e-01 +8.649472050e-01 -8.702505279e+01 -8.702505279e+01 +9.7007e-01 +3.6450e+00
1715 +8.388289638e-02 +8.388289638e-02 -8.780611710e+01 -8.780611710e+01 +5.0197e-01 +3.6455e+00
3041 +6.164602860e-02 +6.164602860e-02 -8.782835397e+01 -8.782835397e+01 +3.4441e-01 +3.6458e+00
3215 +8.849426028e-03 +8.849426028e-03 -8.788115057e+01 -8.788115057e+01 +2.3948e-01 +3.6455e+00
3547 +2.960243829e-03 +2.960243829e-03 -8.788703976e+01 -8.788703976e+01 +2.4158e-01 +3.6455e+00
3776 +1.179994382e-04 +1.179994382e-04 -8.788988200e+01 -8.788988200e+01 +2.4060e-01 +3.6456e+00
4429 +8.469364671e-05 +8.469364671e-05 -8.788991531e+01 -8.788991531e+01 +2.4425e-01 +3.6456e+00
6349 +2.653785877e-05 +2.653785877e-05 -8.788997346e+01 -8.788997346e+01 +2.4425e-01 +3.6456e+00
6815 +2.257279927e-05 +2.257279927e-05 -8.788997743e+01 -8.788997743e+01 +2.3948e-01 +3.6456e+00
7149 +1.203745668e-06 +1.203745668e-06 -8.788999880e+01 -8.788999880e+01 +2.3942e-01 +3.6456e+00
7455 +1.966781014e-07 +1.966781014e-07 -8.788999980e+01 -8.788999980e+01 +2.3948e-01 +3.6456e+00
10909 +9.735765616e-08 +9.735765616e-08 -8.788999990e+01 -8.788999990e+01 +2.3891e-01 +3.6456e+00
12321 +1.356042389e-09 +1.356042389e-09 -8.789000000e+01 -8.789000000e+01 +2.3923e-01 +3.6456e+00
% function evaluation | noise-free fitness - Fopt (3.201900000000e+02) | best noise-free fitness - Fopt | measured fitness | best measured fitness | x1 | x2...
1 +8.796679360e+06 +8.796679360e+06 +8.796999550e+06 +8.796999550e+06 -1.7471e+00 +6.5729e-01
2 +5.671556857e+06 +5.671556857e+06 +5.671877047e+06 +5.671877047e+06 +5.7974e-02 -4.8163e+00
5 +1.948357100e+06 +1.948357100e+06 +1.948677290e+06 +1.948677290e+06 -2.2892e+00 -1.0467e+00
8 +5.883013029e+05 +5.883013029e+05 +5.886214929e+05 +5.886214929e+05 -7.6153e-01 -3.1840e+00
22 +1.766407332e+04 +1.766407332e+04 +1.798426332e+04 +1.798426332e+04 +2.4097e-01 -2.2220e+00
48 +7.385107413e+03 +7.385107413e+03 +7.705297413e+03 +7.705297413e+03 +2.3847e-01 -2.4529e+00
62 +3.776099014e+03 +3.776099014e+03 +4.096289014e+03 +4.096289014e+03 +1.3757e-01 -2.2954e+00
124 +1.278272276e+01 +1.278272276e+01 +3.329727228e+02 +3.329727228e+02 +2.8961e+00 -2.3623e+00
432 +5.611161453e-01 +5.611161453e-01 +3.207511161e+02 +3.207511161e+02 -3.5213e-01 -2.3616e+00
1398 +3.619522690e-01 +3.619522690e-01 +3.205519523e+02 +3.205519523e+02 -3.2541e-01 -2.3614e+00
1782 +3.957256401e-02 +3.957256401e-02 +3.202295726e+02 +3.202295726e+02 -6.1225e-01 -2.3609e+00
2495 +3.740438043e-04 +3.740438043e-04 +3.201903740e+02 +3.201903740e+02 -4.2914e-01 -2.3608e+00
5000 +1.552013163e-04 +1.552013163e-04 +3.201901552e+02 +3.201901552e+02 -4.3566e-01 -2.3608e+00
5240 +3.019320809e-05 +3.019320809e-05 +3.201900302e+02 +3.201900302e+02 -4.3566e-01 -2.3608e+00
7366 +1.632868646e-05 +1.632868646e-05 +3.201900163e+02 +3.201900163e+02 -4.2986e-01 -2.3608e+00
7383 +4.551246207e-07 +4.551246207e-07 +3.201900005e+02 +3.201900005e+02 -4.3344e-01 -2.3608e+00
9303 +7.148855730e-08 +7.148855730e-08 +3.201900001e+02 +3.201900001e+02 -4.3262e-01 -2.3608e+00
11295 +2.062722615e-08 +2.062722615e-08 +3.201900000e+02 +3.201900000e+02 -4.3282e-01 -2.3608e+00
11856 +2.320348358e-09 +2.320348358e-09 +3.201900000e+02 +3.201900000e+02 -4.3280e-01 -2.3608e+00
% function evaluation | noise-free fitness - Fopt (-1.042400000000e+02) | best noise-free fitness - Fopt | measured fitness | best measured fitness | x1 | x2...
1 +8.741917643e+06 +8.741917643e+06 +8.741813403e+06 +8.741813403e+06 -7.1248e-01 -9.1494e-01
2 +2.968054136e+05 +2.968054136e+05 +2.967011736e+05 +2.967011736e+05 -4.7602e+00 -4.4944e+00
4 +5.807350813e+04 +5.807350813e+04 +5.796926813e+04 +5.796926813e+04 +3.3752e+00 -3.6787e+00
47 +3.629185455e+03 +3.629185455e+03 +3.524945455e+03 +3.524945455e+03 -3.1973e+00 -3.8610e+00
48 +1.582562717e+03 +1.582562717e+03 +1.478322717e+03 +1.478322717e+03 +3.7179e+00 -3.9571e+00
55 +2.236790099e+02 +2.236790099e+02 +1.194390099e+02 +1.194390099e+02 +3.6728e+00 -3.9054e+00
175 +7.032998330e+01 +7.032998330e+01 -3.391001670e+01 -3.391001670e+01 +3.2374e+00 -3.9122e+00
658 +4.559484563e+01 +4.559484563e+01 -5.864515437e+01 -5.864515437e+01 +1.8540e+00 -3.9270e+00
895 +1.614084255e+01 +1.614084255e+01 -8.809915745e+01 -8.809915745e+01 -9.9825e-02 -3.9162e+00
1156 +1.183773869e+01 +1.183773869e+01 -9.240226131e+01 -9.240226131e+01 +2.5775e+00 -3.9226e+00
1476 +8.738324453e+00 +8.738324453e+00 -9.550167555e+01 -9.550167555e+01 +1.9230e+00 -3.9226e+00
1617 +4.475544175e+00 +4.475544175e+00 -9.976445583e+01 -9.976445583e+01 -1.1207e+00 -3.9186e+00
1711 +2.793740321e-01 +2.793740321e-01 -1.039606260e+02 -1.039606260e+02 +9.0618e-01 -3.9201e+00
2670 +5.357882817e-02 +5.357882817e-02 -1.041864212e+02 -1.041864212e+02 +5.4105e-01 -3.9202e+00
3617 +1.569536620e-02 +1.569536620e-02 -1.042243046e+02 -1.042243046e+02 +5.1508e-01 -3.9200e+00
4561 +7.644723288e-03 +7.644723288e-03 -1.042323553e+02 -1.042323553e+02 +3.0107e-01 -3.9200e+00
4807 +1.847743273e-03 +1.847743273e-03 -1.042381523e+02 -1.042381523e+02 +3.6425e-01 -3.9200e+00
5227 +2.896434465e-04 +2.896434465e-04 -1.042397104e+02 -1.042397104e+02 +3.8489e-01 -3.9200e+00
6347 +1.843908433e-04 +1.843908433e-04 -1.042398156e+02 -1.042398156e+02 +3.8489e-01 -3.9200e+00
7237 +2.827411727e-05 +2.827411727e-05 -1.042399717e+02 -1.042399717e+02 +3.9992e-01 -3.9200e+00
7706 +6.715497392e-06 +6.715497392e-06 -1.042399933e+02 -1.042399933e+02 +3.9654e-01 -3.9200e+00
8037 +6.035292330e-06 +6.035292330e-06 -1.042399940e+02 -1.042399940e+02 +3.9664e-01 -3.9200e+00
8426 +2.061031253e-06 +2.061031253e-06 -1.042399979e+02 -1.042399979e+02 +3.9340e-01 -3.9200e+00
10029 +1.515869030e-06 +1.515869030e-06 -1.042399985e+02 -1.042399985e+02 +3.9523e-01 -3.9200e+00
10341 +5.070005500e-07 +5.070005500e-07 -1.042399995e+02 -1.042399995e+02 +3.9371e-01 -3.9200e+00
10657 +2.983009466e-07 +2.983009466e-07 -1.042399997e+02 -1.042399997e+02 +3.9494e-01 -3.9200e+00
11697 +1.569677011e-08 +1.569677011e-08 -1.042400000e+02 -1.042400000e+02 +3.9434e-01 -3.9200e+00
14750 +6.973763789e-09 +6.973763789e-09 -1.042400000e+02 -1.042400000e+02 +3.9447e-01 -3.9200e+00
% function evaluation | noise-free fitness - Fopt (-3.570000000000e+01) | best noise-free fitness - Fopt | measured fitness | best measured fitness | x1 | x2...
1 +2.271924598e+07 +2.271924598e+07 +2.271921028e+07 +2.271921028e+07 -6.0604e-01 -3.2009e+00
2 +4.702148159e+05 +4.702148159e+05 +4.701791159e+05 +4.701791159e+05 +1.1219e+00 +2.2800e+00
12 +1.445782092e+05 +1.445782092e+05 +1.445425092e+05 +1.445425092e+05 -3.0077e+00 +1.2679e+00
51 +4.272649085e+03 +4.272649085e+03 +4.236949085e+03 +4.236949085e+03 -2.1665e+00 +1.7076e+00
129 +3.883996323e+03 +3.883996323e+03 +3.848296323e+03 +3.848296323e+03 -2.5371e+00 +1.5684e+00
301 +5.196851137e+02 +5.196851137e+02 +4.839851137e+02 +4.839851137e+02 -1.3348e+00 +1.6581e+00
423 +1.011586846e+02 +1.011586846e+02 +6.545868459e+01 +6.545868459e+01 +2.6996e+00 +1.6265e+00
498 +1.438732933e+01 +1.438732933e+01 -2.131267067e+01 -2.131267067e+01 -5.3108e-01 +1.6327e+00
576 +1.879694805e+00 +1.879694805e+00 -3.382030519e+01 -3.382030519e+01 -2.7199e+00 +1.6373e+00
1043 +1.050352398e+00 +1.050352398e+00 -3.464964760e+01 -3.464964760e+01 -2.2085e+00 +1.6349e+00
1232 +4.913355750e-01 +4.913355750e-01 -3.520866443e+01 -3.520866443e+01 -1.5207e+00 +1.6361e+00
1540 +2.960074437e-01 +2.960074437e-01 -3.540399256e+01 -3.540399256e+01 -2.0312e+00 +1.6355e+00
2094 +1.075399236e-01 +1.075399236e-01 -3.559246008e+01 -3.559246008e+01 -2.2097e+00 +1.6363e+00
2403 +3.031888003e-02 +3.031888003e-02 -3.566968112e+01 -3.566968112e+01 -2.0384e+00 +1.6361e+00
2593 +2.462576393e-02 +2.462576393e-02 -3.567537424e+01 -3.567537424e+01 -2.1129e+00 +1.6359e+00
3473 +9.830060951e-03 +9.830060951e-03 -3.569016994e+01 -3.569016994e+01 -2.1130e+00 +1.6360e+00
3553 +3.099286929e-03 +3.099286929e-03 -3.569690071e+01 -3.569690071e+01 -2.2214e+00 +1.6360e+00
3953 +5.588800171e-04 +5.588800171e-04 -3.569944112e+01 -3.569944112e+01 -2.2214e+00 +1.6360e+00
4829 +3.158412930e-04 +3.158412930e-04 -3.569968416e+01 -3.569968416e+01 -2.2099e+00 +1.6360e+00
5772 +2.180061198e-05 +2.180061198e-05 -3.569997820e+01 -3.569997820e+01 -2.1992e+00 +1.6360e+00
5852 +1.286274632e-06 +1.286274632e-06 -3.569999871e+01 -3.569999871e+01 -2.1992e+00 +1.6360e+00
6652 +1.367397857e-07 +1.367397857e-07 -3.569999986e+01 -3.569999986e+01 -2.1987e+00 +1.6360e+00
11553 +9.720458394e-08 +9.720458394e-08 -3.569999990e+01 -3.569999990e+01 -2.1983e+00 +1.6360e+00
12425 +6.751832871e-09 +6.751832871e-09 -3.569999999e+01 -3.569999999e+01 -2.1984e+00 +1.6360e+00
% function evaluation | noise-free fitness - Fopt (2.070000000000e+01) | best noise-free fitness - Fopt | measured fitness | best measured fitness | x1 | x2...
1 +7.510625641e+06 +7.510625641e+06 +7.510646341e+06 +7.510646341e+06 -3.5753e+00 +6.2725e-01
5 +7.333236646e+05 +7.333236646e+05 +7.333443646e+05 +7.333443646e+05 +4.7735e+00 -2.9209e+00
6 +4.968135906e+05 +4.968135906e+05 +4.968342906e+05 +4.968342906e+05 -1.4839e+00 -2.7927e+00
10 +1.857676957e+05 +1.857676957e+05 +1.857883957e+05 +1.857883957e+05 +3.2422e+00 -2.4448e+00
40 +5.744377252e+03 +5.744377252e+03 +5.765077252e+03 +5.765077252e+03 +3.7810e+00 -2.1084e+00
129 +1.597892411e+03 +1.597892411e+03 +1.618592411e+03 +1.618592411e+03 +6.4314e-01 -1.9846e+00
185 +2.424066842e+01 +2.424066842e+01 +4.494066842e+01 +4.494066842e+01 +1.3183e+00 -2.0269e+00
760 +2.864427738e+00 +2.864427738e+00 +2.356442774e+01 +2.356442774e+01 -2.9927e+00 -2.0239e+00
1225 +1.788375364e+00 +1.788375364e+00 +2.248837536e+01 +2.248837536e+01 -3.5841e+00 -2.0269e+00
2165 +4.849741974e-02 +4.849741974e-02 +2.074849742e+01 +2.074849742e+01 -3.3521e+00 -2.0254e+00
2901 +3.609022321e-02 +3.609022321e-02 +2.073609022e+01 +2.073609022e+01 -3.6354e+00 -2.0256e+00
3289 +3.212021970e-03 +3.212021970e-03 +2.070321202e+01 +2.070321202e+01 -3.4626e+00 -2.0257e+00
4805 +2.026113635e-03 +2.026113635e-03 +2.070202611e+01 +2.070202611e+01 -3.4427e+00 -2.0256e+00
5055 +1.406593750e-03 +1.406593750e-03 +2.070140659e+01 +2.070140659e+01 -3.4888e+00 -2.0256e+00
5465 +4.278700994e-04 +4.278700994e-04 +2.070042787e+01 +2.070042787e+01 -3.4390e+00 -2.0256e+00
5700 +3.084354070e-04 +3.084354070e-04 +2.070030844e+01 +2.070030844e+01 -3.4595e+00 -2.0256e+00
5770 +4.120609233e-05 +4.120609233e-05 +2.070004121e+01 +2.070004121e+01 -3.4585e+00 -2.0256e+00
6722 +5.047907923e-06 +5.047907923e-06 +2.070000505e+01 +2.070000505e+01 -3.4567e+00 -2.0256e+00
9530 +3.937298647e-06 +3.937298647e-06 +2.070000394e+01 +2.070000394e+01 -3.4556e+00 -2.0256e+00
9634 +3.268957869e-07 +3.268957869e-07 +2.070000033e+01 +2.070000033e+01 -3.4549e+00 -2.0256e+00
11794 +1.621023600e-07 +1.621023600e-07 +2.070000016e+01 +2.070000016e+01 -3.4547e+00 -2.0256e+00
12648 +1.363312805e-07 +1.363312805e-07 +2.070000014e+01 +2.070000014e+01 -3.4543e+00 -2.0256e+00
12882 +4.965982470e-08 +4.965982470e-08 +2.070000005e+01 +2.070000005e+01 -3.4544e+00 -2.0256e+00
13522 +1.880991363e-09 +1.880991363e-09 +2.070000000e+01 +2.070000000e+01 -3.4544e+00 -2.0256e+00
% function evaluation | noise-free fitness - Fopt (3.807000000000e+01) | best noise-free fitness - Fopt | measured fitness | best measured fitness | x1 | x2...
1 +1.232423224e+07 +1.232423224e+07 +1.232427031e+07 +1.232427031e+07 -1.8145e+00 -2.6868e+00
3 +1.893500243e+06 +1.893500243e+06 +1.893538313e+06 +1.893538313e+06 +4.1968e+00 +2.1097e+00
13 +3.189685291e+03 +3.189685291e+03 +3.227755291e+03 +3.227755291e+03 -3.8731e+00 +7.8146e-01
22 +9.324580987e+02 +9.324580987e+02 +9.705280987e+02 +9.705280987e+02 -4.0309e+00 +8.6901e-01
231 +1.642734115e+02 +1.642734115e+02 +2.023434115e+02 +2.023434115e+02 -3.2201e-01 +8.5155e-01
256 +5.531632199e+01 +5.531632199e+01 +9.338632199e+01 +9.338632199e+01 -1.3183e-01 +8.4623e-01
306 +2.016071309e+01 +2.016071309e+01 +5.823071309e+01 +5.823071309e+01 -1.6361e+00 +8.4029e-01
318 +1.316300233e+01 +1.316300233e+01 +5.123300233e+01 +5.123300233e+01 -9.3013e-01 +8.3923e-01
730 +2.475053222e+00 +2.475053222e+00 +4.054505322e+01 +4.054505322e+01 +2.3300e+00 +8.3767e-01
837 +1.016389410e+00 +1.016389410e+00 +3.908638941e+01 +3.908638941e+01 +1.8044e+00 +8.3973e-01
1303 +5.912971170e-01 +5.912971170e-01 +3.866129712e+01 +3.866129712e+01 +2.7109e+00 +8.3840e-01
1535 +3.974584424e-01 +3.974584424e-01 +3.846745844e+01 +3.846745844e+01 +2.8273e+00 +8.3861e-01
1860 +1.349149344e-01 +1.349149344e-01 +3.820491493e+01 +3.820491493e+01 +2.9838e+00 +8.3895e-01
2020 +5.362837628e-02 +5.362837628e-02 +3.812362838e+01 +3.812362838e+01 +2.7319e+00 +8.3895e-01
3529 +3.441019363e-02 +3.441019363e-02 +3.810441019e+01 +3.810441019e+01 +2.5912e+00 +8.3905e-01
3551 +2.278697117e-02 +2.278697117e-02 +3.809278697e+01 +3.809278697e+01 +2.7632e+00 +8.3935e-01
3681 +1.277662653e-02 +1.277662653e-02 +3.808277663e+01 +3.808277663e+01 +2.6531e+00 +8.3929e-01
3775 +3.745886088e-03 +3.745886088e-03 +3.807374589e+01 +3.807374589e+01 +2.7679e+00 +8.3920e-01
4495 +5.657541637e-04 +5.657541637e-04 +3.807056575e+01 +3.807056575e+01 +2.7260e+00 +8.3920e-01
5463 +1.953367894e-05 +1.953367894e-05 +3.807001953e+01 +3.807001953e+01 +2.7011e+00 +8.3920e-01
6663 +8.722150085e-06 +8.722150085e-06 +3.807000872e+01 +3.807000872e+01 +2.7011e+00 +8.3920e-01
7703 +4.772759432e-06 +4.772759432e-06 +3.807000477e+01 +3.807000477e+01 +2.7037e+00 +8.3920e-01
8357 +3.840968361e-06 +3.840968361e-06 +3.807000384e+01 +3.807000384e+01 +2.7039e+00 +8.3920e-01
8419 +1.256990423e-06 +1.256990423e-06 +3.807000126e+01 +3.807000126e+01 +2.7037e+00 +8.3920e-01
8969 +6.517009794e-07 +6.517009794e-07 +3.807000065e+01 +3.807000065e+01 +2.7040e+00 +8.3920e-01
9218 +4.170551335e-07 +4.170551335e-07 +3.807000042e+01 +3.807000042e+01 +2.7038e+00 +8.3920e-01
10438 +3.790053640e-07 +3.790053640e-07 +3.807000038e+01 +3.807000038e+01 +2.7034e+00 +8.3920e-01
10649 +1.024182836e-07 +1.024182836e-07 +3.807000010e+01 +3.807000010e+01 +2.7032e+00 +8.3920e-01
11859 +6.536128438e-08 +6.536128438e-08 +3.807000007e+01 +3.807000007e+01 +2.7033e+00 +8.3920e-01
11878 +4.248950347e-08 +4.248950347e-08 +3.807000004e+01 +3.807000004e+01 +2.7034e+00 +8.3920e-01
12729 +3.019934525e-08 +3.019934525e-08 +3.807000003e+01 +3.807000003e+01 +2.7032e+00 +8.3920e-01
12889 +5.999446273e-09 +5.999446273e-09 +3.807000001e+01 +3.807000001e+01 +2.7032e+00 +8.3920e-01
% function evaluation | noise-free fitness - Fopt (-4.542000000000e+01) | best noise-free fitness - Fopt | measured fitness | best measured fitness | x1 | x2...
1 +7.337532437e+06 +7.337532437e+06 +7.337487017e+06 +7.337487017e+06 +3.1822e+00 -2.6959e+00
2 +3.876343614e+06 +3.876343614e+06 +3.876298194e+06 +3.876298194e+06 +2.2869e-01 -1.8276e+00
3 +5.024224862e+04 +5.024224862e+04 +5.019682862e+04 +5.019682862e+04 -2.1135e+00 +3.2249e-01
9 +1.666130660e+04 +1.666130660e+04 +1.661588660e+04 +1.661588660e+04 +7.8259e-01 +2.3250e-01
38 +1.292618403e+04 +1.292618403e+04 +1.288076403e+04 +1.288076403e+04 -9.3468e-01 +2.0498e-01
72 +1.259250189e+02 +1.259250189e+02 +8.050501890e+01 +8.050501890e+01 +1.9049e+00 +1.0954e-01
501 +2.422914269e+01 +2.422914269e+01 -2.119085731e+01 -2.119085731e+01 -9.3018e-01 +9.5698e-02
507 +9.006874636e+00 +9.006874636e+00 -3.641312536e+01 -3.641312536e+01 +7.2198e-01 +1.0020e-01
987 +3.647063979e+00 +3.647063979e+00 -4.177293602e+01 -4.177293602e+01 +2.4785e+00 +1.0020e-01
1462 +1.254157065e+00 +1.254157065e+00 -4.416584293e+01 -4.416584293e+01 +2.2384e+00 +9.7861e-02
2178 +4.217971087e-01 +4.217971087e-01 -4.499820289e+01 -4.499820289e+01 +2.8144e+00 +9.7940e-02
2360 +1.889044668e-01 +1.889044668e-01 -4.523109553e+01 -4.523109553e+01 +3.4921e+00 +9.8720e-02
2567 +6.515005404e-02 +6.515005404e-02 -4.535484995e+01 -4.535484995e+01 +3.3709e+00 +9.8185e-02
2887 +5.384854671e-02 +5.384854671e-02 -4.536615145e+01 -4.536615145e+01 +3.2720e+00 +9.8633e-02
2967 +1.606701165e-02 +1.606701165e-02 -4.540393299e+01 -4.540393299e+01 +3.2720e+00 +9.8289e-02
3458 +3.883814894e-03 +3.883814894e-03 -4.541611619e+01 -4.541611619e+01 +3.2758e+00 +9.8405e-02
4582 +6.279763757e-04 +6.279763757e-04 -4.541937202e+01 -4.541937202e+01 +3.2092e+00 +9.8425e-02
4752 +2.999279633e-05 +2.999279633e-05 -4.541997001e+01 -4.541997001e+01 +3.2037e+00 +9.8400e-02
7611 +2.675200328e-06 +2.675200328e-06 -4.541999732e+01 -4.541999732e+01 +3.2080e+00 +9.8399e-02
9536 +5.038361195e-08 +5.038361195e-08 -4.541999995e+01 -4.541999995e+01 +3.2086e+00 +9.8400e-02
12905 +1.186538867e-08 +1.186538867e-08 -4.541999999e+01 -4.541999999e+01 +3.2089e+00 +9.8400e-02
13142 +5.125606606e-09 +5.125606606e-09 -4.541999999e+01 -4.541999999e+01 +3.2089e+00 +9.8400e-02
% function evaluation | noise-free fitness - Fopt (6.695000000000e+01) | best noise-free fitness - Fopt | measured fitness | best measured fitness | x1 | x2...
1 +2.512614700e+07 +2.512614700e+07 +2.512621395e+07 +2.512621395e+07 +3.6452e-01 -3.7604e+00
2 +2.104618858e+07 +2.104618858e+07 +2.104625553e+07 +2.104625553e+07 -3.1684e+00 -3.2387e+00
3 +1.484546433e+06 +1.484546433e+06 +1.484613383e+06 +1.484613383e+06 -2.5484e+00 +2.3127e-01
6 +7.094259354e+05 +7.094259354e+05 +7.094928854e+05 +7.094928854e+05 +2.7090e+00 +4.9957e-01
7 +2.635091524e+05 +2.635091524e+05 +2.635761024e+05 +2.635761024e+05 +9.5047e-01 +8.5676e-01
8 +1.277426623e+04 +1.277426623e+04 +1.284121623e+04 +1.284121623e+04 -2.0704e+00 +1.4898e+00
9 +7.594302608e+03 +7.594302608e+03 +7.661252608e+03 +7.661252608e+03 -1.7339e+00 +1.2909e+00
12 +3.817866613e+03 +3.817866613e+03 +3.884816613e+03 +3.884816613e+03 +4.6436e+00 +1.4498e+00
47 +1.079909763e+03 +1.079909763e+03 +1.146859763e+03 +1.146859763e+03 +1.9505e+00 +1.4199e+00
144 +8.504058844e+02 +8.504058844e+02 +9.173558844e+02 +9.173558844e+02 +3.9546e+00 +1.3556e+00
249 +3.977894758e+01 +3.977894758e+01 +1.067289476e+02 +1.067289476e+02 -2.3476e+00 +1.3903e+00
489 +1.013763937e+01 +1.013763937e+01 +7.708763937e+01 +7.708763937e+01 -2.3476e+00 +1.3866e+00
649 +6.613613986e+00 +6.613613986e+00 +7.356361399e+01 +7.356361399e+01 -6.9090e-01 +1.3866e+00
903 +4.964188314e+00 +4.964188314e+00 +7.191418831e+01 +7.191418831e+01 +6.9320e-02 +1.3818e+00
1394 +2.693798836e+00 +2.693798836e+00 +6.964379884e+01 +6.964379884e+01 +8.5123e-01 +1.3831e+00
1441 +1.773698329e+00 +1.773698329e+00 +6.872369833e+01 +6.872369833e+01 +6.6486e-01 +1.3841e+00
1849 +2.870934771e-02 +2.870934771e-02 +6.697870935e+01 +6.697870935e+01 -6.9090e-01 +1.3839e+00
2169 +3.292379191e-03 +3.292379191e-03 +6.695329238e+01 +6.695329238e+01 -5.3674e-01 +1.3839e+00
3639 +8.654947908e-04 +8.654947908e-04 +6.695086549e+01 +6.695086549e+01 -5.4456e-01 +1.3840e+00
4662 +1.712949654e-04 +1.712949654e-04 +6.695017129e+01 +6.695017129e+01 -5.3681e-01 +1.3840e+00
5077 +1.348676599e-04 +1.348676599e-04 +6.695013487e+01 +6.695013487e+01 -5.5254e-01 +1.3840e+00
5639 +4.998439843e-05 +4.998439843e-05 +6.695004998e+01 +6.695004998e+01 -5.4456e-01 +1.3840e+00
6914 +1.497625826e-05 +1.497625826e-05 +6.695001498e+01 +6.695001498e+01 -5.4298e-01 +1.3840e+00
7877 +8.371795943e-06 +8.371795943e-06 +6.695000837e+01 +6.695000837e+01 -5.4353e-01 +1.3840e+00
7879 +5.712709338e-06 +5.712709338e-06 +6.695000571e+01 +6.695000571e+01 -5.3986e-01 +1.3840e+00
8163 +2.882626063e-06 +2.882626063e-06 +6.695000288e+01 +6.695000288e+01 -5.4247e-01 +1.3840e+00
8514 +8.177723458e-07 +8.177723458e-07 +6.695000082e+01 +6.695000082e+01 -5.4169e-01 +1.3840e+00
9930 +3.290187180e-07 +3.290187180e-07 +6.695000033e+01 +6.695000033e+01 -5.4061e-01 +1.3840e+00
10567 +1.724963283e-07 +1.724963283e-07 +6.695000017e+01 +6.695000017e+01 -5.4040e-01 +1.3840e+00
11527 +1.736438549e-08 +1.736438549e-08 +6.695000002e+01 +6.695000002e+01 -5.4068e-01 +1.3840e+00
11767 +1.225332369e-08 +1.225332369e-08 +6.695000001e+01 +6.695000001e+01 -5.4068e-01 +1.3840e+00
12504 +4.843485613e-09 +4.843485613e-09 +6.695000000e+01 +6.695000000e+01 -5.4077e-01 +1.3840e+00
% function evaluation | noise-free fitness - Fopt (5.832000000000e+01) | best noise-free fitness - Fopt | measured fitness | best measured fitness | x1 | x2...
1 +5.530776854e+07 +5.530776854e+07 +5.530782686e+07 +5.530782686e+07 -2.5836e+00 +3.8182e+00
2 +2.660345156e+07 +2.660345156e+07 +2.660350988e+07 +2.660350988e+07 +3.8959e+00 +1.9271e+00
3 +5.438647818e+06 +5.438647818e+06 +5.438706138e+06 +5.438706138e+06 -2.8019e-01 -1.0772e+00
4 +3.237088418e+06 +3.237088418e+06 +3.237146738e+06 +3.237146738e+06 +3.8684e+00 -1.4147e+00
6 +2.073507888e+06 +2.073507888e+06 +2.073566208e+06 +2.073566208e+06 -2.0495e+00 -1.7924e+00
7 +2.984942697e+05 +2.984942697e+05 +2.985525897e+05 +2.985525897e+05 -2.7689e+00 -3.8735e+00
17 +1.257991419e+05 +1.257991419e+05 +1.258574619e+05 +1.258574619e+05 -8.3888e-01 -2.9380e+00
20 +6.080522930e+04 +6.080522930e+04 +6.086354930e+04 +6.086354930e+04 -1.0085e+00 -3.5440e+00
50 +3.462193609e+04 +3.462193609e+04 +3.468025609e+04 +3.468025609e+04 -1.2608e+00 -3.4751e+00
92 +4.065695461e+03 +4.065695461e+03 +4.124015461e+03 +4.124015461e+03 +1.5115e+00 -3.2272e+00
151 +6.746209001e+01 +6.746209001e+01 +1.257820900e+02 +1.257820900e+02 -2.2377e+00 -3.3027e+00
671 +5.036687624e+01 +5.036687624e+01 +1.086868762e+02 +1.086868762e+02 -1.2793e-01 -3.3027e+00
751 +3.561276497e+01 +3.561276497e+01 +9.393276497e+01 +9.393276497e+01 +3.6959e+00 -3.3027e+00
1079 +8.351798928e+00 +8.351798928e+00 +6.667179893e+01 +6.667179893e+01 +5.0000e+00 -3.2944e+00
1479 +3.857034291e+00 +3.857034291e+00 +6.217703429e+01 +6.217703429e+01 +3.3947e+00 -3.2949e+00
1551 +2.107086347e+00 +2.107086347e+00 +6.042708635e+01 +6.042708635e+01 +5.0000e+00 -3.2964e+00
2005 +5.934112347e-01 +5.934112347e-01 +5.891341123e+01 +5.891341123e+01 +4.2299e+00 -3.2973e+00
2165 +3.092281191e-01 +3.092281191e-01 +5.862922812e+01 +5.862922812e+01 +3.5906e+00 -3.2973e+00
3372 +2.274263489e-01 +2.274263489e-01 +5.854742635e+01 +5.854742635e+01 +3.9593e+00 -3.2964e+00
4488 +1.434721839e-01 +1.434721839e-01 +5.846347218e+01 +5.846347218e+01 +3.3390e+00 -3.2968e+00
4748 +4.723740349e-02 +4.723740349e-02 +5.836723740e+01 +5.836723740e+01 +3.7161e+00 -3.2970e+00
4908 +2.376571000e-02 +2.376571000e-02 +5.834376571e+01 +5.834376571e+01 +3.7161e+00 -3.2970e+00
5224 +4.141506610e-03 +4.141506610e-03 +5.832414151e+01 +5.832414151e+01 +3.6855e+00 -3.2967e+00
5366 +2.453724003e-03 +2.453724003e-03 +5.832245372e+01 +5.832245372e+01 +3.6946e+00 -3.2968e+00
6512 +1.320963187e-03 +1.320963187e-03 +5.832132096e+01 +5.832132096e+01 +3.6843e+00 -3.2968e+00
6518 +9.521429584e-04 +9.521429584e-04 +5.832095214e+01 +5.832095214e+01 +3.6818e+00 -3.2968e+00
7958 +4.376842399e-04 +4.376842399e-04 +5.832043768e+01 +5.832043768e+01 +3.6853e+00 -3.2968e+00
8038 +6.874697662e-05 +6.874697662e-05 +5.832006875e+01 +5.832006875e+01 +3.7059e+00 -3.2968e+00
8732 +3.703369644e-05 +3.703369644e-05 +5.832003703e+01 +5.832003703e+01 +3.7117e+00 -3.2968e+00
9452 +9.425420053e-06 +9.425420053e-06 +5.832000943e+01 +5.832000943e+01 +3.7085e+00 -3.2968e+00
10585 +4.936620151e-06 +4.936620151e-06 +5.832000494e+01 +5.832000494e+01 +3.7047e+00 -3.2968e+00
10597 +3.507573112e-06 +3.507573112e-06 +5.832000351e+01 +5.832000351e+01 +3.7074e+00 -3.2968e+00
10837 +7.049565625e-07 +7.049565625e-07 +5.832000070e+01 +5.832000070e+01 +3.7060e+00 -3.2968e+00
11318 +2.744739973e-07 +2.744739973e-07 +5.832000027e+01 +5.832000027e+01 +3.7060e+00 -3.2968e+00
11718 +2.112851050e-07 +2.112851050e-07 +5.832000021e+01 +5.832000021e+01 +3.7060e+00 -3.2968e+00
12803 +7.658493928e-08 +7.658493928e-08 +5.832000008e+01 +5.832000008e+01 +3.7059e+00 -3.2968e+00
12892 +5.994635899e-10 +5.994635899e-10 +5.832000000e+01 +5.832000000e+01 +3.7056e+00 -3.2968e+00
% function evaluation | noise-free fitness - Fopt (1.932700000000e+02) | best noise-free fitness - Fopt | measured fitness | best measured fitness | x1 | x2...
1 +1.292383123e+07 +1.292383123e+07 +1.292402450e+07 +1.292402450e+07 +4.6347e+00 +3.1654e-01
2 +1.380892215e+05 +1.380892215e+05 +1.382824915e+05 +1.382824915e+05 +1.0182e+00 -3.6993e+00
27 +5.261428740e+04 +5.261428740e+04 +5.280755740e+04 +5.280755740e+04 -4.4951e+00 -3.5683e+00
38 +1.461805850e+04 +1.461805850e+04 +1.481132850e+04 +1.481132850e+04 +4.4168e+00 -3.2193e+00
42 +2.578042891e+01 +2.578042891e+01 +2.190504289e+02 +2.190504289e+02 +2.0182e+00 -3.3439e+00
782 +2.993097770e+00 +2.993097770e+00 +1.962630978e+02 +1.962630978e+02 +4.7247e-01 -3.3395e+00
1371 +1.743615350e+00 +1.743615350e+00 +1.950136153e+02 +1.950136153e+02 +1.6038e+00 -3.3380e+00
1683 +1.578069211e-01 +1.578069211e-01 +1.934278069e+02 +1.934278069e+02 +2.4598e+00 -3.3392e+00
1846 +9.533299619e-02 +9.533299619e-02 +1.933653330e+02 +1.933653330e+02 +2.3045e+00 -3.3390e+00
2323 +8.715670853e-03 +8.715670853e-03 +1.932787157e+02 +1.932787157e+02 +2.1276e+00 -3.3392e+00
4118 +4.486984107e-03 +4.486984107e-03 +1.932744870e+02 +1.932744870e+02 +1.9650e+00 -3.3392e+00
4248 +2.662925894e-03 +2.662925894e-03 +1.932726629e+02 +1.932726629e+02 +2.0618e+00 -3.3392e+00
4403 +6.555975222e-04 +6.555975222e-04 +1.932706556e+02 +1.932706556e+02 +2.0582e+00 -3.3392e+00
4913 +3.469447856e-04 +3.469447856e-04 +1.932703469e+02 +1.932703469e+02 +2.0393e+00 -3.3392e+00
5286 +1.067366603e-04 +1.067366603e-04 +1.932701067e+02 +1.932701067e+02 +2.0354e+00 -3.3392e+00
6004 +4.239347430e-05 +4.239347430e-05 +1.932700424e+02 +1.932700424e+02 +2.0425e+00 -3.3392e+00
6724 +3.224619263e-05 +3.224619263e-05 +1.932700322e+02 +1.932700322e+02 +2.0368e+00 -3.3392e+00
7930 +4.206087567e-07 +4.206087567e-07 +1.932700004e+02 +1.932700004e+02 +2.0390e+00 -3.3392e+00
10566 +1.743794655e-07 +1.743794655e-07 +1.932700002e+02 +1.932700002e+02 +2.0385e+00 -3.3392e+00
11078 +7.352707598e-08 +7.352707598e-08 +1.932700001e+02 +1.932700001e+02 +2.0382e+00 -3.3392e+00
11135 +2.852107173e-08 +2.852107173e-08 +1.932700000e+02 +1.932700000e+02 +2.0385e+00 -3.3392e+00
11288 +5.381821211e-09 +5.381821211e-09 +1.932700000e+02 +1.932700000e+02 +2.0384e+00 -3.3392e+00
% function evaluation | noise-free fitness - Fopt (-4.190100000000e+02) | best noise-free fitness - Fopt | measured fitness | best measured fitness | x1 | x2...
1 +4.828890428e+01 +4.828890428e+01 -3.707210957e+02 -3.707210957e+02 +1.0444e+00 +3.0129e+00
219 +1.481539584e+01 +1.481539584e+01 -4.041946042e+02 -4.041946042e+02 -2.0702e-01 +3.0047e+00
819 +4.981145531e+00 +4.981145531e+00 -4.140288545e+02 -4.140288545e+02 -2.1783e+00 +3.0090e+00
1379 +3.794930083e+00 +3.794930083e+00 -4.152150699e+02 -4.152150699e+02 -4.0041e+00 +3.0090e+00
1620 +1.406882915e+00 +1.406882915e+00 -4.176031171e+02 -4.176031171e+02 -4.1981e+00 +3.0081e+00
2265 +8.799526787e-01 +8.799526787e-01 -4.181300473e+02 -4.181300473e+02 -4.0683e+00 +3.0078e+00
2349 +1.614218336e-01 +1.614218336e-01 -4.188485782e+02 -4.188485782e+02 -2.9268e+00 +3.0071e+00
2823 +8.286803494e-02 +8.286803494e-02 -4.189271320e+02 -4.189271320e+02 -3.5905e+00 +3.0073e+00
3313 +6.297565500e-02 +6.297565500e-02 -4.189470243e+02 -4.189470243e+02 -3.5217e+00 +3.0071e+00
3931 +6.036168450e-03 +6.036168450e-03 -4.190039638e+02 -4.190039638e+02 -3.2916e+00 +3.0071e+00
4088 +3.140957357e-04 +3.140957357e-04 -4.190096859e+02 -4.190096859e+02 -3.3057e+00 +3.0072e+00
6502 +6.696408064e-05 +6.696408064e-05 -4.190099330e+02 -4.190099330e+02 -3.3247e+00 +3.0072e+00
6969 +5.833245615e-05 +5.833245615e-05 -4.190099417e+02 -4.190099417e+02 -3.3323e+00 +3.0072e+00
7073 +6.172297560e-06 +6.172297560e-06 -4.190099938e+02 -4.190099938e+02 -3.3265e+00 +3.0072e+00
8109 +9.961303249e-08 +9.961303249e-08 -4.190099999e+02 -4.190099999e+02 -3.3243e+00 +3.0072e+00
11869 +3.266472959e-08 +3.266472959e-08 -4.190100000e+02 -4.190100000e+02 -3.3242e+00 +3.0072e+00
12189 +2.432210522e-08 +2.432210522e-08 -4.190100000e+02 -4.190100000e+02 -3.3242e+00 +3.0072e+00
14169 +4.935770903e-09 +4.935770903e-09 -4.190100000e+02 -4.190100000e+02 -3.3240e+00 +3.0072e+00
% function evaluation | noise-free fitness - Fopt (4.076100000000e+02) | best noise-free fitness - Fopt | measured fitness | best measured fitness | x1 | x2...
1 +8.206420286e+05 +8.206420286e+05 +8.210496386e+05 +8.210496386e+05 +3.4298e+00 -2.3906e+00
6 +5.147807707e+05 +5.147807707e+05 +5.151883807e+05 +5.151883807e+05 -4.4889e+00 -2.5742e+00
25 +2.376776872e+03 +2.376776872e+03 +2.784386872e+03 +2.784386872e+03 +3.7490e+00 -3.3845e+00
49 +2.662850198e+02 +2.662850198e+02 +6.738950198e+02 +6.738950198e+02 +3.3342e+00 -3.3220e+00
114 +4.672850038e+01 +4.672850038e+01 +4.543385004e+02 +4.543385004e+02 -5.0000e+00 -3.3334e+00
358 +2.338667995e+00 +2.338667995e+00 +4.099486680e+02 +4.099486680e+02 +5.0753e-01 -3.3372e+00
917 +1.009533323e+00 +1.009533323e+00 +4.086195333e+02 +4.086195333e+02 +5.8732e-01 -3.3384e+00
1209 +2.283544856e-01 +2.283544856e-01 +4.078383545e+02 +4.078383545e+02 -2.4622e-01 -3.3388e+00
2357 +2.584602468e-03 +2.584602468e-03 +4.076125846e+02 +4.076125846e+02 -3.6838e-01 -3.3384e+00
3362 +1.828758524e-03 +1.828758524e-03 +4.076118288e+02 +4.076118288e+02 -4.0979e-01 -3.3384e+00
4882 +3.105593123e-05 +3.105593123e-05 +4.076100311e+02 +4.076100311e+02 -4.1186e-01 -3.3384e+00
7846 +2.470115498e-05 +2.470115498e-05 +4.076100247e+02 +4.076100247e+02 -4.1904e-01 -3.3384e+00
8019 +7.189466828e-06 +7.189466828e-06 +4.076100072e+02 +4.076100072e+02 -4.1443e-01 -3.3384e+00
8179 +1.074520185e-06 +1.074520185e-06 +4.076100011e+02 +4.076100011e+02 -4.1443e-01 -3.3384e+00
8642 +5.013652071e-07 +5.013652071e-07 +4.076100005e+02 +4.076100005e+02 -4.1575e-01 -3.3384e+00
10414 +2.954100751e-07 +2.954100751e-07 +4.076100003e+02 +4.076100003e+02 -4.1568e-01 -3.3384e+00
10600 +1.628096697e-07 +1.628096697e-07 +4.076100002e+02 +4.076100002e+02 -4.1530e-01 -3.3384e+00
10676 +5.433906836e-08 +5.433906836e-08 +4.076100001e+02 +4.076100001e+02 -4.1532e-01 -3.3384e+00
11298 +3.497945045e-08 +3.497945045e-08 +4.076100000e+02 +4.076100000e+02 -4.1538e-01 -3.3384e+00
11934 +2.119134024e-08 +2.119134024e-08 +4.076100000e+02 +4.076100000e+02 -4.1528e-01 -3.3384e+00
12200 +1.056707788e-08 +1.056707788e-08 +4.076100000e+02 +4.076100000e+02 -4.1530e-01 -3.3384e+00
12751 +9.139000667e-09 +9.139000667e-09 +4.076100000e+02 +4.076100000e+02 -4.1513e-01 -3.3384e+00
% function evaluation | noise-free fitness - Fopt (2.872000000000e+01) | best noise-free fitness - Fopt | measured fitness | best measured fitness | x1 | x2...
1 +1.112822778e+07 +1.112822778e+07 +1.112825650e+07 +1.112825650e+07 +2.1292e-01 +3.4188e-01
2 +8.560767880e+06 +8.560767880e+06 +8.560796600e+06 +8.560796600e+06 -2.8082e+00 -1.2467e-01
5 +2.759619668e+06 +2.759619668e+06 +2.759648388e+06 +2.759648388e+06 +7.6559e-01 -1.3002e+00
9 +2.403485459e+06 +2.403485459e+06 +2.403514179e+06 +2.403514179e+06 -1.9630e+00 -4.5027e+00
14 +9.630687036e+04 +9.630687036e+04 +9.633559036e+04 +9.633559036e+04 +3.1497e+00 -2.7833e+00
71 +3.296121456e+03 +3.296121456e+03 +3.324841456e+03 +3.324841456e+03 +4.1479e+00 -3.1446e+00
125 +1.488739401e+03 +1.488739401e+03 +1.517459401e+03 +1.517459401e+03 +1.8451e+00 -3.0445e+00
139 +2.612482144e+02 +2.612482144e+02 +2.899682144e+02 +2.899682144e+02 -2.2742e+00 -3.0687e+00
142 +3.113879521e+01 +3.113879521e+01 +5.985879521e+01 +5.985879521e+01 -7.8099e-01 -3.0797e+00
937 +4.306715494e+00 +4.306715494e+00 +3.302671549e+01 +3.302671549e+01 -6.1900e-01 -3.0852e+00
1029 +1.958843958e+00 +1.958843958e+00 +3.067884396e+01 +3.067884396e+01 +1.7711e-01 -3.0843e+00
1473 +5.756059713e-02 +5.756059713e-02 +2.877756060e+01 +2.877756060e+01 +1.2963e+00 -3.0846e+00
3153 +1.628392741e-02 +1.628392741e-02 +2.873628393e+01 +2.873628393e+01 +1.2963e+00 -3.0849e+00
3537 +9.430244108e-03 +9.430244108e-03 +2.872943024e+01 +2.872943024e+01 +1.4023e+00 -3.0847e+00
4014 +1.886271451e-03 +1.886271451e-03 +2.872188627e+01 +2.872188627e+01 +1.4341e+00 -3.0848e+00
4753 +4.219492410e-04 +4.219492410e-04 +2.872042195e+01 +2.872042195e+01 +1.4086e+00 -3.0848e+00
5369 +6.356471662e-06 +6.356471662e-06 +2.872000636e+01 +2.872000636e+01 +1.3927e+00 -3.0848e+00
5609 +3.830725081e-06 +3.830725081e-06 +2.872000383e+01 +2.872000383e+01 +1.3940e+00 -3.0848e+00
9386 +2.234881588e-06 +2.234881588e-06 +2.872000223e+01 +2.872000223e+01 +1.3954e+00 -3.0848e+00
9766 +1.308858877e-06 +1.308858877e-06 +2.872000131e+01 +2.872000131e+01 +1.3933e+00 -3.0848e+00
9846 +9.582775462e-08 +9.582775462e-08 +2.872000010e+01 +2.872000010e+01 +1.3944e+00 -3.0848e+00
10675 +5.426024074e-09 +5.426024074e-09 +2.872000001e+01 +2.872000001e+01 +1.3943e+00 -3.0848e+00
