% function evaluation | noise-free fitness - Fopt (-5.235000000000e+01) | best noise-free fitness - Fopt | measured fitness | best measured fitness | x1 | x2...
1 +1.192523633e+02 +1.192523633e+02 +6.690236335e+01 +6.690236335e+01 -5.0322e-01 +4.5136e+00 +2.1830e+00 +1.0724e-01 +1.7617e+00
2 +4.280029028e+01 +4.280029028e+01 -9.549709725e+00 -9.549709725e+00 -1.5750e+00 -4.3107e+00 +3.2051e+00 +2.5425e-01 +4.0158e+00
4 +1.331625281e+01 +1.331625281e+01 -3.903374719e+01 -3.903374719e+01 -2.8817e+00 +3.7918e+00 +1.2033e+00 -4.4027e+00 -1.9448e+00
15 +5.980597692e+00 +5.980597692e+00 -4.636940231e+01 -4.636940231e+01 -2.0173e+00 +2.0595e+00 +3.6481e+00 -3.1867e+00 +1.2298e+00
152 +3.338784475e+00 +3.338784475e+00 -4.901121552e+01 -4.901121552e+01 -2.4255e+00 -3.2924e+00 +2.2529e+00 -2.2217e+00 -1.5913e+00
161 +2.358743580e+00 +2.358743580e+00 -4.999125642e+01 -4.999125642e+01 +3.2204e-01 -1.5923e+00 +2.0329e+00 -1.0020e+00 -1.9956e+00
169 +7.071847258e-01 +7.071847258e-01 -5.164281527e+01 -5.164281527e+01 -1.0187e+00 -2.1080e+00 +2.8560e+00 -1.8308e+00 -1.4467e+00
196 +6.070734280e-01 +6.070734280e-01 -5.174292657e+01 -5.174292657e+01 -8.9542e-01 -1.1468e+00 +1.9779e+00 -1.7541e+00 -1.0436e+00
268 +3.860486534e-01 +3.860486534e-01 -5.196395135e+01 -5.196395135e+01 -1.0763e+00 -1.6016e+00 +2.5650e+00 -2.8895e+00 -1.0423e+00
406 +1.962309255e-01 +1.962309255e-01 -5.215376907e+01 -5.215376907e+01 -1.2111e+00 -1.2502e+00 +2.5109e+00 -2.5455e+00 -1.2430e+00
1432 +1.198117097e-01 +1.198117097e-01 -5.223018829e+01 -5.223018829e+01 -1.0397e+00 -1.3807e+00 +2.6641e+00 -2.1313e+00 -1.4031e+00
3862 +6.172616057e-02 +6.172616057e-02 -5.228827384e+01 -5.228827384e+01 -9.0892e-01 -1.3488e+00 +2.5368e+00 -2.2389e+00 -1.4074e+00
10834 +1.505598840e-02 +1.505598840e-02 -5.233494401e+01 -5.233494401e+01 -8.2003e-01 -1.1916e+00 +2.4875e+00 -2.3799e+00 -1.6070e+00
% function evaluation | noise-free fitness - Fopt (-1.795400000000e+02) | best noise-free fitness - Fopt | measured fitness | best measured fitness | x1 | x2...
1 +2.074519078e+02 +2.074519078e+02 +2.791190778e+01 +2.791190778e+01 -2.2786e-02 -3.8313e+00 -2.8384e+00 +6.5781e-01 -2.0250e+00
3 +1.176837843e+02 +1.176837843e+02 -6.185621573e+01 -6.185621573e+01 +4.0803e+00 -1.0677e+00 -4.0416e+00 -1.7753e+00 +1.0480e+00
8 +4.241875207e+01 +4.241875207e+01 -1.371212479e+02 -1.371212479e+02 -4.6948e+00 +3.6185e+00 +4.9143e+00 +2.1968e+00 -2.4126e+00
9 +2.240274288e+01 +2.240274288e+01 -1.571372571e+02 -1.571372571e+02 +8.0720e-01 +3.8183e+00 +2.2430e-01 +4.0263e+00 -3.3255e+00
14 +9.029542752e+00 +9.029542752e+00 -1.705104572e+02 -1.705104572e+02 +2.6249e+00 +3.4469e+00 -1.9565e+00 +3.4226e+00 +9.9756e-01
102 +5.605314071e+00 +5.605314071e+00 -1.739346859e+02 -1.739346859e+02 +2.1984e+00 -1.5938e+00 -2.7761e-01 +9.5401e-01 +5.0000e+00
119 +3.052595398e+00 +3.052595398e+00 -1.764874046e+02 -1.764874046e+02 +8.4100e-01 -6.8593e-01 -1.6869e+00 +1.2501e+00 +4.0482e+00
139 +2.099007922e+00 +2.099007922e+00 -1.774409921e+02 -1.774409921e+02 +5.7594e-01 +6.7753e-01 -2.9006e+00 +2.7062e+00 +1.9432e+00
157 +1.175813064e+00 +1.175813064e+00 -1.783641869e+02 -1.783641869e+02 +1.3842e+00 +3.4871e-01 -4.0903e+00 +1.9486e+00 +2.7635e+00
159 +9.163056979e-01 +9.163056979e-01 -1.786236943e+02 -1.786236943e+02 +1.1828e+00 -4.8416e-02 -3.7249e+00 +2.2165e+00 +2.8496e+00
160 +5.810865088e-01 +5.810865088e-01 -1.789589135e+02 -1.789589135e+02 +8.3950e-01 +4.5769e-01 -3.8013e+00 +2.3587e+00 +3.2745e+00
199 +1.632982689e-01 +1.632982689e-01 -1.793767017e+02 -1.793767017e+02 +5.6304e-01 +7.4097e-01 -3.6098e+00 +2.0838e+00 +4.1017e+00
354 +7.008584538e-02 +7.008584538e-02 -1.794699142e+02 -1.794699142e+02 +1.0020e+00 +6.9833e-01 -3.4958e+00 +2.6994e+00 +3.9821e+00
3399 +3.926687493e-02 +3.926687493e-02 -1.795007331e+02 -1.795007331e+02 +6.8239e-01 +7.2602e-01 -3.4758e+00 +2.5541e+00 +4.0685e+00
% function evaluation | noise-free fitness - Fopt (7.731000000000e+01) | best noise-free fitness - Fopt | measured fitness | best measured fitness | x1 | x2...
1 +2.798156017e+01 +2.798156017e+01 +1.052915602e+02 +1.052915602e+02 -4.6524e+00 +1.5080e-01 -4.1248e+00 -1.6006e+00 +4.1992e+00
4 +1.538422674e+01 +1.538422674e+01 +9.269422674e+01 +9.269422674e+01 +3.6682e+00 -4.3104e+00 -1.3502e+00 -2.4401e+00 -1.1649e+00
21 +9.713322666e+00 +9.713322666e+00 +8.702332267e+01 +8.702332267e+01 -4.5502e+00 +1.5335e+00 -4.6146e-01 +5.8171e-01 -3.2628e+00
102 +6.092660835e+00 +6.092660835e+00 +8.340266083e+01 +8.340266083e+01 -2.9440e+00 +5.7582e-01 -1.1712e+00 -7.1094e-02 -2.7174e+00
111 +3.302789393e+00 +3.302789393e+00 +8.061278939e+01 +8.061278939e+01 -1.2732e+00 -1.0934e-01 -1.4240e+00 -2.9430e-01 -2.0063e-01
142 +1.230880580e+00 +1.230880580e+00 +7.854088058e+01 +7.854088058e+01 +4.1878e-01 -9.5779e-01 -1.2659e+00 -9.2579e-01 +4.8775e-01
183 +1.394863967e-01 +1.394863967e-01 +7.744948640e+01 +7.744948640e+01 +6.0459e-01 -4.2669e-01 -2.2433e+00 -2.0815e+00 +1.0587e+00
1621 +6.955525164e-02 +6.955525164e-02 +7.737955525e+01 +7.737955525e+01 +7.9113e-01 -6.1867e-01 -2.3488e+00 -1.6784e+00 +1.1499e+00
5859 +5.018204019e-02 +5.018204019e-02 +7.736018204e+01 +7.736018204e+01 +1.0845e+00 -6.1127e-01 -2.1647e+00 -1.8445e+00 +9.0336e-01
17623 +2.029260321e-02 +2.029260321e-02 +7.733029260e+01 +7.733029260e+01 +9.3770e-01 -7.9459e-01 -1.9330e+00 -1.8063e+00 +9.8950e-01
31043 +1.245776098e-02 +1.245776098e-02 +7.732245776e+01 +7.732245776e+01 +9.6162e-01 -4.7463e-01 -2.1647e+00 -1.9339e+00 +9.8316e-01
% function evaluation | noise-free fitness - Fopt (3.992000000000e+01) | best noise-free fitness - Fopt | measured fitness | best measured fitness | x1 | x2...
1 +3.472841537e+01 +3.472841537e+01 +7.464841537e+01 +7.464841537e+01 +3.9033e+00 +4.1169e+00 +3.7263e+00 -1.5889e+00 +2.4833e+00
3 +6.370577345e+00 +6.370577345e+00 +4.629057735e+01 +4.629057735e+01 +1.5749e+00 +2.2530e-01 +1.9113e+00 -3.7856e-01 +1.6507e+00
20 +6.107458782e+00 +6.107458782e+00 +4.602745878e+01 +4.602745878e+01 -7.8164e-01 -7.8672e-02 +1.5824e+00 -1.4265e-02 +6.0568e-01
39796 +3.744754008e+00 +3.744754008e+00 +4.366475401e+01 +4.366475401e+01 +2.8065e+00 +1.2248e-03 +8.0823e-01 -2.8845e-02 -2.9099e-01
% function evaluation | noise-free fitness - Fopt (-5.661000000000e+01) | best noise-free fitness - Fopt | measured fitness | best measured fitness | x1 | x2...
1 +7.172894061e+01 +7.172894061e+01 +1.511894061e+01 +1.511894061e+01 +3.3133e+00 +3.7085e-01 -2.1440e+00 -2.0126e-01 +4.4068e+00
2 +2.157272569e+01 +2.157272569e+01 -3.503727431e+01 -3.503727431e+01 +1.3935e-01 -2.7347e-03 +2.5139e-01 -4.5004e+00 -7.3183e-01
6 +7.752674467e+00 +7.752674467e+00 -4.885732553e+01 -4.885732553e+01 +3.4275e+00 +3.5516e+00 +3.7356e+00 +8.3454e-01 -3.5339e+00
19 +5.387183379e+00 +5.387183379e+00 -5.122281662e+01 -5.122281662e+01 +3.0366e+00 +8.0034e-01 +4.1947e+00 -1.2385e+00 -1.9117e+00
139 +3.731099904e+00 +3.731099904e+00 -5.287890010e+01 -5.287890010e+01 +5.0000e+00 +3.1425e+00 +4.0182e+00 -1.5482e+00 -2.2678e+00
141 +2.239215977e+00 +2.239215977e+00 -5.437078402e+01 -5.437078402e+01 +4.0301e+00 +3.4845e+00 +3.5059e+00 -2.3828e+00 -2.8798e+00
151 +1.327806977e+00 +1.327806977e+00 -5.528219302e+01 -5.528219302e+01 +2.2001e+00 +2.7794e+00 +2.8481e+00 -2.2275e+00 -2.0910e+00
185 +1.412412990e-01 +1.412412990e-01 -5.646875870e+01 -5.646875870e+01 +1.9655e+00 +3.2074e+00 +2.6821e+00 -3.2653e+00 -3.1926e+00
1073 +8.653621444e-02 +8.653621444e-02 -5.652346379e+01 -5.652346379e+01 +2.0428e+00 +2.7771e+00 +3.4856e+00 -3.4691e+00 -2.9381e+00
3460 +5.867824541e-02 +5.867824541e-02 -5.655132175e+01 -5.655132175e+01 +1.9449e+00 +3.0720e+00 +3.1143e+00 -3.1583e+00 -3.3883e+00
21352 +3.840187898e-02 +3.840187898e-02 -5.657159812e+01 -5.657159812e+01 +1.9868e+00 +2.8607e+00 +3.1074e+00 -3.3119e+00 -2.9549e+00
% function evaluation | noise-free fitness - Fopt (5.134000000000e+01) | best noise-free fitness - Fopt | measured fitness | best measured fitness | x1 | x2...
1 +1.077568083e+02 +1.077568083e+02 +1.590968083e+02 +1.590968083e+02 -3.8944e+00 -1.7604e+00 +2.7486e+00 -4.9453e+00 +8.3194e-01
2 +7.534439265e+01 +7.534439265e+01 +1.266843927e+02 +1.266843927e+02 -4.5857e+00 +6.8829e-01 +3.6480e+00 +2.4074e-03 -3.3720e+00
3 +1.834037144e+01 +1.834037144e+01 +6.968037144e+01 +6.968037144e+01 +7.2187e-01 +3.3671e+00 +2.6661e+00 -3.1652e+00 +4.0467e+00
8 +5.223828501e+00 +5.223828501e+00 +5.656382850e+01 +5.656382850e+01 -1.3789e+00 -2.6016e-01 +9.0963e-01 -7.5573e-01 +2.8098e+00
99 +3.102847974e+00 +3.102847974e+00 +5.444284797e+01 +5.444284797e+01 -2.3171e+00 -1.9852e+00 +4.5339e-01 +2.4228e-01 +1.3940e+00
102 +2.054970430e+00 +2.054970430e+00 +5.339497043e+01 +5.339497043e+01 -2.7146e+00 -9.7029e-01 +7.0061e-02 +1.1576e+00 +1.1740e+00
145 +1.079940309e+00 +1.079940309e+00 +5.241994031e+01 +5.241994031e+01 -1.9569e+00 -3.0727e+00 +8.6542e-01 +2.5682e+00 -1.2543e-01
161 +6.483215537e-01 +6.483215537e-01 +5.198832155e+01 +5.198832155e+01 -1.7389e+00 -2.1696e+00 +5.4996e-01 +2.8111e+00 +4.4447e-01
163 +5.592877626e-01 +5.592877626e-01 +5.189928776e+01 +5.189928776e+01 -2.5342e+00 -1.5779e+00 +4.8435e-01 +2.6885e+00 +1.0053e-01
193 +2.906442654e-01 +2.906442654e-01 +5.163064427e+01 +5.163064427e+01 -1.9676e+00 -2.2921e+00 +1.6492e-01 +2.5866e+00 +3.3870e-01
503 +1.656679740e-01 +1.656679740e-01 +5.150566797e+01 +5.150566797e+01 -2.1238e+00 -2.1184e+00 -1.6367e-01 +2.9587e+00 +5.1452e-01
655 +1.381401840e-01 +1.381401840e-01 +5.147814018e+01 +5.147814018e+01 -2.1264e+00 -2.2135e+00 +3.9230e-02 +2.7666e+00 +5.0267e-01
1069 +7.678998241e-02 +7.678998241e-02 +5.141678998e+01 +5.141678998e+01 -2.5360e+00 -2.5032e+00 +4.4905e-01 +2.8440e+00 +6.1166e-01
7005 +4.650205652e-02 +4.650205652e-02 +5.138650206e+01 +5.138650206e+01 -2.6746e+00 -2.2253e+00 +7.3102e-02 +2.8953e+00 +4.8001e-01
7732 +1.256645020e-02 +1.256645020e-02 +5.135256645e+01 +5.135256645e+01 -2.5469e+00 -2.2597e+00 +2.7748e-01 +2.8957e+00 +5.4452e-01
% function evaluation | noise-free fitness - Fopt (-1.244000000000e+02) | best noise-free fitness - Fopt | measured fitness | best measured fitness | x1 | x2...
1 +5.704340291e+00 +5.704340291e+00 -1.186956597e+02 -1.186956597e+02 +9.9405e-01 -1.6311e+00 +3.3444e+00 -1.6003e+00 -3.5455e+00
100 +3.844875520e+00 +3.844875520e+00 -1.205551245e+02 -1.205551245e+02 -5.2631e-01 +1.4205e+00 +2.2354e+00 -1.5138e+00 -4.7598e+00
129 +1.917503202e+00 +1.917503202e+00 -1.224824968e+02 -1.224824968e+02 -1.6083e-01 +1.2431e+00 +1.7442e+00 -1.3156e+00 -2.6753e+00
144 +1.371064942e+00 +1.371064942e+00 -1.230289351e+02 -1.230289351e+02 -8.9586e-02 +1.6312e+00 +2.6356e+00 -1.1867e+00 -1.7078e+00
148 +9.947075406e-01 +9.947075406e-01 -1.234052925e+02 -1.234052925e+02 -3.6864e-01 +1.1792e+00 +3.1375e+00 -1.4160e+00 -2.1822e+00
157 +2.322080974e-01 +2.322080974e-01 -1.241677919e+02 -1.241677919e+02 +4.9054e-01 +1.2475e+00 +3.3874e+00 -2.0724e+00 -2.4706e+00
926 +5.818375012e-02 +5.818375012e-02 -1.243418162e+02 -1.243418162e+02 +1.4563e-01 +7.2720e-01 +3.0202e+00 -2.1753e+00 -2.8139e+00
18199 +2.206156630e-02 +2.206156630e-02 -1.243779384e+02 -1.243779384e+02 +9.4104e-02 +8.1119e-01 +2.9106e+00 -2.4169e+00 -2.6218e+00
% function evaluation | noise-free fitness - Fopt (6.000000000000e-01) | best noise-free fitness - Fopt | measured fitness | best measured fitness | x1 | x2...
1 +1.685751130e+02 +1.685751130e+02 +1.691751130e+02 +1.691751130e+02 +2.1642e+00 +6.2462e-01 -2.6597e+00 +2.1382e+00 -4.8003e+00
2 +4.921844374e+01 +4.921844374e+01 +4.981844374e+01 +4.981844374e+01 +2.2217e-01 +3.2083e+00 -2.6586e+00 +2.2604e+00 -7.3760e-01
3 +3.959298186e+01 +3.959298186e+01 +4.019298186e+01 +4.019298186e+01 -1.8963e+00 -4.3214e+00 +4.2387e+00 +7.8130e-02 +2.6684e+00
12 +1.713553762e+01 +1.713553762e+01 +1.773553762e+01 +1.773553762e+01 +3.4690e+00 +1.5030e-01 +1.3094e+00 +5.0000e+00 -3.7615e+00
129 +1.203845880e+01 +1.203845880e+01 +1.263845880e+01 +1.263845880e+01 +1.9924e+00 -1.9699e+00 +7.2298e-01 -2.4847e-01 +6.2562e-01
130 +9.310569091e+00 +9.310569091e+00 +9.910569091e+00 +9.910569091e+00 +2.2382e+00 -1.9580e+00 +1.7042e+00 -1.7205e-01 +1.4033e+00
131 +6.210884960e+00 +6.210884960e+00 +6.810884960e+00 +6.810884960e+00 +3.0950e+00 -1.6402e+00 +1.4394e+00 +2.9013e-01 +8.8182e-01
149 +2.577773456e+00 +2.577773456e+00 +3.177773456e+00 +3.177773456e+00 +2.3704e+00 -1.8325e+00 +1.7541e+00 +2.3229e+00 -3.2547e-01
158 +1.482040902e+00 +1.482040902e+00 +2.082040902e+00 +2.082040902e+00 +3.4117e+00 -2.3044e+00 +8.5048e-01 +3.7237e+00 -6.6358e-01
160 +5.743882194e-01 +5.743882194e-01 +1.174388219e+00 +1.174388219e+00 +2.9186e+00 -2.2859e+00 +7.0012e-01 +3.5062e+00 +4.5273e-01
205 +2.656883544e-01 +2.656883544e-01 +8.656883544e-01 +8.656883544e-01 +2.2380e+00 -2.0173e+00 -8.7752e-02 +3.5717e+00 +5.4904e-01
917 +1.712621281e-01 +1.712621281e-01 +7.712621281e-01 +7.712621281e-01 +2.2059e+00 -1.9810e+00 +4.2608e-01 +3.5424e+00 +2.2286e-01
1092 +1.476765571e-01 +1.476765571e-01 +7.476765571e-01 +7.476765571e-01 +2.3902e+00 -1.9662e+00 +7.2997e-02 +3.1018e+00 +7.0236e-02
2031 +7.976686143e-02 +7.976686143e-02 +6.797668614e-01 +6.797668614e-01 +2.9693e+00 -1.9727e+00 +5.0919e-02 +3.8148e+00 +3.0815e-01
26974 +5.824266991e-02 +5.824266991e-02 +6.582426699e-01 +6.582426699e-01 +2.7206e+00 -1.9739e+00 +1.4286e-01 +3.4209e+00 +1.2031e-01
41179 +2.793136239e-02 +2.793136239e-02 +6.279313624e-01 +6.279313624e-01 +2.4701e+00 -1.9945e+00 +1.7791e-01 +3.4573e+00 +1.1326e-01
% function evaluation | noise-free fitness - Fopt (-4.071000000000e+01) | best noise-free fitness - Fopt | measured fitness | best measured fitness | x1 | x2...
1 +3.124113796e+01 +3.124113796e+01 -9.468862040e+00 -9.468862040e+00 +4.2700e+00 +1.8651e+00 -5.1252e-01 +3.6451e+00 +3.6421e+00
2 +9.977139475e+00 +9.977139475e+00 -3.073286052e+01 -3.073286052e+01 +2.5620e+00 +1.4790e+00 +1.0806e+00 +1.3054e+00 +9.6820e-01
147 +6.129043474e+00 +6.129043474e+00 -3.458095653e+01 -3.458095653e+01 -1.4389e+00 +4.7959e-01 -1.1797e+00 +1.0522e+00 +2.2046e+00
162 +3.644854700e+00 +3.644854700e+00 -3.706514530e+01 -3.706514530e+01 -1.9465e-01 -1.4804e+00 -1.0260e+00 +2.1520e+00 +1.4458e+00
166 +2.284229699e+00 +2.284229699e+00 -3.842577030e+01 -3.842577030e+01 +6.2195e-02 -1.7651e+00 +1.7324e-01 +1.7173e+00 +1.0028e+00
177 +1.410358399e+00 +1.410358399e+00 -3.929964160e+01 -3.929964160e+01 +5.9069e-01 -3.5717e+00 +4.5901e-01 +2.1409e+00 +5.8924e-02
190 +8.996577923e-01 +8.996577923e-01 -3.981034221e+01 -3.981034221e+01 +8.8860e-01 -3.8651e+00 +1.3951e+00 +2.6585e+00 -7.0000e-01
203 +5.653126657e-01 +5.653126657e-01 -4.014468733e+01 -4.014468733e+01 +3.1060e-01 -2.7484e+00 +2.0110e+00 +2.4521e+00 -8.6131e-01
271 +3.419415002e-01 +3.419415002e-01 -4.036805850e+01 -4.036805850e+01 +1.0732e+00 -2.8984e+00 +9.8667e-01 +2.1513e+00 -6.7143e-01
604 +1.366386828e-01 +1.366386828e-01 -4.057336132e+01 -4.057336132e+01 +6.0140e-01 -2.7578e+00 +1.0559e+00 +2.2364e+00 -6.8595e-01
919 +7.505451820e-02 +7.505451820e-02 -4.063494548e+01 -4.063494548e+01 +4.3814e-01 -2.5151e+00 +1.5805e+00 +1.9469e+00 -7.1855e-01
6144 +4.210117781e-02 +4.210117781e-02 -4.066789882e+01 -4.066789882e+01 +5.7085e-01 -2.4837e+00 +1.5043e+00 +2.1409e+00 -5.9854e-01
13277 +3.656803452e-02 +3.656803452e-02 -4.067343197e+01 -4.067343197e+01 +5.5487e-01 -2.5153e+00 +1.5684e+00 +2.1794e+00 -6.0549e-01
% function evaluation | noise-free fitness - Fopt (8.143200000000e+02) | best noise-free fitness - Fopt | measured fitness | best measured fitness | x1 | x2...
1 +1.500784639e+02 +1.500784639e+02 +9.643984639e+02 +9.643984639e+02 +2.7895e+00 +4.1632e+00 +2.4968e+00 -1.2249e+00 +1.2639e+00
3 +1.022298283e+01 +1.022298283e+01 +8.245429828e+02 +8.245429828e+02 -1.0960e+00 -3.5639e+00 -1.6650e+00 -1.2425e+00 +2.9315e+00
21 +8.689028236e+00 +8.689028236e+00 +8.230090282e+02 +8.230090282e+02 -1.6875e+00 -3.8982e+00 -1.6469e+00 -7.3041e-01 +2.3286e+00
25 +5.011145168e+00 +5.011145168e+00 +8.193311452e+02 +8.193311452e+02 -9.4101e-01 -2.4128e+00 -3.0274e-01 -5.7302e-01 +1.7811e+00
149 +3.530742245e+00 +3.530742245e+00 +8.178507422e+02 +8.178507422e+02 -4.5671e+00 -3.7224e+00 +1.5307e+00 -1.2831e+00 +1.9533e+00
154 +1.531810796e+00 +1.531810796e+00 +8.158518108e+02 +8.158518108e+02 -2.8243e+00 -4.2486e+00 +2.4583e+00 -2.0591e+00 +1.8575e+00
163 +8.235316771e-01 +8.235316771e-01 +8.151435317e+02 +8.151435317e+02 -2.2847e+00 -3.6391e+00 +3.2218e+00 -5.5151e-01 +2.5562e+00
170 +3.406556171e-01 +3.406556171e-01 +8.146606556e+02 +8.146606556e+02 -2.3934e+00 -3.6164e+00 +4.0514e+00 -9.6433e-01 +1.7714e+00
177 +1.275265882e-01 +1.275265882e-01 +8.144475266e+02 +8.144475266e+02 -2.7005e+00 -3.7332e+00 +3.8306e+00 -1.0069e+00 +1.8586e+00
696 +5.961040338e-02 +5.961040338e-02 +8.143796104e+02 +8.143796104e+02 -2.8564e+00 -3.7201e+00 +3.9686e+00 -1.1751e+00 +1.8290e+00
14687 +3.756398083e-02 +3.756398083e-02 +8.143575640e+02 +8.143575640e+02 -2.7090e+00 -3.9374e+00 +3.8407e+00 -1.1705e+00 +2.3028e+00
29658 +1.487415334e-02 +1.487415334e-02 +8.143348742e+02 +8.143348742e+02 -2.8398e+00 -3.7808e+00 +3.8755e+00 -1.1572e+00 +1.8936e+00
% function evaluation | noise-free fitness - Fopt (-6.205000000000e+01) | best noise-free fitness - Fopt | measured fitness | best measured fitness | x1 | x2...
1 +3.112968561e+02 +3.112968561e+02 +2.492468561e+02 +2.492468561e+02 -2.2887e+00 -3.2343e+00 +3.5169e+00 -2.9260e+00 +5.5429e-01
2 +1.748612990e+01 +1.748612990e+01 -4.456387010e+01 -4.456387010e+01 +3.6126e+00 -4.5771e+00 +4.0443e+00 +2.7604e+00 +1.2646e+00
5 +1.007201729e+01 +1.007201729e+01 -5.197798271e+01 -5.197798271e+01 +1.6465e+00 -1.8601e+00 +4.5128e+00 +2.4465e+00 -3.8130e+00
37 +8.959121738e+00 +8.959121738e+00 -5.309087826e+01 -5.309087826e+01 +2.4915e+00 -3.8469e+00 +3.3127e+00 +4.4426e+00 -2.1672e+00
116 +6.004202992e+00 +6.004202992e+00 -5.604579701e+01 -5.604579701e+01 +3.6630e+00 -1.5349e+00 +4.5746e+00 +2.8917e+00 -3.3808e+00
129 +3.454527773e+00 +3.454527773e+00 -5.859547223e+01 -5.859547223e+01 +2.7543e+00 -4.2321e-01 +1.2050e+00 +3.4748e+00 -6.0546e-01
130 +2.052839914e+00 +2.052839914e+00 -5.999716009e+01 -5.999716009e+01 +1.8883e+00 +3.0896e-01 +2.6534e-01 +2.4837e+00 -7.2463e-01
142 +1.405263573e+00 +1.405263573e+00 -6.064473643e+01 -6.064473643e+01 +1.0854e+00 -1.2098e+00 -1.0909e+00 +1.3119e+00 -1.2596e+00
161 +5.703630228e-01 +5.703630228e-01 -6.147963698e+01 -6.147963698e+01 +2.0436e+00 -6.8272e-01 -6.1442e-01 +2.7846e+00 -1.6205e+00
169 +2.778927964e-01 +2.778927964e-01 -6.177210720e+01 -6.177210720e+01 +2.0160e+00 -1.0513e+00 -6.6995e-01 +2.4359e+00 -1.7993e+00
361 +2.432213550e-01 +2.432213550e-01 -6.180677865e+01 -6.180677865e+01 +2.3559e+00 -3.6093e-01 -9.2886e-01 +1.8334e+00 -1.5148e+00
651 +1.394393181e-01 +1.394393181e-01 -6.191056068e+01 -6.191056068e+01 +2.2782e+00 -6.9865e-01 -9.6470e-01 +1.9979e+00 -1.7972e+00
2871 +9.144605611e-02 +9.144605611e-02 -6.195855394e+01 -6.195855394e+01 +1.8633e+00 -2.1825e-01 -3.7216e-01 +2.1552e+00 -1.5268e+00
7378 +1.944035608e-02 +1.944035608e-02 -6.203055964e+01 -6.203055964e+01 +2.0171e+00 -6.9093e-01 -6.7776e-01 +2.1154e+00 -1.7569e+00
% function evaluation | noise-free fitness - Fopt (-4.328000000000e+01) | best noise-free fitness - Fopt | measured fitness | best measured fitness | x1 | x2...
1 +3.167935532e+01 +3.167935532e+01 -1.160064468e+01 -1.160064468e+01 +4.8263e+00 -2.0668e+00 -1.3711e+00 +2.4882e+00 -1.6725e+00
2 +1.434906628e+01 +1.434906628e+01 -2.893093372e+01 -2.893093372e+01 +3.6326e+00 +2.0848e+00 -4.4994e+00 -2.7728e-01 +2.3320e+00
23 +9.111089908e+00 +9.111089908e+00 -3.416891009e+01 -3.416891009e+01 +2.4649e+00 +3.0111e+00 -4.1335e+00 -8.1589e-01 +9.6774e-01
147 +5.887468161e+00 +5.887468161e+00 -3.739253184e+01 -3.739253184e+01 +1.4533e+00 +1.2571e+00 -2.7791e-01 -7.3418e-01 +2.8124e+00
171 +3.857087275e+00 +3.857087275e+00 -3.942291272e+01 -3.942291272e+01 +4.5451e-01 +1.7418e+00 +5.4514e-01 +2.1172e-01 +3.0423e+00
197 +2.289706728e+00 +2.289706728e+00 -4.099029327e+01 -4.099029327e+01 -6.2845e-02 +2.5188e+00 -7.1677e-01 +1.4645e+00 +2.2084e+00
210 +1.402813270e+00 +1.402813270e+00 -4.187718673e+01 -4.187718673e+01 -9.7805e-01 +2.8933e+00 -1.3914e+00 +1.6331e+00 +2.9722e+00
219 +7.724475759e-01 +7.724475759e-01 -4.250755242e+01 -4.250755242e+01 -6.5646e-01 +3.0716e+00 -2.0120e+00 +1.7516e+00 +2.6276e+00
221 +6.222705279e-01 +6.222705279e-01 -4.265772947e+01 -4.265772947e+01 +3.4277e-02 +2.5313e+00 -2.5916e+00 +1.4904e+00 +2.7348e+00
227 +3.705029622e-01 +3.705029622e-01 -4.290949704e+01 -4.290949704e+01 -2.5734e-01 +2.2192e+00 -3.0323e+00 +1.5668e+00 +2.6443e+00
234 +1.766486678e-01 +1.766486678e-01 -4.310335133e+01 -4.310335133e+01 -1.5047e-02 +2.6433e+00 -2.8537e+00 +1.4488e+00 +3.3917e+00
514 +1.446912237e-01 +1.446912237e-01 -4.313530878e+01 -4.313530878e+01 -5.2713e-01 +2.9702e+00 -2.8892e+00 +1.8856e+00 +3.0564e+00
1883 +4.736842197e-02 +4.736842197e-02 -4.323263158e+01 -4.323263158e+01 -4.0799e-01 +2.7299e+00 -2.8634e+00 +1.5052e+00 +3.3895e+00
10862 +3.497295076e-02 +3.497295076e-02 -4.324502705e+01 -4.324502705e+01 -4.7348e-01 +2.5726e+00 -2.9498e+00 +1.4299e+00 +3.2930e+00
% function evaluation | noise-free fitness - Fopt (-3.916000000000e+01) | best noise-free fitness - Fopt | measured fitness | best measured fitness | x1 | x2...
1 +1.695669681e+01 +1.695669681e+01 -2.220330319e+01 -2.220330319e+01 +1.8168e+00 +1.6801e+00 +1.8425e+00 +5.3165e-01 +5.8867e-01
11 +1.124613521e+01 +1.124613521e+01 -2.791386479e+01 -2.791386479e+01 -1.4161e+00 +8.5952e-01 -1.3830e+00 +5.0609e-01 -7.3467e-01
17 +8.868808812e+00 +8.868808812e+00 -3.029119119e+01 -3.029119119e+01 -2.9454e+00 -1.7977e+00 +4.0219e+00 +3.6725e+00 +1.0588e+00
93 +3.351870916e+00 +3.351870916e+00 -3.580812908e+01 -3.580812908e+01 -1.4222e+00 +1.5687e+00 +3.2628e+00 +2.5401e+00 -1.5870e+00
150 +2.490515018e+00 +2.490515018e+00 -3.666948498e+01 -3.666948498e+01 -3.5265e+00 -4.7163e-02 +3.6537e+00 +2.1682e+00 -1.8276e+00
157 +1.550123027e+00 +1.550123027e+00 -3.760987697e+01 -3.760987697e+01 -3.4630e+00 +1.1522e+00 +3.7475e+00 +3.0927e+00 -1.9079e+00
165 +8.177971038e-01 +8.177971038e-01 -3.834220290e+01 -3.834220290e+01 -2.7910e+00 +1.9577e+00 +2.5529e+00 +2.6980e+00 -2.3393e+00
195 +2.757987891e-01 +2.757987891e-01 -3.888420121e+01 -3.888420121e+01 -3.6665e+00 +2.0203e+00 +2.2249e+00 +3.0348e+00 -3.1053e+00
269 +2.436521079e-01 +2.436521079e-01 -3.891634789e+01 -3.891634789e+01 -3.8907e+00 +2.1766e+00 +2.0592e+00 +2.5613e+00 -2.8884e+00
1109 +1.012806269e-01 +1.012806269e-01 -3.905871937e+01 -3.905871937e+01 -3.4698e+00 +1.8090e+00 +2.4110e+00 +2.8598e+00 -3.0993e+00
3120 +3.243370821e-02 +3.243370821e-02 -3.912756629e+01 -3.912756629e+01 -3.8225e+00 +1.8750e+00 +2.2739e+00 +2.8619e+00 -2.9393e+00
% function evaluation | noise-free fitness - Fopt (-1.732800000000e+02) | best noise-free fitness - Fopt | measured fitness | best measured fitness | x1 | x2...
1 +4.681759456e+02 +4.681759456e+02 +2.948959456e+02 +2.948959456e+02 +4.2638e+00 -5.9482e-01 +4.7743e+00 -3.4329e+00 +3.7447e+00
2 +2.198481916e+01 +2.198481916e+01 -1.512951808e+02 -1.512951808e+02 -3.6948e+00 -4.3594e+00 +1.4181e+00 -3.5072e+00 -1.3297e+00
4 +1.079934852e+01 +1.079934852e+01 -1.624806515e+02 -1.624806515e+02 -4.3660e+00 +2.4333e+00 -4.0392e+00 -3.4353e+00 +4.2088e+00
22 +9.828985129e+00 +9.828985129e+00 -1.634510149e+02 -1.634510149e+02 -4.8736e+00 +3.5394e+00 -3.4757e+00 -3.4520e+00 +4.5992e+00
93 +5.138075526e+00 +5.138075526e+00 -1.681419245e+02 -1.681419245e+02 -2.7682e+00 -4.2830e+00 +1.8246e+00 +9.7704e-03 +1.2220e+00
191 +3.948116484e+00 +3.948116484e+00 -1.693318835e+02 -1.693318835e+02 -4.6636e+00 -1.6773e-01 -5.7679e-01 -9.3189e-01 +1.7854e+00
207 +2.013667086e+00 +2.013667086e+00 -1.712663329e+02 -1.712663329e+02 -3.2754e+00 -6.7847e-02 +1.5381e+00 -2.4592e+00 +1.3810e+00
228 +1.548543787e+00 +1.548543787e+00 -1.717314562e+02 -1.717314562e+02 -3.7162e+00 -2.3837e-01 +2.1650e+00 -9.7823e-01 +1.8988e+00
235 +4.802416499e-01 +4.802416499e-01 -1.727997584e+02 -1.727997584e+02 -3.2086e+00 -1.1250e+00 +1.8389e+00 -3.9046e-01 +5.7027e-01
243 +3.343408729e-01 +3.343408729e-01 -1.729456591e+02 -1.729456591e+02 -3.3279e+00 -1.1888e+00 +2.0878e+00 -1.0257e+00 +7.5003e-01
297 +2.345963297e-01 +2.345963297e-01 -1.730454037e+02 -1.730454037e+02 -2.8029e+00 -7.6432e-01 +2.7689e+00 -8.1947e-01 +4.6919e-01
2215 +1.067141754e-01 +1.067141754e-01 -1.731732858e+02 -1.731732858e+02 -3.1324e+00 -8.5315e-01 +2.5703e+00 -8.3627e-01 +8.2338e-01
2552 +8.711636167e-02 +8.711636167e-02 -1.731928836e+02 -1.731928836e+02 -2.8373e+00 -7.6247e-01 +2.7371e+00 -1.1594e+00 +6.2932e-01
3105 +5.377209026e-02 +5.377209026e-02 -1.732262279e+02 -1.732262279e+02 -2.6182e+00 -8.9334e-01 +2.3356e+00 -1.0287e+00 +7.2694e-01
27362 +2.781759347e-02 +2.781759347e-02 -1.732521824e+02 -1.732521824e+02 -2.9758e+00 -8.6880e-01 +2.5046e+00 -1.0498e+00 +4.0239e-01
% function evaluation | noise-free fitness - Fopt (-1.017000000000e+01) | best noise-free fitness - Fopt | measured fitness | best measured fitness | x1 | x2...
1 +4.259560725e+01 +4.259560725e+01 +3.242560725e+01 +3.242560725e+01 +1.1720e+00 +1.6986e+00 +2.4285e+00 +3.6187e+00 +2.2225e+00
2 +3.045659307e+01 +3.045659307e+01 +2.028659307e+01 +2.028659307e+01 -4.1859e+00 +3.9950e+00 -8.8875e-01 -5.7659e-01 -3.2584e+00
4 +2.426868118e+01 +2.426868118e+01 +1.409868118e+01 +1.409868118e+01 -1.6334e+00 +4.1547e+00 -2.8222e+00 -5.7358e-01 -1.3226e+00
5 +4.186685042e+00 +4.186685042e+00 -5.983314958e+00 -5.983314958e+00 +3.4276e+00 +2.9514e+00 +3.7288e+00 -7.4134e-01 +1.9194e+00
100 +3.721983765e+00 +3.721983765e+00 -6.448016235e+00 -6.448016235e+00 +2.0672e+00 +4.0432e+00 +2.7500e+00 +7.9243e-02 +2.4224e+00
172 +1.874382143e+00 +1.874382143e+00 -8.295617857e+00 -8.295617857e+00 +2.8487e-02 +2.5567e+00 +1.6548e+00 -1.0875e+00 +2.6888e+00
174 +1.502609682e+00 +1.502609682e+00 -8.667390318e+00 -8.667390318e+00 +1.0175e+00 +2.9250e+00 +2.3595e+00 -8.0842e-01 +3.4021e+00
179 +4.195015176e-01 +4.195015176e-01 -9.750498482e+00 -9.750498482e+00 +1.7867e+00 +2.1235e+00 +2.1929e+00 -1.6269e+00 +2.6205e+00
182 +3.455946942e-01 +3.455946942e-01 -9.824405306e+00 -9.824405306e+00 +1.1225e+00 +1.7633e+00 +2.4961e+00 -1.3646e+00 +3.0619e+00
298 +2.037554145e-01 +2.037554145e-01 -9.966244586e+00 -9.966244586e+00 +1.2316e+00 +1.7544e+00 +2.8883e+00 -1.2903e+00 +3.3107e+00
651 +1.346044284e-01 +1.346044284e-01 -1.003539557e+01 -1.003539557e+01 +1.2415e+00 +1.4449e+00 +3.1309e+00 -1.4120e+00 +2.9465e+00
1855 +8.295991143e-02 +8.295991143e-02 -1.008704009e+01 -1.008704009e+01 +1.4993e+00 +1.4473e+00 +2.8068e+00 -1.4709e+00 +2.7165e+00
12629 +5.779894977e-02 +5.779894977e-02 -1.011220105e+01 -1.011220105e+01 +1.5229e+00 +1.5859e+00 +2.7808e+00 -1.4766e+00 +2.6745e+00
