% function evaluation | noise-free fitness - Fopt (1.000000000000e+03) | best noise-free fitness - Fopt | measured fitness | best measured fitness | x1 | x2...
1 +2.830080582e+03 +2.830080582e+03 +3.830080582e+03 +3.830080582e+03 +3.1472e+00 +4.0579e+00 -3.7301e+00
3 +4.270447244e+01 +4.270447244e+01 +1.042704472e+03 +1.042704472e+03 -2.2150e+00 +4.6882e-01 +4.5751e+00
46 +3.599658964e+01 +3.599658964e+01 +1.035996590e+03 +1.035996590e+03 -3.5811e+00 +3.4012e+00 +2.3074e+00
128 +4.826093609e+00 +4.826093609e+00 +1.004826094e+03 +1.004826094e+03 -2.7724e+00 +3.4913e+00 +3.6828e+00
783 +2.443405736e+00 +2.443405736e+00 +1.002443406e+03 +1.002443406e+03 -2.8005e+00 +3.0387e+00 +4.1653e+00
1665 +1.324149530e+00 +1.324149530e+00 +1.001324150e+03 +1.001324150e+03 -2.9858e+00 +2.9935e+00 +3.6808e+00
2098 +4.153876183e-01 +4.153876183e-01 +1.000415388e+03 +1.000415388e+03 -3.0252e+00 +2.9911e+00 +3.6548e+00
3336 +2.267079323e-01 +2.267079323e-01 +1.000226708e+03 +1.000226708e+03 -3.0376e+00 +2.9856e+00 +3.6497e+00
3630 +1.164012842e-01 +1.164012842e-01 +1.000116401e+03 +1.000116401e+03 -3.0441e+00 +2.9898e+00 +3.6462e+00
3670 +6.169120666e-02 +6.169120666e-02 +1.000061691e+03 +1.000061691e+03 -3.0441e+00 +3.0039e+00 +3.6462e+00
3796 +4.566172444e-03 +4.566172444e-03 +1.000004566e+03 +1.000004566e+03 -3.0570e+00 +3.0046e+00 +3.6391e+00
4004 +3.830537279e-03 +3.830537279e-03 +1.000003831e+03 +1.000003831e+03 -3.0560e+00 +3.0009e+00 +3.6415e+00
4134 +1.835456818e-03 +1.835456818e-03 +1.000001835e+03 +1.000001835e+03 -3.0548e+00 +3.0021e+00 +3.6409e+00
4193 +1.300054127e-03 +1.300054127e-03 +1.000001300e+03 +1.000001300e+03 -3.0559e+00 +3.0018e+00 +3.6406e+00
4281 +7.303212735e-04 +7.303212735e-04 +1.000000730e+03 +1.000000730e+03 -3.0554e+00 +3.0017e+00 +3.6403e+00
4321 +3.194541270e-04 +3.194541270e-04 +1.000000319e+03 +1.000000319e+03 -3.0565e+00 +3.0018e+00 +3.6398e+00
4476 +8.022445195e-05 +8.022445195e-05 +1.000000080e+03 +1.000000080e+03 -3.0565e+00 +3.0013e+00 +3.6393e+00
4561 +4.105659968e-05 +4.105659968e-05 +1.000000041e+03 +1.000000041e+03 -3.0565e+00 +3.0017e+00 +3.6394e+00
4618 +3.790493213e-05 +3.790493213e-05 +1.000000038e+03 +1.000000038e+03 -3.0566e+00 +3.0018e+00 +3.6393e+00
4648 +1.291709373e-05 +1.291709373e-05 +1.000000013e+03 +1.000000013e+03 -3.0569e+00 +3.0016e+00 +3.6391e+00
4816 +7.084727258e-06 +7.084727258e-06 +1.000000007e+03 +1.000000007e+03 -3.0567e+00 +3.0015e+00 +3.6393e+00
4817 +4.384355179e-06 +4.384355179e-06 +1.000000004e+03 +1.000000004e+03 -3.0568e+00 +3.0016e+00 +3.6391e+00
4915 +1.962019951e-06 +1.962019951e-06 +1.000000002e+03 +1.000000002e+03 -3.0568e+00 +3.0016e+00 +3.6391e+00
% function evaluation | noise-free fitness - Fopt (7.003000000000e+01) | best noise-free fitness - Fopt | measured fitness | best measured fitness | x1 | x2...
1 +9.613752198e+01 +9.613752198e+01 +1.661675220e+02 +1.661675220e+02 +3.1472e+00 +4.0579e+00 -3.7301e+00
18 +5.095226633e+01 +5.095226633e+01 +1.209822663e+02 +1.209822663e+02 +1.7970e+00 +1.5510e+00 -3.3739e+00
42 +3.813670686e+01 +3.813670686e+01 +1.081667069e+02 +1.081667069e+02 +6.6921e-01 -4.9220e-01 -5.4568e+00
60 +2.393161649e+01 +2.393161649e+01 +9.396161649e+01 +9.396161649e+01 -2.9274e-01 -1.7628e+00 -2.7619e+00
259 +9.904320198e+00 +9.904320198e+00 +7.993432020e+01 +7.993432020e+01 -5.6992e-01 -1.8492e+00 -3.2675e+00
398 +6.054331279e+00 +6.054331279e+00 +7.608433128e+01 +7.608433128e+01 -6.2460e-01 -1.8793e+00 -3.5010e+00
595 +2.953587203e+00 +2.953587203e+00 +7.298358720e+01 +7.298358720e+01 -6.4395e-01 -2.0077e+00 -3.4631e+00
1263 +9.159700003e-01 +9.159700003e-01 +7.094597000e+01 +7.094597000e+01 -8.1545e-01 -2.4400e+00 -3.9714e+00
2276 +5.724625145e-01 +5.724625145e-01 +7.060246251e+01 +7.060246251e+01 -8.2080e-01 -2.4678e+00 -3.9589e+00
2816 +3.790315575e-01 +3.790315575e-01 +7.040903156e+01 +7.040903156e+01 -8.2472e-01 -2.4690e+00 -3.9719e+00
% function evaluation | noise-free fitness - Fopt (-4.822000000000e+01) | best noise-free fitness - Fopt | measured fitness | best measured fitness | x1 | x2...
1 +7.105802840e+02 +7.105802840e+02 +6.623602840e+02 +6.623602840e+02 +3.1472e+00 +4.0579e+00 -3.7301e+00
2 +3.521259760e+02 +3.521259760e+02 +3.039059760e+02 +3.039059760e+02 +4.1338e+00 +1.3236e+00 -4.0246e+00
10 +5.419348408e+01 +5.419348408e+01 +5.973484082e+00 +5.973484082e+00 -1.0777e+00 +1.5548e+00 -3.2881e+00
20 +3.951776957e+01 +3.951776957e+01 -8.702230427e+00 -8.702230427e+00 -1.5961e+00 +8.5268e-01 -2.7619e+00
35 +2.473093411e+01 +2.473093411e+01 -2.348906589e+01 -2.348906589e+01 -1.8878e+00 +2.8533e-01 -3.3435e+00
223 +1.282531167e+01 +1.282531167e+01 -3.539468833e+01 -3.539468833e+01 -1.1867e+00 -2.5060e-01 -1.7541e+00
305 +8.529354626e+00 +8.529354626e+00 -3.969064537e+01 -3.969064537e+01 -1.4785e+00 -5.6976e-01 -2.1828e+00
312 +4.997940570e+00 +4.997940570e+00 -4.322205943e+01 -4.322205943e+01 -2.5198e+00 -1.6775e+00 -1.4578e+00
707 +3.656232793e+00 +3.656232793e+00 -4.456376721e+01 -4.456376721e+01 -2.3692e+00 -6.0796e-01 -1.7501e+00
856 +2.154197585e+00 +2.154197585e+00 -4.606580242e+01 -4.606580242e+01 -1.4410e+00 -5.7436e-01 -3.1912e+00
2976 +1.188987989e+00 +1.188987989e+00 -4.703101201e+01 -4.703101201e+01 -2.4230e+00 -5.3758e-01 -1.6895e+00
4911 +9.991329967e-01 +9.991329967e-01 -4.722086700e+01 -4.722086700e+01 -2.4168e+00 -5.5143e-01 -1.7006e+00
% function evaluation | noise-free fitness - Fopt (2.547000000000e+01) | best noise-free fitness - Fopt | measured fitness | best measured fitness | x1 | x2...
1 +3.546858982e+03 +3.546858982e+03 +3.572328982e+03 +3.572328982e+03 +3.1472e+00 +4.0579e+00 -3.7301e+00
2 +1.632699600e+03 +1.632699600e+03 +1.658169600e+03 +1.658169600e+03 +4.1338e+00 +1.3236e+00 -4.0246e+00
3 +7.253174661e+02 +7.253174661e+02 +7.507874661e+02 +7.507874661e+02 -2.2150e+00 +4.6882e-01 +4.5751e+00
6 +2.029856724e+02 +2.029856724e+02 +2.284556724e+02 +2.284556724e+02 -3.5811e+00 -7.8239e-01 +4.1574e+00
12 +6.936535554e+01 +6.936535554e+01 +9.483535554e+01 +9.483535554e+01 -4.5383e+00 -4.0287e+00 +3.2346e+00
14 +2.799531401e+01 +2.799531401e+01 +5.346531401e+01 +5.346531401e+01 -4.6555e+00 -6.1256e-01 -1.1844e+00
120 +1.742464238e+01 +1.742464238e+01 +4.289464238e+01 +4.289464238e+01 -5.3592e+00 -9.9186e-01 -5.7322e-01
236 +1.528946129e+01 +1.528946129e+01 +4.075946129e+01 +4.075946129e+01 -4.7544e+00 -2.3703e+00 -1.0140e+00
394 +5.228118097e+00 +5.228118097e+00 +3.069811810e+01 +3.069811810e+01 -3.8712e+00 -2.2094e+00 +3.5871e-01
570 +3.098432351e+00 +3.098432351e+00 +2.856843235e+01 +2.856843235e+01 -3.8359e+00 -2.3663e+00 -5.1160e-01
2288 +2.292629294e+00 +2.292629294e+00 +2.776262929e+01 +2.776262929e+01 -4.2550e+00 -2.0933e+00 -1.0410e+00
2603 +1.292903663e+00 +1.292903663e+00 +2.676290366e+01 +2.676290366e+01 -3.8988e+00 -2.3264e+00 -5.2032e-01
3176 +9.971639923e-01 +9.971639923e-01 +2.646716399e+01 +2.646716399e+01 -3.9049e+00 -2.3469e+00 -4.9405e-01
% function evaluation | noise-free fitness - Fopt (-1.008100000000e+02) | best noise-free fitness - Fopt | measured fitness | best measured fitness | x1 | x2...
1 +3.859742649e+02 +3.859742649e+02 +2.851642649e+02 +2.851642649e+02 +3.1472e+00 +4.0579e+00 -3.7301e+00
3 +2.170013855e+02 +2.170013855e+02 +1.161913855e+02 +1.161913855e+02 -2.2150e+00 +4.6882e-01 +4.5751e+00
4 +1.007761984e+02 +1.007761984e+02 -3.380160801e-02 -3.380160801e-02 +4.6489e+00 -3.4239e+00 +4.7059e+00
5 +6.815830206e+01 +6.815830206e+01 -3.265169794e+01 -3.265169794e+01 +4.5717e+00 -1.4624e-01 +3.0028e+00
16 +5.459995315e+01 +5.459995315e+01 -4.621004685e+01 -4.621004685e+01 -1.0236e-01 -5.4414e-01 +1.4631e+00
30 +3.516755786e+01 +3.516755786e+01 -6.564244214e+01 -6.564244214e+01 +2.5373e+00 -1.1955e+00 +6.7822e-01
161 +1.377850367e+01 +1.377850367e+01 -8.703149633e+01 -8.703149633e+01 +1.0096e+00 +5.9715e-01 +1.3760e+00
330 +8.791327666e+00 +8.791327666e+00 -9.201867233e+01 -9.201867233e+01 +1.1917e+00 -3.0665e-02 +2.5996e-02
1144 +4.747788093e+00 +4.747788093e+00 -9.606221191e+01 -9.606221191e+01 +1.4761e+00 -4.7405e-01 +1.0791e+00
1154 +3.346368069e+00 +3.346368069e+00 -9.746363193e+01 -9.746363193e+01 +1.6988e+00 -1.6565e-01 +1.5813e+00
1313 +2.283950693e+00 +2.283950693e+00 -9.852604931e+01 -9.852604931e+01 +1.0734e+00 +1.8784e-01 +6.1203e-01
2215 +1.562014173e+00 +1.562014173e+00 -9.924798583e+01 -9.924798583e+01 +1.2919e+00 +3.7870e-01 +9.4627e-01
% function evaluation | noise-free fitness - Fopt (8.333000000000e+01) | best noise-free fitness - Fopt | measured fitness | best measured fitness | x1 | x2...
1 +3.284311185e+02 +3.284311185e+02 +4.117611185e+02 +4.117611185e+02 +3.1472e+00 +4.0579e+00 -3.7301e+00
3 +1.099981475e+02 +1.099981475e+02 +1.933281475e+02 +1.933281475e+02 -2.2150e+00 +4.6882e-01 +4.5751e+00
5 +9.760360309e+01 +9.760360309e+01 +1.809336031e+02 +1.809336031e+02 +4.5717e+00 -1.4624e-01 +3.0028e+00
34 +6.268970784e+01 +6.268970784e+01 +1.460197078e+02 +1.460197078e+02 -1.6288e+00 -3.3782e+00 +2.9428e+00
53 +2.495376252e+01 +2.495376252e+01 +1.082837625e+02 +1.082837625e+02 -1.2489e+00 -1.8290e+00 +4.5022e+00
243 +1.354357787e+01 +1.354357787e+01 +9.687357787e+01 +9.687357787e+01 +8.7763e-01 -2.7518e+00 +3.0424e+00
344 +7.870087127e+00 +7.870087127e+00 +9.120008713e+01 +9.120008713e+01 -1.0963e+00 -2.1929e+00 +4.2603e+00
434 +5.517377941e+00 +5.517377941e+00 +8.884737794e+01 +8.884737794e+01 +7.6897e-01 -2.9203e+00 +3.6953e+00
854 +2.628854519e+00 +2.628854519e+00 +8.595885452e+01 +8.595885452e+01 +7.5874e-01 -2.9328e+00 +3.7336e+00
2205 +1.743399534e+00 +1.743399534e+00 +8.507339953e+01 +8.507339953e+01 -3.3648e-03 -2.6416e+00 +3.4591e+00
3291 +1.261362437e+00 +1.261362437e+00 +8.459136244e+01 +8.459136244e+01 +1.4971e-02 -2.6347e+00 +3.4501e+00
4944 +9.988246601e-01 +9.988246601e-01 +8.432882466e+01 +8.432882466e+01 +4.0234e-02 -2.6296e+00 +3.4539e+00
% function evaluation | noise-free fitness - Fopt (2.085600000000e+02) | best noise-free fitness - Fopt | measured fitness | best measured fitness | x1 | x2...
1 +2.138203890e+02 +2.138203890e+02 +4.223803890e+02 +4.223803890e+02 +3.1472e+00 +4.0579e+00 -3.7301e+00
2 +6.930493081e+01 +6.930493081e+01 +2.778649308e+02 +2.778649308e+02 +4.1338e+00 +1.3236e+00 -4.0246e+00
7 +4.688341385e+01 +4.688341385e+01 +2.554434139e+02 +2.554434139e+02 +2.9221e+00 +4.5949e+00 +1.5574e+00
102 +3.941808458e+01 +3.941808458e+01 +2.479780846e+02 +2.479780846e+02 +1.5553e+00 +3.1213e+00 +1.5668e+00
120 +2.452392368e+01 +2.452392368e+01 +2.330839237e+02 +2.330839237e+02 +4.3513e+00 +3.3202e+00 -5.7322e-01
139 +1.314411585e+01 +1.314411585e+01 +2.217041158e+02 +2.217041158e+02 +4.1265e+00 +3.7443e+00 -1.2932e-01
296 +8.926492404e+00 +8.926492404e+00 +2.174864924e+02 +2.174864924e+02 +2.4067e+00 +3.4033e+00 +6.0934e-01
358 +5.890198178e+00 +5.890198178e+00 +2.144501982e+02 +2.144501982e+02 +1.5026e+00 +2.8836e+00 -8.3830e-01
399 +3.520767161e+00 +3.520767161e+00 +2.120807672e+02 +2.120807672e+02 +2.2593e+00 +4.0269e+00 +2.4863e-01
2083 +1.391888215e+00 +1.391888215e+00 +2.099518882e+02 +2.099518882e+02 +2.2016e+00 +3.6272e+00 +1.1994e-01
3247 +9.132876230e-01 +9.132876230e-01 +2.094732876e+02 +2.094732876e+02 +2.1670e+00 +3.6704e+00 +1.5125e-01
3300 +6.254841566e-01 +6.254841566e-01 +2.091854842e+02 +2.091854842e+02 +2.2104e+00 +3.6694e+00 +1.4399e-01
3615 +2.151109546e-01 +2.151109546e-01 +2.087751110e+02 +2.087751110e+02 +2.2005e+00 +3.6573e+00 +1.6184e-01
3651 +1.407118553e-01 +1.407118553e-01 +2.087007119e+02 +2.087007119e+02 +2.1917e+00 +3.6704e+00 +1.6618e-01
3707 +9.149862827e-02 +9.149862827e-02 +2.086514986e+02 +2.086514986e+02 +2.1848e+00 +3.6761e+00 +1.9929e-01
3843 +5.556437025e-02 +5.556437025e-02 +2.086155644e+02 +2.086155644e+02 +2.1813e+00 +3.6642e+00 +1.8010e-01
3846 +3.709202327e-02 +3.709202327e-02 +2.085970920e+02 +2.085970920e+02 +2.1933e+00 +3.6667e+00 +1.7746e-01
3996 +5.038718710e-03 +5.038718710e-03 +2.085650387e+02 +2.085650387e+02 +2.1841e+00 +3.6713e+00 +1.8211e-01
4197 +3.848963926e-03 +3.848963926e-03 +2.085638490e+02 +2.085638490e+02 +2.1823e+00 +3.6710e+00 +1.8469e-01
4265 +1.315594321e-03 +1.315594321e-03 +2.085613156e+02 +2.085613156e+02 +2.1846e+00 +3.6723e+00 +1.8382e-01
4305 +9.338034781e-04 +9.338034781e-04 +2.085609338e+02 +2.085609338e+02 +2.1861e+00 +3.6714e+00 +1.8430e-01
4396 +4.041658287e-04 +4.041658287e-04 +2.085604042e+02 +2.085604042e+02 +2.1841e+00 +3.6718e+00 +1.8439e-01
4426 +1.440496854e-04 +1.440496854e-04 +2.085601440e+02 +2.085601440e+02 +2.1852e+00 +3.6717e+00 +1.8442e-01
4572 +7.438613244e-05 +7.438613244e-05 +2.085600744e+02 +2.085600744e+02 +2.1847e+00 +3.6718e+00 +1.8474e-01
4689 +2.462527445e-05 +2.462527445e-05 +2.085600246e+02 +2.085600246e+02 +2.1848e+00 +3.6720e+00 +1.8461e-01
4777 +8.359219123e-06 +8.359219123e-06 +2.085600084e+02 +2.085600084e+02 +2.1849e+00 +3.6719e+00 +1.8464e-01
4792 +5.341219861e-06 +5.341219861e-06 +2.085600053e+02 +2.085600053e+02 +2.1848e+00 +3.6720e+00 +1.8480e-01
4805 +1.399358297e-06 +1.399358297e-06 +2.085600014e+02 +2.085600014e+02 +2.1848e+00 +3.6720e+00 +1.8478e-01
% function evaluation | noise-free fitness - Fopt (-1.345800000000e+02) | best noise-free fitness - Fopt | measured fitness | best measured fitness | x1 | x2...
1 +2.708108520e+02 +2.708108520e+02 +1.362308520e+02 +1.362308520e+02 +3.1472e+00 +4.0579e+00 -3.7301e+00
2 +1.378780064e+02 +1.378780064e+02 +3.298006389e+00 +3.298006389e+00 +4.1338e+00 +1.3236e+00 -4.0246e+00
3 +2.078105912e+01 +2.078105912e+01 -1.137989409e+02 -1.137989409e+02 -2.2150e+00 +4.6882e-01 +4.5751e+00
238 +1.411705242e+01 +1.411705242e+01 -1.204629476e+02 -1.204629476e+02 -3.8053e+00 -2.3210e-01 +3.2977e+00
495 +8.071438967e+00 +8.071438967e+00 -1.265085610e+02 -1.265085610e+02 -3.4254e+00 -1.0669e-01 +3.0731e+00
699 +3.741772264e+00 +3.741772264e+00 -1.308382277e+02 -1.308382277e+02 -2.3422e+00 +4.7739e-01 +2.4809e+00
1107 +1.907361383e+00 +1.907361383e+00 -1.326726386e+02 -1.326726386e+02 -3.0718e+00 +5.6994e-01 +2.5273e+00
1249 +7.631970655e-01 +7.631970655e-01 -1.338168029e+02 -1.338168029e+02 -3.1095e+00 +6.0696e-01 +2.5382e+00
1440 +4.748258462e-01 +4.748258462e-01 -1.341051742e+02 -1.341051742e+02 -3.0176e+00 +6.1023e-01 +2.5275e+00
1657 +1.945975739e-01 +1.945975739e-01 -1.343854024e+02 -1.343854024e+02 -3.0572e+00 +6.1037e-01 +2.5292e+00
2009 +1.144019444e-01 +1.144019444e-01 -1.344655981e+02 -1.344655981e+02 -3.0634e+00 +6.0696e-01 +2.5382e+00
2297 +5.148779249e-02 +5.148779249e-02 -1.345285122e+02 -1.345285122e+02 -3.0572e+00 +6.0458e-01 +2.5292e+00
2468 +5.523221557e-03 +5.523221557e-03 -1.345744768e+02 -1.345744768e+02 -3.0480e+00 +5.9913e-01 +2.5313e+00
2744 +1.184183311e-03 +1.184183311e-03 -1.345788158e+02 -1.345788158e+02 -3.0504e+00 +6.0051e-01 +2.5302e+00
2889 +4.143014607e-04 +4.143014607e-04 -1.345795857e+02 -1.345795857e+02 -3.0523e+00 +6.0045e-01 +2.5311e+00
2973 +1.217978592e-04 +1.217978592e-04 -1.345798782e+02 -1.345798782e+02 -3.0518e+00 +6.0024e-01 +2.5313e+00
3201 +8.917777600e-05 +8.917777600e-05 -1.345799108e+02 -1.345799108e+02 -3.0523e+00 +6.0008e-01 +2.5310e+00
3274 +5.259170049e-05 +5.259170049e-05 -1.345799474e+02 -1.345799474e+02 -3.0521e+00 +6.0013e-01 +2.5313e+00
3276 +2.194459151e-05 +2.194459151e-05 -1.345799781e+02 -1.345799781e+02 -3.0520e+00 +5.9995e-01 +2.5314e+00
3295 +7.229784558e-06 +7.229784558e-06 -1.345799928e+02 -1.345799928e+02 -3.0520e+00 +5.9995e-01 +2.5311e+00
3508 +6.153194505e-06 +6.153194505e-06 -1.345799938e+02 -1.345799938e+02 -3.0521e+00 +6.0005e-01 +2.5312e+00
3518 +1.217987176e-06 +1.217987176e-06 -1.345799988e+02 -1.345799988e+02 -3.0520e+00 +6.0002e-01 +2.5312e+00
3598 +3.480690509e-07 +3.480690509e-07 -1.345799997e+02 -1.345799997e+02 -3.0520e+00 +5.9999e-01 +2.5312e+00
3824 +7.082098819e-08 +7.082098819e-08 -1.345799999e+02 -1.345799999e+02 -3.0520e+00 +6.0000e-01 +2.5312e+00
3904 +4.469578130e-08 +4.469578130e-08 -1.345800000e+02 -1.345800000e+02 -3.0520e+00 +6.0000e-01 +2.5312e+00
3918 +3.414137950e-08 +3.414137950e-08 -1.345800000e+02 -1.345800000e+02 -3.0520e+00 +6.0000e-01 +2.5312e+00
4074 +2.452841841e-08 +2.452841841e-08 -1.345800000e+02 -1.345800000e+02 -3.0520e+00 +6.0000e-01 +2.5312e+00
4087 +2.958614687e-09 +2.958614687e-09 -1.345800000e+02 -1.345800000e+02 -3.0520e+00 +6.0000e-01 +2.5312e+00
4180 +1.936768967e-09 +1.936768967e-09 -1.345800000e+02 -1.345800000e+02 -3.0520e+00 +6.0000e-01 +2.5312e+00
4193 +5.494484867e-10 +5.494484867e-10 -1.345800000e+02 -1.345800000e+02 -3.0520e+00 +6.0000e-01 +2.5312e+00
4232 +1.786588655e-10 +1.786588655e-10 -1.345800000e+02 -1.345800000e+02 -3.0520e+00 +6.0000e-01 +2.5312e+00
4359 +1.090256774e-10 +1.090256774e-10 -1.345800000e+02 -1.345800000e+02 -3.0520e+00 +6.0000e-01 +2.5312e+00
4451 +8.199663171e-11 +8.199663171e-11 -1.345800000e+02 -1.345800000e+02 -3.0520e+00 +6.0000e-01 +2.5312e+00
4509 +3.393552106e-11 +3.393552106e-11 -1.345800000e+02 -1.345800000e+02 -3.0520e+00 +6.0000e-01 +2.5312e+00
4611 +2.103206498e-11 +2.103206498e-11 -1.345800000e+02 -1.345800000e+02 -3.0520e+00 +6.0000e-01 +2.5312e+00
4640 +3.581135388e-12 +3.581135388e-12 -1.345800000e+02 -1.345800000e+02 -3.0520e+00 +6.0000e-01 +2.5312e+00
4845 +1.080024958e-12 +1.080024958e-12 -1.345800000e+02 -1.345800000e+02 -3.0520e+00 +6.0000e-01 +2.5312e+00
4968 +7.673861546e-13 +7.673861546e-13 -1.345800000e+02 -1.345800000e+02 -3.0520e+00 +6.0000e-01 +2.5312e+00
4998 +5.684341886e-13 +5.684341886e-13 -1.345800000e+02 -1.345800000e+02 -3.0520e+00 +6.0000e-01 +2.5312e+00
% function evaluation | noise-free fitness - Fopt (1.205900000000e+02) | best noise-free fitness - Fopt | measured fitness | best measured fitness | x1 | x2...
1 +3.235249047e+02 +3.235249047e+02 +4.441149047e+02 +4.441149047e+02 +3.1472e+00 +4.0579e+00 -3.7301e+00
2 +1.649015631e+02 +1.649015631e+02 +2.854915631e+02 +2.854915631e+02 +4.1338e+00 +1.3236e+00 -4.0246e+00
10 +6.425083644e+01 +6.425083644e+01 +1.848408364e+02 +1.848408364e+02 -1.0777e+00 +1.5548e+00 -3.2881e+00
20 +2.669623989e+01 +2.669623989e+01 +1.472862399e+02 +1.472862399e+02 -1.5961e+00 +8.5268e-01 -2.7619e+00
66 +1.814408579e+01 +1.814408579e+01 +1.387340858e+02 +1.387340858e+02 -1.0979e+00 +3.6646e-01 -2.5874e+00
272 +1.044925796e+01 +1.044925796e+01 +1.310392580e+02 +1.310392580e+02 -8.6046e-01 -6.4825e-02 -1.6210e+00
341 +8.963732932e+00 +8.963732932e+00 +1.295537329e+02 +1.295537329e+02 -8.0120e-01 +1.2222e-01 -2.6074e+00
538 +5.453934738e+00 +5.453934738e+00 +1.260439347e+02 +1.260439347e+02 +8.5501e-01 -4.8439e-01 -2.1540e+00
569 +2.341401464e+00 +2.341401464e+00 +1.229314015e+02 +1.229314015e+02 -1.0405e+00 -5.0744e-02 -2.9161e+00
1547 +1.311214977e+00 +1.311214977e+00 +1.219012150e+02 +1.219012150e+02 -1.9291e+00 +4.8416e-01 -1.8928e+00
3245 +9.967104310e-01 +9.967104310e-01 +1.215867104e+02 +1.215867104e+02 -8.4885e-01 +2.0468e-01 -2.5753e+00
% function evaluation | noise-free fitness - Fopt (1.000000000000e+03) | best noise-free fitness - Fopt | measured fitness | best measured fitness | x1 | x2...
1 +1.480687695e+03 +1.480687695e+03 +2.480687695e+03 +2.480687695e+03 +3.1472e+00 +4.0579e+00 -3.7301e+00
2 +8.787060066e+02 +8.787060066e+02 +1.878706007e+03 +1.878706007e+03 +4.1338e+00 +1.3236e+00 -4.0246e+00
6 +5.837103578e+02 +5.837103578e+02 +1.583710358e+03 +1.583710358e+03 -3.5811e+00 -7.8239e-01 +4.1574e+00
10 +1.676848891e+02 +1.676848891e+02 +1.167684889e+03 +1.167684889e+03 -1.0777e+00 +1.5548e+00 -3.2881e+00
11 +7.776307604e+01 +7.776307604e+01 +1.077763076e+03 +1.077763076e+03 +2.0605e+00 -4.6817e+00 -2.2308e+00
14 +6.014129660e+01 +6.014129660e+01 +1.060141297e+03 +1.060141297e+03 -4.6555e+00 -6.1256e-01 -1.1844e+00
26 +2.464278184e+01 +2.464278184e+01 +1.024642782e+03 +1.024642782e+03 -1.5002e+00 -3.0340e+00 -2.4892e+00
209 +1.428051850e+01 +1.428051850e+01 +1.014280519e+03 +1.014280519e+03 -2.6266e+00 -2.5749e+00 -2.8889e+00
283 +5.777709572e+00 +5.777709572e+00 +1.005777710e+03 +1.005777710e+03 -3.1664e+00 -1.8823e+00 -2.6634e+00
1252 +3.416462531e+00 +3.416462531e+00 +1.003416463e+03 +1.003416463e+03 -3.0306e+00 -1.9458e+00 -2.5931e+00
1342 +2.285956879e+00 +2.285956879e+00 +1.002285957e+03 +1.002285957e+03 -3.0049e+00 -1.9181e+00 -2.6830e+00
1572 +1.218640880e+00 +1.218640880e+00 +1.001218641e+03 +1.001218641e+03 -3.0306e+00 -1.8945e+00 -2.6843e+00
2684 +9.985421255e-01 +9.985421255e-01 +1.000998542e+03 +1.000998542e+03 -3.0348e+00 -1.9095e+00 -2.6569e+00
% function evaluation | noise-free fitness - Fopt (-9.166000000000e+01) | best noise-free fitness - Fopt | measured fitness | best measured fitness | x1 | x2...
1 +1.343949131e+03 +1.343949131e+03 +1.252289131e+03 +1.252289131e+03 +3.1472e+00 +4.0579e+00 -3.7301e+00
2 +8.368693334e+02 +8.368693334e+02 +7.452093334e+02 +7.452093334e+02 +4.1338e+00 +1.3236e+00 -4.0246e+00
3 +1.327229004e+02 +1.327229004e+02 +4.106290040e+01 +4.106290040e+01 -2.2150e+00 +4.6882e-01 +4.5751e+00
4 +6.804110942e+01 +6.804110942e+01 -2.361889058e+01 -2.361889058e+01 +4.6489e+00 -3.4239e+00 +4.7059e+00
34 +3.081376334e+01 +3.081376334e+01 -6.084623666e+01 -6.084623666e+01 -1.6288e+00 -3.3782e+00 +2.9428e+00
102 +2.118376258e+01 +2.118376258e+01 -7.047623742e+01 -7.047623742e+01 +6.7070e-01 -4.0950e+00 +3.5816e+00
299 +9.743130165e+00 +9.743130165e+00 -8.191686983e+01 -8.191686983e+01 +2.0143e-01 -3.0747e+00 +4.2015e+00
517 +5.258934198e+00 +5.258934198e+00 -8.640106580e+01 -8.640106580e+01 +5.1009e-01 -3.7111e+00 +3.5669e+00
1109 +3.054978136e+00 +3.054978136e+00 -8.860502186e+01 -8.860502186e+01 +4.2911e-01 -3.6926e+00 +3.5934e+00
1296 +1.898900555e+00 +1.898900555e+00 -8.976109945e+01 -8.976109945e+01 +4.7282e-02 -3.5929e+00 +3.8976e+00
1537 +8.712401800e-01 +8.712401800e-01 -9.078875982e+01 -9.078875982e+01 -5.2157e-02 -3.6108e+00 +3.7675e+00
1740 +5.859874181e-01 +5.859874181e-01 -9.107401258e+01 -9.107401258e+01 -1.3736e-02 -3.6015e+00 +3.7888e+00
1900 +1.718827356e-01 +1.718827356e-01 -9.148811726e+01 -9.148811726e+01 +1.2330e-02 -3.5896e+00 +3.8310e+00
2050 +1.343015297e-01 +1.343015297e-01 -9.152569847e+01 -9.152569847e+01 -2.5981e-02 -3.5979e+00 +3.8125e+00
2207 +4.784138873e-02 +4.784138873e-02 -9.161215861e+01 -9.161215861e+01 +2.7675e-03 -3.5914e+00 +3.8280e+00
2287 +7.265917028e-03 +7.265917028e-03 -9.165273408e+01 -9.165273408e+01 -8.8351e-03 -3.5963e+00 +3.8201e+00
2314 +4.286426030e-03 +4.286426030e-03 -9.165571357e+01 -9.165571357e+01 -3.8782e-03 -3.5986e+00 +3.8219e+00
2413 +3.656936628e-03 +3.656936628e-03 -9.165634306e+01 -9.165634306e+01 -2.8734e-03 -3.5980e+00 +3.8224e+00
2748 +2.284410639e-03 +2.284410639e-03 -9.165771559e+01 -9.165771559e+01 -3.5053e-03 -3.5980e+00 +3.8230e+00
2779 +5.453021493e-04 +5.453021493e-04 -9.165945470e+01 -9.165945470e+01 -5.8313e-03 -3.5974e+00 +3.8223e+00
2946 +3.923521909e-04 +3.923521909e-04 -9.165960765e+01 -9.165960765e+01 -5.0237e-03 -3.5973e+00 +3.8223e+00
2947 +2.359101215e-04 +2.359101215e-04 -9.165976409e+01 -9.165976409e+01 -5.2387e-03 -3.5973e+00 +3.8226e+00
3148 +8.622750413e-05 +8.622750413e-05 -9.165991377e+01 -9.165991377e+01 -4.9580e-03 -3.5971e+00 +3.8230e+00
3169 +5.303298245e-05 +5.303298245e-05 -9.165994697e+01 -9.165994697e+01 -4.8794e-03 -3.5968e+00 +3.8228e+00
3219 +2.616237029e-05 +2.616237029e-05 -9.165997384e+01 -9.165997384e+01 -4.8470e-03 -3.5969e+00 +3.8229e+00
3261 +1.991683153e-05 +1.991683153e-05 -9.165998008e+01 -9.165998008e+01 -4.6881e-03 -3.5968e+00 +3.8231e+00
3288 +1.378434227e-05 +1.378434227e-05 -9.165998622e+01 -9.165998622e+01 -4.8660e-03 -3.5969e+00 +3.8230e+00
3369 +4.455024722e-06 +4.455024722e-06 -9.165999554e+01 -9.165999554e+01 -4.8794e-03 -3.5968e+00 +3.8232e+00
3385 +2.482579646e-06 +2.482579646e-06 -9.165999752e+01 -9.165999752e+01 -4.8438e-03 -3.5968e+00 +3.8232e+00
3622 +9.111466852e-07 +9.111466852e-07 -9.165999909e+01 -9.165999909e+01 -4.8076e-03 -3.5968e+00 +3.8232e+00
3649 +5.232178779e-07 +5.232178779e-07 -9.165999948e+01 -9.165999948e+01 -4.8140e-03 -3.5968e+00 +3.8232e+00
3682 +9.788820421e-09 +9.788820421e-09 -9.165999999e+01 -9.165999999e+01 -4.7953e-03 -3.5968e+00 +3.8232e+00
3922 +2.188201620e-09 +2.188201620e-09 -9.166000000e+01 -9.166000000e+01 -4.7997e-03 -3.5968e+00 +3.8232e+00
4218 +1.265789251e-09 +1.265789251e-09 -9.166000000e+01 -9.166000000e+01 -4.7998e-03 -3.5968e+00 +3.8232e+00
4253 +5.102549494e-10 +5.102549494e-10 -9.166000000e+01 -9.166000000e+01 -4.8002e-03 -3.5968e+00 +3.8232e+00
4265 +2.461888471e-10 +2.461888471e-10 -9.166000000e+01 -9.166000000e+01 -4.8004e-03 -3.5968e+00 +3.8232e+00
4483 +1.177653530e-10 +1.177653530e-10 -9.166000000e+01 -9.166000000e+01 -4.7996e-03 -3.5968e+00 +3.8232e+00
4533 +9.691802916e-12 +9.691802916e-12 -9.166000000e+01 -9.166000000e+01 -4.8000e-03 -3.5968e+00 +3.8232e+00
4802 +4.547473509e-12 +4.547473509e-12 -9.166000000e+01 -9.166000000e+01 -4.8001e-03 -3.5968e+00 +3.8232e+00
4807 +1.250555215e-12 +1.250555215e-12 -9.166000000e+01 -9.166000000e+01 -4.8000e-03 -3.5968e+00 +3.8232e+00
4853 +8.242295735e-13 +8.242295735e-13 -9.166000000e+01 -9.166000000e+01 -4.8000e-03 -3.5968e+00 +3.8232e+00
4888 +6.110667528e-13 +6.110667528e-13 -9.166000000e+01 -9.166000000e+01 -4.8000e-03 -3.5968e+00 +3.8232e+00
% function evaluation | noise-free fitness - Fopt (5.961500000000e+02) | best noise-free fitness - Fopt | measured fitness | best measured fitness | x1 | x2...
1 +9.534727615e+01 +9.534727615e+01 +6.914972761e+02 +6.914972761e+02 +3.1472e+00 +4.0579e+00 -3.7301e+00
10 +2.769008804e+01 +2.769008804e+01 +6.238400880e+02 +6.238400880e+02 -1.0777e+00 +1.5548e+00 -3.2881e+00
66 +2.456201827e+01 +2.456201827e+01 +6.207120183e+02 +6.207120183e+02 -1.5458e+00 -4.7027e-01 -2.2174e+00
186 +1.381465480e+01 +1.381465480e+01 +6.099646548e+02 +6.099646548e+02 -1.5458e+00 +3.6199e-02 -2.1213e+00
336 +8.560672030e+00 +8.560672030e+00 +6.047106720e+02 +6.047106720e+02 -2.6940e+00 -1.5767e-01 -2.4365e+00
936 +4.098347561e+00 +4.098347561e+00 +6.002483476e+02 +6.002483476e+02 -2.6186e+00 -2.0258e-01 -2.4365e+00
1572 +3.645659403e+00 +3.645659403e+00 +5.997956594e+02 +5.997956594e+02 -2.3370e+00 -2.7235e-01 -2.5494e+00
3281 +1.438272927e+00 +1.438272927e+00 +5.975882729e+02 +5.975882729e+02 -2.7595e+00 -1.0882e+00 -2.8758e+00
4328 +5.675050008e-01 +5.675050008e-01 +5.967175050e+02 +5.967175050e+02 -3.0924e+00 -1.0367e+00 -2.7201e+00
% function evaluation | noise-free fitness - Fopt (1.325100000000e+02) | best noise-free fitness - Fopt | measured fitness | best measured fitness | x1 | x2...
1 +4.021376392e+02 +4.021376392e+02 +5.346476392e+02 +5.346476392e+02 +3.1472e+00 +4.0579e+00 -3.7301e+00
3 +2.254933268e+02 +2.254933268e+02 +3.580033268e+02 +3.580033268e+02 -2.2150e+00 +4.6882e-01 +4.5751e+00
5 +1.525050756e+02 +1.525050756e+02 +2.850150756e+02 +2.850150756e+02 +4.5717e+00 -1.4624e-01 +3.0028e+00
9 +3.314221013e+01 +3.314221013e+01 +1.656522101e+02 +1.656522101e+02 +1.7874e+00 +2.5774e+00 +2.4313e+00
141 +2.309749083e+01 +2.309749083e+01 +1.556074908e+02 +1.556074908e+02 +2.5127e+00 +2.5544e+00 +2.9368e+00
227 +1.248961216e+01 +1.248961216e+01 +1.449996122e+02 +1.449996122e+02 +1.2098e+00 +3.1313e+00 +1.1966e+00
341 +8.385052276e+00 +8.385052276e+00 +1.408950523e+02 +1.408950523e+02 +2.1307e+00 +2.5544e+00 +2.9368e+00
347 +5.327436155e+00 +5.327436155e+00 +1.378374362e+02 +1.378374362e+02 +1.2098e+00 +3.4696e+00 +2.9087e+00
428 +2.901870403e+00 +2.901870403e+00 +1.354118704e+02 +1.354118704e+02 +1.7509e+00 +2.4156e+00 +3.7769e+00
442 +2.384209527e+00 +2.384209527e+00 +1.348942095e+02 +1.348942095e+02 +1.4398e+00 +2.5906e+00 +2.5346e+00
2533 +8.458577369e-01 +8.458577369e-01 +1.333558577e+02 +1.333558577e+02 +1.5849e+00 +3.0070e+00 +3.3240e+00
3472 +5.851694226e-01 +5.851694226e-01 +1.330951694e+02 +1.330951694e+02 +1.5840e+00 +3.0214e+00 +3.3149e+00
3656 +2.566007358e-01 +2.566007358e-01 +1.327666007e+02 +1.327666007e+02 +1.6225e+00 +3.0298e+00 +3.3635e+00
3667 +1.220601452e-01 +1.220601452e-01 +1.326320601e+02 +1.326320601e+02 +1.6068e+00 +3.0228e+00 +3.3559e+00
3703 +6.435798210e-02 +6.435798210e-02 +1.325743580e+02 +1.325743580e+02 +1.6033e+00 +3.0427e+00 +3.3636e+00
3791 +4.554759452e-02 +4.554759452e-02 +1.325555476e+02 +1.325555476e+02 +1.6052e+00 +3.0440e+00 +3.3634e+00
3973 +3.017341527e-02 +3.017341527e-02 +1.325401734e+02 +1.325401734e+02 +1.6066e+00 +3.0438e+00 +3.3617e+00
4123 +1.008147559e-02 +1.008147559e-02 +1.325200815e+02 +1.325200815e+02 +1.6087e+00 +3.0381e+00 +3.3634e+00
4382 +9.382358413e-03 +9.382358413e-03 +1.325193824e+02 +1.325193824e+02 +1.6080e+00 +3.0364e+00 +3.3619e+00
4523 +4.547482945e-03 +4.547482945e-03 +1.325145475e+02 +1.325145475e+02 +1.6054e+00 +3.0359e+00 +3.3577e+00
4623 +3.914022468e-03 +3.914022468e-03 +1.325139140e+02 +1.325139140e+02 +1.6082e+00 +3.0370e+00 +3.3606e+00
4635 +2.448463185e-03 +2.448463185e-03 +1.325124485e+02 +1.325124485e+02 +1.6078e+00 +3.0374e+00 +3.3601e+00
4909 +1.436482809e-03 +1.436482809e-03 +1.325114365e+02 +1.325114365e+02 +1.6074e+00 +3.0377e+00 +3.3578e+00
4948 +8.124984175e-04 +8.124984175e-04 +1.325108125e+02 +1.325108125e+02 +1.6074e+00 +3.0370e+00 +3.3580e+00
% function evaluation | noise-free fitness - Fopt (-2.401800000000e+02) | best noise-free fitness - Fopt | measured fitness | best measured fitness | x1 | x2...
1 +4.270222959e+03 +4.270222959e+03 +4.030042959e+03 +4.030042959e+03 +3.1472e+00 +4.0579e+00 -3.7301e+00
3 +1.150682169e+02 +1.150682169e+02 -1.251117831e+02 -1.251117831e+02 -2.2150e+00 +4.6882e-01 +4.5751e+00
6 +9.259686183e+01 +9.259686183e+01 -1.475831382e+02 -1.475831382e+02 -3.5811e+00 -7.8239e-01 +4.1574e+00
39 +2.132221996e+01 +2.132221996e+01 -2.188577800e+02 -2.188577800e+02 -3.4762e+00 +3.2582e+00 +3.8342e-01
406 +4.534895586e+00 +4.534895586e+00 -2.356451044e+02 -2.356451044e+02 -3.5811e+00 +2.0178e+00 +1.1668e+00
1053 +3.971217373e+00 +3.971217373e+00 -2.362087826e+02 -2.362087826e+02 -4.1665e+00 +2.5966e+00 +1.2007e+00
1272 +2.122039179e+00 +2.122039179e+00 -2.380579608e+02 -2.380579608e+02 -3.7320e+00 +3.2646e+00 +3.1086e-01
3594 +1.175512459e+00 +1.175512459e+00 -2.390044875e+02 -2.390044875e+02 -2.7861e+00 +1.9849e+00 +8.8171e-01
4487 +9.979110455e-01 +9.979110455e-01 -2.391820890e+02 -2.391820890e+02 -2.8063e+00 +1.9758e+00 +8.8214e-01
% function evaluation | noise-free fitness - Fopt (-3.941600000000e+02) | best noise-free fitness - Fopt | measured fitness | best measured fitness | x1 | x2...
1 +1.179403445e+03 +1.179403445e+03 +7.852434454e+02 +7.852434454e+02 +3.1472e+00 +4.0579e+00 -3.7301e+00
3 +2.276409540e+02 +2.276409540e+02 -1.665190460e+02 -1.665190460e+02 -2.2150e+00 +4.6882e-01 +4.5751e+00
9 +1.548514940e+02 +1.548514940e+02 -2.393085060e+02 -2.393085060e+02 +1.7874e+00 +2.5774e+00 +2.4313e+00
14 +8.352701231e+01 +8.352701231e+01 -3.106329877e+02 -3.106329877e+02 -4.6555e+00 -6.1256e-01 -1.1844e+00
31 +4.508308255e+01 +4.508308255e+01 -3.490769174e+02 -3.490769174e+02 -4.2415e+00 -4.4605e+00 +3.0798e-01
181 +2.857010367e+01 +2.857010367e+01 -3.655898963e+02 -3.655898963e+02 -5.8652e+00 -1.8830e+00 -2.6237e-02
282 +1.369719643e+01 +1.369719643e+01 -3.804628036e+02 -3.804628036e+02 -4.2853e+00 -2.3196e+00 -1.3744e-02
423 +9.328089340e+00 +9.328089340e+00 -3.848319107e+02 -3.848319107e+02 -2.3455e+00 -2.7020e+00 +1.5354e-01
1079 +3.585784808e+00 +3.585784808e+00 -3.905742152e+02 -3.905742152e+02 -3.2656e+00 -3.0352e+00 -1.5748e-01
1450 +1.270448352e+00 +1.270448352e+00 -3.928895516e+02 -3.928895516e+02 -3.1800e+00 -3.0425e+00 -1.6366e-01
3928 +9.976407169e-01 +9.976407169e-01 -3.931623593e+02 -3.931623593e+02 -3.2159e+00 -3.0543e+00 -1.8608e-01
