% function evaluation | noise-free fitness - Fopt (1.491500000000e+02) | best noise-free fitness - Fopt | measured fitness | best measured fitness | x1 | x2...
1 +1.239264415e+05 +1.239264415e+05 +1.240755915e+05 +1.240755915e+05 +3.1472e+00 +4.0579e+00 -3.7301e+00 +4.1338e+00 +1.3236e+00
2 +1.269121829e+04 +1.269121829e+04 +1.284036829e+04 +1.284036829e+04 -4.0246e+00 -2.2150e+00 +4.6882e-01 +4.5751e+00 +4.6489e+00
10 +4.793761073e+03 +4.793761073e+03 +4.942911073e+03 +4.942911073e+03 -1.0236e-01 -5.4414e-01 +1.4631e+00 +2.0936e+00 +2.5469e+00
16 +3.713437024e+03 +3.713437024e+03 +3.862587024e+03 +3.862587024e+03 -1.5002e+00 -3.0340e+00 -2.4892e+00 +1.1604e+00 -2.6711e-01
40 +4.506107790e+02 +4.506107790e+02 +5.997607790e+02 +5.997607790e+02 -1.9365e+00 +8.5087e-02 +1.0772e-01 +3.1763e+00 +2.9483e+00
284 +2.355643261e+02 +2.355643261e+02 +3.847143261e+02 +3.847143261e+02 -1.0712e+00 -7.9422e-01 +1.5736e-01 +2.6883e+00 +6.7163e-01
303 +1.401255800e+02 +1.401255800e+02 +2.892755800e+02 +2.892755800e+02 -2.4087e+00 -1.6179e-01 +1.1994e-01 +2.7745e+00 +5.2378e-01
421 +6.377717092e+01 +6.377717092e+01 +2.129271709e+02 +2.129271709e+02 +2.4333e-01 -3.3189e-01 +3.2291e-01 +2.5585e+00 -1.2202e+00
692 +5.772780016e+01 +5.772780016e+01 +2.068778002e+02 +2.068778002e+02 +5.7986e-02 +5.2027e-02 +5.0682e-01 +2.7665e+00 +3.2861e-01
824 +2.987067489e+01 +2.987067489e+01 +1.790206749e+02 +1.790206749e+02 -1.4480e+00 -1.2172e+00 -5.0931e-01 +1.2499e+00 -3.7602e+00
888 +1.120506377e+01 +1.120506377e+01 +1.603550638e+02 +1.603550638e+02 -9.0896e-02 -3.5482e-01 +1.9224e-01 +2.5045e+00 -9.4618e-01
893 +5.464694628e+00 +5.464694628e+00 +1.546146946e+02 +1.546146946e+02 +3.8671e-02 -3.4551e-01 +1.0728e-01 +2.1509e+00 -2.1411e+00
2257 +2.519708876e+00 +2.519708876e+00 +1.516697089e+02 +1.516697089e+02 -8.7244e-03 -2.3087e-01 +2.1061e-01 +2.2886e+00 -1.5744e+00
2373 +8.523770175e-01 +8.523770175e-01 +1.500023770e+02 +1.500023770e+02 -4.1920e-03 -2.6395e-01 +2.1799e-01 +2.2216e+00 -1.8954e+00
2533 +5.481348812e-01 +5.481348812e-01 +1.496981349e+02 +1.496981349e+02 -1.3808e-03 -2.7453e-01 +2.1069e-01 +2.2136e+00 -1.8909e+00
3173 +3.544643210e-01 +3.544643210e-01 +1.495044643e+02 +1.495044643e+02 +4.9098e-04 -2.7262e-01 +2.0029e-01 +2.2161e+00 -1.8683e+00
4133 +2.418237494e-01 +2.418237494e-01 +1.493918237e+02 +1.493918237e+02 -6.1522e-03 -2.8913e-01 +1.9148e-01 +2.2044e+00 -1.9055e+00
% function evaluation | noise-free fitness - Fopt (-1.000000000000e+03) | best noise-free fitness - Fopt | measured fitness | best measured fitness | x1 | x2...
1 +4.160686357e+05 +4.160686357e+05 +4.150686357e+05 +4.150686357e+05 +3.1472e+00 +4.0579e+00 -3.7301e+00 +4.1338e+00 +1.3236e+00
2 +1.947826079e+05 +1.947826079e+05 +1.937826079e+05 +1.937826079e+05 -4.0246e+00 -2.2150e+00 +4.6882e-01 +4.5751e+00 +4.6489e+00
3 +4.857834284e+04 +4.857834284e+04 +4.757834284e+04 +4.757834284e+04 -3.4239e+00 +4.7059e+00 +4.5717e+00 -1.4624e-01 +3.0028e+00
11 +9.135453049e+02 +9.135453049e+02 -8.645469510e+01 -8.645469510e+01 -2.2397e+00 +1.7970e+00 +1.5510e+00 -3.3739e+00 -3.8100e+00
138 +4.455820435e+02 +4.455820435e+02 -5.544179565e+02 -5.544179565e+02 -2.0868e+00 +1.2087e+00 +1.6157e+00 -1.4021e+00 -1.3218e+00
212 +2.667094070e+02 +2.667094070e+02 -7.332905930e+02 -7.332905930e+02 -2.5808e+00 +1.5974e+00 +1.4039e+00 -2.0745e+00 -3.9304e+00
291 +4.162067931e+01 +4.162067931e+01 -9.583793207e+02 -9.583793207e+02 -3.0380e+00 +1.0074e+00 +1.3634e+00 -1.8802e+00 -3.1932e+00
307 +2.876250932e+01 +2.876250932e+01 -9.712374907e+02 -9.712374907e+02 -3.0574e+00 +6.2554e-01 +8.1847e-01 -2.8831e+00 -3.1500e+00
472 +1.687790692e+01 +1.687790692e+01 -9.831220931e+02 -9.831220931e+02 -3.9196e+00 +2.3143e-01 +6.1780e-01 -2.2494e+00 -2.7561e+00
512 +1.394093330e+01 +1.394093330e+01 -9.860590667e+02 -9.860590667e+02 -3.9196e+00 +2.3143e-01 +4.6059e-01 -2.2494e+00 -3.0361e+00
531 +8.156874727e+00 +8.156874727e+00 -9.918431253e+02 -9.918431253e+02 -3.2919e+00 +4.5432e-01 +8.4193e-01 -2.4347e+00 -2.9781e+00
1111 +4.881576414e+00 +4.881576414e+00 -9.951184236e+02 -9.951184236e+02 -4.4259e+00 +5.1938e-01 +6.9405e-01 -2.5026e+00 -3.0206e+00
1197 +3.160209474e+00 +3.160209474e+00 -9.968397905e+02 -9.968397905e+02 -3.1048e+00 +7.7125e-01 +7.7403e-01 -2.4558e+00 -3.0780e+00
2345 +1.614211225e+00 +1.614211225e+00 -9.983857888e+02 -9.983857888e+02 -3.0434e+00 +8.6127e-01 +9.6745e-01 -2.2901e+00 -2.9749e+00
2865 +1.513872989e+00 +1.513872989e+00 -9.984861270e+02 -9.984861270e+02 -3.0144e+00 +8.5629e-01 +9.3083e-01 -2.3769e+00 -3.0013e+00
3279 +8.508663441e-01 +8.508663441e-01 -9.991491337e+02 -9.991491337e+02 -2.9851e+00 +9.0944e-01 +1.0749e+00 -2.2226e+00 -2.9454e+00
4574 +6.191382735e-01 +6.191382735e-01 -9.993808617e+02 -9.993808617e+02 -2.9671e+00 +9.7230e-01 +1.1479e+00 -2.1536e+00 -2.8774e+00
% function evaluation | noise-free fitness - Fopt (9.862000000000e+01) | best noise-free fitness - Fopt | measured fitness | best measured fitness | x1 | x2...
1 +5.393891409e+05 +5.393891409e+05 +5.394877609e+05 +5.394877609e+05 +3.1472e+00 +4.0579e+00 -3.7301e+00 +4.1338e+00 +1.3236e+00
2 +3.209507309e+05 +3.209507309e+05 +3.210493509e+05 +3.210493509e+05 -4.0246e+00 -2.2150e+00 +4.6882e-01 +4.5751e+00 +4.6489e+00
3 +2.026236693e+05 +2.026236693e+05 +2.027222893e+05 +2.027222893e+05 -3.4239e+00 +4.7059e+00 +4.5717e+00 -1.4624e-01 +3.0028e+00
4 +1.096339259e+05 +1.096339259e+05 +1.097325459e+05 +1.097325459e+05 -3.5811e+00 -7.8239e-01 +4.1574e+00 +2.9221e+00 +4.5949e+00
7 +6.600345071e+04 +6.600345071e+04 +6.610207071e+04 +6.610207071e+04 +2.0605e+00 -4.6817e+00 -2.2308e+00 -4.5383e+00 -4.0287e+00
11 +2.671849234e+04 +2.671849234e+04 +2.681711234e+04 +2.681711234e+04 -2.2397e+00 +1.7970e+00 +1.5510e+00 -3.3739e+00 -3.8100e+00
20 +1.376667800e+04 +1.376667800e+04 +1.386529800e+04 +1.386529800e+04 -3.7009e+00 +6.8824e-01 -3.0609e-01 -4.8810e+00 -1.6288e+00
32 +8.773638703e+03 +8.773638703e+03 +8.872258703e+03 +8.872258703e+03 -1.0747e-01 -1.6228e+00 +4.0005e+00 -1.3075e+00 -3.8880e+00
37 +3.124717905e+03 +3.124717905e+03 +3.223337905e+03 +3.223337905e+03 +4.7009e-01 -2.0368e+00 +2.4469e+00 -3.1104e+00 +1.8678e+00
75 +2.003751181e+03 +2.003751181e+03 +2.102371181e+03 +2.102371181e+03 -1.6522e+00 -1.6999e+00 +2.6004e+00 -3.8460e+00 -3.5698e+00
140 +2.975854291e+02 +2.975854291e+02 +3.962054291e+02 +3.962054291e+02 -2.4945e+00 -1.3118e+00 +1.6939e+00 -4.4180e+00 +3.7123e-01
286 +2.211221967e+02 +2.211221967e+02 +3.197421967e+02 +3.197421967e+02 -1.4226e+00 -1.5687e+00 +2.7739e+00 -2.4452e+00 +7.1187e-01
298 +6.939129015e+01 +6.939129015e+01 +1.680112902e+02 +1.680112902e+02 -2.7179e+00 -1.4280e+00 +1.5971e+00 -3.2673e+00 +6.1573e-01
367 +4.151261418e+01 +4.151261418e+01 +1.401326142e+02 +1.401326142e+02 -2.0709e+00 -1.6817e+00 +1.6871e+00 -2.8963e+00 -3.8033e-01
389 +1.588781410e+01 +1.588781410e+01 +1.145078141e+02 +1.145078141e+02 -1.4697e+00 -2.2704e+00 +1.2204e+00 -3.0850e+00 -7.4834e-02
506 +6.390654762e+00 +6.390654762e+00 +1.050106548e+02 +1.050106548e+02 -1.3727e+00 -1.9503e+00 +1.5409e+00 -3.0191e+00 -5.9800e-02
1142 +5.786783380e+00 +5.786783380e+00 +1.044067834e+02 +1.044067834e+02 -1.6220e+00 -2.0087e+00 +1.4633e+00 -3.2482e+00 +2.3689e-02
1777 +3.680313292e+00 +3.680313292e+00 +1.023003133e+02 +1.023003133e+02 -1.2247e+00 -1.7724e+00 +1.6097e+00 -3.0815e+00 -1.1758e-01
2585 +1.345296293e+00 +1.345296293e+00 +9.996529629e+01 +9.996529629e+01 -9.7554e-01 -1.4878e+00 +1.9308e+00 -2.9707e+00 -3.7604e-02
4112 +9.760421064e-01 +9.760421064e-01 +9.959604211e+01 +9.959604211e+01 -9.6859e-01 -1.4396e+00 +1.9499e+00 -2.9591e+00 +7.4633e-03
% function evaluation | noise-free fitness - Fopt (-4.715000000000e+01) | best noise-free fitness - Fopt | measured fitness | best measured fitness | x1 | x2...
1 +4.392427496e+05 +4.392427496e+05 +4.391955996e+05 +4.391955996e+05 +3.1472e+00 +4.0579e+00 -3.7301e+00 +4.1338e+00 +1.3236e+00
2 +3.324723873e+05 +3.324723873e+05 +3.324252373e+05 +3.324252373e+05 -4.0246e+00 -2.2150e+00 +4.6882e-01 +4.5751e+00 +4.6489e+00
4 +2.345992423e+05 +2.345992423e+05 +2.345520923e+05 +2.345520923e+05 -3.5811e+00 -7.8239e-01 +4.1574e+00 +2.9221e+00 +4.5949e+00
6 +1.121929430e+05 +1.121929430e+05 +1.121457930e+05 +1.121457930e+05 +2.5774e+00 +2.4313e+00 -1.0777e+00 +1.5548e+00 -3.2881e+00
7 +3.049027626e+04 +3.049027626e+04 +3.044312626e+04 +3.044312626e+04 +2.0605e+00 -4.6817e+00 -2.2308e+00 -4.5383e+00 -4.0287e+00
20 +6.869495985e+03 +6.869495985e+03 +6.822345985e+03 +6.822345985e+03 -3.7009e+00 +6.8824e-01 -3.0609e-01 -4.8810e+00 -1.6288e+00
150 +1.930210352e+03 +1.930210352e+03 +1.883060352e+03 +1.883060352e+03 -3.5083e+00 -6.0084e-01 -1.7668e+00 -4.5483e+00 -7.1650e-01
216 +1.263493228e+03 +1.263493228e+03 +1.216343228e+03 +1.216343228e+03 -2.5262e+00 -3.4047e-02 -6.1827e-01 -1.8166e+00 -1.1768e+00
220 +8.058199205e+02 +8.058199205e+02 +7.586699205e+02 +7.586699205e+02 -2.8679e+00 -4.5014e-01 -7.8951e-01 -3.8808e+00 -6.5502e-01
291 +4.370056175e+02 +4.370056175e+02 +3.898556175e+02 +3.898556175e+02 -1.4675e+00 -1.2071e+00 -1.0607e+00 -3.8769e+00 +8.6077e-02
300 +2.082863591e+02 +2.082863591e+02 +1.611363591e+02 +1.611363591e+02 -1.9925e+00 -1.3255e+00 -1.0539e+00 -3.0054e+00 +2.2039e-01
370 +1.028510645e+02 +1.028510645e+02 +5.570106449e+01 +5.570106449e+01 -1.8017e+00 -1.2851e+00 -1.2099e+00 -2.9064e+00 -5.3633e-01
380 +9.020618721e+01 +9.020618721e+01 +4.305618721e+01 +4.305618721e+01 -1.2333e+00 -2.0847e+00 -1.2832e+00 -2.2463e+00 +9.7956e-01
444 +4.498449813e+01 +4.498449813e+01 -2.165501872e+00 -2.165501872e+00 -1.2953e+00 -1.9644e+00 -1.8426e+00 -3.0779e+00 -8.5147e-01
490 +3.547605579e+01 +3.547605579e+01 -1.167394421e+01 -1.167394421e+01 -1.6931e+00 -1.6216e+00 -1.6467e+00 -3.1849e+00 -5.3633e-01
580 +1.805196933e+01 +1.805196933e+01 -2.909803067e+01 -2.909803067e+01 -1.4724e+00 -1.7117e+00 -2.4789e+00 -3.4051e+00 -4.0589e-01
662 +1.476390504e+01 +1.476390504e+01 -3.238609496e+01 -3.238609496e+01 -1.2210e+00 -1.8060e+00 -2.4346e+00 -3.4387e+00 -4.0171e-01
741 +8.257833981e+00 +8.257833981e+00 -3.889216602e+01 -3.889216602e+01 -1.0603e+00 -1.6025e+00 -2.2590e+00 -3.3622e+00 -5.0127e-01
1059 +6.026309436e+00 +6.026309436e+00 -4.112369056e+01 -4.112369056e+01 -1.3431e+00 -1.7270e+00 -2.2656e+00 -3.3612e+00 -4.2217e-01
1514 +3.853901822e+00 +3.853901822e+00 -4.329609818e+01 -4.329609818e+01 -9.3675e-01 -1.6858e+00 -2.1410e+00 -3.3309e+00 -4.4008e-01
2287 +2.325808768e+00 +2.325808768e+00 -4.482419123e+01 -4.482419123e+01 -6.0995e-01 -1.2841e+00 -1.9381e+00 -3.1723e+00 -3.2060e-01
3325 +1.317437153e+00 +1.317437153e+00 -4.583256285e+01 -4.583256285e+01 -5.3287e-01 -1.1678e+00 -1.7504e+00 -3.1224e+00 -3.5983e-01
% function evaluation | noise-free fitness - Fopt (3.752000000000e+01) | best noise-free fitness - Fopt | measured fitness | best measured fitness | x1 | x2...
1 +5.636861960e+05 +5.636861960e+05 +5.637237160e+05 +5.637237160e+05 +3.1472e+00 +4.0579e+00 -3.7301e+00 +4.1338e+00 +1.3236e+00
2 +3.119836403e+05 +3.119836403e+05 +3.120211603e+05 +3.120211603e+05 -4.0246e+00 -2.2150e+00 +4.6882e-01 +4.5751e+00 +4.6489e+00
4 +1.263051856e+05 +1.263051856e+05 +1.263427056e+05 +1.263427056e+05 -3.5811e+00 -7.8239e-01 +4.1574e+00 +2.9221e+00 +4.5949e+00
7 +5.253022806e+04 +5.253022806e+04 +5.256774806e+04 +5.256774806e+04 +2.0605e+00 -4.6817e+00 -2.2308e+00 -4.5383e+00 -4.0287e+00
13 +3.303869935e+04 +3.303869935e+04 +3.307621935e+04 +3.307621935e+04 +2.5127e+00 -2.4490e+00 +5.9571e-02 +1.9908e+00 +3.9090e+00
15 +1.893611161e+03 +1.893611161e+03 +1.931131161e+03 +1.931131161e+03 +3.4072e+00 -2.4572e+00 +3.1428e+00 -2.5648e+00 +4.2926e+00
37 +1.355823891e+02 +1.355823891e+02 +1.731023891e+02 +1.731023891e+02 +4.7009e-01 -2.0368e+00 +2.4469e+00 -3.1104e+00 +1.8678e+00
302 +3.811186024e+01 +3.811186024e+01 +7.563186024e+01 +7.563186024e+01 +4.5224e-01 -1.9802e+00 +2.4092e+00 -1.9576e+00 +2.4779e+00
517 +1.346228975e+01 +1.346228975e+01 +5.098228975e+01 +5.098228975e+01 +7.5977e-01 -2.4423e+00 +2.1953e+00 -2.1360e+00 +1.9327e+00
928 +8.974701020e+00 +8.974701020e+00 +4.649470102e+01 +4.649470102e+01 +8.0800e-01 -2.4792e+00 +2.3022e+00 -2.2172e+00 +1.9456e+00
1058 +5.814613714e+00 +5.814613714e+00 +4.333461371e+01 +4.333461371e+01 +1.2080e+00 -2.7829e+00 +1.9498e+00 -2.5080e+00 +1.9517e+00
2034 +3.785921232e+00 +3.785921232e+00 +4.130592123e+01 +4.130592123e+01 +2.1504e+00 -2.4006e+00 +2.2978e+00 -2.2814e+00 +2.0481e+00
2114 +2.339849286e+00 +2.339849286e+00 +3.985984929e+01 +3.985984929e+01 +2.1916e+00 -2.4006e+00 +2.2737e+00 -2.3421e+00 +2.0328e+00
3121 +9.977815288e-01 +9.977815288e-01 +3.851778153e+01 +3.851778153e+01 +2.3351e+00 -2.2530e+00 +2.4257e+00 -2.2184e+00 +2.0465e+00
% function evaluation | noise-free fitness - Fopt (-4.257500000000e+02) | best noise-free fitness - Fopt | measured fitness | best measured fitness | x1 | x2...
1 +2.763637562e+05 +2.763637562e+05 +2.759380062e+05 +2.759380062e+05 +3.1472e+00 +4.0579e+00 -3.7301e+00 +4.1338e+00 +1.3236e+00
2 +2.417434148e+05 +2.417434148e+05 +2.413176648e+05 +2.413176648e+05 -4.0246e+00 -2.2150e+00 +4.6882e-01 +4.5751e+00 +4.6489e+00
6 +9.951222424e+04 +9.951222424e+04 +9.908647424e+04 +9.908647424e+04 +2.5774e+00 +2.4313e+00 -1.0777e+00 +1.5548e+00 -3.2881e+00
10 +6.090278660e+04 +6.090278660e+04 +6.047703660e+04 +6.047703660e+04 -1.0236e-01 -5.4414e-01 +1.4631e+00 +2.0936e+00 +2.5469e+00
12 +2.836936761e+04 +2.836936761e+04 +2.794361761e+04 +2.794361761e+04 -1.6359e-02 +4.5974e+00 -1.5961e+00 +8.5268e-01 -2.7619e+00
17 +1.305987803e+04 +1.305987803e+04 +1.263412803e+04 +1.263412803e+04 -1.4834e+00 +3.3083e+00 +8.5264e-01 +4.9724e-01 +4.1719e+00
27 +5.332126692e+03 +5.332126692e+03 +4.906376692e+03 +4.906376692e+03 -6.8586e-01 +4.1065e+00 -3.1815e+00 -2.3620e+00 -3.5446e+00
57 +2.714180801e+03 +2.714180801e+03 +2.288430801e+03 +2.288430801e+03 -1.4516e+00 +3.8230e+00 -1.4736e-01 -5.0276e-01 +3.1719e+00
132 +2.480827486e+03 +2.480827486e+03 +2.055077486e+03 +2.055077486e+03 -1.3297e+00 +3.4113e+00 -1.5961e+00 -1.0430e+00 -1.4027e+00
222 +2.057748936e+02 +2.057748936e+02 -2.199751064e+02 -2.199751064e+02 -1.9802e+00 +6.2971e-01 -1.4592e+00 -1.1079e+00 +3.1427e+00
305 +1.213216808e+02 +1.213216808e+02 -3.044283192e+02 -3.044283192e+02 -1.1511e+00 +2.9950e+00 -1.2074e+00 -1.2509e+00 +2.3797e+00
375 +7.391127807e+01 +7.391127807e+01 -3.518387219e+02 -3.518387219e+02 -1.5928e+00 +2.4839e+00 -1.8572e+00 -1.2763e+00 +3.2381e+00
396 +5.226177135e+01 +5.226177135e+01 -3.734882287e+02 -3.734882287e+02 -1.4760e+00 +2.4912e+00 -1.8923e+00 -2.2129e+00 +1.7979e+00
527 +2.086194463e+01 +2.086194463e+01 -4.048880554e+02 -4.048880554e+02 -1.6271e+00 +2.3183e+00 -2.7384e+00 -2.8117e+00 +1.4827e+00
644 +1.318076741e+01 +1.318076741e+01 -4.125692326e+02 -4.125692326e+02 -1.7371e+00 +2.4093e+00 -2.6287e+00 -2.6375e+00 +1.3309e+00
825 +3.789222117e+00 +3.789222117e+00 -4.219607779e+02 -4.219607779e+02 -1.3137e+00 +2.7679e+00 -1.7641e+00 -1.6059e+00 +2.0454e+00
1314 +2.328299144e+00 +2.328299144e+00 -4.234217009e+02 -4.234217009e+02 -1.5439e+00 +2.5056e+00 -2.2292e+00 -2.3125e+00 +1.2186e+00
1819 +1.284368616e+00 +1.284368616e+00 -4.244656314e+02 -4.244656314e+02 -1.4833e+00 +2.5520e+00 -2.2057e+00 -2.2722e+00 +1.2905e+00
3103 +9.006736216e-01 +9.006736216e-01 -4.248493264e+02 -4.248493264e+02 -1.4653e+00 +2.6038e+00 -2.1661e+00 -2.2343e+00 +1.3388e+00
4334 +5.740925873e-01 +5.740925873e-01 -4.251759074e+02 -4.251759074e+02 -1.3641e+00 +2.7722e+00 -1.9161e+00 -1.8926e+00 +1.6737e+00
4934 +3.796983794e-01 +3.796983794e-01 -4.253703016e+02 -4.253703016e+02 -1.3644e+00 +2.7751e+00 -1.9092e+00 -1.8696e+00 +1.6671e+00
% function evaluation | noise-free fitness - Fopt (-2.209000000000e+02) | best noise-free fitness - Fopt | measured fitness | best measured fitness | x1 | x2...
1 +1.136098122e+05 +1.136098122e+05 +1.133889122e+05 +1.133889122e+05 +3.1472e+00 +4.0579e+00 -3.7301e+00 +4.1338e+00 +1.3236e+00
2 +2.275609914e+04 +2.275609914e+04 +2.253519914e+04 +2.253519914e+04 -4.0246e+00 -2.2150e+00 +4.6882e-01 +4.5751e+00 +4.6489e+00
16 +1.309155184e+03 +1.309155184e+03 +1.088255184e+03 +1.088255184e+03 -1.5002e+00 -3.0340e+00 -2.4892e+00 +1.1604e+00 -2.6711e-01
56 +6.176342350e+02 +6.176342350e+02 +3.967342350e+02 +3.967342350e+02 -7.7347e-01 -2.3304e+00 -2.7877e+00 +1.5182e+00 -8.1105e-01
206 +1.782703000e+02 +1.782703000e+02 -4.262970004e+01 -4.262970004e+01 -4.2260e-01 -5.6868e-01 -2.0777e+00 +1.5529e+00 -2.8813e-01
213 +3.963963707e+01 +3.963963707e+01 -1.812603629e+02 -1.812603629e+02 -4.8733e-01 -1.0876e+00 -2.9404e+00 +8.6065e-01 +9.0903e-01
490 +2.486795962e+01 +2.486795962e+01 -1.960320404e+02 -1.960320404e+02 -8.1116e-01 -1.1385e+00 -2.4774e+00 +7.8070e-01 +8.8764e-01
619 +1.161956414e+01 +1.161956414e+01 -2.092804359e+02 -2.092804359e+02 -1.4819e+00 -1.0675e+00 -2.6558e+00 +8.0924e-01 +6.9414e-01
900 +5.274096611e+00 +5.274096611e+00 -2.156259034e+02 -2.156259034e+02 -1.0234e+00 -1.1888e+00 -2.6689e+00 +8.4804e-01 +4.7565e-01
1486 +1.821443379e+00 +1.821443379e+00 -2.190785566e+02 -2.190785566e+02 -8.2826e-02 -3.6439e-01 -1.7198e+00 +1.5510e+00 +8.9820e-01
1986 +6.042666884e-01 +6.042666884e-01 -2.202957333e+02 -2.202957333e+02 -1.3458e-01 -4.3405e-01 -1.8386e+00 +1.4415e+00 +8.1465e-01
3434 +3.204031955e-01 +3.204031955e-01 -2.205795968e+02 -2.205795968e+02 -1.1712e-01 -4.2740e-01 -1.8584e+00 +1.4271e+00 +7.8668e-01
4624 +2.510881791e-01 +2.510881791e-01 -2.206489118e+02 -2.206489118e+02 -1.1745e-01 -4.1789e-01 -1.8567e+00 +1.4388e+00 +7.9068e-01
% function evaluation | noise-free fitness - Fopt (-3.594800000000e+02) | best noise-free fitness - Fopt | measured fitness | best measured fitness | x1 | x2...
1 +6.712949410e+05 +6.712949410e+05 +6.709354610e+05 +6.709354610e+05 +3.1472e+00 +4.0579e+00 -3.7301e+00 +4.1338e+00 +1.3236e+00
2 +8.128974164e+04 +8.128974164e+04 +8.093026164e+04 +8.093026164e+04 -4.0246e+00 -2.2150e+00 +4.6882e-01 +4.5751e+00 +4.6489e+00
4 +1.753133662e+04 +1.753133662e+04 +1.717185662e+04 +1.717185662e+04 -3.5811e+00 -7.8239e-01 +4.1574e+00 +2.9221e+00 +4.5949e+00
19 +1.301916062e+04 +1.301916062e+04 +1.265968062e+04 +1.265968062e+04 -4.2415e+00 -4.4605e+00 +3.0798e-01 +2.7917e+00 +4.3401e+00
44 +5.838991935e+03 +5.838991935e+03 +5.479511935e+03 +5.479511935e+03 -4.3547e+00 -1.7824e+00 +3.1574e+00 +2.3202e+00 +4.1583e+00
99 +2.063489766e+03 +2.063489766e+03 +1.704009766e+03 +1.704009766e+03 -5.0000e+00 -4.9286e+00 +8.8406e-01 -5.1502e-03 +2.9848e+00
117 +4.628697472e+02 +4.628697472e+02 +1.033897472e+02 +1.033897472e+02 -3.7458e+00 -4.2711e+00 +1.4469e+00 -2.9913e+00 +2.8678e+00
204 +2.978044718e+02 +2.978044718e+02 -6.167552821e+01 -6.167552821e+01 -4.0601e+00 -3.7824e+00 +1.1574e+00 +3.2021e-01 +2.1583e+00
303 +2.034132074e+02 +2.034132074e+02 -1.560667926e+02 -1.560667926e+02 -4.4709e+00 -3.3492e+00 +1.2898e+00 +1.3337e-01 +5.2378e-01
341 +1.075749791e+02 +1.075749791e+02 -2.519050209e+02 -2.519050209e+02 -4.2816e+00 -2.9333e+00 +1.4267e+00 -1.5022e+00 +4.8726e-02
438 +9.097021963e+01 +9.097021963e+01 -2.685097804e+02 -2.685097804e+02 -3.9109e+00 -4.2628e+00 +2.1226e+00 -1.6091e-01 +2.8890e-02
473 +3.967245839e+01 +3.967245839e+01 -3.198075416e+02 -3.198075416e+02 -3.1975e+00 -2.5882e+00 +2.1499e+00 -7.1906e-01 -1.9360e-01
602 +1.735170318e+01 +1.735170318e+01 -3.421282968e+02 -3.421282968e+02 -3.2120e+00 -2.6704e+00 +1.9966e+00 -7.6816e-01 -4.5753e-01
853 +1.107715066e+01 +1.107715066e+01 -3.484028493e+02 -3.484028493e+02 -3.5811e+00 -3.4949e+00 +1.2448e+00 -1.0911e+00 -6.7973e-01
1129 +9.773658068e+00 +9.773658068e+00 -3.497063419e+02 -3.497063419e+02 -3.3855e+00 -3.2967e+00 +1.4014e+00 -1.3697e+00 -1.0463e+00
1317 +6.162501784e+00 +6.162501784e+00 -3.533174982e+02 -3.533174982e+02 -3.4965e+00 -3.2286e+00 +1.3585e+00 -1.3111e+00 -9.9086e-01
1847 +3.959406175e+00 +3.959406175e+00 -3.555205938e+02 -3.555205938e+02 -3.0186e+00 -2.5550e+00 +2.3196e+00 -3.0140e-01 -5.0660e-02
2106 +2.447776777e+00 +2.447776777e+00 -3.570322232e+02 -3.570322232e+02 -3.0413e+00 -2.6526e+00 +1.9548e+00 -8.4648e-01 -6.7930e-01
3105 +1.024541550e+00 +1.024541550e+00 -3.584554584e+02 -3.584554584e+02 -2.9718e+00 -2.6748e+00 +1.9621e+00 -8.2036e-01 -7.2989e-01
3431 +9.643047554e-01 +9.643047554e-01 -3.585156952e+02 -3.585156952e+02 -3.0400e+00 -2.7482e+00 +1.9165e+00 -8.7959e-01 -7.6813e-01
4463 +6.248614937e-01 +6.248614937e-01 -3.588551385e+02 -3.588551385e+02 -3.0253e+00 -2.6951e+00 +1.9504e+00 -8.2868e-01 -7.4983e-01
% function evaluation | noise-free fitness - Fopt (2.748000000000e+01) | best noise-free fitness - Fopt | measured fitness | best measured fitness | x1 | x2...
1 +2.250437873e+05 +2.250437873e+05 +2.250712673e+05 +2.250712673e+05 +3.1472e+00 +4.0579e+00 -3.7301e+00 +4.1338e+00 +1.3236e+00
3 +7.651675463e+04 +7.651675463e+04 +7.654423463e+04 +7.654423463e+04 -3.4239e+00 +4.7059e+00 +4.5717e+00 -1.4624e-01 +3.0028e+00
6 +4.567391240e+04 +4.567391240e+04 +4.570139240e+04 +4.570139240e+04 +2.5774e+00 +2.4313e+00 -1.0777e+00 +1.5548e+00 -3.2881e+00
11 +2.428025548e+04 +2.428025548e+04 +2.430773548e+04 +2.430773548e+04 -2.2397e+00 +1.7970e+00 +1.5510e+00 -3.3739e+00 -3.8100e+00
17 +1.257499815e+04 +1.257499815e+04 +1.260247815e+04 +1.260247815e+04 -1.4834e+00 +3.3083e+00 +8.5264e-01 +4.9724e-01 +4.1719e+00
37 +9.308082489e+03 +9.308082489e+03 +9.335562489e+03 +9.335562489e+03 +4.7009e-01 -2.0368e+00 +2.4469e+00 -3.1104e+00 +1.8678e+00
77 +2.045633258e+03 +2.045633258e+03 +2.073113258e+03 +2.073113258e+03 +1.4701e+00 -1.0368e+00 +1.4469e+00 -3.3064e+00 +8.6775e-01
119 +1.570476837e+03 +1.570476837e+03 +1.597956837e+03 +1.597956837e+03 +2.4204e+00 +2.7571e+00 -1.3208e-01 -1.3123e+00 +2.3760e+00
157 +7.818446639e+02 +7.818446639e+02 +8.093246639e+02 +8.093246639e+02 +2.4701e+00 -3.6792e-02 +4.4693e-01 -3.2126e+00 +5.4960e-01
197 +3.577934976e+02 +3.577934976e+02 +3.852734976e+02 +3.852734976e+02 +2.4701e+00 +1.0884e+00 +8.9465e-01 -3.2126e+00 +5.4960e-01
239 +1.942909484e+02 +1.942909484e+02 +2.217709484e+02 +2.217709484e+02 +3.0000e+00 +1.6282e+00 +6.0590e-01 -2.8396e+00 +1.6377e+00
290 +1.218356869e+02 +1.218356869e+02 +1.493156869e+02 +1.493156869e+02 +1.6680e+00 +1.2201e+00 -7.7976e-02 -1.8808e+00 +1.0924e+00
294 +4.138213434e+01 +4.138213434e+01 +6.886213434e+01 +6.886213434e+01 +1.0714e+00 +1.5726e+00 +3.8624e-01 -2.6374e+00 +1.5542e+00
334 +2.396820171e+01 +2.396820171e+01 +5.144820171e+01 +5.144820171e+01 +1.0714e+00 +1.4165e+00 +3.8624e-01 -2.6374e+00 +1.5542e+00
617 +1.200538170e+01 +1.200538170e+01 +3.948538170e+01 +3.948538170e+01 +1.2103e+00 +1.2312e+00 +8.5790e-01 -2.3483e+00 +1.7121e+00
625 +5.111988707e+00 +5.111988707e+00 +3.259198871e+01 +3.259198871e+01 +2.0552e+00 +1.2203e+00 +6.9888e-01 -2.3158e+00 +1.5849e+00
1895 +3.841769387e+00 +3.841769387e+00 +3.132176939e+01 +3.132176939e+01 +1.8829e+00 +1.0638e+00 +6.4616e-01 -2.4658e+00 +1.5661e+00
2705 +2.508915929e+00 +2.508915929e+00 +2.998891593e+01 +2.998891593e+01 +2.1794e+00 +1.3319e+00 +7.0570e-01 -2.4553e+00 +1.5092e+00
3853 +1.543111364e+00 +1.543111364e+00 +2.902311136e+01 +2.902311136e+01 +2.3752e+00 +1.5967e+00 +9.2699e-01 -2.3609e+00 +1.5193e+00
4943 +9.904127338e-01 +9.904127338e-01 +2.847041273e+01 +2.847041273e+01 +2.4670e+00 +1.7328e+00 +1.0811e+00 -2.2378e+00 +1.5784e+00
% function evaluation | noise-free fitness - Fopt (3.609000000000e+01) | best noise-free fitness - Fopt | measured fitness | best measured fitness | x1 | x2...
1 +3.150648968e+04 +3.150648968e+04 +3.154257968e+04 +3.154257968e+04 +3.1472e+00 +4.0579e+00 -3.7301e+00 +4.1338e+00 +1.3236e+00
6 +7.765648774e+03 +7.765648774e+03 +7.801738774e+03 +7.801738774e+03 +2.5774e+00 +2.4313e+00 -1.0777e+00 +1.5548e+00 -3.2881e+00
40 +3.685810373e+03 +3.685810373e+03 +3.721900373e+03 +3.721900373e+03 -1.9365e+00 +8.5087e-02 +1.0772e-01 +3.1763e+00 +2.9483e+00
121 +6.296859621e+02 +6.296859621e+02 +6.657759621e+02 +6.657759621e+02 +1.1472e+00 +2.0579e+00 -1.7301e+00 +2.3369e+00 +3.3236e+00
200 +3.866200866e+02 +3.866200866e+02 +4.227100866e+02 +4.227100866e+02 -9.9022e-01 +8.5087e-02 -8.7423e-01 +3.1763e+00 +2.9483e+00
309 +1.472888638e+02 +1.472888638e+02 +1.833788638e+02 +1.833788638e+02 -4.6969e-01 -5.6341e-01 -1.2556e+00 +2.7356e+00 +2.7292e+00
375 +9.453513505e+01 +9.453513505e+01 +1.306251350e+02 +1.306251350e+02 -1.2533e+00 +1.1054e+00 -1.3457e+00 +2.4352e+00 +1.4515e+00
447 +5.392840011e+01 +5.392840011e+01 +9.001840011e+01 +9.001840011e+01 -1.6145e+00 +1.3183e+00 -2.2103e+00 +1.4617e+00 +6.4701e-01
567 +3.641980028e+01 +3.641980028e+01 +7.250980028e+01 +7.250980028e+01 -1.0813e+00 +1.2766e+00 -1.8024e+00 +1.4617e+00 +1.0114e+00
686 +1.287057945e+01 +1.287057945e+01 +4.896057945e+01 +4.896057945e+01 +1.5688e-01 +6.6212e-01 -2.4002e+00 +1.3722e+00 +8.0920e-01
726 +8.428311395e+00 +8.428311395e+00 +4.451831139e+01 +4.451831139e+01 +1.5688e-01 +9.3541e-01 -2.4002e+00 +1.3722e+00 +9.8621e-01
966 +3.492661277e+00 +3.492661277e+00 +3.958266128e+01 +3.958266128e+01 +1.5688e-01 +9.3541e-01 -2.4002e+00 +1.3906e+00 +8.2605e-01
1617 +2.310126989e+00 +2.310126989e+00 +3.840012699e+01 +3.840012699e+01 +2.2170e-01 +1.0512e+00 -2.2312e+00 +1.5324e+00 +7.6441e-01
2483 +1.394082347e+00 +1.394082347e+00 +3.748408235e+01 +3.748408235e+01 +4.2284e-01 +1.3152e+00 -1.9482e+00 +1.7022e+00 +8.8979e-01
3324 +9.969747541e-01 +9.969747541e-01 +3.708697475e+01 +3.708697475e+01 +3.9164e-01 +1.3055e+00 -1.9334e+00 +1.6614e+00 +8.3424e-01
% function evaluation | noise-free fitness - Fopt (-5.791000000000e+01) | best noise-free fitness - Fopt | measured fitness | best measured fitness | x1 | x2...
1 +3.101219025e+04 +3.101219025e+04 +3.095428025e+04 +3.095428025e+04 +3.1472e+00 +4.0579e+00 -3.7301e+00 +4.1338e+00 +1.3236e+00
6 +2.483771946e+03 +2.483771946e+03 +2.425861946e+03 +2.425861946e+03 +2.5774e+00 +2.4313e+00 -1.0777e+00 +1.5548e+00 -3.2881e+00
50 +5.289248670e+02 +5.289248670e+02 +4.710148670e+02 +4.710148670e+02 +5.1002e-01 +4.5586e-01 +8.7565e-01 +1.5219e+00 +1.5469e+00
93 +3.588732695e+02 +3.588732695e+02 +3.009632695e+02 +3.009632695e+02 +2.0973e+00 +2.2031e+00 -3.9745e-01 +1.4059e+00 -6.3915e-01
130 +6.872000160e+01 +6.872000160e+01 +1.081000160e+01 +1.081000160e+01 +1.5100e+00 +1.4559e+00 -1.2435e-01 +9.2151e-01 +5.4687e-01
410 +4.535075739e+01 +4.535075739e+01 -1.255924261e+01 -1.255924261e+01 +1.5100e+00 +1.4559e+00 -5.0913e-02 +1.1708e+00 +5.4687e-01
469 +3.312494794e+01 +3.312494794e+01 -2.478505206e+01 -2.478505206e+01 +1.7369e+00 +1.5041e+00 +7.6690e-02 +1.1094e+00 +1.3750e+00
493 +1.080959690e+01 +1.080959690e+01 -4.710040310e+01 -4.710040310e+01 +1.9060e+00 +2.1170e+00 +1.4168e-01 +1.1716e+00 +1.2137e+00
662 +5.517434656e+00 +5.517434656e+00 -5.239256534e+01 -5.239256534e+01 +1.4268e+00 +1.6581e+00 +2.7729e-01 +1.1973e+00 +9.8303e-01
1695 +3.712338289e+00 +3.712338289e+00 -5.419766171e+01 -5.419766171e+01 +1.8098e+00 +1.9697e+00 +2.1921e-01 +1.1246e+00 +9.5774e-01
3014 +2.400778188e+00 +2.400778188e+00 -5.550922181e+01 -5.550922181e+01 +1.9766e+00 +2.0949e+00 +2.9319e-01 +1.2151e+00 +9.9742e-01
3948 +1.551611835e+00 +1.551611835e+00 -5.635838817e+01 -5.635838817e+01 +2.1250e+00 +2.3005e+00 +5.0146e-01 +1.2968e+00 +1.0112e+00
4718 +9.956415747e-01 +9.956415747e-01 -5.691435843e+01 -5.691435843e+01 +2.2144e+00 +2.4523e+00 +6.6918e-01 +1.4144e+00 +1.0619e+00
% function evaluation | noise-free fitness - Fopt (-3.349100000000e+02) | best noise-free fitness - Fopt | measured fitness | best measured fitness | x1 | x2...
1 +1.993307222e+05 +1.993307222e+05 +1.989958122e+05 +1.989958122e+05 +3.1472e+00 +4.0579e+00 -3.7301e+00 +4.1338e+00 +1.3236e+00
2 +2.772770747e+03 +2.772770747e+03 +2.437860747e+03 +2.437860747e+03 -4.0246e+00 -2.2150e+00 +4.6882e-01 +4.5751e+00 +4.6489e+00
40 +6.546794734e+02 +6.546794734e+02 +3.197694734e+02 +3.197694734e+02 -1.9365e+00 +8.5087e-02 +1.0772e-01 +3.1763e+00 +2.9483e+00
143 +5.971006644e+02 +5.971006644e+02 +2.621906644e+02 +2.621906644e+02 -2.4946e+00 -2.1618e+00 -7.1023e-01 +2.2828e+00 -1.4762e+00
191 +2.558429987e+02 +2.558429987e+02 -7.906700131e+01 -7.906700131e+01 -2.7505e+00 -2.4263e+00 +1.5921e+00 +3.1405e+00 +1.9086e+00
204 +2.337047983e+02 +2.337047983e+02 -1.012052017e+02 -1.012052017e+02 -2.1587e+00 -6.3192e-01 +1.1574e+00 +2.4898e+00 +1.5949e+00
223 +9.243507190e+01 +9.243507190e+01 -2.424749281e+02 -2.424749281e+02 -3.4051e+00 -1.6121e+00 +2.8977e-01 +1.7059e+00 -4.7622e-01
371 +5.041595587e+01 +5.041595587e+01 -2.844940441e+02 -2.844940441e+02 -3.0996e+00 -7.9783e-01 -2.4564e-01 +1.6261e+00 +1.4503e-01
409 +2.785922140e+01 +2.785922140e+01 -3.070507786e+02 -3.070507786e+02 -2.4985e+00 -1.6035e+00 +2.1204e-01 +2.0039e+00 -1.2661e-01
604 +2.308282058e+01 +2.308282058e+01 -3.118271794e+02 -3.118271794e+02 -2.3660e+00 -1.0996e+00 +1.3676e-01 +2.1274e+00 -9.0481e-02
762 +1.394608337e+01 +1.394608337e+01 -3.209639166e+02 -3.209639166e+02 -2.6859e+00 -1.2617e+00 -2.9062e-01 +1.7531e+00 -2.0454e-01
780 +8.907186239e+00 +8.907186239e+00 -3.260028138e+02 -3.260028138e+02 -2.4084e+00 -1.0075e+00 +1.1189e-01 +1.8367e+00 -1.2192e-01
882 +4.571969466e+00 +4.571969466e+00 -3.303380305e+02 -3.303380305e+02 -2.6859e+00 -1.2617e+00 -3.3141e-02 +1.7276e+00 -2.2707e-01
1160 +3.507233218e+00 +3.507233218e+00 -3.314027668e+02 -3.314027668e+02 -2.0842e+00 -8.6761e-01 +5.5760e-02 +1.6799e+00 -2.4935e-01
2580 +2.418449687e+00 +2.418449687e+00 -3.324915503e+02 -3.324915503e+02 -1.9609e+00 -6.7861e-01 +4.1879e-01 +1.8095e+00 -2.0787e-01
2774 +1.503439667e+00 +1.503439667e+00 -3.334065603e+02 -3.334065603e+02 -1.9051e+00 -6.3701e-01 +3.9640e-01 +1.8655e+00 -2.3444e-01
4149 +7.163120041e-01 +7.163120041e-01 -3.341936880e+02 -3.341936880e+02 -1.7395e+00 -3.0308e-01 +9.4782e-01 +2.5096e+00 +4.6957e-01
4309 +5.543879972e-01 +5.543879972e-01 -3.343556120e+02 -3.343556120e+02 -1.7395e+00 -2.9687e-01 +9.4558e-01 +2.5204e+00 +4.6523e-01
4749 +2.995084422e-01 +2.995084422e-01 -3.346104916e+02 -3.346104916e+02 -1.7230e+00 -2.9000e-01 +9.3874e-01 +2.5182e+00 +4.3291e-01
4789 +2.140133061e-01 +2.140133061e-01 -3.346959867e+02 -3.346959867e+02 -1.7141e+00 -2.8734e-01 +9.3872e-01 +2.5183e+00 +4.3165e-01
% function evaluation | noise-free fitness - Fopt (-4.670000000000e+01) | best noise-free fitness - Fopt | measured fitness | best measured fitness | x1 | x2...
1 +3.598956738e+05 +3.598956738e+05 +3.598489738e+05 +3.598489738e+05 +3.1472e+00 +4.0579e+00 -3.7301e+00 +4.1338e+00 +1.3236e+00
6 +8.538989096e+04 +8.538989096e+04 +8.534319096e+04 +8.534319096e+04 +2.5774e+00 +2.4313e+00 -1.0777e+00 +1.5548e+00 -3.2881e+00
7 +6.188476723e+04 +6.188476723e+04 +6.183806723e+04 +6.183806723e+04 +2.0605e+00 -4.6817e+00 -2.2308e+00 -4.5383e+00 -4.0287e+00
17 +3.563687011e+04 +3.563687011e+04 +3.559017011e+04 +3.559017011e+04 -1.4834e+00 +3.3083e+00 +8.5264e-01 +4.9724e-01 +4.1719e+00
20 +2.008054073e+04 +2.008054073e+04 +2.003384073e+04 +2.003384073e+04 -3.7009e+00 +6.8824e-01 -3.0609e-01 -4.8810e+00 -1.6288e+00
57 +1.518914750e+04 +1.518914750e+04 +1.514244750e+04 +1.514244750e+04 -2.4834e+00 +3.5001e+00 -1.4736e-01 -5.0276e-01 +3.1719e+00
73 +6.833174633e+03 +6.833174633e+03 +6.786474633e+03 +6.786474633e+03 +1.8025e+00 -7.5259e-01 -1.6214e+00 -1.9609e+00 -3.0355e+00
137 +2.650215911e+03 +2.650215911e+03 +2.603515911e+03 +2.603515911e+03 -1.4834e+00 +2.5001e+00 -1.1474e+00 -1.5028e+00 +2.1719e+00
212 +1.503807887e+03 +1.503807887e+03 +1.457107887e+03 +1.457107887e+03 -1.0996e+00 +1.5974e+00 -1.2921e+00 -2.0590e+00 -1.4371e+00
217 +6.186166658e+02 +6.186166658e+02 +5.719166658e+02 +5.719166658e+02 -5.9980e-01 +1.6165e+00 -2.0310e+00 -2.3864e+00 +1.2883e+00
297 +3.533550855e+02 +3.533550855e+02 +3.066550855e+02 +3.066550855e+02 +1.7372e-01 +8.4297e-01 -2.8045e+00 -3.1599e+00 +5.1481e-01
348 +1.558692138e+02 +1.558692138e+02 +1.091692138e+02 +1.091692138e+02 -1.5483e+00 +1.3781e+00 -2.6816e+00 -3.3404e+00 -1.5424e+00
386 +8.098766546e+01 +8.098766546e+01 +3.428766546e+01 +3.428766546e+01 -1.3131e+00 +8.4436e-01 -2.2653e+00 -1.8983e+00 +7.3590e-01
462 +3.629178509e+01 +3.629178509e+01 -1.040821491e+01 -1.040821491e+01 -1.7938e+00 +1.2814e+00 -2.3253e+00 -2.1518e+00 +2.3689e-01
693 +1.533114883e+01 +1.533114883e+01 -3.136885117e+01 -3.136885117e+01 -8.1615e-01 +3.3110e-03 -3.6121e+00 -3.3779e+00 -1.2920e+00
905 +9.955508961e+00 +9.955508961e+00 -3.674449104e+01 -3.674449104e+01 -9.8066e-02 +4.8996e-01 -3.0433e+00 -3.2523e+00 -1.2868e+00
1335 +4.529241376e+00 +4.529241376e+00 -4.217075862e+01 -4.217075862e+01 +2.5342e-01 +8.1540e-01 -2.9282e+00 -3.3837e+00 -1.5736e+00
1676 +3.549634091e+00 +3.549634091e+00 -4.315036591e+01 -4.315036591e+01 +4.9783e-02 +6.2343e-01 -3.0926e+00 -3.3251e+00 -1.4627e+00
2269 +2.009804906e+00 +2.009804906e+00 -4.469019509e+01 -4.469019509e+01 +2.2334e-01 +9.5671e-01 -2.4751e+00 -2.6779e+00 -7.5657e-01
3385 +3.978257695e-01 +3.978257695e-01 -4.630217423e+01 -4.630217423e+01 +3.0719e-01 +1.0025e+00 -2.4439e+00 -2.6279e+00 -6.9428e-01
3985 +2.218371489e-01 +2.218371489e-01 -4.647816285e+01 -4.647816285e+01 +3.1378e-01 +1.0499e+00 -2.4144e+00 -2.5992e+00 -6.4536e-01
4443 +1.236780107e-01 +1.236780107e-01 -4.657632199e+01 -4.657632199e+01 +3.0711e-01 +1.0324e+00 -2.4120e+00 -2.5977e+00 -6.3345e-01
% function evaluation | noise-free fitness - Fopt (-9.308000000000e+01) | best noise-free fitness - Fopt | measured fitness | best measured fitness | x1 | x2...
1 +2.981650196e+05 +2.981650196e+05 +2.980719396e+05 +2.980719396e+05 +3.1472e+00 +4.0579e+00 -3.7301e+00 +4.1338e+00 +1.3236e+00
2 +5.760401000e+03 +5.760401000e+03 +5.667321000e+03 +5.667321000e+03 -4.0246e+00 -2.2150e+00 +4.6882e-01 +4.5751e+00 +4.6489e+00
16 +4.238365771e+02 +4.238365771e+02 +3.307565771e+02 +3.307565771e+02 -1.5002e+00 -3.0340e+00 -2.4892e+00 +1.1604e+00 -2.6711e-01
143 +3.383228509e+02 +3.383228509e+02 +2.452428509e+02 +2.452428509e+02 -2.3927e+00 -2.2215e+00 -1.6862e+00 +2.1334e+00 -1.4762e+00
183 +1.257059681e+02 +1.257059681e+02 +3.262596810e+01 +3.262596810e+01 -2.3927e+00 -2.2215e+00 -1.9681e+00 +6.2884e-01 -1.4762e+00
216 +6.307402767e+01 +6.307402767e+01 -3.000597233e+01 -3.000597233e+01 -1.8923e+00 -3.1728e+00 -1.6959e+00 +7.1423e-01 -1.2825e+00
493 +3.878768339e+01 +3.878768339e+01 -5.429231661e+01 -5.429231661e+01 -2.1526e+00 -2.9577e+00 -1.4207e+00 +8.2794e-01 -2.3089e+00
531 +2.423017327e+01 +2.423017327e+01 -6.884982673e+01 -6.884982673e+01 -2.1226e+00 -3.0346e+00 -1.2080e+00 +8.1844e-01 -1.5910e+00
568 +1.007247897e+01 +1.007247897e+01 -8.300752103e+01 -8.300752103e+01 -1.7079e+00 -2.7353e+00 -1.5042e+00 +1.0507e+00 -1.8505e+00
648 +7.679116022e+00 +7.679116022e+00 -8.540088398e+01 -8.540088398e+01 -1.6926e+00 -2.4265e+00 -1.4425e+00 +1.0507e+00 -1.9285e+00
1356 +4.806934809e+00 +4.806934809e+00 -8.827306519e+01 -8.827306519e+01 -1.6089e+00 -2.4177e+00 -1.4414e+00 +8.6178e-01 -1.6433e+00
1396 +3.309596496e+00 +3.309596496e+00 -8.977040350e+01 -8.977040350e+01 -1.6664e+00 -2.5179e+00 -1.3838e+00 +8.9440e-01 -1.7601e+00
2173 +2.297885720e+00 +2.297885720e+00 -9.078211428e+01 -9.078211428e+01 -1.5452e+00 -2.3191e+00 -1.3388e+00 +9.9602e-01 -1.7908e+00
2851 +1.534713651e+00 +1.534713651e+00 -9.154528635e+01 -9.154528635e+01 -1.4603e+00 -2.2238e+00 -1.1710e+00 +1.0454e+00 -1.7497e+00
3551 +9.734011615e-01 +9.734011615e-01 -9.210659884e+01 -9.210659884e+01 -1.3730e+00 -2.0741e+00 -9.9993e-01 +1.2333e+00 -1.6900e+00
% function evaluation | noise-free fitness - Fopt (4.168000000000e+01) | best noise-free fitness - Fopt | measured fitness | best measured fitness | x1 | x2...
1 +2.611478247e+05 +2.611478247e+05 +2.611895047e+05 +2.611895047e+05 +3.1472e+00 +4.0579e+00 -3.7301e+00 +4.1338e+00 +1.3236e+00
2 +7.021815433e+04 +7.021815433e+04 +7.025983433e+04 +7.025983433e+04 -4.0246e+00 -2.2150e+00 +4.6882e-01 +4.5751e+00 +4.6489e+00
4 +3.419747396e+04 +3.419747396e+04 +3.423915396e+04 +3.423915396e+04 -3.5811e+00 -7.8239e-01 +4.1574e+00 +2.9221e+00 +4.5949e+00
9 +1.029132671e+04 +1.029132671e+04 +1.033300671e+04 +1.033300671e+04 -6.1256e-01 -1.1844e+00 +2.6552e+00 +2.9520e+00 -3.1313e+00
10 +1.226521425e+03 +1.226521425e+03 +1.268201425e+03 +1.268201425e+03 -1.0236e-01 -5.4414e-01 +1.4631e+00 +2.0936e+00 +2.5469e+00
22 +2.639525904e+02 +2.639525904e+02 +3.056325904e+02 +3.056325904e+02 +1.0198e+00 -2.3703e+00 +1.5408e+00 +1.8921e+00 +2.4815e+00
129 +2.174692601e+02 +2.174692601e+02 +2.591492601e+02 +2.591492601e+02 +7.8704e-01 -3.1146e+00 +2.1492e+00 +9.7984e-01 -1.1313e+00
213 +1.302522373e+02 +1.302522373e+02 +1.719322373e+02 +1.719322373e+02 +8.3680e-01 -2.6746e+00 +1.7831e+00 +1.5928e+00 +9.0903e-01
326 +8.890822434e+01 +8.890822434e+01 +1.305882243e+02 +1.305882243e+02 +1.4612e+00 -1.0801e+00 +1.9223e+00 +1.1718e+00 -3.0837e-01
451 +2.266488637e+01 +2.266488637e+01 +6.434488637e+01 +6.434488637e+01 +1.4516e+00 -1.3529e+00 +1.7778e+00 +8.7719e-01 -9.5462e-01
651 +9.931728918e+00 +9.931728918e+00 +5.161172892e+01 +5.161172892e+01 +1.7947e+00 -1.3529e+00 +1.7778e+00 +8.5536e-01 -9.5462e-01
982 +9.317900173e-01 +9.317900173e-01 +4.261179002e+01 +4.261179002e+01 +1.6092e+00 -1.4535e+00 +1.7213e+00 +7.8137e-01 -9.9959e-01
2041 +6.228606095e-01 +6.228606095e-01 +4.230286061e+01 +4.230286061e+01 +1.6274e+00 -1.4466e+00 +1.6722e+00 +7.3240e-01 -1.0471e+00
2396 +3.945761447e-01 +3.945761447e-01 +4.207457614e+01 +4.207457614e+01 +1.6226e+00 -1.4932e+00 +1.6509e+00 +6.9459e-01 -1.0467e+00
2785 +2.054844963e-01 +2.054844963e-01 +4.188548450e+01 +4.188548450e+01 +1.6296e+00 -1.4773e+00 +1.6622e+00 +7.6959e-01 -9.6698e-01
3265 +1.490386739e-01 +1.490386739e-01 +4.182903867e+01 +4.182903867e+01 +1.6238e+00 -1.4776e+00 +1.6604e+00 +7.5256e-01 -1.0075e+00
