% function evaluation | noise-free fitness - Fopt (-4.620900000000e+02) | best noise-free fitness - Fopt | measured fitness | best measured fitness | x1 | x2...
1 +3.822889673e+02 +3.822889673e+02 -7.980103271e+01 -7.980103271e+01 +3.1472e+00 +4.0579e+00 -3.7301e+00
3 +1.619875939e+02 +1.619875939e+02 -3.001024061e+02 -3.001024061e+02 -2.2150e+00 +4.6882e-01 +4.5751e+00
5 +9.663706212e+01 +9.663706212e+01 -3.654529379e+02 -3.654529379e+02 +4.5717e+00 -1.4624e-01 +3.0028e+00
9 +5.887315942e+01 +5.887315942e+01 -4.032168406e+02 -4.032168406e+02 +1.7874e+00 +2.5774e+00 +2.4313e+00
46 +3.710212415e+01 +3.710212415e+01 -4.249878758e+02 -4.249878758e+02 -3.5811e+00 +3.4012e+00 +2.3074e+00
222 +2.420996043e+01 +2.420996043e+01 -4.378800396e+02 -4.378800396e+02 -2.2848e+00 +1.1297e+00 +1.2782e+00
275 +1.214836638e+01 +1.214836638e+01 -4.499416336e+02 -4.499416336e+02 -2.4619e+00 +2.8665e+00 +2.9641e+00
461 +9.742578093e+00 +9.742578093e+00 -4.523474219e+02 -4.523474219e+02 -2.4074e+00 +1.7887e+00 +2.9089e+00
468 +4.242621075e+00 +4.242621075e+00 -4.578473789e+02 -4.578473789e+02 -2.2577e+00 +2.3636e+00 +2.5786e+00
535 +3.530959291e+00 +3.530959291e+00 -4.585590407e+02 -4.585590407e+02 -2.2763e+00 +1.7526e+00 +2.5908e+00
924 +2.414547842e+00 +2.414547842e+00 -4.596754522e+02 -4.596754522e+02 -2.2561e+00 +2.2903e+00 +2.5740e+00
1051 +1.134865981e+00 +1.134865981e+00 -4.609551340e+02 -4.609551340e+02 -2.3240e+00 +1.7000e+00 +2.2068e+00
1379 +1.565263556e-01 +1.565263556e-01 -4.619334736e+02 -4.619334736e+02 -2.3340e+00 +2.3165e+00 +2.2121e+00
1617 +5.952503270e-02 +5.952503270e-02 -4.620304750e+02 -4.620304750e+02 -2.3436e+00 +2.2963e+00 +2.2191e+00
1749 +3.444387116e-02 +3.444387116e-02 -4.620555561e+02 -4.620555561e+02 -2.3449e+00 +2.3059e+00 +2.2165e+00
1904 +2.299028728e-02 +2.299028728e-02 -4.620670097e+02 -4.620670097e+02 -2.3440e+00 +2.2984e+00 +2.2171e+00
1950 +1.475916700e-02 +1.475916700e-02 -4.620752408e+02 -4.620752408e+02 -2.3408e+00 +2.3011e+00 +2.2167e+00
2030 +8.018300912e-03 +8.018300912e-03 -4.620819817e+02 -4.620819817e+02 -2.3346e+00 +2.3011e+00 +2.2141e+00
2044 +1.993209840e-03 +1.993209840e-03 -4.620880068e+02 -4.620880068e+02 -2.3424e+00 +2.3012e+00 +2.2141e+00
2081 +9.932211648e-04 +9.932211648e-04 -4.620890068e+02 -4.620890068e+02 -2.3420e+00 +2.3010e+00 +2.2134e+00
2109 +4.744341894e-04 +4.744341894e-04 -4.620895256e+02 -4.620895256e+02 -2.3420e+00 +2.3004e+00 +2.2134e+00
2155 +7.087991048e-05 +7.087991048e-05 -4.620899291e+02 -4.620899291e+02 -2.3404e+00 +2.2999e+00 +2.2135e+00
2355 +4.970999419e-05 +4.970999419e-05 -4.620899503e+02 -4.620899503e+02 -2.3404e+00 +2.2999e+00 +2.2135e+00
2503 +1.158107983e-05 +1.158107983e-05 -4.620899884e+02 -4.620899884e+02 -2.3407e+00 +2.3001e+00 +2.2137e+00
2553 +5.197444750e-06 +5.197444750e-06 -4.620899948e+02 -4.620899948e+02 -2.3407e+00 +2.3001e+00 +2.2136e+00
2593 +3.662459960e-06 +3.662459960e-06 -4.620899963e+02 -4.620899963e+02 -2.3408e+00 +2.3001e+00 +2.2136e+00
2703 +1.530658835e-06 +1.530658835e-06 -4.620899985e+02 -4.620899985e+02 -2.3408e+00 +2.3000e+00 +2.2136e+00
2753 +4.745556907e-07 +4.745556907e-07 -4.620899995e+02 -4.620899995e+02 -2.3408e+00 +2.3000e+00 +2.2136e+00
2793 +3.029071536e-07 +3.029071536e-07 -4.620899997e+02 -4.620899997e+02 -2.3408e+00 +2.3000e+00 +2.2136e+00
2871 +1.326226879e-07 +1.326226879e-07 -4.620899999e+02 -4.620899999e+02 -2.3408e+00 +2.3000e+00 +2.2136e+00
2946 +1.609356559e-08 +1.609356559e-08 -4.620900000e+02 -4.620900000e+02 -2.3408e+00 +2.3000e+00 +2.2136e+00
3083 +1.006770844e-08 +1.006770844e-08 -4.620900000e+02 -4.620900000e+02 -2.3408e+00 +2.3000e+00 +2.2136e+00
3085 +5.366644018e-09 +5.366644018e-09 -4.620900000e+02 -4.620900000e+02 -2.3408e+00 +2.3000e+00 +2.2136e+00
3123 +1.990429155e-09 +1.990429155e-09 -4.620900000e+02 -4.620900000e+02 -2.3408e+00 +2.3000e+00 +2.2136e+00
3238 +9.374048204e-10 +9.374048204e-10 -4.620900000e+02 -4.620900000e+02 -2.3408e+00 +2.3000e+00 +2.2136e+00
3261 +9.134737411e-11 +9.134737411e-11 -4.620900000e+02 -4.620900000e+02 -2.3408e+00 +2.3000e+00 +2.2136e+00
3448 +4.200728654e-11 +4.200728654e-11 -4.620900000e+02 -4.620900000e+02 -2.3408e+00 +2.3000e+00 +2.2136e+00
3495 +2.171418600e-11 +2.171418600e-11 -4.620900000e+02 -4.620900000e+02 -2.3408e+00 +2.3000e+00 +2.2136e+00
3556 +1.159605745e-11 +1.159605745e-11 -4.620900000e+02 -4.620900000e+02 -2.3408e+00 +2.3000e+00 +2.2136e+00
3557 +4.774847184e-12 +4.774847184e-12 -4.620900000e+02 -4.620900000e+02 -2.3408e+00 +2.3000e+00 +2.2136e+00
3612 +3.581135388e-12 +3.581135388e-12 -4.620900000e+02 -4.620900000e+02 -2.3408e+00 +2.3000e+00 +2.2136e+00
3632 +1.762145985e-12 +1.762145985e-12 -4.620900000e+02 -4.620900000e+02 -2.3408e+00 +2.3000e+00 +2.2136e+00
3786 +1.421085472e-12 +1.421085472e-12 -4.620900000e+02 -4.620900000e+02 -2.3408e+00 +2.3000e+00 +2.2136e+00
3849 +8.526512829e-13 +8.526512829e-13 -4.620900000e+02 -4.620900000e+02 -2.3408e+00 +2.3000e+00 +2.2136e+00
3880 +5.115907697e-13 +5.115907697e-13 -4.620900000e+02 -4.620900000e+02 -2.3408e+00 +2.3000e+00 +2.2136e+00
3960 +3.979039320e-13 +3.979039320e-13 -4.620900000e+02 -4.620900000e+02 -2.3408e+00 +2.3000e+00 +2.2136e+00
4035 +5.684341886e-14 +5.684341886e-14 -4.620900000e+02 -4.620900000e+02 -2.3408e+00 +2.3000e+00 +2.2136e+00
4208 +0.000000000e+00 +0.000000000e+00 -4.620900000e+02 -4.620900000e+02 -2.3408e+00 +2.3000e+00 +2.2136e+00
% function evaluation | noise-free fitness - Fopt (7.766000000000e+01) | best noise-free fitness - Fopt | measured fitness | best measured fitness | x1 | x2...
1 +2.509286690e+02 +2.509286690e+02 +3.285886690e+02 +3.285886690e+02 +3.1472e+00 +4.0579e+00 -3.7301e+00
2 +1.504988472e+02 +1.504988472e+02 +2.281588472e+02 +2.281588472e+02 +4.1338e+00 +1.3236e+00 -4.0246e+00
11 +7.722720488e+01 +7.722720488e+01 +1.548872049e+02 +1.548872049e+02 +2.0605e+00 -4.6817e+00 -2.2308e+00
20 +5.487828504e+01 +5.487828504e+01 +1.325382850e+02 +1.325382850e+02 -1.5961e+00 +8.5268e-01 -2.7619e+00
27 +3.485237124e+01 +3.485237124e+01 +1.125123712e+02 +1.125123712e+02 +1.1604e+00 -2.6711e-01 -1.4834e+00
80 +6.857862897e+00 +6.857862897e+00 +8.451786290e+01 +8.451786290e+01 +2.3409e+00 -8.4273e-01 -5.7322e-01
265 +5.356966883e+00 +5.356966883e+00 +8.301696688e+01 +8.301696688e+01 +2.3616e+00 -8.3273e-01 -1.2184e+00
435 +2.794037353e+00 +2.794037353e+00 +8.045403735e+01 +8.045403735e+01 +2.3144e+00 -8.7257e-01 -1.5954e+00
670 +1.835702604e+00 +1.835702604e+00 +7.949570260e+01 +7.949570260e+01 +2.3621e+00 -8.2183e-01 -9.1230e-01
696 +1.058396970e+00 +1.058396970e+00 +7.871839697e+01 +7.871839697e+01 +2.3503e+00 -8.7117e-01 -1.2553e+00
705 +8.336358117e-01 +8.336358117e-01 +7.849363581e+01 +7.849363581e+01 +2.3632e+00 -8.7529e-01 -1.2580e+00
905 +6.198516576e-01 +6.198516576e-01 +7.827985166e+01 +7.827985166e+01 +2.4169e+00 -8.7529e-01 -1.2580e+00
931 +3.977191984e-01 +3.977191984e-01 +7.805771920e+01 +7.805771920e+01 +2.3941e+00 -8.6069e-01 -1.2565e+00
989 +1.449409349e-01 +1.449409349e-01 +7.780494093e+01 +7.780494093e+01 +2.4191e+00 -8.5911e-01 -1.2769e+00
1187 +9.508169866e-02 +9.508169866e-02 +7.775508170e+01 +7.775508170e+01 +2.3798e+00 -8.6255e-01 -1.2715e+00
1325 +4.225109281e-02 +4.225109281e-02 +7.770225109e+01 +7.770225109e+01 +2.3882e+00 -8.6227e-01 -1.2720e+00
1386 +3.964061280e-02 +3.964061280e-02 +7.769964061e+01 +7.769964061e+01 +2.3963e+00 -8.6391e-01 -1.2737e+00
1417 +2.437844098e-02 +2.437844098e-02 +7.768437844e+01 +7.768437844e+01 +2.3970e+00 -8.6225e-01 -1.2716e+00
1578 +1.407254338e-02 +1.407254338e-02 +7.767407254e+01 +7.767407254e+01 +2.3912e+00 -8.5872e-01 -1.2715e+00
1652 +8.215666521e-03 +8.215666521e-03 +7.766821567e+01 +7.766821567e+01 +2.3952e+00 -8.5904e-01 -1.2722e+00
1679 +5.959983331e-03 +5.959983331e-03 +7.766595998e+01 +7.766595998e+01 +2.3952e+00 -8.5850e-01 -1.2717e+00
1719 +3.780573624e-03 +3.780573624e-03 +7.766378057e+01 +7.766378057e+01 +2.3981e+00 -8.5850e-01 -1.2717e+00
1861 +1.980831478e-03 +1.980831478e-03 +7.766198083e+01 +7.766198083e+01 +2.3961e+00 -8.5712e-01 -1.2716e+00
2060 +1.553145087e-03 +1.553145087e-03 +7.766155315e+01 +7.766155315e+01 +2.3965e+00 -8.5714e-01 -1.2718e+00
2061 +8.440773367e-04 +8.440773367e-04 +7.766084408e+01 +7.766084408e+01 +2.3985e+00 -8.5712e-01 -1.2718e+00
2434 +5.811041316e-04 +5.811041316e-04 +7.766058110e+01 +7.766058110e+01 +2.3988e+00 -8.5696e-01 -1.2719e+00
% function evaluation | noise-free fitness - Fopt (1.156800000000e+02) | best noise-free fitness - Fopt | measured fitness | best measured fitness | x1 | x2...
1 +3.902351220e+02 +3.902351220e+02 +5.059151220e+02 +5.059151220e+02 +3.1472e+00 +4.0579e+00 -3.7301e+00
5 +2.421367472e+02 +2.421367472e+02 +3.578167472e+02 +3.578167472e+02 +4.5717e+00 -1.4624e-01 +3.0028e+00
14 +6.727344848e+01 +6.727344848e+01 +1.829534485e+02 +1.829534485e+02 -4.6555e+00 -6.1256e-01 -1.1844e+00
16 +6.097005781e+01 +6.097005781e+01 +1.766500578e+02 +1.766500578e+02 -1.0236e-01 -5.4414e-01 +1.4631e+00
89 +2.608535581e+01 +2.608535581e+01 +1.417653558e+02 +1.417653558e+02 +1.7089e+00 -8.9777e-01 +8.5888e-01
147 +2.489928167e+01 +2.489928167e+01 +1.405792817e+02 +1.405792817e+02 -4.3362e+00 -1.6170e+00 +4.8765e-01
215 +8.317254384e+00 +8.317254384e+00 +1.239972544e+02 +1.239972544e+02 -3.2270e+00 -4.8619e-01 -6.1134e-02
441 +6.079703149e+00 +6.079703149e+00 +1.217597031e+02 +1.217597031e+02 -2.1608e+00 -2.0889e+00 +6.3171e-01
574 +3.526251907e+00 +3.526251907e+00 +1.192062519e+02 +1.192062519e+02 -2.1389e+00 -9.2198e-01 +6.2970e-01
744 +2.110105245e+00 +2.110105245e+00 +1.177901052e+02 +1.177901052e+02 -2.1689e+00 -1.5967e+00 +6.0961e-01
971 +1.245266291e+00 +1.245266291e+00 +1.169252663e+02 +1.169252663e+02 -2.1661e+00 -9.7239e-01 +6.2246e-01
1654 +9.974314960e-01 +9.974314960e-01 +1.166774315e+02 +1.166774315e+02 -2.1782e+00 -9.8340e-01 +6.0789e-01
% function evaluation | noise-free fitness - Fopt (-3.710000000000e+00) | best noise-free fitness - Fopt | measured fitness | best measured fitness | x1 | x2...
1 +6.524541653e+02 +6.524541653e+02 +6.487441653e+02 +6.487441653e+02 +3.1472e+00 +4.0579e+00 -3.7301e+00
2 +3.918421006e+02 +3.918421006e+02 +3.881321006e+02 +3.881321006e+02 +4.1338e+00 +1.3236e+00 -4.0246e+00
3 +2.434497130e+02 +2.434497130e+02 +2.397397130e+02 +2.397397130e+02 -2.2150e+00 +4.6882e-01 +4.5751e+00
5 +1.010501012e+02 +1.010501012e+02 +9.734010120e+01 +9.734010120e+01 +4.5717e+00 -1.4624e-01 +3.0028e+00
16 +2.684070940e+01 +2.684070940e+01 +2.313070940e+01 +2.313070940e+01 -1.0236e-01 -5.4414e-01 +1.4631e+00
29 +2.326567255e+01 +2.326567255e+01 +1.955567255e+01 +1.955567255e+01 +4.1719e+00 -2.1416e+00 +2.5720e+00
114 +1.544900585e+01 +1.544900585e+01 +1.173900585e+01 +1.173900585e+01 +2.2514e+00 -3.3782e+00 +2.4490e+00
268 +8.631937832e+00 +8.631937832e+00 +4.921937832e+00 +4.921937832e+00 +2.1309e+00 -2.8599e+00 +2.4899e+00
482 +5.826210375e+00 +5.826210375e+00 +2.116210375e+00 +2.116210375e+00 +3.2576e+00 -2.2468e+00 +2.1562e+00
560 +2.012684351e+00 +2.012684351e+00 -1.697315649e+00 -1.697315649e+00 +3.1586e+00 -2.2680e+00 +1.7573e+00
916 +1.579791442e+00 +1.579791442e+00 -2.130208558e+00 -2.130208558e+00 +3.1644e+00 -2.2832e+00 +2.1323e+00
1268 +9.116082182e-01 +9.116082182e-01 -2.798391782e+00 -2.798391782e+00 +3.1386e+00 -2.3009e+00 +1.7625e+00
1440 +3.147124503e-01 +3.147124503e-01 -3.395287550e+00 -3.395287550e+00 +3.1036e+00 -2.2923e+00 +1.7716e+00
1706 +2.349435076e-01 +2.349435076e-01 -3.475056492e+00 -3.475056492e+00 +3.1198e+00 -2.2951e+00 +1.7720e+00
1874 +1.313603637e-01 +1.313603637e-01 -3.578639636e+00 -3.578639636e+00 +3.1110e+00 -2.2930e+00 +1.7750e+00
2051 +9.875994838e-02 +9.875994838e-02 -3.611240052e+00 -3.611240052e+00 +3.1260e+00 -2.2949e+00 +1.7759e+00
% function evaluation | noise-free fitness - Fopt (1.321800000000e+02) | best noise-free fitness - Fopt | measured fitness | best measured fitness | x1 | x2...
1 +5.904892880e+02 +5.904892880e+02 +7.226692880e+02 +7.226692880e+02 +3.1472e+00 +4.0579e+00 -3.7301e+00
3 +4.712586173e+01 +4.712586173e+01 +1.793058617e+02 +1.793058617e+02 -2.2150e+00 +4.6882e-01 +4.5751e+00
6 +2.822173581e+01 +2.822173581e+01 +1.604017358e+02 +1.604017358e+02 -3.5811e+00 -7.8239e-01 +4.1574e+00
200 +1.303348354e+01 +1.303348354e+01 +1.452134835e+02 +1.452134835e+02 -3.6820e+00 +1.4649e+00 +2.4750e+00
235 +8.106491117e+00 +8.106491117e+00 +1.402864911e+02 +1.402864911e+02 -3.7763e+00 +8.8669e-01 +2.8256e+00
329 +5.119545393e+00 +5.119545393e+00 +1.372995454e+02 +1.372995454e+02 -3.6590e+00 +9.3491e-01 +3.8335e+00
339 +3.550802293e+00 +3.550802293e+00 +1.357308023e+02 +1.357308023e+02 -3.7304e+00 +8.8887e-01 +3.7806e+00
675 +2.141412858e+00 +2.141412858e+00 +1.343214129e+02 +1.343214129e+02 -3.7763e+00 +8.8669e-01 +3.8375e+00
1014 +1.293128679e+00 +1.293128679e+00 +1.334731287e+02 +1.334731287e+02 -3.7673e+00 +9.0633e-01 +3.4721e+00
1405 +7.724052627e-01 +7.724052627e-01 +1.329524053e+02 +1.329524053e+02 -3.7282e+00 +1.4965e+00 +3.4791e+00
1501 +1.429368028e-01 +1.429368028e-01 +1.323229368e+02 +1.323229368e+02 -3.7683e+00 +1.4844e+00 +3.4704e+00
1920 +1.514999177e-02 +1.514999177e-02 +1.321951500e+02 +1.321951500e+02 -3.7644e+00 +1.4846e+00 +3.4643e+00
1976 +5.943391094e-03 +5.943391094e-03 +1.321859434e+02 +1.321859434e+02 -3.7661e+00 +1.4822e+00 +3.4633e+00
2211 +8.934861964e-04 +8.934861964e-04 +1.321808935e+02 +1.321808935e+02 -3.7628e+00 +1.4833e+00 +3.4617e+00
2376 +6.095503734e-04 +6.095503734e-04 +1.321806096e+02 +1.321806096e+02 -3.7624e+00 +1.4822e+00 +3.4613e+00
2416 +3.219462907e-04 +3.219462907e-04 +1.321803219e+02 +1.321803219e+02 -3.7631e+00 +1.4822e+00 +3.4619e+00
2418 +2.106787582e-04 +2.106787582e-04 +1.321802107e+02 +1.321802107e+02 -3.7648e+00 +1.4827e+00 +3.4615e+00
2451 +1.222878085e-04 +1.222878085e-04 +1.321801223e+02 +1.321801223e+02 -3.7640e+00 +1.4828e+00 +3.4617e+00
2491 +5.244329901e-05 +5.244329901e-05 +1.321800524e+02 +1.321800524e+02 -3.7640e+00 +1.4826e+00 +3.4617e+00
2530 +2.780316836e-05 +2.780316836e-05 +1.321800278e+02 +1.321800278e+02 -3.7641e+00 +1.4826e+00 +3.4616e+00
2656 +9.127105670e-06 +9.127105670e-06 +1.321800091e+02 +1.321800091e+02 -3.7641e+00 +1.4823e+00 +3.4616e+00
2676 +4.050963497e-06 +4.050963497e-06 +1.321800041e+02 +1.321800041e+02 -3.7640e+00 +1.4823e+00 +3.4616e+00
2743 +2.239765536e-06 +2.239765536e-06 +1.321800022e+02 +1.321800022e+02 -3.7640e+00 +1.4824e+00 +3.4616e+00
2800 +9.797328744e-07 +9.797328744e-07 +1.321800010e+02 +1.321800010e+02 -3.7640e+00 +1.4824e+00 +3.4616e+00
2841 +5.168890027e-07 +5.168890027e-07 +1.321800005e+02 +1.321800005e+02 -3.7640e+00 +1.4824e+00 +3.4616e+00
2963 +3.063097722e-07 +3.063097722e-07 +1.321800003e+02 +1.321800003e+02 -3.7640e+00 +1.4824e+00 +3.4616e+00
2991 +1.401645022e-07 +1.401645022e-07 +1.321800001e+02 +1.321800001e+02 -3.7640e+00 +1.4824e+00 +3.4616e+00
3045 +5.176332252e-08 +5.176332252e-08 +1.321800001e+02 +1.321800001e+02 -3.7640e+00 +1.4824e+00 +3.4616e+00
3127 +1.372742986e-08 +1.372742986e-08 +1.321800000e+02 +1.321800000e+02 -3.7640e+00 +1.4824e+00 +3.4616e+00
3293 +3.513179081e-09 +3.513179081e-09 +1.321800000e+02 +1.321800000e+02 -3.7640e+00 +1.4824e+00 +3.4616e+00
3333 +2.456744141e-09 +2.456744141e-09 +1.321800000e+02 +1.321800000e+02 -3.7640e+00 +1.4824e+00 +3.4616e+00
3404 +4.920934771e-10 +4.920934771e-10 +1.321800000e+02 +1.321800000e+02 -3.7640e+00 +1.4824e+00 +3.4616e+00
3443 +2.393960585e-10 +2.393960585e-10 +1.321800000e+02 +1.321800000e+02 -3.7640e+00 +1.4824e+00 +3.4616e+00
3589 +4.590106073e-11 +4.590106073e-11 +1.321800000e+02 +1.321800000e+02 -3.7640e+00 +1.4824e+00 +3.4616e+00
3705 +3.575451046e-11 +3.575451046e-11 +1.321800000e+02 +1.321800000e+02 -3.7640e+00 +1.4824e+00 +3.4616e+00
3814 +1.813305062e-11 +1.813305062e-11 +1.321800000e+02 +1.321800000e+02 -3.7640e+00 +1.4824e+00 +3.4616e+00
3832 +1.469402378e-11 +1.469402378e-11 +1.321800000e+02 +1.321800000e+02 -3.7640e+00 +1.4824e+00 +3.4616e+00
3851 +9.919176591e-12 +9.919176591e-12 +1.321800000e+02 +1.321800000e+02 -3.7640e+00 +1.4824e+00 +3.4616e+00
3879 +3.694822226e-12 +3.694822226e-12 +1.321800000e+02 +1.321800000e+02 -3.7640e+00 +1.4824e+00 +3.4616e+00
3905 +2.387423592e-12 +2.387423592e-12 +1.321800000e+02 +1.321800000e+02 -3.7640e+00 +1.4824e+00 +3.4616e+00
3919 +7.958078641e-13 +7.958078641e-13 +1.321800000e+02 +1.321800000e+02 -3.7640e+00 +1.4824e+00 +3.4616e+00
3950 +5.684341886e-13 +5.684341886e-13 +1.321800000e+02 +1.321800000e+02 -3.7640e+00 +1.4824e+00 +3.4616e+00
4011 +2.273736754e-13 +2.273736754e-13 +1.321800000e+02 +1.321800000e+02 -3.7640e+00 +1.4824e+00 +3.4616e+00
4093 +1.136868377e-13 +1.136868377e-13 +1.321800000e+02 +1.321800000e+02 -3.7640e+00 +1.4824e+00 +3.4616e+00
4096 +8.526512829e-14 +8.526512829e-14 +1.321800000e+02 +1.321800000e+02 -3.7640e+00 +1.4824e+00 +3.4616e+00
4204 +2.842170943e-14 +2.842170943e-14 +1.321800000e+02 +1.321800000e+02 -3.7640e+00 +1.4824e+00 +3.4616e+00
4307 +0.000000000e+00 +0.000000000e+00 +1.321800000e+02 +1.321800000e+02 -3.7640e+00 +1.4824e+00 +3.4616e+00
% function evaluation | noise-free fitness - Fopt (-5.847300000000e+02) | best noise-free fitness - Fopt | measured fitness | best measured fitness | x1 | x2...
1 +5.941015561e+02 +5.941015561e+02 +9.371556135e+00 +9.371556135e+00 +3.1472e+00 +4.0579e+00 -3.7301e+00
2 +2.243310171e+02 +2.243310171e+02 -3.603989829e+02 -3.603989829e+02 +4.1338e+00 +1.3236e+00 -4.0246e+00
11 +5.583805451e+01 +5.583805451e+01 -5.288919455e+02 -5.288919455e+02 +2.0605e+00 -4.6817e+00 -2.2308e+00
23 +2.813763122e+01 +2.813763122e+01 -5.565923688e+02 -5.565923688e+02 +4.7216e-01 -3.6138e+00 -3.5071e+00
209 +1.733838085e+01 +1.733838085e+01 -5.673916192e+02 -5.673916192e+02 -2.5360e+00 -2.4119e+00 -1.5280e+00
305 +1.199759211e+01 +1.199759211e+01 -5.727324079e+02 -5.727324079e+02 -2.6345e+00 -2.9546e+00 -1.5263e+00
410 +8.991535019e+00 +8.991535019e+00 -5.757384650e+02 -5.757384650e+02 -2.6824e+00 -3.0246e+00 -1.8565e+00
425 +5.468886894e+00 +5.468886894e+00 -5.792611131e+02 -5.792611131e+02 -2.6345e+00 -3.0044e+00 -2.9636e+00
536 +3.834786422e+00 +3.834786422e+00 -5.808952136e+02 -5.808952136e+02 -2.7411e+00 -3.0512e+00 -1.9805e+00
1123 +4.277793102e-01 +4.277793102e-01 -5.843022207e+02 -5.843022207e+02 -2.6497e+00 -3.0271e+00 -2.2880e+00
1251 +2.151999245e-01 +2.151999245e-01 -5.845148001e+02 -5.845148001e+02 -2.6588e+00 -3.0146e+00 -2.2988e+00
1863 +1.349589595e-01 +1.349589595e-01 -5.845950410e+02 -5.845950410e+02 -2.6396e+00 -3.0309e+00 -2.2963e+00
1872 +7.567803221e-02 +7.567803221e-02 -5.846543220e+02 -5.846543220e+02 -2.6419e+00 -3.0289e+00 -2.2980e+00
1921 +1.518135770e-02 +1.518135770e-02 -5.847148186e+02 -5.847148186e+02 -2.6419e+00 -3.0285e+00 -2.3022e+00
2105 +2.850619214e-03 +2.850619214e-03 -5.847271494e+02 -5.847271494e+02 -2.6437e+00 -3.0278e+00 -2.3051e+00
2324 +8.889040096e-04 +8.889040096e-04 -5.847291111e+02 -5.847291111e+02 -2.6453e+00 -3.0285e+00 -2.3048e+00
2397 +3.158502344e-04 +3.158502344e-04 -5.847296841e+02 -5.847296841e+02 -2.6450e+00 -3.0292e+00 -2.3051e+00
2480 +1.804004530e-04 +1.804004530e-04 -5.847298196e+02 -5.847298196e+02 -2.6448e+00 -3.0299e+00 -2.3049e+00
2590 +1.270972859e-04 +1.270972859e-04 -5.847298729e+02 -5.847298729e+02 -2.6457e+00 -3.0295e+00 -2.3045e+00
2630 +3.947666494e-05 +3.947666494e-05 -5.847299605e+02 -5.847299605e+02 -2.6457e+00 -3.0295e+00 -2.3049e+00
2768 +6.887409995e-06 +6.887409995e-06 -5.847299931e+02 -5.847299931e+02 -2.6458e+00 -3.0296e+00 -2.3048e+00
2794 +3.543611911e-06 +3.543611911e-06 -5.847299965e+02 -5.847299965e+02 -2.6456e+00 -3.0296e+00 -2.3048e+00
2853 +5.287132581e-07 +5.287132581e-07 -5.847299995e+02 -5.847299995e+02 -2.6456e+00 -3.0296e+00 -2.3048e+00
2994 +1.123833044e-07 +1.123833044e-07 -5.847299999e+02 -5.847299999e+02 -2.6456e+00 -3.0296e+00 -2.3048e+00
3093 +7.298922355e-08 +7.298922355e-08 -5.847299999e+02 -5.847299999e+02 -2.6456e+00 -3.0296e+00 -2.3048e+00
3104 +4.170817647e-08 +4.170817647e-08 -5.847300000e+02 -5.847300000e+02 -2.6456e+00 -3.0296e+00 -2.3048e+00
3127 +2.410354227e-08 +2.410354227e-08 -5.847300000e+02 -5.847300000e+02 -2.6456e+00 -3.0296e+00 -2.3048e+00
3145 +1.329533461e-08 +1.329533461e-08 -5.847300000e+02 -5.847300000e+02 -2.6456e+00 -3.0296e+00 -2.3048e+00
3197 +5.043489182e-09 +5.043489182e-09 -5.847300000e+02 -5.847300000e+02 -2.6456e+00 -3.0296e+00 -2.3048e+00
3283 +2.392539500e-09 +2.392539500e-09 -5.847300000e+02 -5.847300000e+02 -2.6456e+00 -3.0296e+00 -2.3048e+00
3381 +7.543121683e-10 +7.543121683e-10 -5.847300000e+02 -5.847300000e+02 -2.6456e+00 -3.0296e+00 -2.3048e+00
3404 +3.549303074e-10 +3.549303074e-10 -5.847300000e+02 -5.847300000e+02 -2.6456e+00 -3.0296e+00 -2.3048e+00
3500 +1.532498572e-10 +1.532498572e-10 -5.847300000e+02 -5.847300000e+02 -2.6456e+00 -3.0296e+00 -2.3048e+00
3546 +5.502442946e-11 +5.502442946e-11 -5.847300000e+02 -5.847300000e+02 -2.6456e+00 -3.0296e+00 -2.3048e+00
3656 +3.512923286e-11 +3.512923286e-11 -5.847300000e+02 -5.847300000e+02 -2.6456e+00 -3.0296e+00 -2.3048e+00
3758 +7.617018127e-12 +7.617018127e-12 -5.847300000e+02 -5.847300000e+02 -2.6456e+00 -3.0296e+00 -2.3048e+00
3786 +1.136868377e-13 +1.136868377e-13 -5.847300000e+02 -5.847300000e+02 -2.6456e+00 -3.0296e+00 -2.3048e+00
4193 +0.000000000e+00 +0.000000000e+00 -5.847300000e+02 -5.847300000e+02 -2.6456e+00 -3.0296e+00 -2.3048e+00
% function evaluation | noise-free fitness - Fopt (-3.654000000000e+01) | best noise-free fitness - Fopt | measured fitness | best measured fitness | x1 | x2...
1 +5.253075592e+02 +5.253075592e+02 +4.887675592e+02 +4.887675592e+02 +3.1472e+00 +4.0579e+00 -3.7301e+00
2 +2.764382482e+02 +2.764382482e+02 +2.398982482e+02 +2.398982482e+02 +4.1338e+00 +1.3236e+00 -4.0246e+00
10 +2.067662550e+02 +2.067662550e+02 +1.702262550e+02 +1.702262550e+02 -1.0777e+00 +1.5548e+00 -3.2881e+00
11 +9.976611567e+01 +9.976611567e+01 +6.322611567e+01 +6.322611567e+01 +2.0605e+00 -4.6817e+00 -2.2308e+00
16 +3.694499171e+01 +3.694499171e+01 +4.049917069e-01 +4.049917069e-01 -1.0236e-01 -5.4414e-01 +1.4631e+00
162 +2.112656197e+01 +2.112656197e+01 -1.541343803e+01 -1.541343803e+01 +2.7051e+00 -3.2497e+00 -3.4747e-01
296 +7.946636741e+00 +7.946636741e+00 -2.859336326e+01 -2.859336326e+01 -1.0236e-01 -2.3284e+00 +3.5410e-01
411 +5.826315923e+00 +5.826315923e+00 -3.071368408e+01 -3.071368408e+01 -2.1760e+00 -2.2682e+00 -1.0876e-03
510 +2.146411670e+00 +2.146411670e+00 -3.439358833e+01 -3.439358833e+01 -2.2234e-01 -2.2631e+00 +3.0872e-01
1319 +1.294122361e+00 +1.294122361e+00 -3.524587764e+01 -3.524587764e+01 -1.8696e-01 -2.2476e+00 +3.2143e-01
1478 +4.100000732e-01 +4.100000732e-01 -3.612999993e+01 -3.612999993e+01 -1.6137e-01 -2.2193e+00 -2.5341e-02
1588 +3.329295220e-01 +3.329295220e-01 -3.620707048e+01 -3.620707048e+01 -1.8188e-01 -2.2504e+00 -3.1252e-02
1598 +4.263238948e-02 +4.263238948e-02 -3.649736761e+01 -3.649736761e+01 -1.9126e-01 -2.2392e+00 -2.5341e-02
1732 +9.379865569e-03 +9.379865569e-03 -3.653062013e+01 -3.653062013e+01 -1.9531e-01 -2.2346e+00 -2.5795e-02
1969 +2.547756168e-03 +2.547756168e-03 -3.653745224e+01 -3.653745224e+01 -1.9836e-01 -2.2346e+00 -2.4451e-02
2127 +2.172392007e-03 +2.172392007e-03 -3.653782761e+01 -3.653782761e+01 -1.9838e-01 -2.2328e+00 -2.4603e-02
2130 +8.785055878e-04 +8.785055878e-04 -3.653912149e+01 -3.653912149e+01 -2.0132e-01 -2.2339e+00 -2.5432e-02
2231 +8.609130821e-05 +8.609130821e-05 -3.653991391e+01 -3.653991391e+01 -2.0198e-01 -2.2338e+00 -2.4665e-02
2276 +5.811458354e-05 +5.811458354e-05 -3.653994189e+01 -3.653994189e+01 -2.0158e-01 -2.2337e+00 -2.4971e-02
2331 +2.031975743e-05 +2.031975743e-05 -3.653997968e+01 -3.653997968e+01 -2.0143e-01 -2.2337e+00 -2.4800e-02
2356 +6.517638141e-06 +6.517638141e-06 -3.653999348e+01 -3.653999348e+01 -2.0158e-01 -2.2336e+00 -2.4848e-02
2587 +5.767454866e-06 +5.767454866e-06 -3.653999423e+01 -3.653999423e+01 -2.0164e-01 -2.2337e+00 -2.4777e-02
2605 +3.253179514e-06 +3.253179514e-06 -3.653999675e+01 -3.653999675e+01 -2.0157e-01 -2.2337e+00 -2.4826e-02
2627 +1.412146183e-06 +1.412146183e-06 -3.653999859e+01 -3.653999859e+01 -2.0164e-01 -2.2336e+00 -2.4777e-02
2665 +2.697034276e-07 +2.697034276e-07 -3.653999973e+01 -3.653999973e+01 -2.0162e-01 -2.2336e+00 -2.4790e-02
2832 +4.487144878e-08 +4.487144878e-08 -3.653999996e+01 -3.653999996e+01 -2.0161e-01 -2.2336e+00 -2.4801e-02
2941 +2.760398132e-08 +2.760398132e-08 -3.653999997e+01 -3.653999997e+01 -2.0160e-01 -2.2336e+00 -2.4802e-02
2992 +1.405484085e-08 +1.405484085e-08 -3.653999999e+01 -3.653999999e+01 -2.0160e-01 -2.2336e+00 -2.4801e-02
3118 +9.336766027e-09 +9.336766027e-09 -3.653999999e+01 -3.653999999e+01 -2.0160e-01 -2.2336e+00 -2.4798e-02
3162 +4.545348986e-09 +4.545348986e-09 -3.654000000e+01 -3.654000000e+01 -2.0160e-01 -2.2336e+00 -2.4799e-02
3196 +2.740421223e-09 +2.740421223e-09 -3.654000000e+01 -3.654000000e+01 -2.0160e-01 -2.2336e+00 -2.4800e-02
3204 +1.405673800e-09 +1.405673800e-09 -3.654000000e+01 -3.654000000e+01 -2.0160e-01 -2.2336e+00 -2.4800e-02
3341 +8.346034974e-10 +8.346034974e-10 -3.654000000e+01 -3.654000000e+01 -2.0160e-01 -2.2336e+00 -2.4800e-02
3380 +6.281268838e-10 +6.281268838e-10 -3.654000000e+01 -3.654000000e+01 -2.0160e-01 -2.2336e+00 -2.4800e-02
3438 +6.018296972e-12 +6.018296972e-12 -3.654000000e+01 -3.654000000e+01 -2.0160e-01 -2.2336e+00 -2.4800e-02
3705 +2.529532139e-12 +2.529532139e-12 -3.654000000e+01 -3.654000000e+01 -2.0160e-01 -2.2336e+00 -2.4800e-02
3981 +1.946887096e-12 +1.946887096e-12 -3.654000000e+01 -3.654000000e+01 -2.0160e-01 -2.2336e+00 -2.4800e-02
3987 +2.771116669e-13 +2.771116669e-13 -3.654000000e+01 -3.654000000e+01 -2.0160e-01 -2.2336e+00 -2.4800e-02
4113 +9.947598301e-14 +9.947598301e-14 -3.654000000e+01 -3.654000000e+01 -2.0160e-01 -2.2336e+00 -2.4800e-02
4242 +5.684341886e-14 +5.684341886e-14 -3.654000000e+01 -3.654000000e+01 -2.0160e-01 -2.2336e+00 -2.4800e-02
4293 +3.552713679e-14 +3.552713679e-14 -3.654000000e+01 -3.654000000e+01 -2.0160e-01 -2.2336e+00 -2.4800e-02
4303 +2.131628207e-14 +2.131628207e-14 -3.654000000e+01 -3.654000000e+01 -2.0160e-01 -2.2336e+00 -2.4800e-02
4381 +7.105427358e-15 +7.105427358e-15 -3.654000000e+01 -3.654000000e+01 -2.0160e-01 -2.2336e+00 -2.4800e-02
4516 +0.000000000e+00 +0.000000000e+00 -3.654000000e+01 -3.654000000e+01 -2.0160e-01 -2.2336e+00 -2.4800e-02
% function evaluation | noise-free fitness - Fopt (1.000000000000e+03) | best noise-free fitness - Fopt | measured fitness | best measured fitness | x1 | x2...
1 +3.216448863e+02 +3.216448863e+02 +1.321644886e+03 +1.321644886e+03 +3.1472e+00 +4.0579e+00 -3.7301e+00
2 +2.423844907e+02 +2.423844907e+02 +1.242384491e+03 +1.242384491e+03 +4.1338e+00 +1.3236e+00 -4.0246e+00
11 +1.442901373e+02 +1.442901373e+02 +1.144290137e+03 +1.144290137e+03 +2.0605e+00 -4.6817e+00 -2.2308e+00
14 +4.390283385e+01 +4.390283385e+01 +1.043902834e+03 +1.043902834e+03 -4.6555e+00 -6.1256e-01 -1.1844e+00
79 +3.479361012e+01 +3.479361012e+01 +1.034793610e+03 +1.034793610e+03 -3.5951e+00 +7.8640e-01 +3.8342e-01
92 +2.171306840e+01 +2.171306840e+01 +1.021713068e+03 +1.021713068e+03 -4.5383e+00 -2.3842e-01 +1.0740e-01
185 +1.420459395e+01 +1.420459395e+01 +1.014204594e+03 +1.014204594e+03 +1.2933e+00 -1.4617e+00 -1.4642e-01
399 +9.869581876e+00 +9.869581876e+00 +1.009869582e+03 +1.009869582e+03 -5.3767e-01 -7.1009e-01 -1.3919e-01
546 +3.863736375e+00 +3.863736375e+00 +1.003863736e+03 +1.003863736e+03 -5.7075e-01 -7.6995e-01 -4.7183e-01
690 +2.000350634e+00 +2.000350634e+00 +1.002000351e+03 +1.002000351e+03 -2.5207e+00 -8.2631e-01 -1.7749e-01
971 +1.161368605e+00 +1.161368605e+00 +1.001161369e+03 +1.001161369e+03 -1.5547e+00 -8.1206e-01 +1.8026e-01
1099 +7.520389862e-01 +7.520389862e-01 +1.000752039e+03 +1.000752039e+03 -1.5865e+00 -8.4305e-01 -1.5387e-01
1299 +6.217464552e-01 +6.217464552e-01 +1.000621746e+03 +1.000621746e+03 -1.5865e+00 -8.0242e-01 -1.5387e-01
1344 +6.825049927e-02 +6.825049927e-02 +1.000068250e+03 +1.000068250e+03 -1.5706e+00 -8.2816e-01 -1.7437e-01
1800 +6.090010442e-02 +6.090010442e-02 +1.000060900e+03 +1.000060900e+03 -1.5747e+00 -8.1302e-01 -1.7373e-01
1812 +2.898449558e-02 +2.898449558e-02 +1.000028984e+03 +1.000028984e+03 -1.5762e+00 -8.1407e-01 -1.7143e-01
1891 +1.699895047e-02 +1.699895047e-02 +1.000016999e+03 +1.000016999e+03 -1.5823e+00 -8.2223e-01 -1.7024e-01
1939 +5.084557463e-03 +5.084557463e-03 +1.000005085e+03 +1.000005085e+03 -1.5762e+00 -8.2126e-01 -1.7152e-01
1991 +2.488182254e-03 +2.488182254e-03 +1.000002488e+03 +1.000002488e+03 -1.5753e+00 -8.1969e-01 -1.6986e-01
2132 +1.278573036e-03 +1.278573036e-03 +1.000001279e+03 +1.000001279e+03 -1.5736e+00 -8.2062e-01 -1.6959e-01
2173 +1.239319525e-04 +1.239319525e-04 +1.000000124e+03 +1.000000124e+03 -1.5730e+00 -8.2049e-01 -1.7024e-01
2227 +9.903414593e-05 +9.903414593e-05 +1.000000099e+03 +1.000000099e+03 -1.5733e+00 -8.2101e-01 -1.7048e-01
2412 +4.435336211e-05 +4.435336211e-05 +1.000000044e+03 +1.000000044e+03 -1.5729e+00 -8.2087e-01 -1.7054e-01
2438 +2.927881246e-05 +2.927881246e-05 +1.000000029e+03 +1.000000029e+03 -1.5730e+00 -8.2099e-01 -1.7041e-01
2480 +1.175768352e-05 +1.175768352e-05 +1.000000012e+03 +1.000000012e+03 -1.5729e+00 -8.2066e-01 -1.7042e-01
2567 +8.475997333e-06 +8.475997333e-06 +1.000000008e+03 +1.000000008e+03 -1.5728e+00 -8.2074e-01 -1.7045e-01
2576 +5.179641676e-06 +5.179641676e-06 +1.000000005e+03 +1.000000005e+03 -1.5727e+00 -8.2075e-01 -1.7042e-01
2619 +2.014687766e-06 +2.014687766e-06 +1.000000002e+03 +1.000000002e+03 -1.5728e+00 -8.2075e-01 -1.7039e-01
2736 +1.449284582e-06 +1.449284582e-06 +1.000000001e+03 +1.000000001e+03 -1.5729e+00 -8.2078e-01 -1.7041e-01
2745 +1.972063046e-07 +1.972063046e-07 +1.000000000e+03 +1.000000000e+03 -1.5728e+00 -8.2078e-01 -1.7040e-01
2914 +1.020098352e-07 +1.020098352e-07 +1.000000000e+03 +1.000000000e+03 -1.5728e+00 -8.2079e-01 -1.7040e-01
2946 +7.993287454e-08 +7.993287454e-08 +1.000000000e+03 +1.000000000e+03 -1.5728e+00 -8.2080e-01 -1.7040e-01
2971 +5.380127277e-08 +5.380127277e-08 +1.000000000e+03 +1.000000000e+03 -1.5728e+00 -8.2080e-01 -1.7040e-01
3034 +2.793399290e-08 +2.793399290e-08 +1.000000000e+03 +1.000000000e+03 -1.5728e+00 -8.2079e-01 -1.7040e-01
3091 +1.965054253e-08 +1.965054253e-08 +1.000000000e+03 +1.000000000e+03 -1.5728e+00 -8.2081e-01 -1.7040e-01
3104 +3.610125532e-09 +3.610125532e-09 +1.000000000e+03 +1.000000000e+03 -1.5728e+00 -8.2080e-01 -1.7040e-01
3229 +1.127659743e-09 +1.127659743e-09 +1.000000000e+03 +1.000000000e+03 -1.5728e+00 -8.2080e-01 -1.7040e-01
3325 +4.911271390e-11 +4.911271390e-11 +1.000000000e+03 +1.000000000e+03 -1.5728e+00 -8.2080e-01 -1.7040e-01
3437 +2.489741746e-11 +2.489741746e-11 +1.000000000e+03 +1.000000000e+03 -1.5728e+00 -8.2080e-01 -1.7040e-01
3597 +2.160049917e-12 +2.160049917e-12 +1.000000000e+03 +1.000000000e+03 -1.5728e+00 -8.2080e-01 -1.7040e-01
3646 +1.136868377e-12 +1.136868377e-12 +1.000000000e+03 +1.000000000e+03 -1.5728e+00 -8.2080e-01 -1.7040e-01
3814 +5.684341886e-13 +5.684341886e-13 +1.000000000e+03 +1.000000000e+03 -1.5728e+00 -8.2080e-01 -1.7040e-01
3818 +1.136868377e-13 +1.136868377e-13 +1.000000000e+03 +1.000000000e+03 -1.5728e+00 -8.2080e-01 -1.7040e-01
3917 +0.000000000e+00 +0.000000000e+00 +1.000000000e+03 +1.000000000e+03 -1.5728e+00 -8.2080e-01 -1.7040e-01
% function evaluation | noise-free fitness - Fopt (4.661000000000e+01) | best noise-free fitness - Fopt | measured fitness | best measured fitness | x1 | x2...
1 +3.272127225e+02 +3.272127225e+02 +3.738227225e+02 +3.738227225e+02 +3.1472e+00 +4.0579e+00 -3.7301e+00
3 +2.161135221e+02 +2.161135221e+02 +2.627235221e+02 +2.627235221e+02 -2.2150e+00 +4.6882e-01 +4.5751e+00
5 +1.237703805e+02 +1.237703805e+02 +1.703803805e+02 +1.703803805e+02 +4.5717e+00 -1.4624e-01 +3.0028e+00
7 +3.640258259e+01 +3.640258259e+01 +8.301258259e+01 +8.301258259e+01 +2.9221e+00 +4.5949e+00 +1.5574e+00
160 +1.064680420e+01 +1.064680420e+01 +5.725680420e+01 +5.725680420e+01 -1.0801e+00 +3.3039e+00 +2.3094e+00
404 +9.587468796e+00 +9.587468796e+00 +5.619746880e+01 +5.619746880e+01 +1.8199e+00 +3.4384e+00 +2.3332e+00
644 +3.852550595e+00 +3.852550595e+00 +5.046255059e+01 +5.046255059e+01 +1.8199e+00 +3.3437e+00 +1.6865e+00
875 +2.508391940e+00 +2.508391940e+00 +4.911839194e+01 +4.911839194e+01 +8.6100e-01 +3.3259e+00 +2.1015e+00
1051 +1.541635612e+00 +1.541635612e+00 +4.815163561e+01 +4.815163561e+01 +8.4954e-01 +3.3567e+00 +1.7266e+00
2004 +9.993262011e-01 +9.993262011e-01 +4.760932620e+01 +4.760932620e+01 +8.3601e-01 +3.3240e+00 +1.7138e+00
% function evaluation | noise-free fitness - Fopt (-2.643100000000e+02) | best noise-free fitness - Fopt | measured fitness | best measured fitness | x1 | x2...
1 +3.158987363e+02 +3.158987363e+02 +5.158873629e+01 +5.158873629e+01 +3.1472e+00 +4.0579e+00 -3.7301e+00
2 +1.483982617e+02 +1.483982617e+02 -1.159117383e+02 -1.159117383e+02 +4.1338e+00 +1.3236e+00 -4.0246e+00
10 +8.467593165e+01 +8.467593165e+01 -1.796340683e+02 -1.796340683e+02 -1.0777e+00 +1.5548e+00 -3.2881e+00
20 +5.390864230e+01 +5.390864230e+01 -2.104013577e+02 -2.104013577e+02 -1.5961e+00 +8.5268e-01 -2.7619e+00
35 +3.597062918e+01 +3.597062918e+01 -2.283393708e+02 -2.283393708e+02 -1.8878e+00 +2.8533e-01 -3.3435e+00
178 +1.395837342e+01 +1.395837342e+01 -2.503516266e+02 -2.503516266e+02 -2.2072e+00 -1.4162e+00 -3.3026e+00
283 +8.796745184e-01 +8.796745184e-01 -2.634303255e+02 -2.634303255e+02 -3.3194e+00 -1.4563e+00 -2.6881e+00
1517 +3.595849027e-01 +3.595849027e-01 -2.639504151e+02 -2.639504151e+02 -3.2406e+00 -1.4624e+00 -2.6821e+00
1566 +1.573665249e-01 +1.573665249e-01 -2.641526335e+02 -2.641526335e+02 -3.2772e+00 -1.4520e+00 -2.6942e+00
1744 +3.643715719e-02 +3.643715719e-02 -2.642735628e+02 -2.642735628e+02 -3.2623e+00 -1.4614e+00 -2.6949e+00
1879 +2.429585163e-02 +2.429585163e-02 -2.642857041e+02 -2.642857041e+02 -3.2428e+00 -1.4611e+00 -2.6966e+00
1964 +1.239779098e-02 +1.239779098e-02 -2.642976022e+02 -2.642976022e+02 -3.2555e+00 -1.4581e+00 -2.6940e+00
1965 +4.874758384e-03 +4.874758384e-03 -2.643051252e+02 -2.643051252e+02 -3.2488e+00 -1.4576e+00 -2.6945e+00
1975 +3.362278595e-03 +3.362278595e-03 -2.643066377e+02 -2.643066377e+02 -3.2511e+00 -1.4572e+00 -2.6945e+00
2022 +1.152497994e-03 +1.152497994e-03 -2.643088475e+02 -2.643088475e+02 -3.2515e+00 -1.4580e+00 -2.6952e+00
2142 +2.498675574e-04 +2.498675574e-04 -2.643097501e+02 -2.643097501e+02 -3.2515e+00 -1.4580e+00 -2.6957e+00
2201 +1.262803829e-04 +1.262803829e-04 -2.643098737e+02 -2.643098737e+02 -3.2519e+00 -1.4578e+00 -2.6960e+00
2287 +6.507395369e-05 +6.507395369e-05 -2.643099349e+02 -2.643099349e+02 -3.2516e+00 -1.4578e+00 -2.6959e+00
2352 +5.193669142e-05 +5.193669142e-05 -2.643099481e+02 -2.643099481e+02 -3.2510e+00 -1.4574e+00 -2.6959e+00
2396 +1.707337617e-06 +1.707337617e-06 -2.643099983e+02 -2.643099983e+02 -3.2512e+00 -1.4576e+00 -2.6960e+00
2490 +9.066913549e-07 +9.066913549e-07 -2.643099991e+02 -2.643099991e+02 -3.2512e+00 -1.4576e+00 -2.6960e+00
2543 +5.505735885e-07 +5.505735885e-07 -2.643099994e+02 -2.643099994e+02 -3.2512e+00 -1.4576e+00 -2.6960e+00
2553 +2.248765441e-07 +2.248765441e-07 -2.643099998e+02 -2.643099998e+02 -3.2512e+00 -1.4576e+00 -2.6960e+00
2676 +1.932255600e-08 +1.932255600e-08 -2.643100000e+02 -2.643100000e+02 -3.2512e+00 -1.4576e+00 -2.6960e+00
2902 +1.246240799e-08 +1.246240799e-08 -2.643100000e+02 -2.643100000e+02 -3.2512e+00 -1.4576e+00 -2.6960e+00
2982 +9.889845387e-09 +9.889845387e-09 -2.643100000e+02 -2.643100000e+02 -3.2512e+00 -1.4576e+00 -2.6960e+00
3003 +6.114248663e-09 +6.114248663e-09 -2.643100000e+02 -2.643100000e+02 -3.2512e+00 -1.4576e+00 -2.6960e+00
3042 +3.339607701e-09 +3.339607701e-09 -2.643100000e+02 -2.643100000e+02 -3.2512e+00 -1.4576e+00 -2.6960e+00
3059 +2.359911377e-09 +2.359911377e-09 -2.643100000e+02 -2.643100000e+02 -3.2512e+00 -1.4576e+00 -2.6960e+00
3115 +1.486455403e-09 +1.486455403e-09 -2.643100000e+02 -2.643100000e+02 -3.2512e+00 -1.4576e+00 -2.6960e+00
3195 +6.731397661e-10 +6.731397661e-10 -2.643100000e+02 -2.643100000e+02 -3.2512e+00 -1.4576e+00 -2.6960e+00
3241 +6.196501090e-10 +6.196501090e-10 -2.643100000e+02 -2.643100000e+02 -3.2512e+00 -1.4576e+00 -2.6960e+00
3270 +3.973354978e-11 +3.973354978e-11 -2.643100000e+02 -2.643100000e+02 -3.2512e+00 -1.4576e+00 -2.6960e+00
3340 +5.513811629e-12 +5.513811629e-12 -2.643100000e+02 -2.643100000e+02 -3.2512e+00 -1.4576e+00 -2.6960e+00
3578 +3.183231456e-12 +3.183231456e-12 -2.643100000e+02 -2.643100000e+02 -3.2512e+00 -1.4576e+00 -2.6960e+00
3646 +1.193711796e-12 +1.193711796e-12 -2.643100000e+02 -2.643100000e+02 -3.2512e+00 -1.4576e+00 -2.6960e+00
3694 +7.958078641e-13 +7.958078641e-13 -2.643100000e+02 -2.643100000e+02 -3.2512e+00 -1.4576e+00 -2.6960e+00
3738 +3.410605132e-13 +3.410605132e-13 -2.643100000e+02 -2.643100000e+02 -3.2512e+00 -1.4576e+00 -2.6960e+00
3747 +5.684341886e-14 +5.684341886e-14 -2.643100000e+02 -2.643100000e+02 -3.2512e+00 -1.4576e+00 -2.6960e+00
3756 +0.000000000e+00 +0.000000000e+00 -2.643100000e+02 -2.643100000e+02 -3.2512e+00 -1.4576e+00 -2.6960e+00
% function evaluation | noise-free fitness - Fopt (7.273000000000e+01) | best noise-free fitness - Fopt | measured fitness | best measured fitness | x1 | x2...
1 +4.589336478e+02 +4.589336478e+02 +5.316636478e+02 +5.316636478e+02 +3.1472e+00 +4.0579e+00 -3.7301e+00
2 +1.614352275e+02 +1.614352275e+02 +2.341652275e+02 +2.341652275e+02 +4.1338e+00 +1.3236e+00 -4.0246e+00
10 +1.243396316e+02 +1.243396316e+02 +1.970696316e+02 +1.970696316e+02 -1.0777e+00 +1.5548e+00 -3.2881e+00
11 +8.032071225e+01 +8.032071225e+01 +1.530507122e+02 +1.530507122e+02 +2.0605e+00 -4.6817e+00 -2.2308e+00
14 +4.255121299e+01 +4.255121299e+01 +1.152812130e+02 +1.152812130e+02 -4.6555e+00 -6.1256e-01 -1.1844e+00
26 +3.153224981e+01 +3.153224981e+01 +1.042622498e+02 +1.042622498e+02 -1.5002e+00 -3.0340e+00 -2.4892e+00
85 +2.084843259e+01 +2.084843259e+01 +9.357843259e+01 +9.357843259e+01 -1.6635e+00 -1.6259e+00 -1.8126e+00
198 +8.344446610e+00 +8.344446610e+00 +8.107444661e+01 +8.107444661e+01 -4.3461e+00 -2.2348e+00 -2.0843e+00
533 +5.750356042e+00 +5.750356042e+00 +7.848035604e+01 +7.848035604e+01 -6.3961e-01 -2.2833e+00 -2.0850e+00
714 +2.743376425e+00 +2.743376425e+00 +7.547337643e+01 +7.547337643e+01 -2.6693e+00 -2.2276e+00 -2.0879e+00
767 +1.851373880e+00 +1.851373880e+00 +7.458137388e+01 +7.458137388e+01 -2.6592e+00 -2.2449e+00 -2.1028e+00
807 +1.511995397e+00 +1.511995397e+00 +7.424199540e+01 +7.424199540e+01 -2.6592e+00 -2.2449e+00 -2.0943e+00
1276 +7.482586585e-01 +7.482586585e-01 +7.347825866e+01 +7.347825866e+01 -2.6319e+00 -2.2948e+00 -2.0859e+00
1304 +4.213467984e-01 +4.213467984e-01 +7.315134680e+01 +7.315134680e+01 -2.5883e+00 -2.2806e+00 -2.0726e+00
1317 +5.353062640e-02 +5.353062640e-02 +7.278353063e+01 +7.278353063e+01 -2.5957e+00 -2.2706e+00 -2.0879e+00
1597 +1.197581920e-02 +1.197581920e-02 +7.274197582e+01 +7.274197582e+01 -2.5758e+00 -2.2741e+00 -2.0879e+00
1730 +6.482285105e-03 +6.482285105e-03 +7.273648229e+01 +7.273648229e+01 -2.5870e+00 -2.2769e+00 -2.0895e+00
1770 +2.453546840e-03 +2.453546840e-03 +7.273245355e+01 +7.273245355e+01 -2.5804e+00 -2.2769e+00 -2.0895e+00
1792 +6.540861781e-04 +6.540861781e-04 +7.273065409e+01 +7.273065409e+01 -2.5815e+00 -2.2752e+00 -2.0885e+00
2002 +5.615533692e-04 +5.615533692e-04 +7.273056155e+01 +7.273056155e+01 -2.5818e+00 -2.2755e+00 -2.0892e+00
2110 +2.010215214e-04 +2.010215214e-04 +7.273020102e+01 +7.273020102e+01 -2.5822e+00 -2.2754e+00 -2.0888e+00
2115 +1.453174300e-04 +1.453174300e-04 +7.273014532e+01 +7.273014532e+01 -2.5826e+00 -2.2757e+00 -2.0890e+00
2126 +5.248922859e-05 +5.248922859e-05 +7.273005249e+01 +7.273005249e+01 -2.5824e+00 -2.2762e+00 -2.0889e+00
2158 +2.760147434e-05 +2.760147434e-05 +7.273002760e+01 +7.273002760e+01 -2.5821e+00 -2.2761e+00 -2.0889e+00
2205 +1.385624306e-05 +1.385624306e-05 +7.273001386e+01 +7.273001386e+01 -2.5824e+00 -2.2761e+00 -2.0888e+00
2267 +8.591155435e-06 +8.591155435e-06 +7.273000859e+01 +7.273000859e+01 -2.5824e+00 -2.2759e+00 -2.0888e+00
2390 +3.703038914e-06 +3.703038914e-06 +7.273000370e+01 +7.273000370e+01 -2.5825e+00 -2.2760e+00 -2.0888e+00
2485 +1.172704927e-06 +1.172704927e-06 +7.273000117e+01 +7.273000117e+01 -2.5824e+00 -2.2760e+00 -2.0888e+00
2507 +3.329786011e-07 +3.329786011e-07 +7.273000033e+01 +7.273000033e+01 -2.5824e+00 -2.2760e+00 -2.0888e+00
2557 +6.677218778e-08 +6.677218778e-08 +7.273000007e+01 +7.273000007e+01 -2.5824e+00 -2.2760e+00 -2.0888e+00
2772 +2.997394688e-08 +2.997394688e-08 +7.273000003e+01 +7.273000003e+01 -2.5824e+00 -2.2760e+00 -2.0888e+00
2837 +1.882052914e-08 +1.882052914e-08 +7.273000002e+01 +7.273000002e+01 -2.5824e+00 -2.2760e+00 -2.0888e+00
2845 +1.261163618e-08 +1.261163618e-08 +7.273000001e+01 +7.273000001e+01 -2.5824e+00 -2.2760e+00 -2.0888e+00
2913 +7.160522841e-09 +7.160522841e-09 +7.273000001e+01 +7.273000001e+01 -2.5824e+00 -2.2760e+00 -2.0888e+00
2935 +4.580058999e-09 +4.580058999e-09 +7.273000000e+01 +7.273000000e+01 -2.5824e+00 -2.2760e+00 -2.0888e+00
2973 +1.163542152e-09 +1.163542152e-09 +7.273000000e+01 +7.273000000e+01 -2.5824e+00 -2.2760e+00 -2.0888e+00
3013 +1.998330390e-10 +1.998330390e-10 +7.273000000e+01 +7.273000000e+01 -2.5824e+00 -2.2760e+00 -2.0888e+00
3053 +1.079314416e-10 +1.079314416e-10 +7.273000000e+01 +7.273000000e+01 -2.5824e+00 -2.2760e+00 -2.0888e+00
3084 +9.791278899e-11 +9.791278899e-11 +7.273000000e+01 +7.273000000e+01 -2.5824e+00 -2.2760e+00 -2.0888e+00
3239 +2.597744242e-11 +2.597744242e-11 +7.273000000e+01 +7.273000000e+01 -2.5824e+00 -2.2760e+00 -2.0888e+00
3261 +1.688249540e-11 +1.688249540e-11 +7.273000000e+01 +7.273000000e+01 -2.5824e+00 -2.2760e+00 -2.0888e+00
3288 +2.600586413e-12 +2.600586413e-12 +7.273000000e+01 +7.273000000e+01 -2.5824e+00 -2.2760e+00 -2.0888e+00
3557 +2.387423592e-12 +2.387423592e-12 +7.273000000e+01 +7.273000000e+01 -2.5824e+00 -2.2760e+00 -2.0888e+00
3585 +4.547473509e-13 +4.547473509e-13 +7.273000000e+01 +7.273000000e+01 -2.5824e+00 -2.2760e+00 -2.0888e+00
3636 +9.947598301e-14 +9.947598301e-14 +7.273000000e+01 +7.273000000e+01 -2.5824e+00 -2.2760e+00 -2.0888e+00
3656 +1.421085472e-14 +1.421085472e-14 +7.273000000e+01 +7.273000000e+01 -2.5824e+00 -2.2760e+00 -2.0888e+00
3942 +0.000000000e+00 +0.000000000e+00 +7.273000000e+01 +7.273000000e+01 -2.5824e+00 -2.2760e+00 -2.0888e+00
% function evaluation | noise-free fitness - Fopt (1.368700000000e+02) | best noise-free fitness - Fopt | measured fitness | best measured fitness | x1 | x2...
1 +5.566267296e+02 +5.566267296e+02 +6.934967296e+02 +6.934967296e+02 +3.1472e+00 +4.0579e+00 -3.7301e+00
3 +1.065357500e+02 +1.065357500e+02 +2.434057500e+02 +2.434057500e+02 -2.2150e+00 +4.6882e-01 +4.5751e+00
5 +8.794148375e+01 +8.794148375e+01 +2.248114838e+02 +2.248114838e+02 +4.5717e+00 -1.4624e-01 +3.0028e+00
9 +4.091471457e+01 +4.091471457e+01 +1.777847146e+02 +1.777847146e+02 +1.7874e+00 +2.5774e+00 +2.4313e+00
105 +3.511493822e+01 +3.511493822e+01 +1.719849382e+02 +1.719849382e+02 +2.5537e+00 +6.7396e-01 +4.2926e+00
125 +2.439982845e+01 +2.439982845e+01 +1.612698285e+02 +1.612698285e+02 +2.6772e+00 +2.4802e+00 +2.9005e+00
183 +1.536383189e+01 +1.536383189e+01 +1.522338319e+02 +1.522338319e+02 +1.3599e+00 +2.9483e+00 +4.5115e+00
243 +7.627640742e+00 +7.627640742e+00 +1.444976407e+02 +1.444976407e+02 +1.3979e+00 +3.6080e+00 +4.2173e+00
363 +5.560434510e+00 +5.560434510e+00 +1.424304345e+02 +1.424304345e+02 +3.4177e+00 +3.0990e+00 +4.2173e+00
397 +3.274399040e+00 +3.274399040e+00 +1.401443990e+02 +1.401443990e+02 +3.4971e+00 +2.9687e+00 +4.1891e+00
513 +1.269226782e+00 +1.269226782e+00 +1.381392268e+02 +1.381392268e+02 +3.5283e+00 +3.6106e+00 +4.1964e+00
961 +7.328977796e-01 +7.328977796e-01 +1.376028978e+02 +1.376028978e+02 +3.5173e+00 +3.5833e+00 +3.8663e+00
1106 +4.358927452e-01 +4.358927452e-01 +1.373058927e+02 +1.373058927e+02 +3.5256e+00 +3.6069e+00 +3.8714e+00
1123 +3.715060293e-01 +3.715060293e-01 +1.372415060e+02 +1.372415060e+02 +3.5222e+00 +3.6178e+00 +3.8699e+00
1244 +2.378314592e-01 +2.378314592e-01 +1.371078315e+02 +1.371078315e+02 +3.5398e+00 +3.5991e+00 +3.8571e+00
1301 +9.662305133e-02 +9.662305133e-02 +1.369666231e+02 +1.369666231e+02 +3.5283e+00 +3.6145e+00 +3.8616e+00
1306 +4.445734583e-02 +4.445734583e-02 +1.369144573e+02 +1.369144573e+02 +3.5230e+00 +3.6158e+00 +3.8590e+00
1540 +9.400673591e-03 +9.400673591e-03 +1.368794007e+02 +1.368794007e+02 +3.5222e+00 +3.6131e+00 +3.8542e+00
1722 +4.459740113e-03 +4.459740113e-03 +1.368744597e+02 +1.368744597e+02 +3.5189e+00 +3.6120e+00 +3.8540e+00
1728 +2.263744065e-03 +2.263744065e-03 +1.368722637e+02 +1.368722637e+02 +3.5187e+00 +3.6124e+00 +3.8546e+00
1762 +1.528874553e-03 +1.528874553e-03 +1.368715289e+02 +1.368715289e+02 +3.5189e+00 +3.6120e+00 +3.8555e+00
2024 +8.680235459e-04 +8.680235459e-04 +1.368708680e+02 +1.368708680e+02 +3.5179e+00 +3.6120e+00 +3.8550e+00
2351 +6.155739996e-04 +6.155739996e-04 +1.368706156e+02 +1.368706156e+02 +3.5177e+00 +3.6117e+00 +3.8553e+00
% function evaluation | noise-free fitness - Fopt (2.196000000000e+01) | best noise-free fitness - Fopt | measured fitness | best measured fitness | x1 | x2...
1 +4.504650941e+02 +4.504650941e+02 +4.724250941e+02 +4.724250941e+02 +3.1472e+00 +4.0579e+00 -3.7301e+00
2 +3.439331903e+02 +3.439331903e+02 +3.658931903e+02 +3.658931903e+02 +4.1338e+00 +1.3236e+00 -4.0246e+00
3 +2.197428307e+02 +2.197428307e+02 +2.417028307e+02 +2.417028307e+02 -2.2150e+00 +4.6882e-01 +4.5751e+00
5 +5.704310675e+01 +5.704310675e+01 +7.900310675e+01 +7.900310675e+01 +4.5717e+00 -1.4624e-01 +3.0028e+00
28 +3.887198198e+01 +3.887198198e+01 +6.083198198e+01 +6.083198198e+01 +3.3083e+00 +8.5264e-01 +4.9724e-01
121 +1.890136864e+01 +1.890136864e+01 +4.086136864e+01 +4.086136864e+01 +3.3206e+00 -2.9839e+00 +1.3927e+00
228 +2.361137496e+00 +2.361137496e+00 +2.432113750e+01 +2.432113750e+01 +3.2710e+00 -1.2397e+00 +1.3928e+00
907 +1.572068821e+00 +1.572068821e+00 +2.353206882e+01 +2.353206882e+01 +3.2769e+00 -1.2119e+00 +1.6788e+00
945 +9.227377874e-01 +9.227377874e-01 +2.288273779e+01 +2.288273779e+01 +3.2652e+00 -6.5767e-01 +1.6777e+00
1119 +5.475994305e-01 +5.475994305e-01 +2.250759943e+01 +2.250759943e+01 +3.2585e+00 -6.5703e-01 +1.6933e+00
1416 +3.300711393e-01 +3.300711393e-01 +2.229007114e+01 +2.229007114e+01 +3.2845e+00 -6.5431e-01 +1.6850e+00
1444 +1.297724868e-01 +1.297724868e-01 +2.208977249e+01 +2.208977249e+01 +3.2884e+00 -6.2684e-01 +1.6866e+00
1464 +7.288315259e-02 +7.288315259e-02 +2.203288315e+01 +2.203288315e+01 +3.2957e+00 -6.3518e-01 +1.6995e+00
1506 +1.156060462e-02 +1.156060462e-02 +2.197156060e+01 +2.197156060e+01 +3.2945e+00 -6.3463e-01 +1.6950e+00
1740 +1.943076263e-03 +1.943076263e-03 +2.196194308e+01 +2.196194308e+01 +3.2908e+00 -6.3515e-01 +1.6930e+00
1879 +1.561033401e-03 +1.561033401e-03 +2.196156103e+01 +2.196156103e+01 +3.2921e+00 -6.3499e-01 +1.6933e+00
1911 +7.504604531e-04 +7.504604531e-04 +2.196075046e+01 +2.196075046e+01 +3.2937e+00 -6.3706e-01 +1.6926e+00
1988 +4.433083092e-04 +4.433083092e-04 +2.196044331e+01 +2.196044331e+01 +3.2929e+00 -6.3663e-01 +1.6930e+00
2029 +9.869897418e-05 +9.869897418e-05 +2.196009870e+01 +2.196009870e+01 +3.2936e+00 -6.3561e-01 +1.6928e+00
2030 +3.376803448e-05 +3.376803448e-05 +2.196003377e+01 +2.196003377e+01 +3.2933e+00 -6.3611e-01 +1.6928e+00
2195 +7.990703420e-06 +7.990703420e-06 +2.196000799e+01 +2.196000799e+01 +3.2936e+00 -6.3611e-01 +1.6928e+00
2260 +2.492061817e-06 +2.492061817e-06 +2.196000249e+01 +2.196000249e+01 +3.2937e+00 -6.3600e-01 +1.6928e+00
2404 +1.298436246e-06 +1.298436246e-06 +2.196000130e+01 +2.196000130e+01 +3.2937e+00 -6.3600e-01 +1.6928e+00
2442 +6.034302977e-07 +6.034302977e-07 +2.196000060e+01 +2.196000060e+01 +3.2936e+00 -6.3598e-01 +1.6928e+00
2502 +1.933519655e-07 +1.933519655e-07 +2.196000019e+01 +2.196000019e+01 +3.2936e+00 -6.3599e-01 +1.6928e+00
2504 +1.564025780e-07 +1.564025780e-07 +2.196000016e+01 +2.196000016e+01 +3.2936e+00 -6.3600e-01 +1.6928e+00
2536 +7.578243455e-08 +7.578243455e-08 +2.196000008e+01 +2.196000008e+01 +3.2936e+00 -6.3600e-01 +1.6928e+00
2587 +2.032153645e-08 +2.032153645e-08 +2.196000002e+01 +2.196000002e+01 +3.2936e+00 -6.3600e-01 +1.6928e+00
2655 +9.577529880e-09 +9.577529880e-09 +2.196000001e+01 +2.196000001e+01 +3.2936e+00 -6.3600e-01 +1.6928e+00
2706 +1.272333350e-09 +1.272333350e-09 +2.196000000e+01 +2.196000000e+01 +3.2936e+00 -6.3600e-01 +1.6928e+00
2868 +6.864944169e-10 +6.864944169e-10 +2.196000000e+01 +2.196000000e+01 +3.2936e+00 -6.3600e-01 +1.6928e+00
2889 +4.914042506e-10 +4.914042506e-10 +2.196000000e+01 +2.196000000e+01 +3.2936e+00 -6.3600e-01 +1.6928e+00
3061 +6.572520306e-13 +6.572520306e-13 +2.196000000e+01 +2.196000000e+01 +3.2936e+00 -6.3600e-01 +1.6928e+00
3298 +1.172395514e-13 +1.172395514e-13 +2.196000000e+01 +2.196000000e+01 +3.2936e+00 -6.3600e-01 +1.6928e+00
3710 +3.907985047e-14 +3.907985047e-14 +2.196000000e+01 +2.196000000e+01 +3.2936e+00 -6.3600e-01 +1.6928e+00
3835 +3.552713679e-15 +3.552713679e-15 +2.196000000e+01 +2.196000000e+01 +3.2936e+00 -6.3600e-01 +1.6928e+00
3969 +0.000000000e+00 +0.000000000e+00 +2.196000000e+01 +2.196000000e+01 +3.2936e+00 -6.3600e-01 +1.6928e+00
% function evaluation | noise-free fitness - Fopt (-2.139000000000e+01) | best noise-free fitness - Fopt | measured fitness | best measured fitness | x1 | x2...
1 +2.592410209e+02 +2.592410209e+02 +2.378510209e+02 +2.378510209e+02 +3.1472e+00 +4.0579e+00 -3.7301e+00
5 +1.106326276e+02 +1.106326276e+02 +8.924262764e+01 +8.924262764e+01 +4.5717e+00 -1.4624e-01 +3.0028e+00
7 +3.236015257e+01 +3.236015257e+01 +1.097015257e+01 +1.097015257e+01 +2.9221e+00 +4.5949e+00 +1.5574e+00
102 +2.360161396e+01 +2.360161396e+01 +2.211613959e+00 +2.211613959e+00 +3.0321e+00 +2.2029e+00 +1.3636e+00
201 +9.230987150e+00 +9.230987150e+00 -1.215901285e+01 -1.215901285e+01 +3.1058e+00 +1.6853e+00 +1.5326e+00
576 +1.160995049e+00 +1.160995049e+00 -2.022900495e+01 -2.022900495e+01 +2.2033e+00 +2.7875e+00 +1.1333e+00
1216 +7.179327410e-01 +7.179327410e-01 -2.067206726e+01 -2.067206726e+01 +3.2435e+00 +2.8284e+00 +1.1333e+00
1305 +5.945634805e-01 +5.945634805e-01 -2.079543652e+01 -2.079543652e+01 +3.2373e+00 +2.8241e+00 +1.1215e+00
1398 +3.354084173e-01 +3.354084173e-01 -2.105459158e+01 -2.105459158e+01 +3.1811e+00 +2.8224e+00 +1.1339e+00
1518 +1.448083329e-01 +1.448083329e-01 -2.124519167e+01 -2.124519167e+01 +3.2019e+00 +2.7886e+00 +1.1339e+00
1637 +5.897103546e-02 +5.897103546e-02 -2.133102896e+01 -2.133102896e+01 +3.1901e+00 +2.8072e+00 +1.1321e+00
1709 +3.208905062e-02 +3.208905062e-02 -2.135791095e+01 -2.135791095e+01 +3.1975e+00 +2.8068e+00 +1.1327e+00
1824 +2.476923324e-02 +2.476923324e-02 -2.136523077e+01 -2.136523077e+01 +3.1987e+00 +2.8059e+00 +1.1330e+00
1850 +1.223361240e-02 +1.223361240e-02 -2.137776639e+01 -2.137776639e+01 +3.2090e+00 +2.8023e+00 +1.1284e+00
1935 +8.016458115e-03 +8.016458115e-03 -2.138198354e+01 -2.138198354e+01 +3.2066e+00 +2.8056e+00 +1.1313e+00
1983 +5.325457145e-03 +5.325457145e-03 -2.138467454e+01 -2.138467454e+01 +3.2049e+00 +2.8052e+00 +1.1296e+00
2075 +3.495616839e-03 +3.495616839e-03 -2.138650438e+01 -2.138650438e+01 +3.2002e+00 +2.8021e+00 +1.1306e+00
2081 +2.078721420e-03 +2.078721420e-03 -2.138792128e+01 -2.138792128e+01 +3.2065e+00 +2.8035e+00 +1.1304e+00
2104 +9.191843801e-04 +9.191843801e-04 -2.138908082e+01 -2.138908082e+01 +3.2044e+00 +2.8035e+00 +1.1306e+00
2183 +3.119794138e-04 +3.119794138e-04 -2.138968802e+01 -2.138968802e+01 +3.2049e+00 +2.8021e+00 +1.1301e+00
2190 +2.328577313e-04 +2.328577313e-04 -2.138976714e+01 -2.138976714e+01 +3.2049e+00 +2.8026e+00 +1.1302e+00
2412 +1.402087070e-04 +1.402087070e-04 -2.138985979e+01 -2.138985979e+01 +3.2037e+00 +2.8027e+00 +1.1302e+00
2442 +9.775117457e-05 +9.775117457e-05 -2.138990225e+01 -2.138990225e+01 +3.2045e+00 +2.8027e+00 +1.1304e+00
2500 +4.576940559e-05 +4.576940559e-05 -2.138995423e+01 -2.138995423e+01 +3.2041e+00 +2.8025e+00 +1.1303e+00
2547 +2.751527062e-05 +2.751527062e-05 -2.138997248e+01 -2.138997248e+01 +3.2039e+00 +2.8024e+00 +1.1305e+00
2556 +6.323408229e-06 +6.323408229e-06 -2.138999368e+01 -2.138999368e+01 +3.2039e+00 +2.8024e+00 +1.1304e+00
2602 +5.937326964e-06 +5.937326964e-06 -2.138999406e+01 -2.138999406e+01 +3.2039e+00 +2.8024e+00 +1.1304e+00
2649 +2.523063532e-06 +2.523063532e-06 -2.138999748e+01 -2.138999748e+01 +3.2040e+00 +2.8024e+00 +1.1304e+00
2685 +2.200660752e-06 +2.200660752e-06 -2.138999780e+01 -2.138999780e+01 +3.2040e+00 +2.8024e+00 +1.1304e+00
2751 +7.297256133e-07 +7.297256133e-07 -2.138999927e+01 -2.138999927e+01 +3.2040e+00 +2.8024e+00 +1.1304e+00
2845 +4.276649541e-07 +4.276649541e-07 -2.138999957e+01 -2.138999957e+01 +3.2040e+00 +2.8024e+00 +1.1304e+00
2856 +2.906744854e-07 +2.906744854e-07 -2.138999971e+01 -2.138999971e+01 +3.2040e+00 +2.8024e+00 +1.1304e+00
2879 +1.495787885e-07 +1.495787885e-07 -2.138999985e+01 -2.138999985e+01 +3.2040e+00 +2.8024e+00 +1.1304e+00
2951 +6.424536636e-08 +6.424536636e-08 -2.138999994e+01 -2.138999994e+01 +3.2040e+00 +2.8024e+00 +1.1304e+00
2991 +5.650058910e-08 +5.650058910e-08 -2.138999994e+01 -2.138999994e+01 +3.2040e+00 +2.8024e+00 +1.1304e+00
3002 +5.472212905e-09 +5.472212905e-09 -2.138999999e+01 -2.138999999e+01 +3.2040e+00 +2.8024e+00 +1.1304e+00
3099 +2.681417755e-09 +2.681417755e-09 -2.139000000e+01 -2.139000000e+01 +3.2040e+00 +2.8024e+00 +1.1304e+00
3179 +1.989132414e-09 +1.989132414e-09 -2.139000000e+01 -2.139000000e+01 +3.2040e+00 +2.8024e+00 +1.1304e+00
3341 +7.264127078e-10 +7.264127078e-10 -2.139000000e+01 -2.139000000e+01 +3.2040e+00 +2.8024e+00 +1.1304e+00
3409 +1.895941182e-10 +1.895941182e-10 -2.139000000e+01 -2.139000000e+01 +3.2040e+00 +2.8024e+00 +1.1304e+00
3592 +2.939160026e-11 +2.939160026e-11 -2.139000000e+01 -2.139000000e+01 +3.2040e+00 +2.8024e+00 +1.1304e+00
3623 +9.361400544e-12 +9.361400544e-12 -2.139000000e+01 -2.139000000e+01 +3.2040e+00 +2.8024e+00 +1.1304e+00
3735 +2.096101070e-12 +2.096101070e-12 -2.139000000e+01 -2.139000000e+01 +3.2040e+00 +2.8024e+00 +1.1304e+00
3858 +1.239897074e-12 +1.239897074e-12 -2.139000000e+01 -2.139000000e+01 +3.2040e+00 +2.8024e+00 +1.1304e+00
3880 +2.309263891e-13 +2.309263891e-13 -2.139000000e+01 -2.139000000e+01 +3.2040e+00 +2.8024e+00 +1.1304e+00
4088 +8.881784197e-14 +8.881784197e-14 -2.139000000e+01 -2.139000000e+01 +3.2040e+00 +2.8024e+00 +1.1304e+00
4110 +2.131628207e-14 +2.131628207e-14 -2.139000000e+01 -2.139000000e+01 +3.2040e+00 +2.8024e+00 +1.1304e+00
4198 +3.552713679e-15 +3.552713679e-15 -2.139000000e+01 -2.139000000e+01 +3.2040e+00 +2.8024e+00 +1.1304e+00
4293 +0.000000000e+00 +0.000000000e+00 -2.139000000e+01 -2.139000000e+01 +3.2040e+00 +2.8024e+00 +1.1304e+00
% function evaluation | noise-free fitness - Fopt (5.176600000000e+02) | best noise-free fitness - Fopt | measured fitness | best measured fitness | x1 | x2...
1 +2.927204517e+02 +2.927204517e+02 +8.103804517e+02 +8.103804517e+02 +3.1472e+00 +4.0579e+00 -3.7301e+00
5 +2.434499655e+02 +2.434499655e+02 +7.611099655e+02 +7.611099655e+02 +4.5717e+00 -1.4624e-01 +3.0028e+00
7 +8.547951385e+01 +8.547951385e+01 +6.031395139e+02 +6.031395139e+02 +2.9221e+00 +4.5949e+00 +1.5574e+00
39 +3.695362189e+01 +3.695362189e+01 +5.546136219e+02 +5.546136219e+02 -3.4762e+00 +3.2582e+00 +3.8342e-01
120 +2.218744461e+01 +2.218744461e+01 +5.398474446e+02 +5.398474446e+02 -3.9662e+00 +2.6860e+00 -5.7322e-01
226 +1.202466336e+01 +1.202466336e+01 +5.296846634e+02 +5.296846634e+02 -3.8306e+00 +3.7340e+00 -3.5143e-01
280 +9.189447208e+00 +9.189447208e+00 +5.268494472e+02 +5.268494472e+02 -3.9662e+00 +2.6860e+00 -9.8467e-02
351 +5.740205846e+00 +5.740205846e+00 +5.234002058e+02 +5.234002058e+02 -3.8449e+00 +3.2198e+00 -9.3773e-02
596 +3.013445245e+00 +3.013445245e+00 +5.206734452e+02 +5.206734452e+02 -2.8751e+00 +3.1434e+00 +2.9193e-01
760 +2.329309648e+00 +2.329309648e+00 +5.199893096e+02 +5.199893096e+02 -3.9662e+00 +3.1341e+00 +6.0425e-01
856 +1.193884100e+00 +1.193884100e+00 +5.188538841e+02 +5.188538841e+02 -2.8812e+00 +3.1602e+00 +5.9539e-01
1360 +8.279836660e-01 +8.279836660e-01 +5.184879837e+02 +5.184879837e+02 -3.8936e+00 +3.1733e+00 +5.7063e-01
1383 +2.874657445e-01 +2.874657445e-01 +5.179474657e+02 +5.179474657e+02 -3.8780e+00 +3.1618e+00 +6.0215e-01
1490 +2.429911531e-01 +2.429911531e-01 +5.179029912e+02 +5.179029912e+02 -3.8663e+00 +3.1612e+00 +5.8565e-01
1496 +8.784346380e-02 +8.784346380e-02 +5.177478435e+02 +5.177478435e+02 -3.8719e+00 +3.1751e+00 +5.9539e-01
1515 +1.167954734e-02 +1.167954734e-02 +5.176716795e+02 +5.176716795e+02 -3.8928e+00 +3.1730e+00 +5.8938e-01
1688 +8.701696102e-03 +8.701696102e-03 +5.176687017e+02 +5.176687017e+02 -3.8894e+00 +3.1736e+00 +5.9318e-01
1722 +6.285998612e-03 +6.285998612e-03 +5.176662860e+02 +5.176662860e+02 -3.8857e+00 +3.1741e+00 +5.9282e-01
1821 +2.720324230e-03 +2.720324230e-03 +5.176627203e+02 +5.176627203e+02 -3.8914e+00 +3.1724e+00 +5.9147e-01
1861 +1.477440789e-03 +1.477440789e-03 +5.176614774e+02 +5.176614774e+02 -3.8905e+00 +3.1724e+00 +5.9151e-01
1947 +6.668355622e-04 +6.668355622e-04 +5.176606668e+02 +5.176606668e+02 -3.8884e+00 +3.1736e+00 +5.9158e-01
2038 +4.701101717e-04 +4.701101717e-04 +5.176604701e+02 +5.176604701e+02 -3.8889e+00 +3.1736e+00 +5.9119e-01
2056 +3.316017496e-04 +3.316017496e-04 +5.176603316e+02 +5.176603316e+02 -3.8887e+00 +3.1734e+00 +5.9124e-01
2067 +1.401396477e-04 +1.401396477e-04 +5.176601401e+02 +5.176601401e+02 -3.8884e+00 +3.1725e+00 +5.9137e-01
2183 +6.267875756e-05 +6.267875756e-05 +5.176600627e+02 +5.176600627e+02 -3.8882e+00 +3.1725e+00 +5.9127e-01
2274 +8.660486287e-06 +8.660486287e-06 +5.176600087e+02 +5.176600087e+02 -3.8880e+00 +3.1729e+00 +5.9114e-01
2387 +4.526474072e-06 +4.526474072e-06 +5.176600045e+02 +5.176600045e+02 -3.8880e+00 +3.1729e+00 +5.9124e-01
2429 +3.821807695e-06 +3.821807695e-06 +5.176600038e+02 +5.176600038e+02 -3.8879e+00 +3.1728e+00 +5.9116e-01
2473 +2.484966330e-06 +2.484966330e-06 +5.176600025e+02 +5.176600025e+02 -3.8879e+00 +3.1727e+00 +5.9120e-01
2518 +1.059104648e-06 +1.059104648e-06 +5.176600011e+02 +5.176600011e+02 -3.8880e+00 +3.1728e+00 +5.9122e-01
2556 +8.128222362e-07 +8.128222362e-07 +5.176600008e+02 +5.176600008e+02 -3.8879e+00 +3.1728e+00 +5.9121e-01
2625 +5.132644674e-07 +5.132644674e-07 +5.176600005e+02 +5.176600005e+02 -3.8880e+00 +3.1728e+00 +5.9121e-01
2664 +1.799589882e-07 +1.799589882e-07 +5.176600002e+02 +5.176600002e+02 -3.8880e+00 +3.1728e+00 +5.9120e-01
2704 +8.891277048e-08 +8.891277048e-08 +5.176600001e+02 +5.176600001e+02 -3.8880e+00 +3.1728e+00 +5.9120e-01
2726 +4.584444468e-08 +4.584444468e-08 +5.176600000e+02 +5.176600000e+02 -3.8880e+00 +3.1728e+00 +5.9120e-01
2738 +3.907712198e-08 +3.907712198e-08 +5.176600000e+02 +5.176600000e+02 -3.8880e+00 +3.1728e+00 +5.9120e-01
2812 +2.188960480e-08 +2.188960480e-08 +5.176600000e+02 +5.176600000e+02 -3.8880e+00 +3.1728e+00 +5.9120e-01
2888 +1.423813956e-08 +1.423813956e-08 +5.176600000e+02 +5.176600000e+02 -3.8880e+00 +3.1728e+00 +5.9120e-01
2937 +9.979657989e-09 +9.979657989e-09 +5.176600000e+02 +5.176600000e+02 -3.8880e+00 +3.1728e+00 +5.9120e-01
2949 +3.747572919e-09 +3.747572919e-09 +5.176600000e+02 +5.176600000e+02 -3.8880e+00 +3.1728e+00 +5.9120e-01
3038 +4.065441317e-10 +4.065441317e-10 +5.176600000e+02 +5.176600000e+02 -3.8880e+00 +3.1728e+00 +5.9120e-01
3102 +2.994511306e-10 +2.994511306e-10 +5.176600000e+02 +5.176600000e+02 -3.8880e+00 +3.1728e+00 +5.9120e-01
3231 +2.205524652e-11 +2.205524652e-11 +5.176600000e+02 +5.176600000e+02 -3.8880e+00 +3.1728e+00 +5.9120e-01
3391 +1.045918907e-11 +1.045918907e-11 +5.176600000e+02 +5.176600000e+02 -3.8880e+00 +3.1728e+00 +5.9120e-01
3404 +8.185452316e-12 +8.185452316e-12 +5.176600000e+02 +5.176600000e+02 -3.8880e+00 +3.1728e+00 +5.9120e-01
3553 +5.684341886e-12 +5.684341886e-12 +5.176600000e+02 +5.176600000e+02 -3.8880e+00 +3.1728e+00 +5.9120e-01
3589 +2.273736754e-12 +2.273736754e-12 +5.176600000e+02 +5.176600000e+02 -3.8880e+00 +3.1728e+00 +5.9120e-01
3592 +2.273736754e-13 +2.273736754e-13 +5.176600000e+02 +5.176600000e+02 -3.8880e+00 +3.1728e+00 +5.9120e-01
3851 +1.136868377e-13 +1.136868377e-13 +5.176600000e+02 +5.176600000e+02 -3.8880e+00 +3.1728e+00 +5.9120e-01
3874 +0.000000000e+00 +0.000000000e+00 +5.176600000e+02 +5.176600000e+02 -3.8880e+00 +3.1728e+00 +5.9120e-01
