% function evaluation | noise-free fitness - Fopt (-1.694000000000e+01) | best noise-free fitness - Fopt | measured fitness | best measured fitness | x1 | x2...
1 +7.194381176e+01 +7.194381176e+01 +5.500381176e+01 +5.500381176e+01 +3.1472e+00 +4.0579e+00 -3.7301e+00 +4.1338e+00 +1.3236e+00 -4.0246e+00 -2.2150e+00 +4.6882e-01 +4.5751e+00 +4.6489e+00 -3.4239e+00 +4.7059e+00 +4.5717e+00 -1.4624e-01 +3.0028e+00 -3.5811e+00 -7.8239e-01 +4.1574e+00 +2.9221e+00 +4.5949e+00
2 +3.534434520e+01 +3.534434520e+01 +1.840434520e+01 +1.840434520e+01 +1.5574e+00 -4.6429e+00 +3.4913e+00 +4.3399e+00 +1.7874e+00 +2.5774e+00 +2.4313e+00 -1.0777e+00 +1.5548e+00 -3.2881e+00 +2.0605e+00 -4.6817e+00 -2.2308e+00 -4.5383e+00 -4.0287e+00 +3.2346e+00 +1.9483e+00 -1.8290e+00 +4.5022e+00 -4.6555e+00
13 +2.101549403e+01 +2.101549403e+01 +4.075494032e+00 +4.075494032e+00 -4.1448e+00 -2.3752e+00 +3.0101e+00 -4.7078e+00 +4.2885e+00 +2.3033e+00 -1.1391e-01 +7.8525e-01 -2.6272e+00 -4.1151e-01 +4.6309e+00 +4.6806e-01 +2.1136e-01 -2.6841e+00 -1.1102e-01 +1.2406e+00 +1.7914e+00 -1.0448e+00 -1.3256e+00 +4.8798e+00
67 +1.583998826e+01 +1.583998826e+01 -1.100011741e+00 -1.100011741e+00 -1.9542e+00 -1.5163e+00 -3.4184e-01 +1.6350e+00 +2.2790e+00 +1.9794e+00 +3.3285e+00 +3.7274e+00 -3.1445e+00 -2.6113e+00 +2.9627e+00 -3.0618e+00 -1.4724e-01 -6.9656e-01 +2.6114e+00 +8.4853e-01 -6.5436e-02 +7.1431e-01 +1.4126e+00 +1.2005e+00
170 +8.823238576e+00 +8.823238576e+00 -8.116761424e+00 -8.116761424e+00 -1.3673e+00 -1.1017e-02 +2.5956e-02 -1.1762e+00 +3.8678e+00 -1.1649e+00 +6.8485e-01 +1.2626e+00 +1.1360e+00 -1.6340e+00 +3.0354e+00 -2.2866e-01 +3.5065e-01 -2.6414e+00 -5.2069e-01 -2.9291e-01 +2.4592e+00 +5.3875e-01 +6.7479e-01 +3.9305e+00
707 +6.271441065e+00 +6.271441065e+00 -1.066855894e+01 -1.066855894e+01 +1.1812e+00 -1.9154e-01 +6.9002e-01 +1.3222e+00 +4.8806e+00 -2.1746e+00 +1.0350e+00 +1.5975e+00 -6.3491e-01 -1.8034e+00 +2.7861e+00 +6.9948e-01 +2.0496e+00 -2.1465e+00 +7.6515e-01 -2.2255e-01 +3.5679e+00 +8.4880e-01 -1.1996e+00 +2.6728e+00
1723 +3.736391816e+00 +3.736391816e+00 -1.320360818e+01 -1.320360818e+01 +4.0743e+00 +6.3093e-01 +2.5478e-01 +8.6755e-01 +3.4546e+00 -2.2117e+00 +2.8929e+00 -1.6390e-02 +5.1495e-01 -1.6213e+00 +3.7512e+00 -8.5914e-01 -2.8267e-01 -2.1952e+00 +1.7125e+00 +1.6413e+00 +3.3986e+00 +8.7045e-01 +1.7522e+00 +1.8515e+00
2450 +2.311586057e+00 +2.311586057e+00 -1.462841394e+01 -1.462841394e+01 +3.2603e+00 +9.6562e-01 -8.5800e-01 +1.2383e+00 +3.0504e+00 -1.9627e+00 +2.2185e+00 -9.5408e-01 +2.1157e-01 -2.5875e+00 +3.8022e+00 -7.0252e-01 -6.0099e-01 -2.2563e+00 +1.3956e+00 +1.6151e+00 +3.3797e+00 +2.2316e-01 +8.9766e-01 +2.0962e+00
3327 +1.401799299e+00 +1.401799299e+00 -1.553820070e+01 -1.553820070e+01 +3.6109e+00 +8.4670e-01 -1.5194e-01 +1.3111e+00 +3.5005e+00 -1.6839e+00 +2.5805e+00 -9.2048e-01 +5.5204e-01 -2.4792e+00 +3.4624e+00 -5.8788e-01 -5.2727e-01 -2.1697e+00 +2.2340e+00 +2.3022e+00 +2.7633e+00 +3.7958e-01 +1.1878e+00 +2.5377e+00
4297 +9.851709795e-01 +9.851709795e-01 -1.595482902e+01 -1.595482902e+01 +3.7018e+00 +9.7706e-01 -1.5144e-01 +1.7910e+00 +3.5557e+00 -1.5153e+00 +2.3748e+00 -1.0545e+00 +3.6065e-01 -2.7496e+00 +3.3845e+00 -1.2548e-01 -7.5062e-01 -2.2694e+00 +2.3278e+00 +2.1218e+00 +2.9967e+00 +4.3835e-01 +1.1825e+00 +2.8874e+00
% function evaluation | noise-free fitness - Fopt (1.881000000000e+01) | best noise-free fitness - Fopt | measured fitness | best measured fitness | x1 | x2...
1 +1.424859177e+01 +1.424859177e+01 +3.305859177e+01 +3.305859177e+01 +3.1472e+00 +4.0579e+00 -3.7301e+00 +4.1338e+00 +1.3236e+00 -4.0246e+00 -2.2150e+00 +4.6882e-01 +4.5751e+00 +4.6489e+00 -3.4239e+00 +4.7059e+00 +4.5717e+00 -1.4624e-01 +3.0028e+00 -3.5811e+00 -7.8239e-01 +4.1574e+00 +2.9221e+00 +4.5949e+00
214 +9.150703173e+00 +9.150703173e+00 +2.796070317e+01 +2.796070317e+01 -1.6226e+00 +1.7748e+00 +1.2578e+00 +1.8123e+00 -1.0129e+00 -1.6795e+00 +3.4182e-01 +2.2433e+00 -2.0973e+00 +3.2123e+00 -9.3238e-01 +2.5376e+00 +2.9417e+00 -2.0948e-01 +1.5896e+00 +1.0372e+00 +9.0923e-01 +2.3063e-01 +1.5704e+00 -7.2324e-01
294 +5.474065138e+00 +5.474065138e+00 +2.428406514e+01 +2.428406514e+01 -2.1448e+00 +1.0049e+00 +2.8168e-01 +8.1235e-01 -1.2877e-02 -2.0887e+00 +1.3418e+00 +3.2433e+00 -1.0973e+00 +2.2123e+00 -5.4667e-01 +1.5376e+00 +3.2092e+00 -8.3090e-01 +6.3361e-01 +3.7206e-02 -9.0775e-02 +1.2306e+00 +5.7035e-01 -4.4180e-01
639 +3.850445601e+00 +3.850445601e+00 +2.266044560e+01 +2.266044560e+01 -8.8519e-01 +1.4995e+00 -3.8869e-01 +3.8758e-01 +7.1443e-01 -1.3120e+00 +2.9596e+00 +1.3550e+00 -2.2284e-01 +2.7631e+00 -2.1006e+00 +1.1211e+00 +3.3521e+00 -3.7844e-01 -4.2749e-01 -1.7795e+00 -1.1869e+00 +3.5238e+00 -9.2540e-01 +8.8798e-01
1245 +2.481570386e+00 +2.481570386e+00 +2.129157039e+01 +2.129157039e+01 +5.2788e-01 +3.1934e-01 -1.0452e-01 +1.0447e+00 +1.8068e+00 -1.9814e+00 +2.0087e+00 +7.0355e-01 +4.9001e-01 +1.3891e+00 -2.6150e+00 +3.7037e+00 +4.3460e+00 -1.9236e-01 +1.1392e-01 -2.4673e+00 -1.5230e+00 +2.8607e+00 +3.7246e-01 +1.7746e+00
2474 +1.236936395e+00 +1.236936395e+00 +2.004693639e+01 +2.004693639e+01 +1.0904e+00 -6.5643e-02 -1.5207e-01 +1.1947e+00 +1.4770e+00 -2.7453e+00 +1.5670e+00 +4.4922e-01 +7.1865e-01 +1.2623e+00 -3.1336e+00 +4.6285e+00 +3.7883e+00 -2.3017e-01 -1.7077e+00 -2.7970e+00 -9.5376e-01 +2.5490e+00 -8.6181e-02 +1.7450e+00
3459 +9.867207544e-01 +9.867207544e-01 +1.979672075e+01 +1.979672075e+01 +9.3276e-01 -2.2606e-02 -8.3636e-01 +9.7379e-01 +1.0095e+00 -3.0222e+00 +2.0092e+00 +3.8617e-01 +4.5043e-01 +1.0452e+00 -3.0731e+00 +4.3211e+00 +3.7503e+00 +8.8999e-02 -1.9175e+00 -2.7354e+00 -8.2859e-01 +3.0468e+00 +3.3055e-01 +1.6146e+00
3897 +6.099042636e-01 +6.099042636e-01 +1.941990426e+01 +1.941990426e+01 +7.4894e-01 +3.4803e-01 -3.1137e-01 +1.1856e+00 +1.8307e+00 -2.7039e+00 +1.8769e+00 +6.8511e-01 +6.8842e-01 +1.1441e+00 -2.9797e+00 +4.4556e+00 +3.8130e+00 -9.9948e-02 -1.9050e+00 -2.8023e+00 -8.1808e-01 +2.6402e+00 +2.8755e-01 +1.4681e+00
% function evaluation | noise-free fitness - Fopt (2.731500000000e+02) | best noise-free fitness - Fopt | measured fitness | best measured fitness | x1 | x2...
1 +7.298439845e+01 +7.298439845e+01 +3.461343984e+02 +3.461343984e+02 +3.1472e+00 +4.0579e+00 -3.7301e+00 +4.1338e+00 +1.3236e+00 -4.0246e+00 -2.2150e+00 +4.6882e-01 +4.5751e+00 +4.6489e+00 -3.4239e+00 +4.7059e+00 +4.5717e+00 -1.4624e-01 +3.0028e+00 -3.5811e+00 -7.8239e-01 +4.1574e+00 +2.9221e+00 +4.5949e+00
3 +3.834044791e+01 +3.834044791e+01 +3.114904479e+02 +3.114904479e+02 -6.1256e-01 -1.1844e+00 +2.6552e+00 +2.9520e+00 -3.1313e+00 -1.0236e-01 -5.4414e-01 +1.4631e+00 +2.0936e+00 +2.5469e+00 -2.2397e+00 +1.7970e+00 +1.5510e+00 -3.3739e+00 -3.8100e+00 -1.6359e-02 +4.5974e+00 -1.5961e+00 +8.5268e-01 -2.7619e+00
43 +2.117929432e+01 +2.117929432e+01 +2.943292943e+02 +2.943292943e+02 -1.4183e+00 -1.8442e-01 +2.1984e+00 +1.9520e+00 -2.1313e+00 -8.7568e-01 +4.5586e-01 +2.4631e+00 +1.0936e+00 +1.5469e+00 -3.2397e+00 +7.9703e-01 +5.5098e-01 -2.3739e+00 -2.8100e+00 -1.0164e+00 +3.5974e+00 -1.2951e+00 -1.4732e-01 -2.4088e+00
165 +1.475399420e+01 +1.475399420e+01 +2.879039942e+02 +2.879039942e+02 -3.9109e+00 +1.6639e+00 +1.8719e-01 -6.6319e-02 +1.6870e+00 -1.4720e+00 +1.9704e+00 -6.5722e-01 +5.1172e-01 +1.0658e+00 -3.6963e+00 -4.0000e+00 -1.0135e+00 +7.2576e-01 +4.0000e+00 -2.3289e+00 +1.7923e+00 -1.3304e+00 -5.0000e+00 -2.0954e+00
403 +9.831595140e+00 +9.831595140e+00 +2.829815951e+02 +2.829815951e+02 -4.4219e+00 +1.8307e+00 -5.3379e-01 +6.2596e-01 +1.1141e+00 -8.2001e-01 +2.5271e+00 +8.4809e-01 -2.5578e+00 +3.2842e-01 -3.1941e+00 -2.1941e+00 +4.1408e-01 -1.0142e+00 +1.0818e+00 -5.0000e+00 +1.4003e+00 -2.3953e+00 -1.4696e+00 -4.0258e+00
510 +5.485195669e+00 +5.485195669e+00 +2.786351957e+02 +2.786351957e+02 -4.1835e+00 +2.8838e+00 -8.5031e-01 +2.4235e+00 +1.0752e-01 -1.0358e+00 +1.5135e+00 -9.7929e-01 -2.6726e+00 +1.5577e+00 -1.9879e+00 -2.5411e-01 -2.8592e-01 -6.5391e-01 +3.2745e+00 -4.4004e+00 +9.0421e-01 -1.0036e+00 +3.1640e-01 -4.7208e+00
1240 +3.952459807e+00 +3.952459807e+00 +2.771024598e+02 +2.771024598e+02 -4.7719e+00 +3.8412e+00 -1.2053e+00 +2.8459e+00 +9.6565e-01 -1.1731e-01 +9.1945e-01 -4.1397e-01 -3.6067e+00 +1.9938e+00 -1.1341e+00 +6.3309e-01 +1.9041e-01 +5.9626e-01 +3.5283e+00 -4.7680e+00 +3.0136e+00 -1.4629e+00 +6.1155e-01 -4.5999e+00
3506 +2.337509994e+00 +2.337509994e+00 +2.754875100e+02 +2.754875100e+02 -4.4852e+00 +3.8516e+00 -6.7361e-01 +1.6817e+00 +1.6539e+00 -2.5784e+00 +2.0158e-01 -5.6757e-01 -3.4394e+00 +2.1317e+00 -5.5103e-01 +3.9939e-01 -6.1097e-01 +9.4252e-01 +2.6492e+00 -3.9625e+00 +2.3885e+00 +4.0912e-02 +1.1339e+00 -4.9117e+00
3979 +1.509108814e+00 +1.509108814e+00 +2.746591088e+02 +2.746591088e+02 -4.2124e+00 +3.8431e+00 -7.2531e-01 +1.7055e+00 +1.7149e+00 -2.4059e+00 +1.3490e-01 -8.7751e-01 -2.7355e+00 +2.1546e+00 -3.8770e-01 +3.1195e-01 -5.3958e-01 +9.3423e-01 +2.7111e+00 -4.0272e+00 +2.9819e+00 +5.7740e-01 +1.9440e+00 -4.0000e+00
% function evaluation | noise-free fitness - Fopt (3.718000000000e+01) | best noise-free fitness - Fopt | measured fitness | best measured fitness | x1 | x2...
1 +1.077925255e+02 +1.077925255e+02 +1.449725255e+02 +1.449725255e+02 +3.1472e+00 +4.0579e+00 -3.7301e+00 +4.1338e+00 +1.3236e+00 -4.0246e+00 -2.2150e+00 +4.6882e-01 +4.5751e+00 +4.6489e+00 -3.4239e+00 +4.7059e+00 +4.5717e+00 -1.4624e-01 +3.0028e+00 -3.5811e+00 -7.8239e-01 +4.1574e+00 +2.9221e+00 +4.5949e+00
3 +5.495167056e+01 +5.495167056e+01 +9.213167056e+01 +9.213167056e+01 -6.1256e-01 -1.1844e+00 +2.6552e+00 +2.9520e+00 -3.1313e+00 -1.0236e-01 -5.4414e-01 +1.4631e+00 +2.0936e+00 +2.5469e+00 -2.2397e+00 +1.7970e+00 +1.5510e+00 -3.3739e+00 -3.8100e+00 -1.6359e-02 +4.5974e+00 -1.5961e+00 +8.5268e-01 -2.7619e+00
5 +1.953129157e+01 +1.953129157e+01 +5.671129157e+01 +5.671129157e+01 -1.4834e+00 +3.3083e+00 +8.5264e-01 +4.9724e-01 +4.1719e+00 -2.1416e+00 +2.5720e+00 +2.5373e+00 -1.1955e+00 +6.7822e-01 -4.2415e+00 -4.4605e+00 +3.0798e-01 +2.7917e+00 +4.3401e+00 -3.7009e+00 +6.8824e-01 -3.0609e-01 -4.8810e+00 -1.6288e+00
21 +1.214627587e+01 +1.214627587e+01 +4.932627587e+01 +4.932627587e+01 -7.7114e-01 -4.0577e+00 +9.8524e-01 -2.9076e-01 +1.9595e+00 +1.9989e+00 +1.3853e+00 -4.6640e+00 -4.3119e+00 -1.8040e+00 +3.0864e-01 +1.5445e+00 -9.2381e-01 +3.1998e+00 +2.1836e+00 +4.6865e+00 +3.1334e-01 -1.7485e+00 -3.9437e+00 +1.1096e+00
236 +9.575687015e+00 +9.575687015e+00 +4.675568701e+01 +4.675568701e+01 -1.7183e+00 +5.4100e-01 +6.2049e-01 -7.5849e-01 -1.4576e+00 -2.2892e-01 +8.1396e-01 -2.6917e+00 +9.8486e-01 -1.2809e+00 +1.8842e+00 +1.0134e+00 -9.3083e-01 +2.3832e+00 +8.7849e-01 +8.1781e-01 -8.1325e-02 -3.6043e-01 +1.8204e-01 -9.9778e-01
451 +6.308719104e+00 +6.308719104e+00 +4.348871910e+01 +4.348871910e+01 -2.2929e+00 +6.4457e-01 +1.6671e+00 -9.5603e-02 -1.9204e-01 -3.7893e-01 -1.4034e-01 -6.1103e-01 -2.3847e+00 +1.0370e+00 +5.9839e-01 -7.7348e-02 +8.2954e-01 +8.5850e-01 +1.6329e+00 +5.2355e-01 -1.6344e-01 -2.6466e+00 -2.0000e+00 +1.0797e+00
1440 +3.931829404e+00 +3.931829404e+00 +4.111182940e+01 +4.111182940e+01 -2.1284e+00 +7.7494e-01 +1.3736e+00 -3.9472e-01 -1.9648e+00 -5.2954e-01 -4.1852e-02 -1.8252e+00 -1.3682e+00 +2.4438e+00 +8.2303e-02 -2.0687e+00 +1.7192e+00 -1.2451e+00 +1.8297e+00 -1.0443e+00 +1.1803e-01 -2.7625e+00 -1.4143e+00 +2.3663e+00
2516 +2.298746683e+00 +2.298746683e+00 +3.947874668e+01 +3.947874668e+01 -2.9688e+00 +9.4878e-01 +1.3841e+00 +7.7075e-01 -1.7152e+00 -3.0046e-01 +5.2506e-02 -2.6031e+00 -1.1981e+00 +3.1397e+00 +2.2680e-01 -2.7834e+00 +8.6315e-01 -2.3581e+00 +1.5786e+00 +6.0066e-01 +1.4799e-01 -2.1609e+00 -1.9780e+00 +1.8531e+00
% function evaluation | noise-free fitness - Fopt (-1.479000000000e+02) | best noise-free fitness - Fopt | measured fitness | best measured fitness | x1 | x2...
1 +3.261011279e+01 +3.261011279e+01 -1.152898872e+02 -1.152898872e+02 +3.1472e+00 +4.0579e+00 -3.7301e+00 +4.1338e+00 +1.3236e+00 -4.0246e+00 -2.2150e+00 +4.6882e-01 +4.5751e+00 +4.6489e+00 -3.4239e+00 +4.7059e+00 +4.5717e+00 -1.4624e-01 +3.0028e+00 -3.5811e+00 -7.8239e-01 +4.1574e+00 +2.9221e+00 +4.5949e+00
3 +2.449685370e+01 +2.449685370e+01 -1.234031463e+02 -1.234031463e+02 -6.1256e-01 -1.1844e+00 +2.6552e+00 +2.9520e+00 -3.1313e+00 -1.0236e-01 -5.4414e-01 +1.4631e+00 +2.0936e+00 +2.5469e+00 -2.2397e+00 +1.7970e+00 +1.5510e+00 -3.3739e+00 -3.8100e+00 -1.6359e-02 +4.5974e+00 -1.5961e+00 +8.5268e-01 -2.7619e+00
21 +1.485436285e+01 +1.485436285e+01 -1.330456371e+02 -1.330456371e+02 -7.7114e-01 -4.0577e+00 +9.8524e-01 -2.9076e-01 +1.9595e+00 +1.9989e+00 +1.3853e+00 -4.6640e+00 -4.3119e+00 -1.8040e+00 +3.0864e-01 +1.5445e+00 -9.2381e-01 +3.1998e+00 +2.1836e+00 +4.6865e+00 +3.1334e-01 -1.7485e+00 -3.9437e+00 +1.1096e+00
51 +9.879662374e+00 +9.879662374e+00 -1.380203376e+02 -1.380203376e+02 +1.5148e+00 -2.2139e+00 +2.1158e+00 -4.6474e-01 -4.9273e-01 +3.3900e+00 +2.7594e+00 -4.9844e-01 +2.2475e-01 -1.2955e-01 -1.9226e+00 -9.8754e-01 -1.2908e+00 -1.6951e+00 +2.7991e+00 -2.0524e+00 -2.1570e+00 -2.2929e+00 -3.7234e+00 +3.5699e-01
452 +6.015900816e+00 +6.015900816e+00 -1.418840992e+02 -1.418840992e+02 -3.7576e-01 -1.7662e+00 -3.6226e-01 -2.8864e+00 -9.4149e-01 +1.9419e+00 -1.4933e-01 -1.3288e+00 -3.8602e+00 +1.1009e+00 -4.3830e-01 +1.7443e+00 -1.4042e+00 -1.1485e+00 +2.5939e+00 -1.0988e+00 -1.3735e+00 -6.5719e-01 -1.3244e+00 +2.9361e+00
1097 +3.852758880e+00 +3.852758880e+00 -1.440472411e+02 -1.440472411e+02 -1.9472e+00 -1.9577e+00 -9.8263e-01 -8.0298e-01 -2.0934e+00 +1.7012e+00 +3.2194e+00 -1.8495e-01 -4.7523e+00 +1.8454e+00 -2.4930e+00 +2.4159e+00 -3.2897e+00 -2.7890e+00 +1.4517e+00 -1.5012e+00 -2.2490e+00 -7.2017e-01 -1.4317e+00 +3.2248e+00
4144 +2.332357734e+00 +2.332357734e+00 -1.455676423e+02 -1.455676423e+02 -1.8689e+00 -2.8534e+00 -8.1644e-01 -7.2874e-01 -2.0820e+00 +2.2106e+00 +2.2376e+00 -2.1071e-01 -3.8025e+00 +1.8149e+00 -2.3674e+00 +2.3953e+00 -2.3240e+00 -2.8830e+00 +1.3234e+00 -1.3009e+00 -2.5079e+00 -2.5744e-01 -1.2037e+00 +4.0425e+00
% function evaluation | noise-free fitness - Fopt (-2.218900000000e+02) | best noise-free fitness - Fopt | measured fitness | best measured fitness | x1 | x2...
1 +2.191245765e+02 +2.191245765e+02 -2.765423468e+00 -2.765423468e+00 +3.1472e+00 +4.0579e+00 -3.7301e+00 +4.1338e+00 +1.3236e+00 -4.0246e+00 -2.2150e+00 +4.6882e-01 +4.5751e+00 +4.6489e+00 -3.4239e+00 +4.7059e+00 +4.5717e+00 -1.4624e-01 +3.0028e+00 -3.5811e+00 -7.8239e-01 +4.1574e+00 +2.9221e+00 +4.5949e+00
2 +4.276450043e+01 +4.276450043e+01 -1.791254996e+02 -1.791254996e+02 +1.5574e+00 -4.6429e+00 +3.4913e+00 +4.3399e+00 +1.7874e+00 +2.5774e+00 +2.4313e+00 -1.0777e+00 +1.5548e+00 -3.2881e+00 +2.0605e+00 -4.6817e+00 -2.2308e+00 -4.5383e+00 -4.0287e+00 +3.2346e+00 +1.9483e+00 -1.8290e+00 +4.5022e+00 -4.6555e+00
3 +2.791102013e+01 +2.791102013e+01 -1.939789799e+02 -1.939789799e+02 -6.1256e-01 -1.1844e+00 +2.6552e+00 +2.9520e+00 -3.1313e+00 -1.0236e-01 -5.4414e-01 +1.4631e+00 +2.0936e+00 +2.5469e+00 -2.2397e+00 +1.7970e+00 +1.5510e+00 -3.3739e+00 -3.8100e+00 -1.6359e-02 +4.5974e+00 -1.5961e+00 +8.5268e-01 -2.7619e+00
5 +1.906464796e+01 +1.906464796e+01 -2.028253520e+02 -2.028253520e+02 -1.4834e+00 +3.3083e+00 +8.5264e-01 +4.9724e-01 +4.1719e+00 -2.1416e+00 +2.5720e+00 +2.5373e+00 -1.1955e+00 +6.7822e-01 -4.2415e+00 -4.4605e+00 +3.0798e-01 +2.7917e+00 +4.3401e+00 -3.7009e+00 +6.8824e-01 -3.0609e-01 -4.8810e+00 -1.6288e+00
10 +1.581652532e+01 +1.581652532e+01 -2.060734747e+02 -2.060734747e+02 +4.7009e-01 -2.0368e+00 +2.4469e+00 -3.1104e+00 +1.8678e+00 -3.1649e+00 -1.3152e+00 +1.2562e+00 +2.8023e+00 -4.1887e+00 +4.2939e+00 +2.7571e+00 -1.3208e-01 -6.4141e-01 -5.3216e-01 -1.9365e+00 +8.5087e-02 +1.0772e-01 +3.1763e+00 +2.9483e+00
139 +6.537278151e+00 +6.537278151e+00 -2.153527218e+02 -2.153527218e+02 -2.6740e+00 +8.7678e-01 +1.8187e+00 +1.7159e-01 -3.4102e+00 -7.1340e-01 +8.6592e-01 +3.3680e+00 -1.4360e+00 +1.6167e+00 +2.3036e-01 -2.7553e+00 -3.5721e+00 -1.7292e+00 -2.1964e-01 -2.0879e+00 -1.1049e+00 -1.6841e+00 -1.7020e+00 -9.9720e-01
251 +5.992402358e+00 +5.992402358e+00 -2.158975976e+02 -2.158975976e+02 -4.1717e-01 +1.4391e+00 +1.1997e+00 -6.4071e-01 -4.6933e+00 +4.2740e-01 -1.0714e-02 +7.9162e-02 +4.9369e-01 +1.5889e+00 +6.5490e-01 -4.4322e+00 -3.2908e+00 -1.1710e+00 +4.6311e-01 -1.2945e+00 -2.9232e+00 -6.6310e-01 -1.6787e+00 -2.1390e+00
875 +3.592318982e+00 +3.592318982e+00 -2.182976810e+02 -2.182976810e+02 -4.2937e-01 +2.9447e+00 -4.3291e-01 -4.1501e-01 -3.7851e+00 +7.4812e-01 +1.8397e+00 +3.4687e-01 -4.3715e-01 +2.2351e-01 +1.8436e+00 -3.4466e+00 -2.9042e+00 -4.1566e-01 -4.7054e-02 -2.0019e+00 -2.0457e+00 -1.6891e+00 +7.2193e-01 -1.6623e+00
1162 +2.300031811e+00 +2.300031811e+00 -2.195899682e+02 -2.195899682e+02 -1.9337e+00 +1.6555e+00 +8.0658e-01 -9.1132e-01 -3.1803e+00 +8.0389e-01 +2.8214e+00 +3.5952e-01 -6.1223e-01 -6.1384e-01 +2.0587e+00 -3.3509e+00 -2.1633e+00 -1.0209e+00 +3.8845e-01 -6.9007e-01 -5.7076e-01 -1.1607e+00 -6.2821e-01 -8.8728e-01
2312 +1.428996259e+00 +1.428996259e+00 -2.204610037e+02 -2.204610037e+02 -1.6343e+00 +1.4957e+00 +1.4146e+00 -3.4298e-01 -3.5225e+00 +8.8729e-01 +2.8618e+00 +7.1758e-01 +6.0048e-01 -4.0697e-01 +1.7486e+00 -3.8916e+00 -3.3492e+00 -7.4977e-01 -2.5725e-01 -1.3273e+00 -5.3657e-01 -1.2459e+00 -9.4662e-01 -4.7618e-01
3273 +9.253973104e-01 +9.253973104e-01 -2.209646027e+02 -2.209646027e+02 -1.9970e+00 +8.6439e-01 +9.6834e-01 -4.1349e-01 -3.4707e+00 +1.9884e+00 +2.8902e+00 +8.2939e-01 +5.8348e-01 -5.8702e-01 +1.6529e+00 -3.4598e+00 -2.9824e+00 -6.1873e-01 -8.4175e-01 -1.1802e+00 -6.2452e-01 -1.5225e+00 -9.3043e-01 -6.5823e-02
4130 +6.216035849e-01 +6.216035849e-01 -2.212683964e+02 -2.212683964e+02 -2.0137e+00 +9.2339e-01 +8.8095e-01 -3.7806e-01 -3.5088e+00 +1.8049e+00 +2.9414e+00 +7.7890e-01 +5.2319e-01 -6.0655e-01 +1.6557e+00 -3.5084e+00 -2.9602e+00 -6.3011e-01 -7.7196e-01 -1.3834e+00 -5.5763e-01 -1.4182e+00 -9.8499e-01 -2.6526e-01
% function evaluation | noise-free fitness - Fopt (1.195400000000e+02) | best noise-free fitness - Fopt | measured fitness | best measured fitness | x1 | x2...
1 +2.379884440e+01 +2.379884440e+01 +1.433388444e+02 +1.433388444e+02 +3.1472e+00 +4.0579e+00 -3.7301e+00 +4.1338e+00 +1.3236e+00 -4.0246e+00 -2.2150e+00 +4.6882e-01 +4.5751e+00 +4.6489e+00 -3.4239e+00 +4.7059e+00 +4.5717e+00 -1.4624e-01 +3.0028e+00 -3.5811e+00 -7.8239e-01 +4.1574e+00 +2.9221e+00 +4.5949e+00
30 +1.556126707e+01 +1.556126707e+01 +1.351012671e+02 +1.351012671e+02 +1.4423e-01 +3.8428e+00 +8.8026e-01 -3.4525e+00 -3.0014e+00 -9.3045e-01 +2.4871e+00 +3.2558e+00 +2.8996e+00 -1.8148e+00 +3.4064e-01 -4.1005e+00 -3.8829e+00 -3.6371e+00 +1.7865e+00 -4.8230e-02 -3.1029e+00 -4.9942e-02 -3.5239e+00 -4.4503e+00
203 +9.371715771e+00 +9.371715771e+00 +1.289117158e+02 +1.289117158e+02 -7.2099e-01 +7.2686e-01 +2.4793e-01 -4.8001e-02 -1.3127e-01 -2.7103e+00 +4.5586e-01 +3.6042e+00 -7.2195e-01 -4.5313e-01 +7.6025e-01 -5.4186e-01 +3.6590e+00 -3.7388e-01 -8.1002e-01 -3.0164e+00 +1.5974e+00 -2.5961e+00 +1.8131e+00 +2.3812e-01
406 +5.911960898e+00 +5.911960898e+00 +1.254519609e+02 +1.254519609e+02 +4.9454e-01 -7.5709e-01 -5.4996e-01 -4.3812e+00 +9.8134e-01 -1.6004e+00 +1.6385e+00 +3.0393e+00 -6.7618e-01 -1.4789e+00 -1.4125e-01 +6.2949e-01 +4.1955e-01 +7.6084e-01 -3.7341e-02 -1.5080e+00 -1.8931e+00 +3.9195e-01 +2.3363e-01 +1.2532e+00
770 +3.673118122e+00 +3.673118122e+00 +1.232131181e+02 +1.232131181e+02 -1.8340e-01 +1.3050e+00 -1.9072e+00 -1.2798e+00 +8.0271e-01 -2.2566e+00 +2.2164e+00 +2.1889e+00 +5.1115e-01 -7.6668e-01 -2.4126e-01 -2.5865e+00 +2.4141e-01 -1.4297e+00 -1.3693e+00 -4.6943e+00 -3.1321e-01 -2.3313e+00 +1.0716e+00 +1.1533e+00
1291 +2.134989819e+00 +2.134989819e+00 +1.216749898e+02 +1.216749898e+02 +4.1839e-01 +1.8811e+00 -1.7122e+00 -1.0878e+00 +2.1306e+00 -2.5906e+00 +2.7106e+00 +2.9117e+00 +1.0434e+00 -1.2798e+00 +3.3713e-01 -1.7379e+00 +1.5154e-03 -1.9716e+00 -1.0315e+00 -4.2957e+00 +1.3682e+00 -2.9525e+00 +1.3978e+00 +9.4946e-01
2661 +1.465244753e+00 +1.465244753e+00 +1.210052448e+02 +1.210052448e+02 +7.7059e-01 +1.6287e+00 -1.6102e+00 -9.5580e-01 +1.8307e+00 -2.5389e+00 +2.6942e+00 +2.7891e+00 +7.9673e-01 -1.2749e+00 +1.5876e-01 -1.7423e+00 +3.6959e-01 -2.2102e+00 -2.0551e+00 -4.3907e+00 +1.3042e+00 -3.1448e+00 +1.3594e+00 +1.2076e+00
4378 +9.947764568e-01 +9.947764568e-01 +1.205347765e+02 +1.205347765e+02 +8.9798e-01 +9.6556e-01 -1.5929e+00 -1.0732e+00 +1.7743e+00 -2.4811e+00 +2.7801e+00 +2.6712e+00 +9.3694e-01 -8.6095e-01 +1.2751e-01 -1.8708e+00 +1.1635e-01 -2.1414e+00 -1.9402e+00 -4.1779e+00 +1.2124e+00 -2.9279e+00 +1.2379e+00 +1.4935e+00
% function evaluation | noise-free fitness - Fopt (6.983000000000e+01) | best noise-free fitness - Fopt | measured fitness | best measured fitness | x1 | x2...
1 +4.221564015e+01 +4.221564015e+01 +1.120456402e+02 +1.120456402e+02 +3.1472e+00 +4.0579e+00 -3.7301e+00 +4.1338e+00 +1.3236e+00 -4.0246e+00 -2.2150e+00 +4.6882e-01 +4.5751e+00 +4.6489e+00 -3.4239e+00 +4.7059e+00 +4.5717e+00 -1.4624e-01 +3.0028e+00 -3.5811e+00 -7.8239e-01 +4.1574e+00 +2.9221e+00 +4.5949e+00
2 +3.271092546e+01 +3.271092546e+01 +1.025409255e+02 +1.025409255e+02 +1.5574e+00 -4.6429e+00 +3.4913e+00 +4.3399e+00 +1.7874e+00 +2.5774e+00 +2.4313e+00 -1.0777e+00 +1.5548e+00 -3.2881e+00 +2.0605e+00 -4.6817e+00 -2.2308e+00 -4.5383e+00 -4.0287e+00 +3.2346e+00 +1.9483e+00 -1.8290e+00 +4.5022e+00 -4.6555e+00
6 +2.342459717e+01 +2.342459717e+01 +9.325459717e+01 +9.325459717e+01 -3.3782e+00 +2.9428e+00 -1.8878e+00 +2.8533e-01 -3.3435e+00 +1.0198e+00 -2.3703e+00 +1.5408e+00 +1.8921e+00 +2.4815e+00 -4.9458e-01 -4.1618e+00 -2.7102e+00 +4.1334e+00 -3.4762e+00 +3.2582e+00 +3.8342e-01 +4.9613e+00 -4.2182e+00 -5.7322e-01
176 +1.380417589e+01 +1.380417589e+01 +8.363417589e+01 +8.363417589e+01 -2.4038e+00 +2.0259e+00 -2.9033e+00 -2.4277e+00 -1.4400e+00 -2.5083e+00 +2.1520e+00 +1.2381e+00 +2.2440e-01 -4.5046e-01 -1.5234e+00 -1.2229e-01 +2.7297e+00 +3.3980e+00 -2.6596e-01 +1.2813e+00 -6.7608e-01 +1.2531e+00 -1.3616e+00 -2.0117e+00
239 +9.963221087e+00 +9.963221087e+00 +7.979322109e+01 +7.979322109e+01 -7.6679e-01 -1.1011e+00 -2.1315e+00 -2.2759e-01 +1.0513e+00 -1.5258e+00 -1.7381e+00 +3.6201e-01 +6.2386e-01 +7.7667e-01 -4.6452e-01 -1.8966e+00 -1.5155e+00 +2.6090e+00 -3.2899e-01 +2.1407e-01 +2.6927e+00 +3.7905e-01 -1.8623e-01 -2.5232e+00
1154 +6.227487555e+00 +6.227487555e+00 +7.605748755e+01 +7.605748755e+01 -3.3835e-01 -3.2379e-01 -2.3744e+00 -2.1558e+00 +6.0962e-01 -1.4929e+00 -1.6160e+00 +1.3421e+00 +9.2196e-01 +1.6433e+00 -2.7144e+00 -2.4297e+00 -2.3912e-01 +2.4971e+00 -2.0600e+00 +1.8912e-02 +1.5229e+00 -1.9588e+00 +2.3436e+00 -2.1650e+00
2208 +3.946822790e+00 +3.946822790e+00 +7.377682279e+01 +7.377682279e+01 -9.6350e-01 -1.1754e+00 -2.0122e+00 -2.5712e+00 +1.2817e+00 -5.2966e-01 -1.6145e+00 +1.5717e+00 +1.9771e+00 +1.2430e+00 -1.7710e+00 -2.5153e+00 -5.1978e-01 +3.0198e+00 -1.6040e+00 +5.7866e-01 +1.3187e+00 -5.2918e-01 +2.7894e+00 -2.2867e+00
3740 +2.501160024e+00 +2.501160024e+00 +7.233116002e+01 +7.233116002e+01 -1.2695e+00 -1.6980e+00 -2.0521e+00 -2.6930e+00 +1.1527e+00 +1.0663e-01 -2.9749e+00 +1.0220e+00 +1.7146e+00 +2.8970e-01 -1.2683e+00 -2.6630e+00 -7.2734e-01 +2.5323e+00 -8.1587e-01 +5.8913e-01 -3.9440e-02 -8.6582e-01 +4.1599e+00 -2.0417e+00
% function evaluation | noise-free fitness - Fopt (7.000000000000e-02) | best noise-free fitness - Fopt | measured fitness | best measured fitness | x1 | x2...
1 +1.508324650e+02 +1.508324650e+02 +1.509024650e+02 +1.509024650e+02 +3.1472e+00 +4.0579e+00 -3.7301e+00 +4.1338e+00 +1.3236e+00 -4.0246e+00 -2.2150e+00 +4.6882e-01 +4.5751e+00 +4.6489e+00 -3.4239e+00 +4.7059e+00 +4.5717e+00 -1.4624e-01 +3.0028e+00 -3.5811e+00 -7.8239e-01 +4.1574e+00 +2.9221e+00 +4.5949e+00
3 +2.863370322e+01 +2.863370322e+01 +2.870370322e+01 +2.870370322e+01 -6.1256e-01 -1.1844e+00 +2.6552e+00 +2.9520e+00 -3.1313e+00 -1.0236e-01 -5.4414e-01 +1.4631e+00 +2.0936e+00 +2.5469e+00 -2.2397e+00 +1.7970e+00 +1.5510e+00 -3.3739e+00 -3.8100e+00 -1.6359e-02 +4.5974e+00 -1.5961e+00 +8.5268e-01 -2.7619e+00
4 +2.261575328e+01 +2.261575328e+01 +2.268575328e+01 +2.268575328e+01 +2.5127e+00 -2.4490e+00 +5.9571e-02 +1.9908e+00 +3.9090e+00 +4.5929e+00 +4.7216e-01 -3.6138e+00 -3.5071e+00 -2.4249e+00 +3.4072e+00 -2.4572e+00 +3.1428e+00 -2.5648e+00 +4.2926e+00 -1.5002e+00 -3.0340e+00 -2.4892e+00 +1.1604e+00 -2.6711e-01
65 +1.443152957e+01 +1.443152957e+01 +1.450152957e+01 +1.450152957e+01 +4.7618e-01 +2.7902e+00 +1.6743e+00 +3.4517e+00 -1.9107e+00 +2.9754e+00 -1.6377e+00 -3.8682e+00 +7.3039e-02 +2.8684e-01 +5.8725e-01 +6.1945e-01 +1.7029e+00 -4.9782e-01 +6.2010e-01 -1.1410e+00 +2.4193e+00 +2.3292e+00 -1.4356e+00 +1.3461e-01
289 +9.886589704e+00 +9.886589704e+00 +9.956589704e+00 +9.956589704e+00 +2.8025e+00 +1.4260e+00 -2.2716e-01 -2.9609e+00 -1.4924e-01 +3.1973e-01 +5.2225e-01 +5.6135e-01 -8.5410e-01 -4.0220e-01 -4.4717e-01 -7.0595e-01 +1.4012e+00 -1.4732e+00 -5.6976e-01 -4.1557e-01 +8.3464e-01 -1.6167e+00 -2.4531e+00 +5.4536e-01
564 +5.587537327e+00 +5.587537327e+00 +5.657537327e+00 +5.657537327e+00 +3.8683e+00 +7.1742e-01 +8.3769e-03 -2.6070e+00 +1.6584e+00 +6.7804e-01 +1.7386e+00 -1.9152e+00 -2.0868e+00 +1.1146e+00 +3.3930e-01 +1.5268e+00 +7.1225e-01 -5.4730e-01 +1.0406e+00 +1.5556e+00 -9.5422e-01 -1.4281e+00 -2.1379e+00 +2.0749e+00
902 +3.861321360e+00 +3.861321360e+00 +3.931321360e+00 +3.931321360e+00 +4.1424e+00 -1.5149e+00 +1.5358e+00 -3.0624e+00 +1.9726e+00 +2.0928e+00 +1.3062e+00 -8.8801e-01 -9.8057e-01 +8.2062e-01 +2.0087e+00 +4.9681e-01 +7.3822e-01 -2.3293e+00 +1.9877e+00 +1.6593e+00 -2.0218e+00 -1.8194e+00 -3.4607e+00 +2.3932e+00
1484 +2.144316499e+00 +2.144316499e+00 +2.214316499e+00 +2.214316499e+00 +3.1900e+00 -9.3999e-01 +3.6033e+00 -3.6081e+00 +2.0589e+00 +1.9554e+00 +2.7299e+00 -8.8826e-01 -2.0816e+00 +7.0532e-02 +2.8647e+00 +1.5294e+00 +1.5907e+00 -3.7699e+00 +1.7375e+00 +1.9693e+00 -1.8491e+00 -1.5459e-01 -4.1663e+00 +4.4527e+00
2073 +1.564007307e+00 +1.564007307e+00 +1.634007307e+00 +1.634007307e+00 +3.0397e+00 -1.2266e+00 +3.0544e+00 -3.4307e+00 +1.3672e+00 +1.2617e+00 +3.9286e+00 -2.0616e+00 -7.0913e-01 +8.2395e-01 +2.8113e+00 +1.2684e+00 +1.9234e+00 -2.9468e+00 +2.6902e+00 +2.2963e+00 -1.3273e+00 -1.2110e+00 -3.5396e+00 +4.2713e+00
3053 +8.756994979e-01 +8.756994979e-01 +9.456994979e-01 +9.456994979e-01 +3.3716e+00 -9.0487e-01 +3.2155e+00 -4.2016e+00 +2.0288e+00 +1.4403e+00 +4.0372e+00 -1.6904e+00 -1.8152e+00 +2.3270e-01 +2.7701e+00 +1.4492e+00 +2.2449e+00 -3.8504e+00 +2.4525e+00 +2.1595e+00 -1.4892e+00 -5.5909e-01 -4.0678e+00 +4.3133e+00
3984 +5.986355852e-01 +5.986355852e-01 +6.686355852e-01 +6.686355852e-01 +3.2504e+00 -7.7142e-01 +3.0831e+00 -4.0729e+00 +2.2023e+00 +2.0429e+00 +3.7352e+00 -1.7411e+00 -1.7138e+00 +5.7341e-01 +2.6373e+00 +1.7227e+00 +2.4851e+00 -3.9489e+00 +2.4214e+00 +2.2381e+00 -1.5791e+00 -3.8789e-01 -4.0272e+00 +4.3465e+00
% function evaluation | noise-free fitness - Fopt (4.960000000000e+00) | best noise-free fitness - Fopt | measured fitness | best measured fitness | x1 | x2...
1 +1.740445108e+02 +1.740445108e+02 +1.790045108e+02 +1.790045108e+02 +3.1472e+00 +4.0579e+00 -3.7301e+00 +4.1338e+00 +1.3236e+00 -4.0246e+00 -2.2150e+00 +4.6882e-01 +4.5751e+00 +4.6489e+00 -3.4239e+00 +4.7059e+00 +4.5717e+00 -1.4624e-01 +3.0028e+00 -3.5811e+00 -7.8239e-01 +4.1574e+00 +2.9221e+00 +4.5949e+00
2 +1.246564389e+02 +1.246564389e+02 +1.296164389e+02 +1.296164389e+02 +1.5574e+00 -4.6429e+00 +3.4913e+00 +4.3399e+00 +1.7874e+00 +2.5774e+00 +2.4313e+00 -1.0777e+00 +1.5548e+00 -3.2881e+00 +2.0605e+00 -4.6817e+00 -2.2308e+00 -4.5383e+00 -4.0287e+00 +3.2346e+00 +1.9483e+00 -1.8290e+00 +4.5022e+00 -4.6555e+00
3 +8.434616825e+01 +8.434616825e+01 +8.930616825e+01 +8.930616825e+01 -6.1256e-01 -1.1844e+00 +2.6552e+00 +2.9520e+00 -3.1313e+00 -1.0236e-01 -5.4414e-01 +1.4631e+00 +2.0936e+00 +2.5469e+00 -2.2397e+00 +1.7970e+00 +1.5510e+00 -3.3739e+00 -3.8100e+00 -1.6359e-02 +4.5974e+00 -1.5961e+00 +8.5268e-01 -2.7619e+00
4 +4.441239796e+01 +4.441239796e+01 +4.937239796e+01 +4.937239796e+01 +2.5127e+00 -2.4490e+00 +5.9571e-02 +1.9908e+00 +3.9090e+00 +4.5929e+00 +4.7216e-01 -3.6138e+00 -3.5071e+00 -2.4249e+00 +3.4072e+00 -2.4572e+00 +3.1428e+00 -2.5648e+00 +4.2926e+00 -1.5002e+00 -3.0340e+00 -2.4892e+00 +1.1604e+00 -2.6711e-01
21 +3.437563724e+01 +3.437563724e+01 +3.933563724e+01 +3.933563724e+01 -7.7114e-01 -4.0577e+00 +9.8524e-01 -2.9076e-01 +1.9595e+00 +1.9989e+00 +1.3853e+00 -4.6640e+00 -4.3119e+00 -1.8040e+00 +3.0864e-01 +1.5445e+00 -9.2381e-01 +3.1998e+00 +2.1836e+00 +4.6865e+00 +3.1334e-01 -1.7485e+00 -3.9437e+00 +1.1096e+00
33 +2.304788809e+01 +2.304788809e+01 +2.800788809e+01 +2.800788809e+01 +5.2291e-01 +1.2988e+00 -4.6801e+00 +1.1471e+00 -1.3759e+00 -4.5047e+00 -1.0430e-01 -3.0749e+00 -3.7692e+00 -2.9451e+00 -3.5349e+00 -3.1093e+00 -4.5735e+00 +1.3520e+00 -2.1813e+00 +3.8597e-01 +1.9516e+00 -8.8399e-03 +3.5801e-01 -5.4817e-01
191 +1.550752405e+01 +1.550752405e+01 +2.046752405e+01 +2.046752405e+01 +1.9082e+00 -2.0335e+00 +2.2607e+00 +1.4709e-01 +3.7264e-01 +1.6664e+00 +2.8836e+00 +1.9652e+00 -5.0000e+00 -9.3740e-01 -1.0353e+00 +2.8995e+00 -8.5460e-01 +1.0221e+00 +4.6173e-01 -1.3683e+00 +1.9662e+00 -3.3840e-01 +6.5601e-02 +2.9885e+00
452 +9.505728807e+00 +9.505728807e+00 +1.446572881e+01 +1.446572881e+01 +2.6434e+00 -1.7662e+00 +4.4040e-01 +1.6941e+00 -9.1052e-02 -7.5873e-01 +1.5870e+00 +1.4731e-01 -4.2029e+00 -2.9330e-01 -4.3998e-01 +4.9744e-01 -3.5996e+00 +3.1120e+00 +1.8647e+00 -1.4637e+00 +2.0200e+00 -1.7478e+00 -7.2737e-01 +1.6732e+00
812 +5.704122381e+00 +5.704122381e+00 +1.066412238e+01 +1.066412238e+01 +3.4945e+00 -3.7768e-01 -7.0193e-01 +1.7602e-01 -3.6246e-01 -6.2205e-01 +2.6033e+00 +2.1467e-01 -4.1690e+00 -1.9717e+00 -2.2400e+00 +1.0301e+00 -2.6654e+00 +2.2616e+00 +7.4874e-01 -2.5220e+00 +2.8945e+00 -4.6497e-01 -7.2183e-01 +7.4853e-01
2044 +3.555523883e+00 +3.555523883e+00 +8.515523883e+00 +8.515523883e+00 +3.7460e+00 +1.8093e-01 -8.0392e-01 -6.2453e-01 -8.3276e-01 -7.3823e-01 +3.0891e+00 +1.3662e+00 -4.4902e+00 -3.1166e-01 -1.4828e+00 +1.0538e+00 -2.1864e+00 +3.2615e+00 +1.0019e+00 -2.1768e+00 +3.1075e+00 +6.4885e-01 +1.4719e+00 +1.4642e+00
3458 +2.467247405e+00 +2.467247405e+00 +7.427247405e+00 +7.427247405e+00 +3.7585e+00 +6.3767e-01 -9.6232e-01 -1.0498e+00 -6.7686e-01 -1.1250e+00 +2.7860e+00 +1.6394e+00 -4.5691e+00 +3.2215e-01 -1.6267e+00 +1.2327e+00 -2.0146e+00 +3.2577e+00 +1.1416e+00 -2.6638e+00 +3.4220e+00 +3.9667e-02 +6.3273e-01 +9.0143e-01
% function evaluation | noise-free fitness - Fopt (1.923000000000e+02) | best noise-free fitness - Fopt | measured fitness | best measured fitness | x1 | x2...
1 +3.412311856e+01 +3.412311856e+01 +2.264231186e+02 +2.264231186e+02 +3.1472e+00 +4.0579e+00 -3.7301e+00 +4.1338e+00 +1.3236e+00 -4.0246e+00 -2.2150e+00 +4.6882e-01 +4.5751e+00 +4.6489e+00 -3.4239e+00 +4.7059e+00 +4.5717e+00 -1.4624e-01 +3.0028e+00 -3.5811e+00 -7.8239e-01 +4.1574e+00 +2.9221e+00 +4.5949e+00
5 +2.489367854e+01 +2.489367854e+01 +2.171936785e+02 +2.171936785e+02 -1.4834e+00 +3.3083e+00 +8.5264e-01 +4.9724e-01 +4.1719e+00 -2.1416e+00 +2.5720e+00 +2.5373e+00 -1.1955e+00 +6.7822e-01 -4.2415e+00 -4.4605e+00 +3.0798e-01 +2.7917e+00 +4.3401e+00 -3.7009e+00 +6.8824e-01 -3.0609e-01 -4.8810e+00 -1.6288e+00
37 +1.263811809e+01 +1.263811809e+01 +2.049381181e+02 +2.049381181e+02 -3.2188e+00 -1.4037e+00 -4.4330e+00 +2.1886e-01 -1.6415e+00 -3.2433e+00 -2.9105e+00 +4.0515e+00 +1.7539e+00 -3.1532e-01 +4.1213e+00 -3.9599e+00 +2.4555e+00 +2.3627e+00 +6.1861e-01 -3.1581e+00 +9.7211e-01 -2.0006e+00 -3.6588e+00 -2.8740e+00
247 +9.122055452e+00 +9.122055452e+00 +2.014220555e+02 +2.014220555e+02 -8.9338e-01 +3.3342e+00 -4.4473e+00 -2.9925e-01 -1.9232e-01 -1.8325e+00 -1.5621e+00 +1.9978e+00 -3.1016e-02 +6.8480e-04 +2.1196e+00 -1.3988e+00 -9.7850e-01 +6.3803e-01 -7.5002e-01 -4.3808e+00 -4.3219e-01 -1.2828e+00 -2.3897e+00 -7.8738e-01
549 +5.161819895e+00 +5.161819895e+00 +1.974618199e+02 +1.974618199e+02 -3.7828e+00 +1.1816e+00 -3.1223e+00 -1.1404e-01 -2.0754e+00 -3.1005e+00 -9.0469e-01 +5.0000e+00 +6.2742e-01 -1.3511e+00 +1.3968e+00 -2.3942e+00 -1.7128e-02 +9.9573e-01 +9.5595e-01 -1.8027e+00 +1.3723e+00 +3.0251e-01 -3.2746e+00 -1.9226e+00
1235 +3.844232573e+00 +3.844232573e+00 +1.961442326e+02 +1.961442326e+02 -3.0757e+00 +2.3240e+00 -3.3208e+00 +6.8249e-01 -2.1821e+00 -3.2904e+00 -9.2975e-01 +4.1657e+00 -3.7285e-01 -1.3556e+00 +3.0061e+00 -2.6727e+00 -1.3774e-01 -9.1753e-01 +1.9853e+00 -2.8765e+00 +9.6225e-01 +1.8919e-01 -2.5914e+00 -6.8396e-01
3072 +2.466709132e+00 +2.466709132e+00 +1.947667091e+02 +1.947667091e+02 -3.7617e+00 +2.2110e+00 -3.6352e+00 +1.2543e+00 -2.3077e+00 -3.2607e+00 -7.2542e-01 +4.7488e+00 +1.1195e-01 -1.2543e+00 +2.9816e+00 -2.8350e+00 -4.5487e-01 -6.9867e-01 +1.4698e+00 -3.2886e+00 +1.2967e+00 -7.3564e-01 -2.9848e+00 -6.9929e-01
3887 +1.576270732e+00 +1.576270732e+00 +1.938762707e+02 +1.938762707e+02 -3.5611e+00 +2.5514e+00 -3.6004e+00 +1.0626e+00 -2.4854e+00 -2.8920e+00 -5.5718e-01 +4.7116e+00 -9.9379e-02 -1.0811e+00 +3.2533e+00 -2.9450e+00 -4.2229e-01 -8.3766e-01 +9.7976e-01 -3.6031e+00 +9.1274e-01 -7.8951e-01 -3.0731e+00 -7.1708e-01
% function evaluation | noise-free fitness - Fopt (4.971000000000e+01) | best noise-free fitness - Fopt | measured fitness | best measured fitness | x1 | x2...
1 +1.586946925e+02 +1.586946925e+02 +2.084046925e+02 +2.084046925e+02 +3.1472e+00 +4.0579e+00 -3.7301e+00 +4.1338e+00 +1.3236e+00 -4.0246e+00 -2.2150e+00 +4.6882e-01 +4.5751e+00 +4.6489e+00 -3.4239e+00 +4.7059e+00 +4.5717e+00 -1.4624e-01 +3.0028e+00 -3.5811e+00 -7.8239e-01 +4.1574e+00 +2.9221e+00 +4.5949e+00
2 +4.452960403e+01 +4.452960403e+01 +9.423960403e+01 +9.423960403e+01 +1.5574e+00 -4.6429e+00 +3.4913e+00 +4.3399e+00 +1.7874e+00 +2.5774e+00 +2.4313e+00 -1.0777e+00 +1.5548e+00 -3.2881e+00 +2.0605e+00 -4.6817e+00 -2.2308e+00 -4.5383e+00 -4.0287e+00 +3.2346e+00 +1.9483e+00 -1.8290e+00 +4.5022e+00 -4.6555e+00
4 +3.671426941e+01 +3.671426941e+01 +8.642426941e+01 +8.642426941e+01 +2.5127e+00 -2.4490e+00 +5.9571e-02 +1.9908e+00 +3.9090e+00 +4.5929e+00 +4.7216e-01 -3.6138e+00 -3.5071e+00 -2.4249e+00 +3.4072e+00 -2.4572e+00 +3.1428e+00 -2.5648e+00 +4.2926e+00 -1.5002e+00 -3.0340e+00 -2.4892e+00 +1.1604e+00 -2.6711e-01
13 +1.787288053e+01 +1.787288053e+01 +6.758288053e+01 +6.758288053e+01 -4.1448e+00 -2.3752e+00 +3.0101e+00 -4.7078e+00 +4.2885e+00 +2.3033e+00 -1.1391e-01 +7.8525e-01 -2.6272e+00 -4.1151e-01 +4.6309e+00 +4.6806e-01 +2.1136e-01 -2.6841e+00 -1.1102e-01 +1.2406e+00 +1.7914e+00 -1.0448e+00 -1.3256e+00 +4.8798e+00
61 +1.135614627e+01 +1.135614627e+01 +6.106614627e+01 +6.106614627e+01 +2.2886e-01 -4.3051e+00 +1.9852e+00 +7.0924e-01 +2.3720e+00 +2.9989e+00 +2.0619e+00 -3.6640e+00 -3.3119e+00 -1.2499e+00 -6.9136e-01 +5.4446e-01 +7.6192e-02 +2.1998e+00 +1.1836e+00 +3.6865e+00 -6.8666e-01 -7.4854e-01 -3.7786e+00 +2.1096e+00
271 +9.702657481e+00 +9.702657481e+00 +5.941265748e+01 +5.941265748e+01 +8.7563e-01 -2.3944e+00 +1.8548e+00 +1.5054e+00 +3.1032e+00 +5.0000e+00 +1.1746e+00 +1.8891e+00 -2.6799e+00 +2.4692e+00 -1.0973e+00 +2.8283e+00 +8.2385e-01 +1.3022e-01 +1.4310e-01 +2.6089e-01 -3.7062e-01 +2.1980e-01 -2.7504e+00 +3.9520e+00
609 +5.737029370e+00 +5.737029370e+00 +5.544702937e+01 +5.544702937e+01 +1.0697e-01 -4.6400e+00 -1.8035e+00 +2.7957e+00 +1.2459e+00 +2.7451e+00 +6.5320e-01 -2.4468e-01 -2.4716e+00 +1.9576e+00 -4.0869e+00 -4.6491e-01 +2.2406e+00 -6.8016e-01 +3.1446e+00 -1.4192e-01 -3.9591e+00 -4.0100e-01 -2.6799e+00 +5.0000e+00
1228 +3.693634226e+00 +3.693634226e+00 +5.340363423e+01 +5.340363423e+01 +9.3842e-01 -4.2140e+00 -2.7105e-01 +3.3390e+00 +1.1739e+00 +4.1948e+00 +5.9968e-01 +4.5768e-02 -2.8655e+00 +9.9826e-01 -4.5001e+00 +1.8533e+00 -8.1104e-03 +3.0840e-01 +1.9561e+00 -1.8021e+00 -4.7242e+00 -5.9555e-01 -3.1646e+00 +4.4910e+00
3658 +2.395420991e+00 +2.395420991e+00 +5.210542099e+01 +5.210542099e+01 +9.0017e-01 -4.3103e+00 -2.4738e-01 +3.0401e+00 +7.5483e-01 +4.3918e+00 +4.7256e-01 -2.8679e-01 -1.6510e+00 +1.5511e+00 -3.7976e+00 +1.2446e+00 +3.2815e-01 -7.2239e-01 +2.2483e+00 -1.4138e+00 -4.9696e+00 -6.1580e-01 -2.4669e+00 +4.6706e+00
% function evaluation | noise-free fitness - Fopt (2.051200000000e+02) | best noise-free fitness - Fopt | measured fitness | best measured fitness | x1 | x2...
1 +2.113807017e+01 +2.113807017e+01 +2.262580702e+02 +2.262580702e+02 +3.1472e+00 +4.0579e+00 -3.7301e+00 +4.1338e+00 +1.3236e+00 -4.0246e+00 -2.2150e+00 +4.6882e-01 +4.5751e+00 +4.6489e+00 -3.4239e+00 +4.7059e+00 +4.5717e+00 -1.4624e-01 +3.0028e+00 -3.5811e+00 -7.8239e-01 +4.1574e+00 +2.9221e+00 +4.5949e+00
41 +1.307816717e+01 +1.307816717e+01 +2.181981672e+02 +2.181981672e+02 +2.5518e+00 +3.0579e+00 -3.1085e+00 +3.1338e+00 +3.2359e-01 -3.6444e+00 -1.2150e+00 +1.4688e+00 +4.4819e+00 +4.9560e+00 -2.4239e+00 +3.7059e+00 +4.8300e+00 +8.2029e-01 +2.0028e+00 -4.4299e+00 +2.1761e-01 +3.1574e+00 +3.9048e+00 +3.5949e+00
367 +9.404202368e+00 +9.404202368e+00 +2.145242024e+02 +2.145242024e+02 +1.0088e+00 -1.5761e-01 -2.4740e-01 -3.1805e-01 -1.8270e+00 +9.8301e-01 +8.4436e-01 +3.0721e+00 +2.4076e+00 +2.9229e+00 +1.6296e+00 -1.1925e-01 +1.8185e+00 -2.1921e-01 +5.7209e-01 -2.8802e+00 +4.3340e-01 +1.2256e+00 +1.3844e+00 -2.3098e-01
1037 +5.668986035e+00 +5.668986035e+00 +2.107889860e+02 +2.107889860e+02 +1.6192e+00 +5.8638e-01 -1.3150e+00 -1.5688e+00 -3.1664e+00 -2.1450e+00 +1.9468e+00 +2.6058e+00 +5.0000e+00 +5.4474e-01 +7.3226e-01 +3.9236e-01 +1.5676e+00 -1.2415e+00 +2.9651e+00 -2.5696e+00 -6.2214e-01 +5.2190e-01 -9.1676e-01 +1.5545e+00
2025 +3.942946795e+00 +3.942946795e+00 +2.090629468e+02 +2.090629468e+02 +1.2777e+00 +1.4652e+00 +1.3472e-02 -1.9161e+00 -2.4836e+00 -1.5583e+00 +3.1867e+00 +3.2391e+00 +4.6762e+00 +1.0424e+00 -1.6040e-01 +2.2251e+00 +5.7988e-01 -2.3644e+00 +2.5989e+00 -3.2374e+00 -1.7689e+00 +6.2301e-01 -1.3190e+00 +2.6685e+00
2628 +2.492640874e+00 +2.492640874e+00 +2.076126409e+02 +2.076126409e+02 +3.0159e-01 +2.2626e+00 -1.3664e+00 -2.3874e+00 -2.3263e+00 +1.1512e-01 +4.2888e+00 +4.2050e+00 +4.3111e+00 +1.3792e+00 +3.5298e-01 +4.0714e+00 -9.3617e-01 -3.2196e+00 +7.5416e-01 -3.9334e+00 -2.7603e+00 +9.4454e-01 +2.1038e-01 +4.0829e+00
3978 +1.471214556e+00 +1.471214556e+00 +2.065912146e+02 +2.065912146e+02 +5.6014e-01 +2.2241e+00 -1.5017e+00 -2.4273e+00 -2.8777e+00 +1.0593e+00 +2.7941e+00 +3.6200e+00 +4.0243e+00 +1.6624e+00 +5.7795e-01 +3.2191e+00 -9.6901e-02 -2.6596e+00 +4.7132e-01 -3.3916e+00 -2.7887e+00 +8.2238e-01 -6.1190e-01 +3.8765e+00
% function evaluation | noise-free fitness - Fopt (-1.729000000000e+02) | best noise-free fitness - Fopt | measured fitness | best measured fitness | x1 | x2...
1 +2.932806062e+02 +2.932806062e+02 +1.203806062e+02 +1.203806062e+02 +3.1472e+00 +4.0579e+00 -3.7301e+00 +4.1338e+00 +1.3236e+00 -4.0246e+00 -2.2150e+00 +4.6882e-01 +4.5751e+00 +4.6489e+00 -3.4239e+00 +4.7059e+00 +4.5717e+00 -1.4624e-01 +3.0028e+00 -3.5811e+00 -7.8239e-01 +4.1574e+00 +2.9221e+00 +4.5949e+00
2 +7.729555017e+01 +7.729555017e+01 -9.560444983e+01 -9.560444983e+01 +1.5574e+00 -4.6429e+00 +3.4913e+00 +4.3399e+00 +1.7874e+00 +2.5774e+00 +2.4313e+00 -1.0777e+00 +1.5548e+00 -3.2881e+00 +2.0605e+00 -4.6817e+00 -2.2308e+00 -4.5383e+00 -4.0287e+00 +3.2346e+00 +1.9483e+00 -1.8290e+00 +4.5022e+00 -4.6555e+00
3 +2.572453348e+01 +2.572453348e+01 -1.471754665e+02 -1.471754665e+02 -6.1256e-01 -1.1844e+00 +2.6552e+00 +2.9520e+00 -3.1313e+00 -1.0236e-01 -5.4414e-01 +1.4631e+00 +2.0936e+00 +2.5469e+00 -2.2397e+00 +1.7970e+00 +1.5510e+00 -3.3739e+00 -3.8100e+00 -1.6359e-02 +4.5974e+00 -1.5961e+00 +8.5268e-01 -2.7619e+00
11 +2.146191717e+01 +2.146191717e+01 -1.514380828e+02 -1.514380828e+02 +1.4432e+00 -1.2139e+00 +3.1158e+00 +3.2826e-01 -1.4927e+00 +4.3900e+00 +3.7594e+00 +5.0156e-01 +1.2248e+00 +8.7045e-01 -2.9226e+00 -1.9875e+00 -2.9077e-01 -2.6951e+00 +3.4431e+00 -3.0524e+00 -2.7408e+00 -3.2929e+00 -2.7234e+00 -6.4301e-01
59 +1.435679893e+01 +1.435679893e+01 -1.585432011e+02 -1.585432011e+02 -3.6740e+00 +1.3773e-01 +3.8477e+00 +1.1886e+00 -2.0957e+00 -2.3108e+00 +3.1038e-01 +4.1400e+00 -2.6453e+00 +2.5552e+00 +1.2499e+00 -2.3728e-01 -2.0908e+00 +2.8253e-01 +5.0074e-01 -2.7939e+00 -1.0493e-01 -3.7381e+00 -1.5832e+00 +2.1076e-02
139 +8.982665371e+00 +8.982665371e+00 -1.639173346e+02 -1.639173346e+02 -2.6740e+00 -8.6227e-01 +3.8735e+00 +1.8857e-01 -1.0957e+00 -3.2026e+00 +9.3743e-01 +3.5701e+00 -1.6453e+00 +2.0958e+00 +1.0736e+00 +6.5453e-01 -1.0908e+00 +9.5985e-01 +9.8450e-01 -1.9021e+00 -9.9673e-01 -4.7381e+00 -1.9661e+00 -7.0020e-01
377 +5.562490435e+00 +5.562490435e+00 -1.673375096e+02 -1.673375096e+02 -3.5475e+00 -2.1408e+00 +5.0000e+00 -1.6025e+00 -1.9454e-01 -4.2994e+00 +3.5418e-01 +3.7578e+00 -2.8109e+00 +1.8469e+00 +1.9413e+00 +1.1087e+00 -2.8963e+00 -1.5936e-01 +1.0914e+00 -1.3598e+00 +2.8094e-01 -3.8929e+00 -3.3711e+00 -6.0507e-01
1041 +3.906769932e+00 +3.906769932e+00 -1.689932301e+02 -1.689932301e+02 -3.0630e+00 -2.0665e+00 +4.2448e+00 -2.8684e+00 -1.7608e+00 -2.9610e+00 +1.2752e+00 +2.9114e+00 -3.3579e+00 +1.3529e+00 +2.7024e+00 -2.2805e-01 -3.9337e+00 -1.3297e+00 +1.5752e+00 +5.0932e-01 +9.1798e-01 -3.4327e+00 -2.7614e+00 +3.0878e-01
1620 +2.282082859e+00 +2.282082859e+00 -1.706179171e+02 -1.706179171e+02 -3.7262e+00 -1.7657e-01 +4.1605e+00 -2.4983e+00 -3.0082e+00 -1.4866e+00 +1.3936e+00 +2.6834e+00 -3.0291e+00 +9.1100e-01 +1.7205e+00 +1.2326e+00 -3.3503e+00 -2.5451e+00 +1.3260e+00 -9.4174e-01 +6.1450e-01 -3.5467e+00 -2.8515e+00 +1.4442e+00
3407 +1.479592468e+00 +1.479592468e+00 -1.714204075e+02 -1.714204075e+02 -3.7705e+00 -8.7814e-01 +4.1898e+00 -2.9534e+00 -3.4372e+00 -1.9432e+00 +1.4224e+00 +2.3439e+00 -2.1455e+00 +1.2763e+00 +1.7628e+00 +2.1346e+00 -3.2992e+00 -2.6394e+00 +1.2956e+00 -1.0214e+00 +8.1651e-01 -4.0208e+00 -3.2691e+00 +2.3782e+00
% function evaluation | noise-free fitness - Fopt (-3.506200000000e+02) | best noise-free fitness - Fopt | measured fitness | best measured fitness | x1 | x2...
1 +8.573717217e+01 +8.573717217e+01 -2.648828278e+02 -2.648828278e+02 +3.1472e+00 +4.0579e+00 -3.7301e+00 +4.1338e+00 +1.3236e+00 -4.0246e+00 -2.2150e+00 +4.6882e-01 +4.5751e+00 +4.6489e+00 -3.4239e+00 +4.7059e+00 +4.5717e+00 -1.4624e-01 +3.0028e+00 -3.5811e+00 -7.8239e-01 +4.1574e+00 +2.9221e+00 +4.5949e+00
4 +4.670325942e+01 +4.670325942e+01 -3.039167406e+02 -3.039167406e+02 +2.5127e+00 -2.4490e+00 +5.9571e-02 +1.9908e+00 +3.9090e+00 +4.5929e+00 +4.7216e-01 -3.6138e+00 -3.5071e+00 -2.4249e+00 +3.4072e+00 -2.4572e+00 +3.1428e+00 -2.5648e+00 +4.2926e+00 -1.5002e+00 -3.0340e+00 -2.4892e+00 +1.1604e+00 -2.6711e-01
12 +3.774001727e+01 +3.774001727e+01 -3.128799827e+02 -3.128799827e+02 -1.8890e+00 +4.2338e+00 -6.9793e-01 -3.1518e+00 +4.0488e+00 +4.7975e+00 -6.1130e-01 -3.8888e+00 -2.4194e+00 -9.1280e-01 +9.4896e-01 -2.3779e+00 +1.0284e+00 +2.1122e+00 -2.7825e+00 -3.8258e+00 -2.0332e+00 -1.8122e+00 -7.5833e-01 +7.8583e-02
13 +2.477870623e+01 +2.477870623e+01 -3.258412938e+02 -3.258412938e+02 -4.1448e+00 -2.3752e+00 +3.0101e+00 -4.7078e+00 +4.2885e+00 +2.3033e+00 -1.1391e-01 +7.8525e-01 -2.6272e+00 -4.1151e-01 +4.6309e+00 +4.6806e-01 +2.1136e-01 -2.6841e+00 -1.1102e-01 +1.2406e+00 +1.7914e+00 -1.0448e+00 -1.3256e+00 +4.8798e+00
240 +1.423072340e+01 +1.423072340e+01 -3.363892766e+02 -3.363892766e+02 -3.9385e-01 -2.4333e+00 +1.9652e+00 -2.2842e+00 +3.2986e+00 +1.3758e+00 +3.2809e-01 -4.0369e-01 -2.0949e+00 -7.2112e-01 +1.8957e+00 +1.3852e+00 +9.0476e-01 +7.9872e-01 +6.5081e-01 -2.1832e+00 -1.2711e+00 -2.7858e+00 -1.6491e-02 +2.9994e+00
324 +7.495641119e+00 +7.495641119e+00 -3.431243589e+02 -3.431243589e+02 -2.9253e+00 -4.2871e+00 +3.5455e+00 -1.0463e+00 +1.8797e+00 +4.5224e+00 +1.3025e-01 +1.5073e+00 -3.1739e+00 +4.5101e-01 +1.3710e+00 +5.0495e-02 -2.9605e-05 -3.0901e-01 +1.3084e+00 +1.3721e+00 -1.2365e+00 -7.4687e-01 +2.0674e-01 +1.4409e+00
690 +6.156706581e+00 +6.156706581e+00 -3.444632934e+02 -3.444632934e+02 -3.4970e+00 -2.9264e+00 +2.1396e+00 -1.1496e+00 +2.6774e+00 +2.4380e+00 +1.1376e+00 +2.7870e+00 -2.8526e+00 +1.9382e+00 +2.8981e+00 +2.2157e+00 -2.7550e-01 +1.3259e+00 +3.2586e+00 +1.7013e+00 -2.1158e+00 -1.2294e+00 -1.0180e+00 +2.9270e+00
2581 +3.337895920e+00 +3.337895920e+00 -3.472821041e+02 -3.472821041e+02 -4.2024e+00 -3.0642e+00 +2.0215e+00 -1.4108e+00 +2.5789e+00 +2.5747e+00 +1.9300e+00 +2.2922e+00 -3.0281e+00 +2.0970e+00 +2.0358e+00 +9.4193e-01 -1.4147e-01 +1.5486e+00 +3.8608e+00 +5.0061e-01 -9.8392e-01 -1.4631e+00 +2.1040e-01 +2.9323e+00
4441 +2.339319408e+00 +2.339319408e+00 -3.482806806e+02 -3.482806806e+02 -3.8148e+00 -3.0923e+00 +2.0431e+00 -1.5496e+00 +2.6571e+00 +2.8328e+00 +1.8187e+00 +2.3239e+00 -3.0019e+00 +2.0925e+00 +2.0844e+00 +7.3223e-01 -1.8720e-01 +1.5227e+00 +3.9130e+00 +6.5258e-01 -8.7624e-01 -1.7729e+00 +9.6383e-02 +2.9568e+00
