% function evaluation | noise-free fitness - Fopt (-1.694000000000e+01) | best noise-free fitness - Fopt | measured fitness | best measured fitness | x1 | x2...
1 +8.705375740e+00 +8.705375740e+00 -8.234624260e+00 -8.234624260e+00 +3.1472e+00 +4.0579e+00
90 +3.201883580e+00 +3.201883580e+00 -1.373811642e+01 -1.373811642e+01 +3.1948e+00 +3.8853e+00
161 +1.040748866e+00 +1.040748866e+00 -1.589925113e+01 -1.589925113e+01 +3.3456e+00 +3.5629e+00
478 +9.249367105e-01 +9.249367105e-01 -1.601506329e+01 -1.601506329e+01 +3.4794e+00 +3.1389e+00
660 +5.934214970e-01 +5.934214970e-01 -1.634657850e+01 -1.634657850e+01 +3.6143e+00 +2.6427e+00
825 +1.599250151e-01 +1.599250151e-01 -1.678007498e+01 -1.678007498e+01 +3.6420e+00 +2.5749e+00
1058 +1.276007562e-01 +1.276007562e-01 -1.681239924e+01 -1.681239924e+01 +3.6358e+00 +2.6242e+00
1305 +3.669299465e-02 +3.669299465e-02 -1.690330701e+01 -1.690330701e+01 +3.6474e+00 +2.5770e+00
1991 +1.269605682e-02 +1.269605682e-02 -1.692730394e+01 -1.692730394e+01 +3.6544e+00 +2.5557e+00
2247 +4.056007909e-03 +4.056007909e-03 -1.693594399e+01 -1.693594399e+01 +3.6554e+00 +2.5520e+00
2327 +3.059949227e-03 +3.059949227e-03 -1.693694005e+01 -1.693694005e+01 +3.6554e+00 +2.5522e+00
2780 +1.075266479e-03 +1.075266479e-03 -1.693892473e+01 -1.693892473e+01 +3.6560e+00 +2.5495e+00
2871 +9.869340563e-04 +9.869340563e-04 -1.693901307e+01 -1.693901307e+01 +3.6561e+00 +2.5492e+00
2910 +4.211915306e-04 +4.211915306e-04 -1.693957881e+01 -1.693957881e+01 +3.6559e+00 +2.5499e+00
2990 +3.971558014e-04 +3.971558014e-04 -1.693960284e+01 -1.693960284e+01 +3.6560e+00 +2.5493e+00
3182 +2.296062245e-04 +2.296062245e-04 -1.693977039e+01 -1.693977039e+01 +3.6560e+00 +2.5498e+00
3407 +2.665974259e-05 +2.665974259e-05 -1.693997334e+01 -1.693997334e+01 +3.6560e+00 +2.5496e+00
3487 +1.537937936e-05 +1.537937936e-05 -1.693998462e+01 -1.693998462e+01 +3.6560e+00 +2.5496e+00
3875 +2.420993752e-07 +2.420993752e-07 -1.693999976e+01 -1.693999976e+01 +3.6560e+00 +2.5496e+00
4289 +6.486344972e-08 +6.486344972e-08 -1.693999994e+01 -1.693999994e+01 +3.6560e+00 +2.5496e+00
4556 +4.535074183e-08 +4.535074183e-08 -1.693999995e+01 -1.693999995e+01 +3.6560e+00 +2.5496e+00
4584 +5.879300602e-09 +5.879300602e-09 -1.693999999e+01 -1.693999999e+01 +3.6560e+00 +2.5496e+00
4784 +3.624922584e-09 +3.624922584e-09 -1.694000000e+01 -1.694000000e+01 +3.6560e+00 +2.5496e+00
4995 +1.840255948e-09 +1.840255948e-09 -1.694000000e+01 -1.694000000e+01 +3.6560e+00 +2.5496e+00
% function evaluation | noise-free fitness - Fopt (1.881000000000e+01) | best noise-free fitness - Fopt | measured fitness | best measured fitness | x1 | x2...
1 +2.289244386e+02 +2.289244386e+02 +2.477344386e+02 +2.477344386e+02 +3.1472e+00 +4.0579e+00
2 +1.007925310e+02 +1.007925310e+02 +1.196025310e+02 +1.196025310e+02 -3.7301e+00 +4.1338e+00
4 +4.452475614e+01 +4.452475614e+01 +6.333475614e+01 +6.333475614e+01 -2.2150e+00 +4.6882e-01
13 +2.956975661e+01 +2.956975661e+01 +4.837975661e+01 +4.837975661e+01 +1.7874e+00 +2.5774e+00
26 +3.629361934e+00 +3.629361934e+00 +2.243936193e+01 +2.243936193e+01 -2.2397e+00 +1.7970e+00
105 +2.380614635e+00 +2.380614635e+00 +2.119061464e+01 +2.119061464e+01 +9.3648e-02 +1.7825e+00
331 +1.046886468e+00 +1.046886468e+00 +1.985688647e+01 +1.985688647e+01 -1.1238e+00 +1.8377e+00
351 +8.796961280e-01 +8.796961280e-01 +1.968969613e+01 +1.968969613e+01 -7.2406e-01 +1.7879e+00
844 +3.021936048e-01 +3.021936048e-01 +1.911219360e+01 +1.911219360e+01 -4.0633e-01 +1.7949e+00
1076 +2.297138262e-01 +2.297138262e-01 +1.903971383e+01 +1.903971383e+01 -1.1035e-01 +1.7725e+00
1262 +3.427017250e-02 +3.427017250e-02 +1.884427017e+01 +1.884427017e+01 -1.9922e-01 +1.7802e+00
1676 +9.715720226e-03 +9.715720226e-03 +1.881971572e+01 +1.881971572e+01 -1.9785e-01 +1.7811e+00
2482 +3.492321930e-03 +3.492321930e-03 +1.881349232e+01 +1.881349232e+01 -1.9411e-01 +1.7809e+00
2707 +2.295043373e-04 +2.295043373e-04 +1.881022950e+01 +1.881022950e+01 -1.9131e-01 +1.7808e+00
3692 +2.900617972e-05 +2.900617972e-05 +1.881002901e+01 +1.881002901e+01 -1.9119e-01 +1.7808e+00
3951 +1.230317823e-05 +1.230317823e-05 +1.881001230e+01 +1.881001230e+01 -1.9120e-01 +1.7808e+00
4067 +2.236211234e-06 +2.236211234e-06 +1.881000224e+01 +1.881000224e+01 -1.9120e-01 +1.7808e+00
4214 +1.124123994e-06 +1.124123994e-06 +1.881000112e+01 +1.881000112e+01 -1.9120e-01 +1.7808e+00
4311 +6.371906096e-07 +6.371906096e-07 +1.881000064e+01 +1.881000064e+01 -1.9120e-01 +1.7808e+00
4326 +4.545342271e-07 +4.545342271e-07 +1.881000045e+01 +1.881000045e+01 -1.9120e-01 +1.7808e+00
4521 +7.867744856e-08 +7.867744856e-08 +1.881000008e+01 +1.881000008e+01 -1.9120e-01 +1.7808e+00
4835 +5.775828527e-08 +5.775828527e-08 +1.881000006e+01 +1.881000006e+01 -1.9120e-01 +1.7808e+00
4864 +2.206740035e-08 +2.206740035e-08 +1.881000002e+01 +1.881000002e+01 -1.9120e-01 +1.7808e+00
% function evaluation | noise-free fitness - Fopt (2.731500000000e+02) | best noise-free fitness - Fopt | measured fitness | best measured fitness | x1 | x2...
1 +2.147244689e+02 +2.147244689e+02 +4.878744689e+02 +4.878744689e+02 +3.1472e+00 +4.0579e+00
2 +1.664856324e+01 +1.664856324e+01 +2.897985632e+02 +2.897985632e+02 -3.7301e+00 +4.1338e+00
6 +1.363684197e+01 +1.363684197e+01 +2.867868420e+02 +2.867868420e+02 -3.4239e+00 +4.7059e+00
18 +8.744185445e+00 +8.744185445e+00 +2.818941854e+02 +2.818941854e+02 -4.0287e+00 +3.2346e+00
42 +6.175536963e+00 +6.175536963e+00 +2.793255370e+02 +2.793255370e+02 -3.7563e+00 +3.6821e+00
82 +7.694525419e-01 +7.694525419e-01 +2.739194525e+02 +2.739194525e+02 -3.7798e+00 +3.2775e+00
370 +5.318375732e-01 +5.318375732e-01 +2.736818376e+02 +2.736818376e+02 -3.6552e+00 +3.5522e+00
387 +3.807433654e-01 +3.807433654e-01 +2.735307434e+02 +2.735307434e+02 -3.4088e+00 +4.1532e+00
1005 +2.473884090e-01 +2.473884090e-01 +2.733973884e+02 +2.733973884e+02 -3.4958e+00 +3.9590e+00
1533 +1.573241853e-01 +1.573241853e-01 +2.733073242e+02 +2.733073242e+02 -3.4973e+00 +3.9457e+00
1977 +9.314435874e-02 +9.314435874e-02 +2.732431444e+02 +2.732431444e+02 -3.5882e+00 +3.7378e+00
2007 +3.369875620e-02 +3.369875620e-02 +2.731836988e+02 +2.731836988e+02 -3.5896e+00 +3.7295e+00
2274 +1.726457767e-02 +1.726457767e-02 +2.731672646e+02 +2.731672646e+02 -3.5832e+00 +3.7459e+00
2334 +7.891352985e-03 +7.891352985e-03 +2.731578914e+02 +2.731578914e+02 -3.5818e+00 +3.7482e+00
2405 +1.018766334e-03 +1.018766334e-03 +2.731510188e+02 +2.731510188e+02 -3.5787e+00 +3.7546e+00
2715 +9.838467221e-04 +9.838467221e-04 +2.731509838e+02 +2.731509838e+02 -3.5796e+00 +3.7527e+00
2857 +4.169801451e-04 +4.169801451e-04 +2.731504170e+02 +2.731504170e+02 -3.5791e+00 +3.7537e+00
2937 +2.848639896e-04 +2.848639896e-04 +2.731502849e+02 +2.731502849e+02 -3.5791e+00 +3.7538e+00
2978 +1.623909790e-04 +1.623909790e-04 +2.731501624e+02 +2.731501624e+02 -3.5792e+00 +3.7536e+00
3286 +3.871473655e-05 +3.871473655e-05 +2.731500387e+02 +2.731500387e+02 -3.5792e+00 +3.7536e+00
3835 +1.642953970e-05 +1.642953970e-05 +2.731500164e+02 +2.731500164e+02 -3.5792e+00 +3.7536e+00
3875 +8.317986897e-06 +8.317986897e-06 +2.731500083e+02 +2.731500083e+02 -3.5792e+00 +3.7536e+00
3909 +4.912748182e-06 +4.912748182e-06 +2.731500049e+02 +2.731500049e+02 -3.5792e+00 +3.7536e+00
3955 +3.540904572e-06 +3.540904572e-06 +2.731500035e+02 +2.731500035e+02 -3.5792e+00 +3.7536e+00
3966 +1.977884381e-06 +1.977884381e-06 +2.731500020e+02 +2.731500020e+02 -3.5792e+00 +3.7536e+00
3995 +1.194234585e-06 +1.194234585e-06 +2.731500012e+02 +2.731500012e+02 -3.5792e+00 +3.7536e+00
4154 +9.336011431e-07 +9.336011431e-07 +2.731500009e+02 +2.731500009e+02 -3.5792e+00 +3.7536e+00
4269 +6.193557738e-07 +6.193557738e-07 +2.731500006e+02 +2.731500006e+02 -3.5792e+00 +3.7536e+00
4380 +2.855074968e-07 +2.855074968e-07 +2.731500003e+02 +2.731500003e+02 -3.5792e+00 +3.7536e+00
4525 +1.800915470e-07 +1.800915470e-07 +2.731500002e+02 +2.731500002e+02 -3.5792e+00 +3.7536e+00
4529 +1.332182933e-07 +1.332182933e-07 +2.731500001e+02 +2.731500001e+02 -3.5792e+00 +3.7536e+00
4569 +8.022038855e-08 +8.022038855e-08 +2.731500001e+02 +2.731500001e+02 -3.5792e+00 +3.7536e+00
4649 +6.281203468e-08 +6.281203468e-08 +2.731500001e+02 +2.731500001e+02 -3.5792e+00 +3.7536e+00
4809 +1.464775323e-08 +1.464775323e-08 +2.731500000e+02 +2.731500000e+02 -3.5792e+00 +3.7536e+00
4849 +4.295827694e-09 +4.295827694e-09 +2.731500000e+02 +2.731500000e+02 -3.5792e+00 +3.7536e+00
4889 +9.520704225e-10 +9.520704225e-10 +2.731500000e+02 +2.731500000e+02 -3.5792e+00 +3.7536e+00
4929 +4.513367458e-11 +4.513367458e-11 +2.731500000e+02 +2.731500000e+02 -3.5792e+00 +3.7536e+00
% function evaluation | noise-free fitness - Fopt (3.718000000000e+01) | best noise-free fitness - Fopt | measured fitness | best measured fitness | x1 | x2...
1 +1.053302574e+03 +1.053302574e+03 +1.090482574e+03 +1.090482574e+03 +3.1472e+00 +4.0579e+00
2 +3.201196577e+02 +3.201196577e+02 +3.572996577e+02 +3.572996577e+02 -3.7301e+00 +4.1338e+00
4 +5.073953350e+01 +5.073953350e+01 +8.791953350e+01 +8.791953350e+01 -2.2150e+00 +4.6882e-01
18 +3.932325105e+01 +3.932325105e+01 +7.650325105e+01 +7.650325105e+01 -4.0287e+00 +3.2346e+00
24 +1.706911409e+01 +1.706911409e+01 +5.424911409e+01 +5.424911409e+01 -5.4414e-01 +1.4631e+00
26 +5.822623293e+00 +5.822623293e+00 +4.300262329e+01 +4.300262329e+01 -2.2397e+00 +1.7970e+00
112 +2.617113912e+00 +2.617113912e+00 +3.979711391e+01 +3.979711391e+01 -1.7984e+00 +1.9173e+00
244 +2.440569844e+00 +2.440569844e+00 +3.962056984e+01 +3.962056984e+01 -1.7970e+00 +2.0028e+00
541 +1.426591018e+00 +1.426591018e+00 +3.860659102e+01 +3.860659102e+01 -2.7845e+00 +2.0569e+00
678 +8.928094784e-01 +8.928094784e-01 +3.807280948e+01 +3.807280948e+01 -3.1243e+00 +2.0347e+00
900 +6.021222963e-01 +6.021222963e-01 +3.778212230e+01 +3.778212230e+01 -3.3892e+00 +2.0346e+00
1419 +2.734728881e-01 +2.734728881e-01 +3.745347289e+01 +3.745347289e+01 -3.6464e+00 +2.0509e+00
1484 +2.247624899e-01 +2.247624899e-01 +3.740476249e+01 +3.740476249e+01 -3.7315e+00 +2.0536e+00
1743 +1.029251370e-01 +1.029251370e-01 +3.728292514e+01 +3.728292514e+01 -3.8004e+00 +2.0558e+00
1832 +5.861233833e-02 +5.861233833e-02 +3.723861234e+01 +3.723861234e+01 -3.8413e+00 +2.0570e+00
2132 +3.861439999e-02 +3.861439999e-02 +3.721861440e+01 +3.721861440e+01 -3.8876e+00 +2.0602e+00
2266 +1.726534067e-02 +1.726534067e-02 +3.719726534e+01 +3.719726534e+01 -3.9159e+00 +2.0615e+00
2595 +1.025068994e-02 +1.025068994e-02 +3.719025069e+01 +3.719025069e+01 -3.9049e+00 +2.0607e+00
2702 +5.210004919e-03 +5.210004919e-03 +3.718521000e+01 +3.718521000e+01 -3.9012e+00 +2.0602e+00
2704 +3.433631539e-03 +3.433631539e-03 +3.718343363e+01 +3.718343363e+01 -3.8973e+00 +2.0599e+00
2864 +1.474576022e-03 +1.474576022e-03 +3.718147458e+01 +3.718147458e+01 -3.8995e+00 +2.0600e+00
3031 +9.832113236e-04 +9.832113236e-04 +3.718098321e+01 +3.718098321e+01 -3.8994e+00 +2.0600e+00
3307 +4.009583747e-04 +4.009583747e-04 +3.718040096e+01 +3.718040096e+01 -3.8991e+00 +2.0600e+00
3357 +2.402533312e-04 +2.402533312e-04 +3.718024025e+01 +3.718024025e+01 -3.8992e+00 +2.0600e+00
3452 +4.634650246e-05 +4.634650246e-05 +3.718004635e+01 +3.718004635e+01 -3.8992e+00 +2.0600e+00
3486 +3.072615383e-05 +3.072615383e-05 +3.718003073e+01 +3.718003073e+01 -3.8992e+00 +2.0600e+00
3910 +2.406644948e-05 +2.406644948e-05 +3.718002407e+01 +3.718002407e+01 -3.8992e+00 +2.0600e+00
4012 +2.412227452e-06 +2.412227452e-06 +3.718000241e+01 +3.718000241e+01 -3.8992e+00 +2.0600e+00
4089 +6.120004059e-07 +6.120004059e-07 +3.718000061e+01 +3.718000061e+01 -3.8992e+00 +2.0600e+00
4289 +3.811660250e-07 +3.811660250e-07 +3.718000038e+01 +3.718000038e+01 -3.8992e+00 +2.0600e+00
4612 +1.817135100e-07 +1.817135100e-07 +3.718000018e+01 +3.718000018e+01 -3.8992e+00 +2.0600e+00
4732 +1.174373452e-07 +1.174373452e-07 +3.718000012e+01 +3.718000012e+01 -3.8992e+00 +2.0600e+00
4755 +2.512778963e-08 +2.512778963e-08 +3.718000003e+01 +3.718000003e+01 -3.8992e+00 +2.0600e+00
4763 +2.111633535e-08 +2.111633535e-08 +3.718000002e+01 +3.718000002e+01 -3.8992e+00 +2.0600e+00
4835 +2.325407422e-09 +2.325407422e-09 +3.718000000e+01 +3.718000000e+01 -3.8992e+00 +2.0600e+00
% function evaluation | noise-free fitness - Fopt (-1.479000000000e+02) | best noise-free fitness - Fopt | measured fitness | best measured fitness | x1 | x2...
1 +6.261088076e+03 +6.261088076e+03 +6.113188076e+03 +6.113188076e+03 +3.1472e+00 +4.0579e+00
2 +1.279226501e+02 +1.279226501e+02 -1.997734987e+01 -1.997734987e+01 -3.7301e+00 +4.1338e+00
3 +2.909585303e+01 +2.909585303e+01 -1.188041470e+02 -1.188041470e+02 +1.3236e+00 -4.0246e+00
4 +5.988018514e+00 +5.988018514e+00 -1.419119815e+02 -1.419119815e+02 -2.2150e+00 +4.6882e-01
144 +3.872018899e+00 +3.872018899e+00 -1.440279811e+02 -1.440279811e+02 -2.0610e+00 +5.7727e-01
182 +7.908803905e-01 +7.908803905e-01 -1.471091196e+02 -1.471091196e+02 -1.3448e+00 -1.4913e-01
411 +5.259599845e-01 +5.259599845e-01 -1.473740400e+02 -1.473740400e+02 -1.3567e+00 -1.0026e-01
703 +1.856329404e-01 +1.856329404e-01 -1.477143671e+02 -1.477143671e+02 -1.7173e+00 +1.8892e-01
790 +1.285106288e-01 +1.285106288e-01 -1.477714894e+02 -1.477714894e+02 -1.7330e+00 +1.9796e-01
1270 +4.100736067e-02 +4.100736067e-02 -1.478589926e+02 -1.478589926e+02 -1.6486e+00 +1.1736e-01
1648 +3.901194382e-02 +3.901194382e-02 -1.478609881e+02 -1.478609881e+02 -1.6484e+00 +1.1715e-01
1936 +1.542931874e-02 +1.542931874e-02 -1.478845707e+02 -1.478845707e+02 -1.6692e+00 +1.3435e-01
2193 +9.821423159e-03 +9.821423159e-03 -1.478901786e+02 -1.478901786e+02 -1.6758e+00 +1.4081e-01
2631 +6.050667995e-03 +6.050667995e-03 -1.478939493e+02 -1.478939493e+02 -1.6710e+00 +1.3587e-01
2654 +3.028006755e-03 +3.028006755e-03 -1.478969720e+02 -1.478969720e+02 -1.6702e+00 +1.3489e-01
2843 +1.478716202e-03 +1.478716202e-03 -1.478985213e+02 -1.478985213e+02 -1.6703e+00 +1.3506e-01
2923 +9.888509715e-04 +9.888509715e-04 -1.478990111e+02 -1.478990111e+02 -1.6711e+00 +1.3589e-01
2951 +3.592338180e-04 +3.592338180e-04 -1.478996408e+02 -1.478996408e+02 -1.6706e+00 +1.3537e-01
3151 +2.295748361e-04 +2.295748361e-04 -1.478997704e+02 -1.478997704e+02 -1.6704e+00 +1.3519e-01
3249 +1.261848566e-04 +1.261848566e-04 -1.478998738e+02 -1.478998738e+02 -1.6704e+00 +1.3522e-01
3366 +4.304030489e-05 +4.304030489e-05 -1.478999570e+02 -1.478999570e+02 -1.6704e+00 +1.3522e-01
3468 +2.273705530e-05 +2.273705530e-05 -1.478999773e+02 -1.478999773e+02 -1.6704e+00 +1.3520e-01
3824 +8.696554602e-06 +8.696554602e-06 -1.478999913e+02 -1.478999913e+02 -1.6704e+00 +1.3520e-01
3950 +7.657368428e-07 +7.657368428e-07 -1.478999992e+02 -1.478999992e+02 -1.6704e+00 +1.3520e-01
4150 +5.749622005e-07 +5.749622005e-07 -1.478999994e+02 -1.478999994e+02 -1.6704e+00 +1.3520e-01
4568 +3.151241970e-07 +3.151241970e-07 -1.478999997e+02 -1.478999997e+02 -1.6704e+00 +1.3520e-01
4646 +1.830982796e-07 +1.830982796e-07 -1.478999998e+02 -1.478999998e+02 -1.6704e+00 +1.3520e-01
4686 +1.461807528e-07 +1.461807528e-07 -1.478999999e+02 -1.478999999e+02 -1.6704e+00 +1.3520e-01
4725 +9.304622495e-08 +9.304622495e-08 -1.478999999e+02 -1.478999999e+02 -1.6704e+00 +1.3520e-01
4736 +1.657994630e-08 +1.657994630e-08 -1.479000000e+02 -1.479000000e+02 -1.6704e+00 +1.3520e-01
4828 +2.718991254e-09 +2.718991254e-09 -1.479000000e+02 -1.479000000e+02 -1.6704e+00 +1.3520e-01
4907 +1.335706656e-09 +1.335706656e-09 -1.479000000e+02 -1.479000000e+02 -1.6704e+00 +1.3520e-01
4928 +9.640643839e-10 +9.640643839e-10 -1.479000000e+02 -1.479000000e+02 -1.6704e+00 +1.3520e-01
% function evaluation | noise-free fitness - Fopt (-2.218900000000e+02) | best noise-free fitness - Fopt | measured fitness | best measured fitness | x1 | x2...
1 +5.185317034e+02 +5.185317034e+02 +2.966417034e+02 +2.966417034e+02 +3.1472e+00 +4.0579e+00
2 +1.171257860e+02 +1.171257860e+02 -1.047642140e+02 -1.047642140e+02 -3.7301e+00 +4.1338e+00
4 +7.067547394e+01 +7.067547394e+01 -1.512145261e+02 -1.512145261e+02 -2.2150e+00 +4.6882e-01
23 +5.427838040e+00 +5.427838040e+00 -2.164621620e+02 -2.164621620e+02 -3.1313e+00 -1.0236e-01
164 +3.196141556e+00 +3.196141556e+00 -2.186938584e+02 -2.186938584e+02 -3.1495e+00 -1.4584e-01
171 +2.425532999e+00 +2.425532999e+00 -2.194644670e+02 -2.194644670e+02 -2.4426e+00 -6.4288e-01
694 +1.453812986e+00 +1.453812986e+00 -2.204361870e+02 -2.204361870e+02 -2.9182e+00 -3.0664e-01
864 +8.100213070e-01 +8.100213070e-01 -2.210799787e+02 -2.210799787e+02 -3.6961e+00 +1.1561e-01
1129 +5.429093845e-01 +5.429093845e-01 -2.213470906e+02 -2.213470906e+02 -3.6137e+00 +8.6759e-02
1133 +3.845735136e-01 +3.845735136e-01 -2.215054265e+02 -2.215054265e+02 -3.7195e+00 +1.4380e-01
1161 +1.660675377e-01 +1.660675377e-01 -2.217239325e+02 -2.217239325e+02 -3.7445e+00 +1.6150e-01
1273 +1.015567445e-01 +1.015567445e-01 -2.217884433e+02 -2.217884433e+02 -3.8212e+00 +1.9447e-01
1293 +1.637422386e-02 +1.637422386e-02 -2.218736258e+02 -2.218736258e+02 -3.9245e+00 +2.3979e-01
1973 +5.620360046e-03 +5.620360046e-03 -2.218843796e+02 -2.218843796e+02 -3.9445e+00 +2.4864e-01
2189 +2.050873116e-03 +2.050873116e-03 -2.218879491e+02 -2.218879491e+02 -3.9436e+00 +2.4820e-01
2269 +2.423508219e-04 +2.423508219e-04 -2.218897576e+02 -2.218897576e+02 -3.9432e+00 +2.4800e-01
3097 +3.314597814e-05 +3.314597814e-05 -2.218899669e+02 -2.218899669e+02 -3.9432e+00 +2.4800e-01
3401 +2.402579213e-05 +2.402579213e-05 -2.218899760e+02 -2.218899760e+02 -3.9432e+00 +2.4800e-01
3577 +7.502212696e-06 +7.502212696e-06 -2.218899925e+02 -2.218899925e+02 -3.9432e+00 +2.4800e-01
3629 +4.892512067e-06 +4.892512067e-06 -2.218899951e+02 -2.218899951e+02 -3.9432e+00 +2.4800e-01
3681 +1.307272981e-06 +1.307272981e-06 -2.218899987e+02 -2.218899987e+02 -3.9432e+00 +2.4800e-01
3721 +8.209011355e-07 +8.209011355e-07 -2.218899992e+02 -2.218899992e+02 -3.9432e+00 +2.4800e-01
3961 +6.048295518e-07 +6.048295518e-07 -2.218899994e+02 -2.218899994e+02 -3.9432e+00 +2.4800e-01
4081 +3.470686920e-07 +3.470686920e-07 -2.218899997e+02 -2.218899997e+02 -3.9432e+00 +2.4800e-01
4366 +1.625650725e-07 +1.625650725e-07 -2.218899998e+02 -2.218899998e+02 -3.9432e+00 +2.4800e-01
4387 +1.095877735e-07 +1.095877735e-07 -2.218899999e+02 -2.218899999e+02 -3.9432e+00 +2.4800e-01
4429 +9.633350828e-08 +9.633350828e-08 -2.218899999e+02 -2.218899999e+02 -3.9432e+00 +2.4800e-01
4486 +4.833324851e-08 +4.833324851e-08 -2.218900000e+02 -2.218900000e+02 -3.9432e+00 +2.4800e-01
4627 +9.124192957e-09 +9.124192957e-09 -2.218900000e+02 -2.218900000e+02 -3.9432e+00 +2.4800e-01
4703 +2.338282457e-09 +2.338282457e-09 -2.218900000e+02 -2.218900000e+02 -3.9432e+00 +2.4800e-01
4909 +1.329254928e-09 +1.329254928e-09 -2.218900000e+02 -2.218900000e+02 -3.9432e+00 +2.4800e-01
4926 +9.344489627e-10 +9.344489627e-10 -2.218900000e+02 -2.218900000e+02 -3.9432e+00 +2.4800e-01
4982 +3.394404757e-10 +3.394404757e-10 -2.218900000e+02 -2.218900000e+02 -3.9432e+00 +2.4800e-01
4989 +9.012524060e-11 +9.012524060e-11 -2.218900000e+02 -2.218900000e+02 -3.9432e+00 +2.4800e-01
% function evaluation | noise-free fitness - Fopt (1.195400000000e+02) | best noise-free fitness - Fopt | measured fitness | best measured fitness | x1 | x2...
1 +3.921453519e+02 +3.921453519e+02 +5.116853519e+02 +5.116853519e+02 +3.1472e+00 +4.0579e+00
2 +1.162972613e+02 +1.162972613e+02 +2.358372613e+02 +2.358372613e+02 -3.7301e+00 +4.1338e+00
4 +3.863638235e+01 +3.863638235e+01 +1.581763823e+02 +1.581763823e+02 -2.2150e+00 +4.6882e-01
24 +2.223494930e+01 +2.223494930e+01 +1.417749493e+02 +1.417749493e+02 -5.4414e-01 +1.4631e+00
44 +1.435447276e+01 +1.435447276e+01 +1.338944728e+02 +1.338944728e+02 -1.2150e+00 +1.4688e+00
47 +8.083201523e+00 +8.083201523e+00 +1.276232015e+02 +1.276232015e+02 +4.5097e+00 +3.9319e-01
105 +2.189241457e+00 +2.189241457e+00 +1.217292415e+02 +1.217292415e+02 +9.3648e-02 +1.1390e+00
589 +1.408277161e+00 +1.408277161e+00 +1.209482772e+02 +1.209482772e+02 +5.0020e-01 +1.0173e+00
808 +9.443414807e-01 +9.443414807e-01 +1.204843415e+02 +1.204843415e+02 +5.6198e-01 +1.0439e+00
1035 +4.611182798e-01 +4.611182798e-01 +1.200011183e+02 +1.200011183e+02 +1.2501e+00 +9.1428e-01
1272 +2.868061250e-01 +2.868061250e-01 +1.198268061e+02 +1.198268061e+02 +1.1810e+00 +9.2722e-01
1424 +2.455067305e-01 +2.455067305e-01 +1.197855067e+02 +1.197855067e+02 +1.3530e+00 +8.9587e-01
1453 +1.573311822e-01 +1.573311822e-01 +1.196973312e+02 +1.196973312e+02 +1.2128e+00 +9.3124e-01
1664 +7.172621590e-02 +7.172621590e-02 +1.196117262e+02 +1.196117262e+02 +1.2593e+00 +9.1947e-01
1682 +4.208508100e-02 +4.208508100e-02 +1.195820851e+02 +1.195820851e+02 +1.2928e+00 +9.1414e-01
1743 +3.215816108e-02 +3.215816108e-02 +1.195721582e+02 +1.195721582e+02 +1.2905e+00 +9.1343e-01
2165 +1.678683799e-02 +1.678683799e-02 +1.195567868e+02 +1.195567868e+02 +1.3188e+00 +9.0833e-01
2220 +1.248943825e-02 +1.248943825e-02 +1.195524894e+02 +1.195524894e+02 +1.3242e+00 +9.0786e-01
2263 +8.854857808e-03 +8.854857808e-03 +1.195488549e+02 +1.195488549e+02 +1.3119e+00 +9.0999e-01
2605 +3.884872347e-03 +3.884872347e-03 +1.195438849e+02 +1.195438849e+02 +1.3196e+00 +9.0882e-01
2642 +1.777665454e-03 +1.777665454e-03 +1.195417777e+02 +1.195417777e+02 +1.3188e+00 +9.0883e-01
2790 +9.967701994e-04 +9.967701994e-04 +1.195409968e+02 +1.195409968e+02 +1.3198e+00 +9.0874e-01
3048 +2.385663697e-04 +2.385663697e-04 +1.195402386e+02 +1.195402386e+02 +1.3190e+00 +9.0884e-01
3448 +3.180667802e-05 +3.180667802e-05 +1.195400318e+02 +1.195400318e+02 +1.3192e+00 +9.0880e-01
3682 +2.199245785e-06 +2.199245785e-06 +1.195400022e+02 +1.195400022e+02 +1.3192e+00 +9.0880e-01
4054 +1.162762061e-06 +1.162762061e-06 +1.195400012e+02 +1.195400012e+02 +1.3192e+00 +9.0880e-01
4128 +6.540133199e-07 +6.540133199e-07 +1.195400007e+02 +1.195400007e+02 +1.3192e+00 +9.0880e-01
4162 +5.823100224e-07 +5.823100224e-07 +1.195400006e+02 +1.195400006e+02 +1.3192e+00 +9.0880e-01
4452 +2.295977026e-07 +2.295977026e-07 +1.195400002e+02 +1.195400002e+02 +1.3192e+00 +9.0880e-01
4532 +1.306635227e-07 +1.306635227e-07 +1.195400001e+02 +1.195400001e+02 +1.3192e+00 +9.0880e-01
4688 +3.349219924e-08 +3.349219924e-08 +1.195400000e+02 +1.195400000e+02 +1.3192e+00 +9.0880e-01
4762 +3.049336783e-09 +3.049336783e-09 +1.195400000e+02 +1.195400000e+02 +1.3192e+00 +9.0880e-01
4808 +1.110848302e-09 +1.110848302e-09 +1.195400000e+02 +1.195400000e+02 +1.3192e+00 +9.0880e-01
% function evaluation | noise-free fitness - Fopt (6.983000000000e+01) | best noise-free fitness - Fopt | measured fitness | best measured fitness | x1 | x2...
1 +7.760012259e+02 +7.760012259e+02 +8.458312259e+02 +8.458312259e+02 +3.1472e+00 +4.0579e+00
2 +2.778037434e+02 +2.778037434e+02 +3.476337434e+02 +3.476337434e+02 -3.7301e+00 +4.1338e+00
3 +1.592583934e+02 +1.592583934e+02 +2.290883934e+02 +2.290883934e+02 +1.3236e+00 -4.0246e+00
8 +6.087762745e+01 +6.087762745e+01 +1.307076274e+02 +1.307076274e+02 +3.0028e+00 -3.5811e+00
28 +3.900046312e+01 +3.900046312e+01 +1.088304631e+02 +1.088304631e+02 -3.8100e+00 -1.6359e-02
31 +1.924491570e+01 +1.924491570e+01 +8.907491570e+01 +8.907491570e+01 +2.5127e+00 -2.4490e+00
68 +1.468276669e+01 +1.468276669e+01 +8.451276669e+01 +8.451276669e+01 -2.8100e+00 -1.0164e+00
96 +7.040843264e+00 +7.040843264e+00 +7.687084326e+01 +7.687084326e+01 +1.4941e+00 -2.6817e+00
139 +4.003770135e+00 +4.003770135e+00 +7.383377014e+01 +7.383377014e+01 +5.6398e-01 -2.2498e+00
235 +3.606768076e+00 +3.606768076e+00 +7.343676808e+01 +7.343676808e+01 -7.9930e-01 -1.8934e+00
355 +1.858023401e+00 +1.858023401e+00 +7.168802340e+01 +7.168802340e+01 -1.0820e+00 -1.9017e+00
1263 +1.581657803e+00 +1.581657803e+00 +7.141165780e+01 +7.141165780e+01 -1.5895e+00 -1.7845e+00
1375 +8.930914241e-01 +8.930914241e-01 +7.072309142e+01 +7.072309142e+01 -3.2782e+00 -1.3937e+00
1395 +3.080717502e-01 +3.080717502e-01 +7.013807175e+01 +7.013807175e+01 -2.6726e+00 -1.4989e+00
1475 +1.537480767e-01 +1.537480767e-01 +6.998374808e+01 +6.998374808e+01 -2.9271e+00 -1.4472e+00
1533 +8.504098944e-02 +8.504098944e-02 +6.991504099e+01 +6.991504099e+01 -2.9363e+00 -1.4466e+00
1835 +5.764610761e-02 +5.764610761e-02 +6.988764611e+01 +6.988764611e+01 -2.9048e+00 -1.4520e+00
1988 +3.831624608e-02 +3.831624608e-02 +6.986831625e+01 +6.986831625e+01 -2.8813e+00 -1.4536e+00
2153 +1.645726447e-02 +1.645726447e-02 +6.984645726e+01 +6.984645726e+01 -2.8727e+00 -1.4542e+00
2313 +1.039708273e-02 +1.039708273e-02 +6.984039708e+01 +6.984039708e+01 -2.8702e+00 -1.4551e+00
2327 +4.774630227e-03 +4.774630227e-03 +6.983477463e+01 +6.983477463e+01 -2.8681e+00 -1.4555e+00
2553 +3.116874665e-03 +3.116874665e-03 +6.983311687e+01 +6.983311687e+01 -2.8687e+00 -1.4554e+00
2857 +1.009294286e-03 +1.009294286e-03 +6.983100929e+01 +6.983100929e+01 -2.8654e+00 -1.4560e+00
3125 +9.834133919e-04 +9.834133919e-04 +6.983098341e+01 +6.983098341e+01 -2.8653e+00 -1.4560e+00
3127 +2.907217370e-05 +2.907217370e-05 +6.983002907e+01 +6.983002907e+01 -2.8656e+00 -1.4560e+00
3615 +2.373257166e-05 +2.373257166e-05 +6.983002373e+01 +6.983002373e+01 -2.8656e+00 -1.4560e+00
3653 +1.571758317e-05 +1.571758317e-05 +6.983001572e+01 +6.983001572e+01 -2.8656e+00 -1.4560e+00
3725 +2.968488474e-06 +2.968488474e-06 +6.983000297e+01 +6.983000297e+01 -2.8656e+00 -1.4560e+00
3805 +1.953908424e-06 +1.953908424e-06 +6.983000195e+01 +6.983000195e+01 -2.8656e+00 -1.4560e+00
3885 +1.485414856e-06 +1.485414856e-06 +6.983000149e+01 +6.983000149e+01 -2.8656e+00 -1.4560e+00
3927 +7.707427017e-07 +7.707427017e-07 +6.983000077e+01 +6.983000077e+01 -2.8656e+00 -1.4560e+00
4133 +5.244627630e-07 +5.244627630e-07 +6.983000052e+01 +6.983000052e+01 -2.8656e+00 -1.4560e+00
4183 +2.778350989e-07 +2.778350989e-07 +6.983000028e+01 +6.983000028e+01 -2.8656e+00 -1.4560e+00
4367 +2.226644256e-07 +2.226644256e-07 +6.983000022e+01 +6.983000022e+01 -2.8656e+00 -1.4560e+00
4503 +4.169396561e-08 +4.169396561e-08 +6.983000004e+01 +6.983000004e+01 -2.8656e+00 -1.4560e+00
4685 +1.128036331e-08 +1.128036331e-08 +6.983000001e+01 +6.983000001e+01 -2.8656e+00 -1.4560e+00
4703 +6.785455753e-09 +6.785455753e-09 +6.983000001e+01 +6.983000001e+01 -2.8656e+00 -1.4560e+00
4855 +5.874710496e-09 +5.874710496e-09 +6.983000001e+01 +6.983000001e+01 -2.8656e+00 -1.4560e+00
4895 +3.170242735e-09 +3.170242735e-09 +6.983000000e+01 +6.983000000e+01 -2.8656e+00 -1.4560e+00
4972 +9.689387070e-10 +9.689387070e-10 +6.983000000e+01 +6.983000000e+01 -2.8656e+00 -1.4560e+00
% function evaluation | noise-free fitness - Fopt (7.000000000000e-02) | best noise-free fitness - Fopt | measured fitness | best measured fitness | x1 | x2...
1 +5.592280023e+02 +5.592280023e+02 +5.592980023e+02 +5.592980023e+02 +3.1472e+00 +4.0579e+00
3 +3.660088215e+02 +3.660088215e+02 +3.660788215e+02 +3.660788215e+02 +1.3236e+00 -4.0246e+00
4 +2.072743204e+02 +2.072743204e+02 +2.073443204e+02 +2.073443204e+02 -2.2150e+00 +4.6882e-01
7 +1.067249501e+02 +1.067249501e+02 +1.067949501e+02 +1.067949501e+02 +4.5717e+00 -1.4624e-01
14 +5.713641786e+01 +5.713641786e+01 +5.720641786e+01 +5.720641786e+01 +2.4313e+00 -1.0777e+00
20 +9.558475970e+00 +9.558475970e+00 +9.628475970e+00 +9.628475970e+00 +4.5022e+00 -4.6555e+00
136 +4.060576051e+00 +4.060576051e+00 +4.130576051e+00 +4.130576051e+00 +5.0000e+00 -4.9154e+00
158 +2.426204365e+00 +2.426204365e+00 +2.496204365e+00 +2.496204365e+00 +4.5908e+00 -4.0166e+00
265 +1.435761339e+00 +1.435761339e+00 +1.505761339e+00 +1.505761339e+00 +4.2680e+00 -3.2951e+00
673 +5.373781122e-01 +5.373781122e-01 +6.073781122e-01 +6.073781122e-01 +3.9345e+00 -2.4778e+00
1189 +2.653582382e-01 +2.653582382e-01 +3.353582382e-01 +3.353582382e-01 +3.7890e+00 -2.1208e+00
1211 +1.973943572e-01 +1.973943572e-01 +2.673943572e-01 +2.673943572e-01 +3.7719e+00 -2.0712e+00
1218 +9.762273487e-02 +9.762273487e-02 +1.676227349e-01 +1.676227349e-01 +3.7730e+00 -2.0799e+00
1378 +5.842240021e-02 +5.842240021e-02 +1.284224002e-01 +1.284224002e-01 +3.7548e+00 -2.0351e+00
1707 +1.108292001e-02 +1.108292001e-02 +8.108292001e-02 +8.108292001e-02 +3.7423e+00 -2.0006e+00
1789 +7.102500975e-03 +7.102500975e-03 +7.710250097e-02 +7.710250097e-02 +3.7422e+00 -2.0002e+00
2131 +4.057718342e-03 +4.057718342e-03 +7.405771834e-02 +7.405771834e-02 +3.7415e+00 -1.9984e+00
2229 +3.024982385e-03 +3.024982385e-03 +7.302498239e-02 +7.302498239e-02 +3.7417e+00 -1.9991e+00
2491 +2.077768206e-03 +2.077768206e-03 +7.207776821e-02 +7.207776821e-02 +3.7412e+00 -1.9979e+00
2631 +1.041040040e-03 +1.041040040e-03 +7.104104004e-02 +7.104104004e-02 +3.7411e+00 -1.9976e+00
2761 +4.007296217e-04 +4.007296217e-04 +7.040072962e-02 +7.040072962e-02 +3.7409e+00 -1.9970e+00
2923 +3.748320249e-04 +3.748320249e-04 +7.037483202e-02 +7.037483202e-02 +3.7408e+00 -1.9969e+00
3003 +2.487954730e-04 +2.487954730e-04 +7.024879547e-02 +7.024879547e-02 +3.7409e+00 -1.9970e+00
3296 +3.799192712e-05 +3.799192712e-05 +7.003799193e-02 +7.003799193e-02 +3.7408e+00 -1.9968e+00
3763 +1.500475748e-05 +1.500475748e-05 +7.001500476e-02 +7.001500476e-02 +3.7408e+00 -1.9968e+00
3853 +7.605974274e-06 +7.605974274e-06 +7.000760597e-02 +7.000760597e-02 +3.7408e+00 -1.9968e+00
3923 +1.863751043e-06 +1.863751043e-06 +7.000186375e-02 +7.000186375e-02 +3.7408e+00 -1.9968e+00
4045 +1.565886953e-06 +1.565886953e-06 +7.000156589e-02 +7.000156589e-02 +3.7408e+00 -1.9968e+00
4086 +8.341073989e-07 +8.341073989e-07 +7.000083411e-02 +7.000083411e-02 +3.7408e+00 -1.9968e+00
4322 +5.945430195e-07 +5.945430195e-07 +7.000059454e-02 +7.000059454e-02 +3.7408e+00 -1.9968e+00
4429 +1.768706612e-07 +1.768706612e-07 +7.000017687e-02 +7.000017687e-02 +3.7408e+00 -1.9968e+00
4562 +1.107955295e-07 +1.107955295e-07 +7.000011080e-02 +7.000011080e-02 +3.7408e+00 -1.9968e+00
4685 +7.339214991e-08 +7.339214991e-08 +7.000007339e-02 +7.000007339e-02 +3.7408e+00 -1.9968e+00
4743 +3.145098090e-08 +3.145098090e-08 +7.000003145e-02 +7.000003145e-02 +3.7408e+00 -1.9968e+00
4891 +1.548920861e-08 +1.548920861e-08 +7.000001549e-02 +7.000001549e-02 +3.7408e+00 -1.9968e+00
4949 +5.320085136e-09 +5.320085136e-09 +7.000000532e-02 +7.000000532e-02 +3.7408e+00 -1.9968e+00
% function evaluation | noise-free fitness - Fopt (4.960000000000e+00) | best noise-free fitness - Fopt | measured fitness | best measured fitness | x1 | x2...
1 +5.403346913e+01 +5.403346913e+01 +5.899346913e+01 +5.899346913e+01 +3.1472e+00 +4.0579e+00
7 +1.282393786e+01 +1.282393786e+01 +1.778393786e+01 +1.778393786e+01 +4.5717e+00 -1.4624e-01
29 +7.549751848e+00 +7.549751848e+00 +1.250975185e+01 +1.250975185e+01 +4.5974e+00 -1.5961e+00
62 +5.272906940e+00 +5.272906940e+00 +1.023290694e+01 +1.023290694e+01 +3.3055e+00 +1.9520e+00
127 +2.491980334e+00 +2.491980334e+00 +7.451980334e+00 +7.451980334e+00 +3.1781e+00 +1.9412e+00
142 +3.769877020e-01 +3.769877020e-01 +5.336987702e+00 +5.336987702e+00 +3.0613e+00 +2.0561e+00
947 +2.488437323e-01 +2.488437323e-01 +5.208843732e+00 +5.208843732e+00 +3.4956e+00 +1.6067e+00
1105 +5.785937903e-02 +5.785937903e-02 +5.017859379e+00 +5.017859379e+00 +3.2506e+00 +1.8311e+00
1225 +3.964873677e-02 +3.964873677e-02 +4.999648737e+00 +4.999648737e+00 +3.2383e+00 +1.8429e+00
1918 +2.012629134e-02 +2.012629134e-02 +4.980126291e+00 +4.980126291e+00 +3.2749e+00 +1.8041e+00
1987 +9.632374748e-03 +9.632374748e-03 +4.969632375e+00 +4.969632375e+00 +3.2625e+00 +1.8150e+00
2072 +4.922714384e-03 +4.922714384e-03 +4.964922714e+00 +4.964922714e+00 +3.2627e+00 +1.8148e+00
2391 +3.085473499e-03 +3.085473499e-03 +4.963085473e+00 +4.963085473e+00 +3.2611e+00 +1.8166e+00
2686 +1.168987404e-03 +1.168987404e-03 +4.961168987e+00 +4.961168987e+00 +3.2602e+00 +1.8175e+00
2766 +4.040860247e-04 +4.040860247e-04 +4.960404086e+00 +4.960404086e+00 +3.2599e+00 +1.8178e+00
2857 +2.857857230e-04 +2.857857230e-04 +4.960285786e+00 +4.960285786e+00 +3.2598e+00 +1.8178e+00
3091 +2.424047640e-04 +2.424047640e-04 +4.960242405e+00 +4.960242405e+00 +3.2600e+00 +1.8176e+00
3151 +6.868237219e-05 +6.868237219e-05 +4.960068682e+00 +4.960068682e+00 +3.2600e+00 +1.8176e+00
3177 +5.537185257e-05 +5.537185257e-05 +4.960055372e+00 +4.960055372e+00 +3.2600e+00 +1.8176e+00
3263 +3.457188491e-05 +3.457188491e-05 +4.960034572e+00 +4.960034572e+00 +3.2600e+00 +1.8176e+00
3751 +2.396711834e-05 +2.396711834e-05 +4.960023967e+00 +4.960023967e+00 +3.2600e+00 +1.8176e+00
3776 +1.142070175e-05 +1.142070175e-05 +4.960011421e+00 +4.960011421e+00 +3.2600e+00 +1.8176e+00
3870 +7.201531282e-07 +7.201531282e-07 +4.960000720e+00 +4.960000720e+00 +3.2600e+00 +1.8176e+00
3995 +5.929924836e-07 +5.929924836e-07 +4.960000593e+00 +4.960000593e+00 +3.2600e+00 +1.8176e+00
4326 +3.747169499e-07 +3.747169499e-07 +4.960000375e+00 +4.960000375e+00 +3.2600e+00 +1.8176e+00
4373 +1.156812859e-07 +1.156812859e-07 +4.960000116e+00 +4.960000116e+00 +3.2600e+00 +1.8176e+00
4453 +9.707582649e-08 +9.707582649e-08 +4.960000097e+00 +4.960000097e+00 +3.2600e+00 +1.8176e+00
4533 +4.850461277e-08 +4.850461277e-08 +4.960000049e+00 +4.960000049e+00 +3.2600e+00 +1.8176e+00
4613 +3.903174584e-08 +3.903174584e-08 +4.960000039e+00 +4.960000039e+00 +3.2600e+00 +1.8176e+00
4725 +1.826493001e-08 +1.826493001e-08 +4.960000018e+00 +4.960000018e+00 +3.2600e+00 +1.8176e+00
4813 +1.522037607e-08 +1.522037607e-08 +4.960000015e+00 +4.960000015e+00 +3.2600e+00 +1.8176e+00
4853 +9.178303451e-09 +9.178303451e-09 +4.960000009e+00 +4.960000009e+00 +3.2600e+00 +1.8176e+00
4903 +3.125588677e-09 +3.125588677e-09 +4.960000003e+00 +4.960000003e+00 +3.2600e+00 +1.8176e+00
4937 +8.267351248e-10 +8.267351248e-10 +4.960000001e+00 +4.960000001e+00 +3.2600e+00 +1.8176e+00
% function evaluation | noise-free fitness - Fopt (1.923000000000e+02) | best noise-free fitness - Fopt | measured fitness | best measured fitness | x1 | x2...
1 +2.846473640e+02 +2.846473640e+02 +4.769473640e+02 +4.769473640e+02 +3.1472e+00 +4.0579e+00
2 +2.016278755e+01 +2.016278755e+01 +2.124627876e+02 +2.124627876e+02 -3.7301e+00 +4.1338e+00
42 +1.523755969e+01 +1.523755969e+01 +2.075375597e+02 +2.075375597e+02 -3.6247e+00 +3.1338e+00
82 +9.845635447e+00 +9.845635447e+00 +2.021456354e+02 +2.021456354e+02 -3.5662e+00 +2.1338e+00
138 +6.018483736e+00 +6.018483736e+00 +1.983184837e+02 +1.983184837e+02 -3.5572e+00 +1.9053e+00
243 +3.600853011e+00 +3.600853011e+00 +1.959008530e+02 +1.959008530e+02 -3.9349e+00 +1.3781e+00
546 +2.505326372e+00 +2.505326372e+00 +1.948053264e+02 +1.948053264e+02 -3.7745e+00 +1.7242e+00
% function evaluation | noise-free fitness - Fopt (4.971000000000e+01) | best noise-free fitness - Fopt | measured fitness | best measured fitness | x1 | x2...
1 +2.284188704e+02 +2.284188704e+02 +2.781288704e+02 +2.781288704e+02 +3.1472e+00 +4.0579e+00
3 +9.364208580e+01 +9.364208580e+01 +1.433520858e+02 +1.433520858e+02 +1.3236e+00 -4.0246e+00
8 +2.568572601e+01 +2.568572601e+01 +7.539572601e+01 +7.539572601e+01 +3.0028e+00 -3.5811e+00
11 +8.596653149e+00 +8.596653149e+00 +5.830665315e+01 +5.830665315e+01 +1.5574e+00 -4.6429e+00
149 +5.991859571e+00 +5.991859571e+00 +5.570185957e+01 +5.570185957e+01 +2.4889e+00 -4.2276e+00
215 +1.939845577e+00 +1.939845577e+00 +5.164984558e+01 +5.164984558e+01 +2.6515e+00 -4.2383e+00
420 +1.577731665e+00 +1.577731665e+00 +5.128773166e+01 +5.128773166e+01 +2.7222e+00 -4.2262e+00
596 +8.729973268e-01 +8.729973268e-01 +5.058299733e+01 +5.058299733e+01 +3.2200e+00 -3.9886e+00
686 +4.495163125e-01 +4.495163125e-01 +5.015951631e+01 +5.015951631e+01 +3.5900e+00 -3.7845e+00
767 +2.904641518e-01 +2.904641518e-01 +5.000046415e+01 +5.000046415e+01 +3.4404e+00 -3.8682e+00
916 +1.510432794e-01 +1.510432794e-01 +4.986104328e+01 +4.986104328e+01 +3.6231e+00 -3.7667e+00
1325 +8.454592513e-02 +8.454592513e-02 +4.979454593e+01 +4.979454593e+01 +3.7326e+00 -3.7074e+00
1533 +1.635294320e-02 +1.635294320e-02 +4.972635294e+01 +4.972635294e+01 +3.7300e+00 -3.7092e+00
1743 +4.901561213e-03 +4.901561213e-03 +4.971490156e+01 +4.971490156e+01 +3.7409e+00 -3.7036e+00
2070 +3.408283147e-03 +3.408283147e-03 +4.971340828e+01 +4.971340828e+01 +3.7408e+00 -3.7036e+00
2263 +7.141759390e-04 +7.141759390e-04 +4.971071418e+01 +4.971071418e+01 +3.7431e+00 -3.7025e+00
2761 +5.355393095e-04 +5.355393095e-04 +4.971053554e+01 +4.971053554e+01 +3.7430e+00 -3.7025e+00
2857 +2.451107729e-04 +2.451107729e-04 +4.971024511e+01 +4.971024511e+01 +3.7430e+00 -3.7025e+00
3205 +1.227694452e-04 +1.227694452e-04 +4.971012277e+01 +4.971012277e+01 +3.7432e+00 -3.7024e+00
3234 +2.884939158e-05 +2.884939158e-05 +4.971002885e+01 +4.971002885e+01 +3.7432e+00 -3.7024e+00
3550 +2.156480663e-05 +2.156480663e-05 +4.971002156e+01 +4.971002156e+01 +3.7432e+00 -3.7024e+00
3580 +5.141638624e-06 +5.141638624e-06 +4.971000514e+01 +4.971000514e+01 +3.7432e+00 -3.7024e+00
3590 +1.073644157e-06 +1.073644157e-06 +4.971000107e+01 +4.971000107e+01 +3.7432e+00 -3.7024e+00
3670 +6.381439306e-07 +6.381439306e-07 +4.971000064e+01 +4.971000064e+01 +3.7432e+00 -3.7024e+00
3910 +5.897415036e-07 +5.897415036e-07 +4.971000059e+01 +4.971000059e+01 +3.7432e+00 -3.7024e+00
4220 +2.946214011e-07 +2.946214011e-07 +4.971000029e+01 +4.971000029e+01 +3.7432e+00 -3.7024e+00
4349 +2.450128562e-07 +2.450128562e-07 +4.971000025e+01 +4.971000025e+01 +3.7432e+00 -3.7024e+00
4429 +1.469780528e-07 +1.469780528e-07 +4.971000015e+01 +4.971000015e+01 +3.7432e+00 -3.7024e+00
4463 +5.525478741e-08 +5.525478741e-08 +4.971000006e+01 +4.971000006e+01 +3.7432e+00 -3.7024e+00
4503 +3.269493476e-08 +3.269493476e-08 +4.971000003e+01 +4.971000003e+01 +3.7432e+00 -3.7024e+00
4550 +2.129836929e-08 +2.129836929e-08 +4.971000002e+01 +4.971000002e+01 +3.7432e+00 -3.7024e+00
4583 +1.084841017e-08 +1.084841017e-08 +4.971000001e+01 +4.971000001e+01 +3.7432e+00 -3.7024e+00
4703 +7.458822893e-09 +7.458822893e-09 +4.971000001e+01 +4.971000001e+01 +3.7432e+00 -3.7024e+00
4769 +5.577810214e-09 +5.577810214e-09 +4.971000001e+01 +4.971000001e+01 +3.7432e+00 -3.7024e+00
4823 +2.335582394e-09 +2.335582394e-09 +4.971000000e+01 +4.971000000e+01 +3.7432e+00 -3.7024e+00
4834 +8.304823496e-11 +8.304823496e-11 +4.971000000e+01 +4.971000000e+01 +3.7432e+00 -3.7024e+00
% function evaluation | noise-free fitness - Fopt (2.051200000000e+02) | best noise-free fitness - Fopt | measured fitness | best measured fitness | x1 | x2...
1 +5.530848583e+02 +5.530848583e+02 +7.582048583e+02 +7.582048583e+02 +3.1472e+00 +4.0579e+00
2 +2.870955442e+02 +2.870955442e+02 +4.922155442e+02 +4.922155442e+02 -3.7301e+00 +4.1338e+00
3 +3.110816691e+01 +3.110816691e+01 +2.362281669e+02 +2.362281669e+02 +1.3236e+00 -4.0246e+00
15 +8.214725379e+00 +8.214725379e+00 +2.133347254e+02 +2.133347254e+02 +1.5548e+00 -3.2881e+00
126 +3.322238672e+00 +3.322238672e+00 +2.084422387e+02 +2.084422387e+02 -4.2387e-01 +1.7059e+00
710 +2.496323684e+00 +2.496323684e+00 +2.076163237e+02 +2.076163237e+02 -3.4476e-01 +1.7401e+00
882 +1.520122003e+00 +1.520122003e+00 +2.066401220e+02 +2.066401220e+02 -8.2410e-01 +2.9222e+00
961 +9.326202475e-01 +9.326202475e-01 +2.060526202e+02 +2.060526202e+02 -9.1942e-01 +3.1879e+00
1329 +2.712522234e-01 +2.712522234e-01 +2.053912522e+02 +2.053912522e+02 -1.2088e+00 +3.9919e+00
1622 +9.793968077e-02 +9.793968077e-02 +2.052179397e+02 +2.052179397e+02 -1.2062e+00 +3.9836e+00
2049 +8.036546440e-03 +8.036546440e-03 +2.051280365e+02 +2.051280365e+02 -1.1944e+00 +3.9099e+00
2442 +4.883103926e-03 +4.883103926e-03 +2.051248831e+02 +2.051248831e+02 -1.1946e+00 +3.9098e+00
2583 +3.038472576e-03 +3.038472576e-03 +2.051230385e+02 +2.051230385e+02 -1.1932e+00 +3.9052e+00
2658 +1.363891377e-03 +1.363891377e-03 +2.051213639e+02 +2.051213639e+02 -1.1939e+00 +3.9073e+00
2853 +3.230459519e-04 +3.230459519e-04 +2.051203230e+02 +2.051203230e+02 -1.1936e+00 +3.9065e+00
3218 +2.338951269e-04 +2.338951269e-04 +2.051202339e+02 +2.051202339e+02 -1.1936e+00 +3.9064e+00
3373 +5.327665517e-05 +5.327665517e-05 +2.051200533e+02 +2.051200533e+02 -1.1936e+00 +3.9064e+00
3413 +3.706655968e-05 +3.706655968e-05 +2.051200371e+02 +2.051200371e+02 -1.1936e+00 +3.9064e+00
3702 +1.901896530e-05 +1.901896530e-05 +2.051200190e+02 +2.051200190e+02 -1.1936e+00 +3.9064e+00
3782 +1.321655046e-05 +1.321655046e-05 +2.051200132e+02 +2.051200132e+02 -1.1936e+00 +3.9064e+00
3853 +7.491637206e-06 +7.491637206e-06 +2.051200075e+02 +2.051200075e+02 -1.1936e+00 +3.9064e+00
3903 +1.625112645e-06 +1.625112645e-06 +2.051200016e+02 +2.051200016e+02 -1.1936e+00 +3.9064e+00
3989 +1.386144817e-06 +1.386144817e-06 +2.051200014e+02 +2.051200014e+02 -1.1936e+00 +3.9064e+00
4109 +7.616838502e-07 +7.616838502e-07 +2.051200008e+02 +2.051200008e+02 -1.1936e+00 +3.9064e+00
4223 +5.138771542e-07 +5.138771542e-07 +2.051200005e+02 +2.051200005e+02 -1.1936e+00 +3.9064e+00
4269 +2.945918709e-07 +2.945918709e-07 +2.051200003e+02 +2.051200003e+02 -1.1936e+00 +3.9064e+00
4456 +1.824907940e-07 +1.824907940e-07 +2.051200002e+02 +2.051200002e+02 -1.1936e+00 +3.9064e+00
4509 +1.297381118e-07 +1.297381118e-07 +2.051200001e+02 +2.051200001e+02 -1.1936e+00 +3.9064e+00
4662 +3.108175406e-08 +3.108175406e-08 +2.051200000e+02 +2.051200000e+02 -1.1936e+00 +3.9064e+00
4858 +2.189827342e-08 +2.189827342e-08 +2.051200000e+02 +2.051200000e+02 -1.1936e+00 +3.9064e+00
4863 +1.230270641e-08 +1.230270641e-08 +2.051200000e+02 +2.051200000e+02 -1.1936e+00 +3.9064e+00
4967 +3.887578259e-09 +3.887578259e-09 +2.051200000e+02 +2.051200000e+02 -1.1936e+00 +3.9064e+00
% function evaluation | noise-free fitness - Fopt (-1.729000000000e+02) | best noise-free fitness - Fopt | measured fitness | best measured fitness | x1 | x2...
1 +2.841114202e+01 +2.841114202e+01 -1.444888580e+02 -1.444888580e+02 +3.1472e+00 +4.0579e+00
5 +1.301183449e+01 +1.301183449e+01 -1.598881655e+02 -1.598881655e+02 +4.5751e+00 +4.6489e+00
232 +6.300743726e+00 +6.300743726e+00 -1.665992563e+02 -1.665992563e+02 +7.7335e-01 +2.1528e+00
1258 +3.567835715e+00 +3.567835715e+00 -1.693321643e+02 -1.693321643e+02 -1.2314e+00 +6.7170e-01
1298 +1.403463376e+00 +1.403463376e+00 -1.714965366e+02 -1.714965366e+02 -2.0054e+00 +2.9403e-02
1406 +8.868468048e-01 +8.868468048e-01 -1.720131532e+02 -1.720131532e+02 -2.6289e+00 -6.1492e-01
1674 +5.719668819e-01 +5.719668819e-01 -1.723280331e+02 -1.723280331e+02 -2.6030e+00 -5.9802e-01
1679 +1.588376416e-01 +1.588376416e-01 -1.727411624e+02 -1.727411624e+02 -2.8349e+00 -8.9863e-01
1912 +5.265551603e-02 +5.265551603e-02 -1.728473445e+02 -1.728473445e+02 -2.9078e+00 -9.9921e-01
2203 +3.196036990e-02 +3.196036990e-02 -1.728680396e+02 -1.728680396e+02 -2.9120e+00 -1.0035e+00
2326 +8.152343851e-03 +8.152343851e-03 -1.728918477e+02 -1.728918477e+02 -2.9362e+00 -1.0321e+00
2868 +3.605571120e-03 +3.605571120e-03 -1.728963944e+02 -1.728963944e+02 -2.9308e+00 -1.0266e+00
2904 +2.185596164e-03 +2.185596164e-03 -1.728978144e+02 -1.728978144e+02 -2.9303e+00 -1.0263e+00
3013 +1.024321816e-03 +1.024321816e-03 -1.728989757e+02 -1.728989757e+02 -2.9306e+00 -1.0265e+00
3114 +3.420222900e-04 +3.420222900e-04 -1.728996580e+02 -1.728996580e+02 -2.9310e+00 -1.0270e+00
3308 +1.073232444e-04 +1.073232444e-04 -1.728998927e+02 -1.728998927e+02 -2.9312e+00 -1.0272e+00
3563 +3.609307646e-05 +3.609307646e-05 -1.728999639e+02 -1.728999639e+02 -2.9312e+00 -1.0272e+00
3843 +2.401262952e-05 +2.401262952e-05 -1.728999760e+02 -1.728999760e+02 -2.9312e+00 -1.0272e+00
3928 +1.674674081e-06 +1.674674081e-06 -1.728999983e+02 -1.728999983e+02 -2.9312e+00 -1.0272e+00
4148 +5.703521140e-07 +5.703521140e-07 -1.728999994e+02 -1.728999994e+02 -2.9312e+00 -1.0272e+00
4394 +3.028908395e-07 +3.028908395e-07 -1.728999997e+02 -1.728999997e+02 -2.9312e+00 -1.0272e+00
4456 +5.938153436e-08 +5.938153436e-08 -1.728999999e+02 -1.728999999e+02 -2.9312e+00 -1.0272e+00
4554 +3.347878419e-08 +3.347878419e-08 -1.729000000e+02 -1.729000000e+02 -2.9312e+00 -1.0272e+00
4634 +2.478540750e-08 +2.478540750e-08 -1.729000000e+02 -1.729000000e+02 -2.9312e+00 -1.0272e+00
4828 +3.802000492e-09 +3.802000492e-09 -1.729000000e+02 -1.729000000e+02 -2.9312e+00 -1.0272e+00
4969 +2.413258926e-09 +2.413258926e-09 -1.729000000e+02 -1.729000000e+02 -2.9312e+00 -1.0272e+00
4994 +1.175635589e-09 +1.175635589e-09 -1.729000000e+02 -1.729000000e+02 -2.9312e+00 -1.0272e+00
% function evaluation | noise-free fitness - Fopt (-3.506200000000e+02) | best noise-free fitness - Fopt | measured fitness | best measured fitness | x1 | x2...
1 +1.203234533e+04 +1.203234533e+04 +1.168172533e+04 +1.168172533e+04 +3.1472e+00 +4.0579e+00
2 +4.184191452e+02 +4.184191452e+02 +6.779914519e+01 +6.779914519e+01 -3.7301e+00 +4.1338e+00
17 +8.818611663e+01 +8.818611663e+01 -2.624338834e+02 -2.624338834e+02 -2.2308e+00 -4.5383e+00
18 +3.102435769e+01 +3.102435769e+01 -3.195956423e+02 -3.195956423e+02 -4.0287e+00 +3.2346e+00
35 +1.149478804e+01 +1.149478804e+01 -3.391252120e+02 -3.391252120e+02 -3.5071e+00 -2.4249e+00
141 +2.674235801e+00 +2.674235801e+00 -3.479457642e+02 -3.479457642e+02 -3.6126e+00 -2.9861e+00
183 +1.771572003e+00 +1.771572003e+00 -3.488484280e+02 -3.488484280e+02 -3.7072e+00 -3.3188e+00
217 +7.892240316e-01 +7.892240316e-01 -3.498307760e+02 -3.498307760e+02 -3.7242e+00 -3.3946e+00
317 +2.528063655e-01 +2.528063655e-01 -3.503671936e+02 -3.503671936e+02 -3.8572e+00 -3.6390e+00
752 +8.037966520e-02 +8.037966520e-02 -3.505396203e+02 -3.505396203e+02 -3.9125e+00 -3.7455e+00
774 +4.503458779e-02 +4.503458779e-02 -3.505749654e+02 -3.505749654e+02 -3.9106e+00 -3.7435e+00
989 +3.096095435e-02 +3.096095435e-02 -3.505890390e+02 -3.505890390e+02 -3.9119e+00 -3.7447e+00
1471 +1.903686884e-02 +1.903686884e-02 -3.506009631e+02 -3.506009631e+02 -3.9097e+00 -3.7394e+00
1703 +8.066905517e-03 +8.066905517e-03 -3.506119331e+02 -3.506119331e+02 -3.9068e+00 -3.7342e+00
2075 +3.277831927e-03 +3.277831927e-03 -3.506167222e+02 -3.506167222e+02 -3.9090e+00 -3.7385e+00
3187 +1.753405551e-03 +1.753405551e-03 -3.506182466e+02 -3.506182466e+02 -3.9091e+00 -3.7390e+00
3231 +2.495966793e-04 +2.495966793e-04 -3.506197504e+02 -3.506197504e+02 -3.9096e+00 -3.7399e+00
3563 +1.076801365e-04 +1.076801365e-04 -3.506198923e+02 -3.506198923e+02 -3.9096e+00 -3.7400e+00
3587 +3.338899097e-05 +3.338899097e-05 -3.506199666e+02 -3.506199666e+02 -3.9096e+00 -3.7400e+00
3888 +9.275193463e-06 +9.275193463e-06 -3.506199907e+02 -3.506199907e+02 -3.9096e+00 -3.7400e+00
3989 +5.446061266e-06 +5.446061266e-06 -3.506199946e+02 -3.506199946e+02 -3.9096e+00 -3.7400e+00
4008 +2.402900293e-06 +2.402900293e-06 -3.506199976e+02 -3.506199976e+02 -3.9096e+00 -3.7400e+00
4088 +1.474661644e-06 +1.474661644e-06 -3.506199985e+02 -3.506199985e+02 -3.9096e+00 -3.7400e+00
4328 +9.598981592e-07 +9.598981592e-07 -3.506199990e+02 -3.506199990e+02 -3.9096e+00 -3.7400e+00
4431 +5.644357088e-07 +5.644357088e-07 -3.506199994e+02 -3.506199994e+02 -3.9096e+00 -3.7400e+00
4563 +2.866464683e-07 +2.866464683e-07 -3.506199997e+02 -3.506199997e+02 -3.9096e+00 -3.7400e+00
4719 +1.009393031e-07 +1.009393031e-07 -3.506199999e+02 -3.506199999e+02 -3.9096e+00 -3.7400e+00
4805 +3.352005251e-08 +3.352005251e-08 -3.506200000e+02 -3.506200000e+02 -3.9096e+00 -3.7400e+00
4919 +1.794785476e-08 +1.794785476e-08 -3.506200000e+02 -3.506200000e+02 -3.9096e+00 -3.7400e+00
4968 +5.389438229e-09 +5.389438229e-09 -3.506200000e+02 -3.506200000e+02 -3.9096e+00 -3.7400e+00
