% function evaluation | noise-free fitness - Fopt (-1.694000000000e+01) | best noise-free fitness - Fopt | measured fitness | best measured fitness | x1 | x2...
1 +7.864415729e+00 +7.864415729e+00 -9.075584271e+00 -9.075584271e+00 +3.1472e+00 +4.0579e+00 -3.7301e+00 +4.1338e+00 +1.3236e+00
189 +6.296971552e+00 +6.296971552e+00 -1.064302845e+01 -1.064302845e+01 +3.5303e+00 +1.2206e+00 -7.7779e-02 +1.3250e-01 -1.4934e+00
226 +3.137022733e+00 +3.137022733e+00 -1.380297727e+01 -1.380297727e+01 +4.1812e+00 +7.4846e-01 -1.2186e+00 +3.1013e+00 +6.0175e-01
362 +2.306899387e+00 +2.306899387e+00 -1.463310061e+01 -1.463310061e+01 +2.8066e+00 +2.0499e+00 -1.5540e+00 +5.3406e-01 +6.5130e-01
513 +1.401968179e+00 +1.401968179e+00 -1.553803182e+01 -1.553803182e+01 +3.4800e+00 +2.7347e+00 -1.3994e+00 +1.9749e+00 +1.5684e+00
604 +7.097713512e-01 +7.097713512e-01 -1.623022865e+01 -1.623022865e+01 +4.1146e+00 +2.4123e+00 -1.6441e+00 +1.4080e+00 +1.4208e+00
717 +5.337636796e-01 +5.337636796e-01 -1.640623632e+01 -1.640623632e+01 +3.2854e+00 +2.3040e+00 -1.5872e+00 +1.6579e+00 +1.3791e+00
764 +3.520479215e-01 +3.520479215e-01 -1.658795208e+01 -1.658795208e+01 +3.5716e+00 +2.4324e+00 -1.6441e+00 +1.4080e+00 +1.2447e+00
886 +2.507775942e-01 +2.507775942e-01 -1.668922241e+01 -1.668922241e+01 +3.6400e+00 +2.5727e+00 -1.6034e+00 +1.4041e+00 +1.5034e+00
1323 +1.027920365e-01 +1.027920365e-01 -1.683720796e+01 -1.683720796e+01 +3.5547e+00 +2.5100e+00 -1.5960e+00 +1.5235e+00 +1.3698e+00
1443 +6.348812772e-02 +6.348812772e-02 -1.687651187e+01 -1.687651187e+01 +3.5770e+00 +2.5019e+00 -1.5897e+00 +1.5235e+00 +1.3762e+00
1764 +6.124008823e-02 +6.124008823e-02 -1.687875991e+01 -1.687875991e+01 +3.6281e+00 +2.5263e+00 -1.5712e+00 +1.5275e+00 +1.3954e+00
2027 +3.933478676e-02 +3.933478676e-02 -1.690066521e+01 -1.690066521e+01 +3.6238e+00 +2.5329e+00 -1.5569e+00 +1.5134e+00 +1.3897e+00
3039 +2.508945004e-02 +2.508945004e-02 -1.691491055e+01 -1.691491055e+01 +3.5784e+00 +2.5032e+00 -1.5774e+00 +1.5134e+00 +1.3807e+00
3620 +1.265114411e-02 +1.265114411e-02 -1.692734886e+01 -1.692734886e+01 +3.5844e+00 +2.5020e+00 -1.5737e+00 +1.5176e+00 +1.3817e+00
4646 +8.542498003e-03 +8.542498003e-03 -1.693145750e+01 -1.693145750e+01 +3.5827e+00 +2.4996e+00 -1.5743e+00 +1.5183e+00 +1.3809e+00
% function evaluation | noise-free fitness - Fopt (1.881000000000e+01) | best noise-free fitness - Fopt | measured fitness | best measured fitness | x1 | x2...
1 +1.601315547e+01 +1.601315547e+01 +3.482315547e+01 +3.482315547e+01 +3.1472e+00 +4.0579e+00 -3.7301e+00 +4.1338e+00 +1.3236e+00
5 +1.168861689e+01 +1.168861689e+01 +3.049861689e+01 +3.049861689e+01 +1.5574e+00 -4.6429e+00 +3.4913e+00 +4.3399e+00 +1.7874e+00
10 +7.315860873e+00 +7.315860873e+00 +2.612586087e+01 +2.612586087e+01 -1.0236e-01 -5.4414e-01 +1.4631e+00 +2.0936e+00 +2.5469e+00
46 +5.316599093e+00 +5.316599093e+00 +2.412659909e+01 +2.412659909e+01 -4.0987e-02 +2.4313e+00 -6.6948e-01 +1.5548e+00 -1.7070e+00
122 +2.694168105e+00 +2.694168105e+00 +2.150416810e+01 +2.150416810e+01 +7.0901e-01 +1.1624e+00 +3.7796e-01 +5.3406e-01 +2.2592e+00
383 +1.316253174e+00 +1.316253174e+00 +2.012625317e+01 +2.012625317e+01 +1.2854e-02 +1.4964e+00 -3.2885e-01 -2.2960e-01 +2.2641e+00
721 +7.404720266e-01 +7.404720266e-01 +1.955047203e+01 +1.955047203e+01 -1.5924e-01 +1.3820e+00 -8.9885e-01 -3.2622e-01 +2.0607e+00
841 +6.218456460e-01 +6.218456460e-01 +1.943184565e+01 +1.943184565e+01 -1.5924e-01 +1.3820e+00 -8.9885e-01 -3.2622e-01 +1.9394e+00
1032 +2.001675763e-01 +2.001675763e-01 +1.901016758e+01 +1.901016758e+01 -2.0570e-01 +1.7672e+00 -9.1515e-01 -1.4357e-01 +1.6487e+00
1383 +1.416735355e-01 +1.416735355e-01 +1.895167354e+01 +1.895167354e+01 -2.0536e-01 +1.6726e+00 -8.1514e-01 -2.5750e-01 +1.8060e+00
1798 +9.075470194e-02 +9.075470194e-02 +1.890075470e+01 +1.890075470e+01 -2.0567e-01 +1.7901e+00 -8.8611e-01 -3.9710e-02 +1.6560e+00
1994 +3.962151984e-02 +3.962151984e-02 +1.884962152e+01 +1.884962152e+01 -1.8314e-01 +1.7752e+00 -8.1405e-01 -5.3889e-02 +1.6513e+00
2523 +2.498635757e-02 +2.498635757e-02 +1.883498636e+01 +1.883498636e+01 -2.0023e-01 +1.7845e+00 -8.2997e-01 -2.8461e-02 +1.6605e+00
2642 +1.388308192e-02 +1.388308192e-02 +1.882388308e+01 +1.882388308e+01 -1.9043e-01 +1.7803e+00 -8.2203e-01 -4.1026e-02 +1.6718e+00
3007 +6.322410024e-03 +6.322410024e-03 +1.881632241e+01 +1.881632241e+01 -1.9082e-01 +1.7887e+00 -8.2459e-01 -3.3275e-02 +1.6715e+00
3172 +3.791031344e-03 +3.791031344e-03 +1.881379103e+01 +1.881379103e+01 -1.9284e-01 +1.7815e+00 -8.2289e-01 -2.9239e-02 +1.6676e+00
3581 +1.751159313e-03 +1.751159313e-03 +1.881175116e+01 +1.881175116e+01 -1.9175e-01 +1.7821e+00 -8.2228e-01 -3.1344e-02 +1.6703e+00
3843 +1.579952143e-03 +1.579952143e-03 +1.881157995e+01 +1.881157995e+01 -1.9105e-01 +1.7815e+00 -8.2201e-01 -3.3836e-02 +1.6717e+00
3929 +8.306735639e-04 +8.306735639e-04 +1.881083067e+01 +1.881083067e+01 -1.9160e-01 +1.7812e+00 -8.2237e-01 -3.3559e-02 +1.6719e+00
4368 +4.272047918e-04 +4.272047918e-04 +1.881042720e+01 +1.881042720e+01 -1.9112e-01 +1.7810e+00 -8.2265e-01 -3.3753e-02 +1.6719e+00
4688 +2.917542316e-04 +2.917542316e-04 +1.881029175e+01 +1.881029175e+01 -1.9112e-01 +1.7810e+00 -8.2239e-01 -3.3439e-02 +1.6719e+00
4941 +1.234514880e-04 +1.234514880e-04 +1.881012345e+01 +1.881012345e+01 -1.9128e-01 +1.7808e+00 -8.2237e-01 -3.3669e-02 +1.6720e+00
% function evaluation | noise-free fitness - Fopt (2.731500000000e+02) | best noise-free fitness - Fopt | measured fitness | best measured fitness | x1 | x2...
1 +2.239984119e+01 +2.239984119e+01 +2.955498412e+02 +2.955498412e+02 +3.1472e+00 +4.0579e+00 -3.7301e+00 +4.1338e+00 +1.3236e+00
2 +1.368580830e+01 +1.368580830e+01 +2.868358083e+02 +2.868358083e+02 -4.0246e+00 -2.2150e+00 +4.6882e-01 +4.5751e+00 +4.6489e+00
10 +9.868160330e+00 +9.868160330e+00 +2.830181603e+02 +2.830181603e+02 -1.0236e-01 -5.4414e-01 +1.4631e+00 +2.0936e+00 +2.5469e+00
170 +5.654067796e+00 +5.654067796e+00 +2.788040678e+02 +2.788040678e+02 -1.8877e+00 +2.3699e+00 +1.4631e+00 +2.0936e+00 +3.8677e+00
177 +3.591898995e+00 +3.591898995e+00 +2.767418990e+02 +2.767418990e+02 -3.3014e+00 +4.0525e+00 -4.0777e-01 +7.6680e-01 +1.4937e+00
394 +2.055605628e+00 +2.055605628e+00 +2.752056056e+02 +2.752056056e+02 -1.5255e+00 +2.7142e+00 +4.5783e-01 +2.9055e+00 +2.1358e+00
593 +1.355882940e+00 +1.355882940e+00 +2.745058829e+02 +2.745058829e+02 -3.3102e+00 +3.5217e+00 -6.6524e-01 +2.2085e+00 +1.5915e+00
651 +8.577856507e-01 +8.577856507e-01 +2.740077857e+02 +2.740077857e+02 -3.4374e+00 +3.6742e+00 -6.4339e-01 +2.3765e+00 +1.9223e+00
765 +6.300135329e-01 +6.300135329e-01 +2.737800135e+02 +2.737800135e+02 -3.4623e+00 +4.1430e+00 -7.8108e-01 +2.2916e+00 +1.8735e+00
1028 +3.568786434e-01 +3.568786434e-01 +2.735068786e+02 +2.735068786e+02 -3.4249e+00 +3.7232e+00 -2.9329e-01 +2.5582e+00 +2.1048e+00
1238 +2.389240366e-01 +2.389240366e-01 +2.733889240e+02 +2.733889240e+02 -3.4910e+00 +3.8324e+00 -4.3447e-01 +2.5329e+00 +1.9226e+00
1617 +1.511439120e-01 +1.511439120e-01 +2.733011439e+02 +2.733011439e+02 -3.5032e+00 +3.8089e+00 -4.7981e-01 +2.5639e+00 +1.9675e+00
1667 +9.794301534e-02 +9.794301534e-02 +2.732479430e+02 +2.732479430e+02 -3.5295e+00 +3.7349e+00 -4.2805e-01 +2.5721e+00 +1.9997e+00
1947 +6.108345727e-02 +6.108345727e-02 +2.732110835e+02 +2.732110835e+02 -3.5582e+00 +3.7716e+00 -4.9857e-01 +2.5568e+00 +2.0048e+00
2134 +3.574210622e-02 +3.574210622e-02 +2.731857421e+02 +2.731857421e+02 -3.5923e+00 +3.7667e+00 -4.9637e-01 +2.5612e+00 +2.0056e+00
2202 +2.119476562e-02 +2.119476562e-02 +2.731711948e+02 +2.731711948e+02 -3.5781e+00 +3.7566e+00 -4.7013e-01 +2.5659e+00 +1.9933e+00
2393 +1.358020771e-02 +1.358020771e-02 +2.731635802e+02 +2.731635802e+02 -3.5806e+00 +3.7512e+00 -4.8226e-01 +2.5674e+00 +2.0114e+00
2526 +8.829893846e-03 +8.829893846e-03 +2.731588299e+02 +2.731588299e+02 -3.5835e+00 +3.7511e+00 -4.8321e-01 +2.5660e+00 +2.0081e+00
2773 +5.320092810e-03 +5.320092810e-03 +2.731553201e+02 +2.731553201e+02 -3.5794e+00 +3.7520e+00 -4.7720e-01 +2.5705e+00 +2.0075e+00
2805 +3.882471751e-03 +3.882471751e-03 +2.731538825e+02 +2.731538825e+02 -3.5785e+00 +3.7529e+00 -4.7826e-01 +2.5693e+00 +2.0064e+00
2869 +1.989005729e-03 +1.989005729e-03 +2.731519890e+02 +2.731519890e+02 -3.5799e+00 +3.7539e+00 -4.7826e-01 +2.5695e+00 +2.0078e+00
3302 +1.497038389e-03 +1.497038389e-03 +2.731514970e+02 +2.731514970e+02 -3.5821e+00 +3.7535e+00 -4.7842e-01 +2.5693e+00 +2.0083e+00
3383 +8.795143781e-04 +8.795143781e-04 +2.731508795e+02 +2.731508795e+02 -3.5796e+00 +3.7539e+00 -4.7811e-01 +2.5687e+00 +2.0076e+00
3618 +5.202408777e-04 +5.202408777e-04 +2.731505202e+02 +2.731505202e+02 -3.5795e+00 +3.7536e+00 -4.7841e-01 +2.5688e+00 +2.0078e+00
3722 +3.703282515e-04 +3.703282515e-04 +2.731503703e+02 +2.731503703e+02 -3.5792e+00 +3.7533e+00 -4.7843e-01 +2.5689e+00 +2.0077e+00
4132 +5.062703417e-05 +5.062703417e-05 +2.731500506e+02 +2.731500506e+02 -3.5792e+00 +3.7536e+00 -4.7842e-01 +2.5688e+00 +2.0080e+00
4987 +3.531145046e-05 +3.531145046e-05 +2.731500353e+02 +2.731500353e+02 -3.5792e+00 +3.7536e+00 -4.7841e-01 +2.5688e+00 +2.0080e+00
% function evaluation | noise-free fitness - Fopt (3.718000000000e+01) | best noise-free fitness - Fopt | measured fitness | best measured fitness | x1 | x2...
1 +8.262940641e+01 +8.262940641e+01 +1.198094064e+02 +1.198094064e+02 +3.1472e+00 +4.0579e+00 -3.7301e+00 +4.1338e+00 +1.3236e+00
3 +5.124534346e+01 +5.124534346e+01 +8.842534346e+01 +8.842534346e+01 -3.4239e+00 +4.7059e+00 +4.5717e+00 -1.4624e-01 +3.0028e+00
4 +2.469059943e+01 +2.469059943e+01 +6.187059943e+01 +6.187059943e+01 -3.5811e+00 -7.8239e-01 +4.1574e+00 +2.9221e+00 +4.5949e+00
6 +1.565104372e+01 +1.565104372e+01 +5.283104372e+01 +5.283104372e+01 +2.5774e+00 +2.4313e+00 -1.0777e+00 +1.5548e+00 -3.2881e+00
28 +5.452825978e+00 +5.452825978e+00 +4.263282598e+01 +4.263282598e+01 -3.6393e+00 +3.6929e+00 +7.9705e-01 +4.9860e-01 -3.5505e+00
226 +3.080483181e+00 +3.080483181e+00 +4.026048318e+01 +4.026048318e+01 -3.5789e+00 +2.7132e+00 +3.4131e+00 +1.6483e+00 -2.6455e+00
322 +1.508719189e+00 +1.508719189e+00 +3.868871919e+01 +3.868871919e+01 -2.9384e+00 +2.6955e+00 +1.8182e+00 +2.1526e+00 -3.4687e+00
581 +8.118403012e-01 +8.118403012e-01 +3.799184030e+01 +3.799184030e+01 -3.8703e+00 +2.4453e+00 +2.1365e+00 +1.5826e+00 -3.5719e+00
671 +5.440320974e-01 +5.440320974e-01 +3.772403210e+01 +3.772403210e+01 -4.1311e+00 +2.2031e+00 +1.6274e+00 +1.7885e+00 -3.7663e+00
958 +3.042336324e-01 +3.042336324e-01 +3.748423363e+01 +3.748423363e+01 -4.1233e+00 +2.2177e+00 +1.6124e+00 +1.8394e+00 -3.6187e+00
1326 +2.087797299e-01 +2.087797299e-01 +3.738877973e+01 +3.738877973e+01 -3.8705e+00 +2.0792e+00 +1.8664e+00 +1.7088e+00 -3.5350e+00
1770 +1.493789720e-01 +1.493789720e-01 +3.732937897e+01 +3.732937897e+01 -4.1240e+00 +2.0760e+00 +1.7445e+00 +1.6928e+00 -3.6312e+00
2305 +8.067355881e-02 +8.067355881e-02 +3.726067356e+01 +3.726067356e+01 -4.0844e+00 +2.0812e+00 +1.7453e+00 +1.6919e+00 -3.6149e+00
2931 +6.102549302e-02 +6.102549302e-02 +3.724102549e+01 +3.724102549e+01 -4.1022e+00 +2.0791e+00 +1.7488e+00 +1.6767e+00 -3.6064e+00
3261 +3.753298549e-02 +3.753298549e-02 +3.721753299e+01 +3.721753299e+01 -3.9453e+00 +2.0614e+00 +1.9688e+00 +1.6263e+00 -3.5509e+00
4483 +1.997873599e-02 +1.997873599e-02 +3.719997874e+01 +3.719997874e+01 -3.9187e+00 +2.0613e+00 +2.0109e+00 +1.6128e+00 -3.5421e+00
% function evaluation | noise-free fitness - Fopt (-1.479000000000e+02) | best noise-free fitness - Fopt | measured fitness | best measured fitness | x1 | x2...
1 +4.172175467e+01 +4.172175467e+01 -1.061782453e+02 -1.061782453e+02 +3.1472e+00 +4.0579e+00 -3.7301e+00 +4.1338e+00 +1.3236e+00
3 +2.526585058e+01 +2.526585058e+01 -1.226341494e+02 -1.226341494e+02 -3.4239e+00 +4.7059e+00 +4.5717e+00 -1.4624e-01 +3.0028e+00
6 +1.294417679e+01 +1.294417679e+01 -1.349558232e+02 -1.349558232e+02 +2.5774e+00 +2.4313e+00 -1.0777e+00 +1.5548e+00 -3.2881e+00
7 +9.703009277e+00 +9.703009277e+00 -1.381969907e+02 -1.381969907e+02 +2.0605e+00 -4.6817e+00 -2.2308e+00 -4.5383e+00 -4.0287e+00
72 +5.756644369e+00 +5.756644369e+00 -1.421433556e+02 -1.421433556e+02 -1.0747e-01 -1.6228e+00 -6.5727e-01 -1.3075e+00 -3.8880e+00
136 +3.431419272e+00 +3.431419272e+00 -1.444685807e+02 -1.444685807e+02 -1.5002e+00 +2.1704e+00 -2.4892e+00 -4.1120e+00 -4.2764e+00
271 +1.541226757e+00 +1.541226757e+00 -1.463587732e+02 -1.463587732e+02 -1.9404e+00 +4.4629e-02 +3.5898e-01 -2.1538e+00 -3.0750e+00
550 +8.392310546e-01 +8.392310546e-01 -1.470607689e+02 -1.470607689e+02 -1.9839e+00 +8.7784e-01 -2.5832e-01 -2.4664e+00 -3.6878e+00
846 +4.922669377e-01 +4.922669377e-01 -1.474077331e+02 -1.474077331e+02 -1.7483e+00 -1.8015e-01 +1.1977e+00 -1.7088e+00 -3.3634e+00
976 +2.630478086e-01 +2.630478086e-01 -1.476369522e+02 -1.476369522e+02 -1.6713e+00 +1.0559e-01 +1.1778e+00 -2.1351e+00 -3.0428e+00
1230 +1.752812507e-01 +1.752812507e-01 -1.477247187e+02 -1.477247187e+02 -1.7350e+00 +9.9094e-03 +1.0887e+00 -2.0891e+00 -3.0787e+00
1248 +1.301904705e-01 +1.301904705e-01 -1.477698095e+02 -1.477698095e+02 -1.6882e+00 +1.1736e-01 +1.1679e+00 -2.0016e+00 -3.0410e+00
1328 +6.158446509e-02 +6.158446509e-02 -1.478384155e+02 -1.478384155e+02 -1.6882e+00 +1.1736e-01 +1.1679e+00 -2.0016e+00 -3.1129e+00
1943 +3.690604998e-02 +3.690604998e-02 -1.478630940e+02 -1.478630940e+02 -1.6697e+00 +1.2168e-01 +1.1298e+00 -2.0283e+00 -3.1027e+00
2220 +2.288296744e-02 +2.288296744e-02 -1.478771170e+02 -1.478771170e+02 -1.6663e+00 +1.2570e-01 +1.1640e+00 -2.0025e+00 -3.0874e+00
2642 +1.202280859e-02 +1.202280859e-02 -1.478879772e+02 -1.478879772e+02 -1.6714e+00 +1.3131e-01 +1.1318e+00 -2.0195e+00 -3.1034e+00
2763 +9.891927114e-03 +9.891927114e-03 -1.478901081e+02 -1.478901081e+02 -1.6669e+00 +1.3736e-01 +1.1296e+00 -2.0228e+00 -3.1172e+00
3279 +4.621270543e-03 +4.621270543e-03 -1.478953787e+02 -1.478953787e+02 -1.6707e+00 +1.3401e-01 +1.1381e+00 -2.0156e+00 -3.1102e+00
3347 +3.287667198e-03 +3.287667198e-03 -1.478967123e+02 -1.478967123e+02 -1.6713e+00 +1.3746e-01 +1.1300e+00 -2.0187e+00 -3.1120e+00
3699 +1.246300748e-03 +1.246300748e-03 -1.478987537e+02 -1.478987537e+02 -1.6694e+00 +1.3497e-01 +1.1365e+00 -2.0146e+00 -3.1091e+00
4062 +7.538760335e-04 +7.538760335e-04 -1.478992461e+02 -1.478992461e+02 -1.6704e+00 +1.3530e-01 +1.1359e+00 -2.0153e+00 -3.1100e+00
4382 +3.793272290e-04 +3.793272290e-04 -1.478996207e+02 -1.478996207e+02 -1.6704e+00 +1.3530e-01 +1.1366e+00 -2.0153e+00 -3.1095e+00
4831 +2.437668878e-04 +2.437668878e-04 -1.478997562e+02 -1.478997562e+02 -1.6705e+00 +1.3528e-01 +1.1368e+00 -2.0152e+00 -3.1097e+00
% function evaluation | noise-free fitness - Fopt (-2.218900000000e+02) | best noise-free fitness - Fopt | measured fitness | best measured fitness | x1 | x2...
1 +2.636460612e+02 +2.636460612e+02 +4.175606117e+01 +4.175606117e+01 +3.1472e+00 +4.0579e+00 -3.7301e+00 +4.1338e+00 +1.3236e+00
2 +3.894094805e+01 +3.894094805e+01 -1.829490519e+02 -1.829490519e+02 -4.0246e+00 -2.2150e+00 +4.6882e-01 +4.5751e+00 +4.6489e+00
3 +2.196492726e+01 +2.196492726e+01 -1.999250727e+02 -1.999250727e+02 -3.4239e+00 +4.7059e+00 +4.5717e+00 -1.4624e-01 +3.0028e+00
7 +1.262822393e+01 +1.262822393e+01 -2.092617761e+02 -2.092617761e+02 +2.0605e+00 -4.6817e+00 -2.2308e+00 -4.5383e+00 -4.0287e+00
28 +8.898460168e+00 +8.898460168e+00 -2.129915398e+02 -2.129915398e+02 -3.6393e+00 +3.6929e+00 +7.9705e-01 +4.9860e-01 -3.5505e+00
76 +6.208405880e+00 +6.208405880e+00 -2.156815941e+02 -2.156815941e+02 -3.3101e+00 -7.3960e-01 +1.2171e+00 +1.4093e+00 -4.9076e-01
83 +2.927600777e+00 +2.927600777e+00 -2.189623992e+02 -2.189623992e+02 -3.7676e+00 -4.7909e-02 +8.6582e-01 -1.4624e-01 -1.4745e+00
275 +1.664446694e+00 +1.664446694e+00 -2.202255533e+02 -2.202255533e+02 -3.5850e+00 +2.3239e-01 +1.3509e+00 +1.3607e+00 -2.3546e+00
360 +7.541317579e-01 +7.541317579e-01 -2.211358682e+02 -2.211358682e+02 -3.3990e+00 -1.5059e-02 +6.4910e-01 +1.1176e+00 -2.1059e+00
810 +3.736349903e-01 +3.736349903e-01 -2.215163650e+02 -2.215163650e+02 -4.0605e+00 +4.4112e-01 +4.9869e-01 +1.0963e+00 -1.9826e+00
1328 +2.265005742e-01 +2.265005742e-01 -2.216634994e+02 -2.216634994e+02 -3.9960e+00 +2.6845e-01 +4.2545e-01 +8.7307e-01 -1.9293e+00
1399 +1.328244083e-01 +1.328244083e-01 -2.217571756e+02 -2.217571756e+02 -3.9697e+00 +3.1744e-01 +3.3917e-01 +9.5153e-01 -1.9268e+00
1519 +9.088358506e-02 +9.088358506e-02 -2.217991164e+02 -2.217991164e+02 -3.9697e+00 +3.1744e-01 +3.1887e-01 +9.5153e-01 -1.9268e+00
2037 +5.556361970e-02 +5.556361970e-02 -2.218344364e+02 -2.218344364e+02 -3.9224e+00 +2.3837e-01 +2.2124e-01 +8.8863e-01 -1.9552e+00
2238 +2.908495130e-02 +2.908495130e-02 -2.218609150e+02 -2.218609150e+02 -3.9429e+00 +2.4647e-01 +2.7996e-01 +9.1609e-01 -1.9652e+00
2920 +2.143393849e-02 +2.143393849e-02 -2.218685661e+02 -2.218685661e+02 -3.9316e+00 +2.4164e-01 +2.6475e-01 +8.8910e-01 -1.9499e+00
3099 +1.297658206e-02 +1.297658206e-02 -2.218770234e+02 -2.218770234e+02 -3.9375e+00 +2.4086e-01 +2.5720e-01 +8.9067e-01 -1.9477e+00
3436 +9.059622729e-03 +9.059622729e-03 -2.218809404e+02 -2.218809404e+02 -3.9416e+00 +2.4367e-01 +2.5982e-01 +8.8812e-01 -1.9514e+00
3482 +3.108178822e-03 +3.108178822e-03 -2.218868918e+02 -2.218868918e+02 -3.9421e+00 +2.4666e-01 +2.5944e-01 +8.8683e-01 -1.9548e+00
3719 +1.034597751e-03 +1.034597751e-03 -2.218889654e+02 -2.218889654e+02 -3.9427e+00 +2.4830e-01 +2.6119e-01 +8.8825e-01 -1.9544e+00
4085 +8.417885086e-04 +8.417885086e-04 -2.218891582e+02 -2.218891582e+02 -3.9435e+00 +2.4800e-01 +2.6138e-01 +8.8880e-01 -1.9541e+00
4207 +4.132043375e-04 +4.132043375e-04 -2.218895868e+02 -2.218895868e+02 -3.9436e+00 +2.4798e-01 +2.6156e-01 +8.8890e-01 -1.9543e+00
4563 +3.458943717e-04 +3.458943717e-04 -2.218896541e+02 -2.218896541e+02 -3.9433e+00 +2.4796e-01 +2.6177e-01 +8.8893e-01 -1.9544e+00
% function evaluation | noise-free fitness - Fopt (1.195400000000e+02) | best noise-free fitness - Fopt | measured fitness | best measured fitness | x1 | x2...
1 +1.162252000e+01 +1.162252000e+01 +1.311625200e+02 +1.311625200e+02 +3.1472e+00 +4.0579e+00 -3.7301e+00 +4.1338e+00 +1.3236e+00
29 +6.918246073e+00 +6.918246073e+00 +1.264582461e+02 +1.264582461e+02 +3.5303e+00 +1.2206e+00 -1.4905e+00 +1.3250e-01 -9.8192e-01
158 +5.927276753e+00 +5.927276753e+00 +1.254672768e+02 +1.254672768e+02 -2.9201e+00 +1.7322e+00 -6.3721e-01 +2.8023e+00 +3.2282e+00
255 +1.689725166e+00 +1.689725166e+00 +1.212297252e+02 +1.212297252e+02 -6.4516e-01 +1.0833e+00 -2.6366e+00 +8.2307e-01 +3.1893e+00
707 +1.187361301e+00 +1.187361301e+00 +1.207273613e+02 +1.207273613e+02 +1.6625e+00 +1.2322e+00 -3.2235e+00 -5.3690e-01 +3.8294e+00
874 +8.119711249e-01 +8.119711249e-01 +1.203519711e+02 +1.203519711e+02 +2.1392e+00 +1.3627e+00 -2.6232e+00 +1.7340e-01 +3.7669e+00
1032 +4.945218948e-01 +4.945218948e-01 +1.200345219e+02 +1.200345219e+02 +1.5717e+00 +8.2111e-01 -2.7628e+00 -3.8257e-01 +3.5478e+00
1412 +3.313476877e-01 +3.313476877e-01 +1.198713477e+02 +1.198713477e+02 +1.3201e+00 +1.1148e+00 -2.9019e+00 -4.4478e-01 +3.7866e+00
1580 +2.224242846e-01 +2.224242846e-01 +1.197624243e+02 +1.197624243e+02 +1.4318e+00 +9.7661e-01 -2.9745e+00 -2.8560e-01 +3.7290e+00
1719 +1.421389624e-01 +1.421389624e-01 +1.196821390e+02 +1.196821390e+02 +1.3425e+00 +9.8308e-01 -2.9960e+00 -3.7293e-01 +3.8119e+00
1850 +7.899126433e-02 +7.899126433e-02 +1.196189913e+02 +1.196189913e+02 +1.4257e+00 +9.9567e-01 -2.9767e+00 -3.2531e-01 +3.7520e+00
2135 +6.075146363e-02 +6.075146363e-02 +1.196007515e+02 +1.196007515e+02 +1.4445e+00 +9.9039e-01 -2.9817e+00 -3.3279e-01 +3.7886e+00
2455 +3.551403267e-02 +3.551403267e-02 +1.195755140e+02 +1.195755140e+02 +1.4445e+00 +9.9039e-01 -2.9724e+00 -3.3279e-01 +3.7886e+00
2720 +2.432251973e-02 +2.432251973e-02 +1.195643225e+02 +1.195643225e+02 +1.4050e+00 +9.6058e-01 -3.0131e+00 -3.4503e-01 +3.7876e+00
3928 +1.436307546e-02 +1.436307546e-02 +1.195543631e+02 +1.195543631e+02 +1.3900e+00 +9.6217e-01 -3.0069e+00 -3.3734e-01 +3.7847e+00
4914 +9.938568974e-03 +9.938568974e-03 +1.195499386e+02 +1.195499386e+02 +1.3916e+00 +9.6127e-01 -3.0097e+00 -3.3785e-01 +3.7843e+00
% function evaluation | noise-free fitness - Fopt (6.983000000000e+01) | best noise-free fitness - Fopt | measured fitness | best measured fitness | x1 | x2...
1 +1.479754861e+02 +1.479754861e+02 +2.178054861e+02 +2.178054861e+02 +3.1472e+00 +4.0579e+00 -3.7301e+00 +4.1338e+00 +1.3236e+00
2 +3.026114358e+01 +3.026114358e+01 +1.000911436e+02 +1.000911436e+02 -4.0246e+00 -2.2150e+00 +4.6882e-01 +4.5751e+00 +4.6489e+00
4 +2.197332217e+01 +2.197332217e+01 +9.180332217e+01 +9.180332217e+01 -3.5811e+00 -7.8239e-01 +4.1574e+00 +2.9221e+00 +4.5949e+00
16 +1.480952863e+01 +1.480952863e+01 +8.463952863e+01 +8.463952863e+01 -1.5002e+00 -3.0340e+00 -2.4892e+00 +1.1604e+00 -2.6711e-01
68 +6.962694938e+00 +6.962694938e+00 +7.679269494e+01 +7.679269494e+01 -7.8927e-01 -1.6926e+00 -2.3721e+00 +1.3202e+00 -4.5594e-01
162 +3.998485287e+00 +3.998485287e+00 +7.382848529e+01 +7.382848529e+01 -2.6461e+00 -3.1722e+00 -3.9431e+00 -3.2347e+00 +2.2592e+00
193 +3.558485771e+00 +3.558485771e+00 +7.338848577e+01 +7.338848577e+01 -2.8641e+00 -1.1026e+00 -4.0719e+00 -5.0172e+00 +1.4269e+00
242 +1.754225555e+00 +1.754225555e+00 +7.158422555e+01 +7.158422555e+01 -2.6461e+00 -2.0766e+00 -2.3812e+00 -3.2347e+00 +1.2471e+00
321 +1.114315203e+00 +1.114315203e+00 +7.094431520e+01 +7.094431520e+01 -3.0742e+00 -1.6826e+00 -2.5859e+00 -4.2833e+00 +1.7791e+00
404 +7.964948363e-01 +7.964948363e-01 +7.062649484e+01 +7.062649484e+01 -2.6067e+00 -1.5420e+00 -2.9310e+00 -3.6011e+00 +1.3981e+00
436 +4.779907377e-01 +4.779907377e-01 +7.030799074e+01 +7.030799074e+01 -3.0099e+00 -1.4780e+00 -2.6014e+00 -3.5146e+00 +1.4211e+00
785 +2.271589088e-01 +2.271589088e-01 +7.005715891e+01 +7.005715891e+01 -2.9562e+00 -1.4540e+00 -2.6229e+00 -3.4923e+00 +1.4990e+00
1174 +1.249189240e-01 +1.249189240e-01 +6.995491892e+01 +6.995491892e+01 -2.9097e+00 -1.3738e+00 -2.6431e+00 -3.4560e+00 +1.6358e+00
1465 +8.013320951e-02 +8.013320951e-02 +6.991013321e+01 +6.991013321e+01 -2.9215e+00 -1.4749e+00 -2.6473e+00 -3.5251e+00 +1.5878e+00
1582 +4.069768823e-02 +4.069768823e-02 +6.987069769e+01 +6.987069769e+01 -2.8522e+00 -1.4473e+00 -2.6823e+00 -3.4732e+00 +1.5675e+00
1992 +2.395339937e-02 +2.395339937e-02 +6.985395340e+01 +6.985395340e+01 -2.8669e+00 -1.4533e+00 -2.6664e+00 -3.4922e+00 +1.5585e+00
2598 +1.574784969e-02 +1.574784969e-02 +6.984574785e+01 +6.984574785e+01 -2.8853e+00 -1.4618e+00 -2.6446e+00 -3.5042e+00 +1.5878e+00
2975 +5.078781562e-03 +5.078781562e-03 +6.983507878e+01 +6.983507878e+01 -2.8624e+00 -1.4548e+00 -2.6579e+00 -3.4843e+00 +1.5802e+00
3461 +3.183885658e-03 +3.183885658e-03 +6.983318389e+01 +6.983318389e+01 -2.8670e+00 -1.4563e+00 -2.6586e+00 -3.4885e+00 +1.5832e+00
3932 +2.001176610e-03 +2.001176610e-03 +6.983200118e+01 +6.983200118e+01 -2.8642e+00 -1.4548e+00 -2.6590e+00 -3.4850e+00 +1.5809e+00
4235 +7.509957134e-04 +7.509957134e-04 +6.983075100e+01 +6.983075100e+01 -2.8648e+00 -1.4555e+00 -2.6588e+00 -3.4869e+00 +1.5820e+00
% function evaluation | noise-free fitness - Fopt (7.000000000000e-02) | best noise-free fitness - Fopt | measured fitness | best measured fitness | x1 | x2...
1 +2.442630812e+02 +2.442630812e+02 +2.443330812e+02 +2.443330812e+02 +3.1472e+00 +4.0579e+00 -3.7301e+00 +4.1338e+00 +1.3236e+00
3 +8.951795074e+01 +8.951795074e+01 +8.958795074e+01 +8.958795074e+01 -3.4239e+00 +4.7059e+00 +4.5717e+00 -1.4624e-01 +3.0028e+00
5 +5.770481147e+01 +5.770481147e+01 +5.777481147e+01 +5.777481147e+01 +1.5574e+00 -4.6429e+00 +3.4913e+00 +4.3399e+00 +1.7874e+00
7 +3.342801084e+01 +3.342801084e+01 +3.349801084e+01 +3.349801084e+01 +2.0605e+00 -4.6817e+00 -2.2308e+00 -4.5383e+00 -4.0287e+00
13 +1.519870976e+01 +1.519870976e+01 +1.526870976e+01 +1.526870976e+01 +2.5127e+00 -2.4490e+00 +5.9571e-02 +1.9908e+00 +3.9090e+00
15 +5.462653572e+00 +5.462653572e+00 +5.532653572e+00 +5.532653572e+00 +3.4072e+00 -2.4572e+00 +3.1428e+00 -2.5648e+00 +4.2926e+00
208 +2.406941551e+00 +2.406941551e+00 +2.476941551e+00 +2.476941551e+00 +3.8562e+00 -3.5629e+00 +3.7272e+00 -3.8778e+00 +7.1613e-01
280 +1.537525984e+00 +1.537525984e+00 +1.607525984e+00 +1.607525984e+00 +4.0970e+00 -1.4782e+00 +2.4846e+00 -3.9062e+00 +1.1776e+00
326 +8.947134931e-01 +8.947134931e-01 +9.647134931e-01 +9.647134931e-01 +4.0923e+00 -1.7439e+00 +2.3848e+00 -3.6202e+00 +1.8744e+00
755 +5.519378339e-01 +5.519378339e-01 +6.219378339e-01 +6.219378339e-01 +3.4285e+00 -1.8781e+00 +2.4484e+00 -3.6253e+00 +1.7719e+00
925 +2.591735043e-01 +2.591735043e-01 +3.291735043e-01 +3.291735043e-01 +3.7346e+00 -1.8489e+00 +2.0555e+00 -3.7427e+00 +1.5767e+00
1233 +2.236370749e-01 +2.236370749e-01 +2.936370749e-01 +2.936370749e-01 +3.7200e+00 -2.0184e+00 +2.2145e+00 -3.9379e+00 +1.5695e+00
1280 +1.509002375e-01 +1.509002375e-01 +2.209002375e-01 +2.209002375e-01 +3.7402e+00 -2.0184e+00 +2.3457e+00 -3.4774e+00 +1.6365e+00
1512 +6.545485288e-02 +6.545485288e-02 +1.354548529e-01 +1.354548529e-01 +3.7202e+00 -1.9781e+00 +2.2325e+00 -3.8297e+00 +1.5217e+00
1691 +4.920421938e-02 +4.920421938e-02 +1.192042194e-01 +1.192042194e-01 +3.7638e+00 -2.0048e+00 +2.2431e+00 -3.8245e+00 +1.5149e+00
1832 +3.395587936e-02 +3.395587936e-02 +1.039558794e-01 +1.039558794e-01 +3.7540e+00 -2.0051e+00 +2.2405e+00 -3.8185e+00 +1.5170e+00
1934 +1.938079727e-02 +1.938079727e-02 +8.938079727e-02 +8.938079727e-02 +3.7382e+00 -2.0011e+00 +2.2443e+00 -3.8131e+00 +1.5335e+00
2254 +1.191191815e-02 +1.191191815e-02 +8.191191815e-02 +8.191191815e-02 +3.7382e+00 -1.9881e+00 +2.2443e+00 -3.8211e+00 +1.5335e+00
2568 +6.596546484e-03 +6.596546484e-03 +7.659654648e-02 +7.659654648e-02 +3.7436e+00 -2.0004e+00 +2.2461e+00 -3.8163e+00 +1.5272e+00
2863 +6.001097859e-03 +6.001097859e-03 +7.600109786e-02 +7.600109786e-02 +3.7432e+00 -1.9966e+00 +2.2447e+00 -3.8276e+00 +1.5250e+00
3294 +3.784232741e-03 +3.784232741e-03 +7.378423274e-02 +7.378423274e-02 +3.7395e+00 -1.9966e+00 +2.2465e+00 -3.8219e+00 +1.5277e+00
3554 +1.879256874e-03 +1.879256874e-03 +7.187925687e-02 +7.187925687e-02 +3.7398e+00 -1.9975e+00 +2.2456e+00 -3.8243e+00 +1.5277e+00
3725 +1.410350503e-03 +1.410350503e-03 +7.141035050e-02 +7.141035050e-02 +3.7404e+00 -1.9965e+00 +2.2477e+00 -3.8219e+00 +1.5288e+00
4152 +7.548058267e-04 +7.548058267e-04 +7.075480583e-02 +7.075480583e-02 +3.7401e+00 -1.9971e+00 +2.2467e+00 -3.8215e+00 +1.5285e+00
4429 +5.685025050e-04 +5.685025050e-04 +7.056850251e-02 +7.056850251e-02 +3.7412e+00 -1.9970e+00 +2.2470e+00 -3.8210e+00 +1.5287e+00
4766 +3.805557845e-04 +3.805557845e-04 +7.038055578e-02 +7.038055578e-02 +3.7407e+00 -1.9969e+00 +2.2470e+00 -3.8225e+00 +1.5285e+00
% function evaluation | noise-free fitness - Fopt (4.960000000000e+00) | best noise-free fitness - Fopt | measured fitness | best measured fitness | x1 | x2...
1 +6.188971422e+01 +6.188971422e+01 +6.684971422e+01 +6.684971422e+01 +3.1472e+00 +4.0579e+00 -3.7301e+00 +4.1338e+00 +1.3236e+00
3 +2.424381620e+01 +2.424381620e+01 +2.920381620e+01 +2.920381620e+01 -3.4239e+00 +4.7059e+00 +4.5717e+00 -1.4624e-01 +3.0028e+00
6 +1.560605877e+01 +1.560605877e+01 +2.056605877e+01 +2.056605877e+01 +2.5774e+00 +2.4313e+00 -1.0777e+00 +1.5548e+00 -3.2881e+00
11 +7.488551216e+00 +7.488551216e+00 +1.244855122e+01 +1.244855122e+01 -2.2397e+00 +1.7970e+00 +1.5510e+00 -3.3739e+00 -3.8100e+00
201 +5.110234713e+00 +5.110234713e+00 +1.007023471e+01 +1.007023471e+01 +4.2092e-01 +2.6156e+00 -1.2721e+00 -3.0120e+00 -4.3486e+00
203 +3.600673104e+00 +3.600673104e+00 +8.560673104e+00 +8.560673104e+00 +3.3496e+00 +7.2447e-01 -2.7211e-01 -3.7183e+00 -2.4774e+00
483 +1.439650932e+00 +1.439650932e+00 +6.399650932e+00 +6.399650932e+00 +2.8711e+00 +1.9009e+00 -2.7211e-01 -3.7183e+00 -2.5077e+00
848 +5.950796331e-01 +5.950796331e-01 +5.555079633e+00 +5.555079633e+00 +2.6122e+00 +2.0893e+00 -1.2126e+00 -3.5087e+00 -3.9807e+00
1237 +3.773253395e-01 +3.773253395e-01 +5.337325339e+00 +5.337325339e+00 +3.3799e+00 +1.7525e+00 -1.2338e+00 -3.7889e+00 -3.5577e+00
1589 +2.302231241e-01 +2.302231241e-01 +5.190223124e+00 +5.190223124e+00 +3.3102e+00 +1.6620e+00 -1.2110e+00 -3.9225e+00 -3.2524e+00
1753 +2.597674349e-02 +2.597674349e-02 +4.985976743e+00 +4.985976743e+00 +3.2554e+00 +1.8136e+00 -1.2051e+00 -3.9349e+00 -3.3641e+00
2428 +2.170368942e-02 +2.170368942e-02 +4.981703689e+00 +4.981703689e+00 +3.2568e+00 +1.8150e+00 -1.2076e+00 -3.9349e+00 -3.3590e+00
2558 +9.195388992e-03 +9.195388992e-03 +4.969195389e+00 +4.969195389e+00 +3.2654e+00 +1.8146e+00 -1.2190e+00 -3.9378e+00 -3.3750e+00
3299 +4.893421863e-03 +4.893421863e-03 +4.964893422e+00 +4.964893422e+00 +3.2613e+00 +1.8161e+00 -1.2186e+00 -3.9382e+00 -3.3785e+00
4024 +3.496503484e-03 +3.496503484e-03 +4.963496503e+00 +4.963496503e+00 +3.2609e+00 +1.8171e+00 -1.2158e+00 -3.9379e+00 -3.3765e+00
4692 +1.883269467e-03 +1.883269467e-03 +4.961883269e+00 +4.961883269e+00 +3.2592e+00 +1.8179e+00 -1.2152e+00 -3.9385e+00 -3.3758e+00
% function evaluation | noise-free fitness - Fopt (1.923000000000e+02) | best noise-free fitness - Fopt | measured fitness | best measured fitness | x1 | x2...
1 +1.835860832e+02 +1.835860832e+02 +3.758860832e+02 +3.758860832e+02 +3.1472e+00 +4.0579e+00 -3.7301e+00 +4.1338e+00 +1.3236e+00
2 +4.203474795e+01 +4.203474795e+01 +2.343347480e+02 +2.343347480e+02 -4.0246e+00 -2.2150e+00 +4.6882e-01 +4.5751e+00 +4.6489e+00
3 +3.174869590e+01 +3.174869590e+01 +2.240486959e+02 +2.240486959e+02 -3.4239e+00 +4.7059e+00 +4.5717e+00 -1.4624e-01 +3.0028e+00
4 +1.872070033e+01 +1.872070033e+01 +2.110207003e+02 +2.110207003e+02 -3.5811e+00 -7.8239e-01 +4.1574e+00 +2.9221e+00 +4.5949e+00
17 +1.199116873e+01 +1.199116873e+01 +2.042911687e+02 +2.042911687e+02 -1.4834e+00 +3.3083e+00 +8.5264e-01 +4.9724e-01 +4.1719e+00
21 +6.939073181e+00 +6.939073181e+00 +1.992390732e+02 +1.992390732e+02 -3.3782e+00 +2.9428e+00 -1.8878e+00 +2.8533e-01 -3.3435e+00
28 +5.534557379e+00 +5.534557379e+00 +1.978345574e+02 +1.978345574e+02 -3.6393e+00 +3.6929e+00 +7.9705e-01 +4.9860e-01 -3.5505e+00
252 +2.366757856e+00 +2.366757856e+00 +1.946667579e+02 +1.946667579e+02 -3.7253e+00 +4.9158e+00 -2.1990e+00 -1.8360e+00 -4.4852e+00
418 +1.577721725e+00 +1.577721725e+00 +1.938777217e+02 +1.938777217e+02 -3.5224e+00 +3.7907e+00 -2.1330e+00 -1.1955e+00 -3.7345e+00
757 +8.815224814e-01 +8.815224814e-01 +1.931815225e+02 +1.931815225e+02 -2.8565e+00 +3.5356e+00 -2.2989e+00 -1.2902e+00 -3.6577e+00
876 +5.348207646e-01 +5.348207646e-01 +1.928348208e+02 +1.928348208e+02 -2.8224e+00 +3.7180e+00 -2.7193e+00 -1.0829e+00 -3.9996e+00
1150 +3.517114817e-01 +3.517114817e-01 +1.926517115e+02 +1.926517115e+02 -2.8280e+00 +3.7037e+00 -2.7141e+00 -1.1372e+00 -3.9913e+00
1336 +2.170624150e-01 +2.170624150e-01 +1.925170624e+02 +1.925170624e+02 -2.8329e+00 +3.7306e+00 -2.8417e+00 -1.1917e+00 -4.0120e+00
1902 +1.309521577e-01 +1.309521577e-01 +1.924309522e+02 +1.924309522e+02 -3.0424e+00 +3.9213e+00 -2.7701e+00 -1.2228e+00 -3.9668e+00
2107 +8.402896596e-02 +8.402896596e-02 +1.923840290e+02 +1.923840290e+02 -2.9492e+00 +3.8388e+00 -2.8249e+00 -1.2639e+00 -3.9561e+00
2427 +4.409178659e-02 +4.409178659e-02 +1.923440918e+02 +1.923440918e+02 -2.9777e+00 +3.9278e+00 -2.8050e+00 -1.2367e+00 -3.9863e+00
2692 +2.790193964e-02 +2.790193964e-02 +1.923279019e+02 +1.923279019e+02 -2.9902e+00 +3.9493e+00 -2.7963e+00 -1.2531e+00 -3.9780e+00
2862 +2.460756766e-02 +2.460756766e-02 +1.923246076e+02 +1.923246076e+02 -3.0195e+00 +3.9757e+00 -2.7856e+00 -1.2561e+00 -3.9725e+00
3253 +1.505340728e-02 +1.505340728e-02 +1.923150534e+02 +1.923150534e+02 -3.0193e+00 +3.9698e+00 -2.7852e+00 -1.2382e+00 -3.9860e+00
3516 +8.692527247e-03 +8.692527247e-03 +1.923086925e+02 +1.923086925e+02 -3.0078e+00 +3.9608e+00 -2.7830e+00 -1.2452e+00 -3.9856e+00
4200 +6.279768116e-03 +6.279768116e-03 +1.923062798e+02 +1.923062798e+02 -3.0141e+00 +3.9780e+00 -2.7812e+00 -1.2442e+00 -3.9910e+00
4420 +3.336135169e-03 +3.336135169e-03 +1.923033361e+02 +1.923033361e+02 -3.0128e+00 +3.9778e+00 -2.7798e+00 -1.2441e+00 -3.9887e+00
4897 +2.128209901e-03 +2.128209901e-03 +1.923021282e+02 +1.923021282e+02 -3.0133e+00 +3.9779e+00 -2.7796e+00 -1.2415e+00 -3.9897e+00
% function evaluation | noise-free fitness - Fopt (4.971000000000e+01) | best noise-free fitness - Fopt | measured fitness | best measured fitness | x1 | x2...
1 +5.359302505e+01 +5.359302505e+01 +1.033030251e+02 +1.033030251e+02 +3.1472e+00 +4.0579e+00 -3.7301e+00 +4.1338e+00 +1.3236e+00
2 +1.806369924e+01 +1.806369924e+01 +6.777369924e+01 +6.777369924e+01 -4.0246e+00 -2.2150e+00 +4.6882e-01 +4.5751e+00 +4.6489e+00
5 +1.268013683e+01 +1.268013683e+01 +6.239013683e+01 +6.239013683e+01 +1.5574e+00 -4.6429e+00 +3.4913e+00 +4.3399e+00 +1.7874e+00
22 +9.405585886e+00 +9.405585886e+00 +5.911558589e+01 +5.911558589e+01 +1.0198e+00 -2.3703e+00 +1.5408e+00 +1.8921e+00 +2.4815e+00
125 +5.500298453e+00 +5.500298453e+00 +5.521029845e+01 +5.521029845e+01 +1.5574e+00 -4.6429e+00 -2.6477e+00 +4.3399e+00 +2.8848e-01
127 +3.854361527e+00 +3.854361527e+00 +5.356436153e+01 +5.356436153e+01 +3.3989e+00 -4.6817e+00 -1.6955e+00 +7.1970e-02 -2.4065e-01
294 +2.226280698e+00 +2.226280698e+00 +5.193628070e+01 +5.193628070e+01 +3.5291e+00 -4.7784e+00 -1.9913e+00 +1.2630e+00 -2.0034e+00
596 +1.104346223e+00 +1.104346223e+00 +5.081434622e+01 +5.081434622e+01 +3.6643e+00 -3.1868e+00 -1.1039e+00 +1.6613e+00 -2.4419e+00
1028 +9.601355795e-01 +9.601355795e-01 +5.067013558e+01 +5.067013558e+01 +4.2409e+00 -3.9939e+00 -1.6989e+00 +2.2749e+00 -1.1552e+00
1266 +5.833980489e-01 +5.833980489e-01 +5.029339805e+01 +5.029339805e+01 +3.8372e+00 -3.8907e+00 -1.5211e+00 +2.5317e+00 -1.1479e+00
1474 +3.772961193e-01 +3.772961193e-01 +5.008729612e+01 +5.008729612e+01 +3.7396e+00 -3.5977e+00 -1.3589e+00 +2.1578e+00 -1.4913e+00
1719 +2.034097694e-01 +2.034097694e-01 +4.991340977e+01 +4.991340977e+01 +3.7710e+00 -3.7038e+00 -1.3862e+00 +2.2158e+00 -1.5581e+00
1845 +1.085147074e-01 +1.085147074e-01 +4.981851471e+01 +4.981851471e+01 +3.7377e+00 -3.6864e+00 -1.3266e+00 +2.2464e+00 -1.5560e+00
2111 +9.092325082e-02 +9.092325082e-02 +4.980092325e+01 +4.980092325e+01 +3.7021e+00 -3.6977e+00 -1.3229e+00 +2.3196e+00 -1.5794e+00
2823 +4.302594443e-02 +4.302594443e-02 +4.975302594e+01 +4.975302594e+01 +3.7126e+00 -3.7018e+00 -1.3291e+00 +2.3430e+00 -1.5803e+00
2887 +1.532355474e-02 +1.532355474e-02 +4.972532355e+01 +4.972532355e+01 +3.7367e+00 -3.6942e+00 -1.3303e+00 +2.3256e+00 -1.5727e+00
3307 +8.169688564e-03 +8.169688564e-03 +4.971816969e+01 +4.971816969e+01 +3.7454e+00 -3.7030e+00 -1.3317e+00 +2.3364e+00 -1.5614e+00
3787 +6.193927469e-03 +6.193927469e-03 +4.971619393e+01 +4.971619393e+01 +3.7454e+00 -3.7046e+00 -1.3276e+00 +2.3356e+00 -1.5538e+00
4084 +3.491744051e-03 +3.491744051e-03 +4.971349174e+01 +4.971349174e+01 +3.7436e+00 -3.7029e+00 -1.3301e+00 +2.3311e+00 -1.5589e+00
4444 +1.945071659e-03 +1.945071659e-03 +4.971194507e+01 +4.971194507e+01 +3.7427e+00 -3.7029e+00 -1.3301e+00 +2.3334e+00 -1.5578e+00
4481 +1.246179329e-03 +1.246179329e-03 +4.971124618e+01 +4.971124618e+01 +3.7429e+00 -3.7022e+00 -1.3293e+00 +2.3313e+00 -1.5602e+00
4832 +8.441947209e-04 +8.441947209e-04 +4.971084419e+01 +4.971084419e+01 +3.7434e+00 -3.7026e+00 -1.3293e+00 +2.3322e+00 -1.5596e+00
% function evaluation | noise-free fitness - Fopt (2.051200000000e+02) | best noise-free fitness - Fopt | measured fitness | best measured fitness | x1 | x2...
1 +2.853940373e+01 +2.853940373e+01 +2.336594037e+02 +2.336594037e+02 +3.1472e+00 +4.0579e+00 -3.7301e+00 +4.1338e+00 +1.3236e+00
6 +1.129846670e+01 +1.129846670e+01 +2.164184667e+02 +2.164184667e+02 +2.5774e+00 +2.4313e+00 -1.0777e+00 +1.5548e+00 -3.2881e+00
12 +7.638963909e+00 +7.638963909e+00 +2.127589639e+02 +2.127589639e+02 -1.6359e-02 +4.5974e+00 -1.5961e+00 +8.5268e-01 -2.7619e+00
27 +4.458301216e+00 +4.458301216e+00 +2.095783012e+02 +2.095783012e+02 -6.8586e-01 +4.1065e+00 -3.1815e+00 -2.3620e+00 -3.5446e+00
166 +3.778455516e+00 +3.778455516e+00 +2.088984555e+02 +2.088984555e+02 +1.6692e+00 +3.2353e+00 -3.6660e+00 -4.1993e+00 +1.1701e+00
602 +1.855233174e+00 +1.855233174e+00 +2.069752332e+02 +2.069752332e+02 +3.0103e-02 +3.4265e+00 -3.4336e+00 -3.2347e+00 -3.6455e-01
624 +1.043407099e+00 +1.043407099e+00 +2.061634071e+02 +2.061634071e+02 -9.7937e-01 +3.9090e+00 -3.6034e+00 -2.9528e+00 -1.2869e+00
843 +9.953369227e-01 +9.953369227e-01 +2.061153369e+02 +2.061153369e+02 -8.8736e-01 +3.6549e+00 -3.4307e+00 -2.7954e+00 -1.1504e+00
1273 +4.941896705e-01 +4.941896705e-01 +2.056141897e+02 +2.056141897e+02 -1.2648e+00 +3.9452e+00 -3.1372e+00 -2.3070e+00 -1.7967e+00
1309 +3.302289665e-01 +3.302289665e-01 +2.054502290e+02 +2.054502290e+02 -9.3738e-01 +3.8149e+00 -3.2829e+00 -2.3679e+00 -1.6453e+00
1349 +2.057932901e-01 +2.057932901e-01 +2.053257933e+02 +2.053257933e+02 -1.3534e+00 +3.7521e+00 -3.2829e+00 -2.3679e+00 -2.0123e+00
1515 +1.350833728e-01 +1.350833728e-01 +2.052550834e+02 +2.052550834e+02 -1.2774e+00 +3.8413e+00 -3.3206e+00 -2.3112e+00 -1.9407e+00
1765 +7.731366465e-02 +7.731366465e-02 +2.051973137e+02 +2.051973137e+02 -1.2395e+00 +3.8651e+00 -3.3361e+00 -2.2958e+00 -1.9586e+00
2207 +4.186801769e-02 +4.186801769e-02 +2.051618680e+02 +2.051618680e+02 -1.2420e+00 +3.8776e+00 -3.3202e+00 -2.2862e+00 -1.9661e+00
2570 +3.680158772e-02 +3.680158772e-02 +2.051568016e+02 +2.051568016e+02 -1.2557e+00 +3.8759e+00 -3.3153e+00 -2.2826e+00 -1.9751e+00
3104 +2.101967038e-02 +2.101967038e-02 +2.051410197e+02 +2.051410197e+02 -1.1987e+00 +3.9056e+00 -3.3531e+00 -2.2363e+00 -1.9706e+00
3366 +1.287786250e-02 +1.287786250e-02 +2.051328779e+02 +2.051328779e+02 -1.1940e+00 +3.9016e+00 -3.3545e+00 -2.2285e+00 -1.9584e+00
3424 +7.234430557e-03 +7.234430557e-03 +2.051272344e+02 +2.051272344e+02 -1.1972e+00 +3.9050e+00 -3.3510e+00 -2.2274e+00 -1.9636e+00
3829 +6.052375531e-03 +6.052375531e-03 +2.051260524e+02 +2.051260524e+02 -1.1948e+00 +3.9089e+00 -3.3528e+00 -2.2192e+00 -1.9629e+00
4450 +3.594837946e-03 +3.594837946e-03 +2.051235948e+02 +2.051235948e+02 -1.1956e+00 +3.9072e+00 -3.3557e+00 -2.2213e+00 -1.9631e+00
4619 +2.018070566e-03 +2.018070566e-03 +2.051220181e+02 +2.051220181e+02 -1.1941e+00 +3.9062e+00 -3.3529e+00 -2.2223e+00 -1.9629e+00
4996 +1.576851492e-03 +1.576851492e-03 +2.051215769e+02 +2.051215769e+02 -1.1947e+00 +3.9054e+00 -3.3538e+00 -2.2252e+00 -1.9620e+00
% function evaluation | noise-free fitness - Fopt (-1.729000000000e+02) | best noise-free fitness - Fopt | measured fitness | best measured fitness | x1 | x2...
1 +3.782934320e+01 +3.782934320e+01 -1.350706568e+02 -1.350706568e+02 +3.1472e+00 +4.0579e+00 -3.7301e+00 +4.1338e+00 +1.3236e+00
3 +1.476486802e+01 +1.476486802e+01 -1.581351320e+02 -1.581351320e+02 -3.4239e+00 +4.7059e+00 +4.5717e+00 -1.4624e-01 +3.0028e+00
24 +9.941673604e+00 +9.941673604e+00 -1.629583264e+02 -1.629583264e+02 +3.2582e+00 +3.8342e-01 +4.9613e+00 -4.2182e+00 -5.7322e-01
35 +2.681907341e+00 +2.681907341e+00 -1.702180927e+02 -1.702180927e+02 -2.6522e+00 -1.4684e+00 +3.2119e+00 -4.8460e+00 -4.5698e+00
251 +2.184280881e+00 +2.184280881e+00 -1.707157191e+02 -1.707157191e+02 -2.2397e+00 -2.3272e+00 +3.3674e+00 -4.8389e+00 -3.6397e+00
436 +1.393140892e+00 +1.393140892e+00 -1.715068591e+02 -1.715068591e+02 -3.3133e+00 -1.7404e+00 +3.4952e+00 -3.1086e+00 -2.9134e+00
671 +5.656251791e-01 +5.656251791e-01 -1.723343748e+02 -1.723343748e+02 -3.2394e+00 -1.1943e+00 +3.7269e+00 -3.2827e+00 -3.2674e+00
902 +3.834655446e-01 +3.834655446e-01 -1.725165345e+02 -1.725165345e+02 -3.0323e+00 -6.3352e-01 +3.9430e+00 -3.3049e+00 -3.0893e+00
1340 +2.212618578e-01 +2.212618578e-01 -1.726787381e+02 -1.726787381e+02 -2.9470e+00 -1.1454e+00 +3.7070e+00 -3.6196e+00 -3.2293e+00
1489 +1.463553589e-01 +1.463553589e-01 -1.727536446e+02 -1.727536446e+02 -2.9846e+00 -1.1138e+00 +3.8572e+00 -3.7020e+00 -3.3304e+00
1940 +8.145541893e-02 +8.145541893e-02 -1.728185446e+02 -1.728185446e+02 -2.9083e+00 -1.1807e+00 +3.8439e+00 -3.7475e+00 -3.4697e+00
2417 +3.809007737e-02 +3.809007737e-02 -1.728619099e+02 -1.728619099e+02 -2.9291e+00 -1.0456e+00 +3.8458e+00 -3.6475e+00 -3.3669e+00
2844 +2.411440008e-02 +2.411440008e-02 -1.728758856e+02 -1.728758856e+02 -2.9411e+00 -1.0325e+00 +3.8454e+00 -3.6454e+00 -3.3556e+00
3307 +1.396895504e-02 +1.396895504e-02 -1.728860310e+02 -1.728860310e+02 -2.9355e+00 -1.0305e+00 +3.8518e+00 -3.6456e+00 -3.3563e+00
3693 +8.259850381e-03 +8.259850381e-03 -1.728917401e+02 -1.728917401e+02 -2.9396e+00 -1.0300e+00 +3.8511e+00 -3.6373e+00 -3.3459e+00
4087 +6.038142407e-03 +6.038142407e-03 -1.728939619e+02 -1.728939619e+02 -2.9309e+00 -1.0255e+00 +3.8524e+00 -3.6395e+00 -3.3479e+00
4483 +2.766475503e-03 +2.766475503e-03 -1.728972335e+02 -1.728972335e+02 -2.9325e+00 -1.0272e+00 +3.8532e+00 -3.6434e+00 -3.3472e+00
4966 +2.012385288e-03 +2.012385288e-03 -1.728979876e+02 -1.728979876e+02 -2.9321e+00 -1.0275e+00 +3.8547e+00 -3.6420e+00 -3.3468e+00
% function evaluation | noise-free fitness - Fopt (-3.506200000000e+02) | best noise-free fitness - Fopt | measured fitness | best measured fitness | x1 | x2...
1 +3.494746952e+01 +3.494746952e+01 -3.156725305e+02 -3.156725305e+02 +3.1472e+00 +4.0579e+00 -3.7301e+00 +4.1338e+00 +1.3236e+00
2 +2.156091499e+01 +2.156091499e+01 -3.290590850e+02 -3.290590850e+02 -4.0246e+00 -2.2150e+00 +4.6882e-01 +4.5751e+00 +4.6489e+00
9 +1.488806303e+01 +1.488806303e+01 -3.357319370e+02 -3.357319370e+02 -6.1256e-01 -1.1844e+00 +2.6552e+00 +2.9520e+00 -3.1313e+00
40 +9.237695804e+00 +9.237695804e+00 -3.413823042e+02 -3.413823042e+02 -1.9365e+00 +8.5087e-02 +1.0772e-01 +3.1763e+00 +2.9483e+00
113 +4.756383653e+00 +4.756383653e+00 -3.458636163e+02 -3.458636163e+02 -4.3497e+00 -1.1026e+00 -3.6526e+00 -9.6088e-01 +1.8539e+00
268 +2.145955197e+00 +2.145955197e+00 -3.484740448e+02 -3.484740448e+02 -4.0767e+00 -4.8654e+00 -9.2107e-01 -2.2693e+00 +1.2122e+00
508 +1.311253563e+00 +1.311253563e+00 -3.493087464e+02 -3.493087464e+02 -3.9496e+00 -3.5955e+00 -9.2107e-01 -2.2693e+00 +1.2122e+00
708 +6.153446902e-01 +6.153446902e-01 -3.500046553e+02 -3.500046553e+02 -3.9974e+00 -3.5955e+00 -2.4740e-02 -1.9318e+00 +1.2122e+00
1058 +3.839788811e-01 +3.839788811e-01 -3.502360211e+02 -3.502360211e+02 -3.8412e+00 -3.9082e+00 -3.0558e-01 -1.4530e+00 +1.3965e+00
1244 +9.286639155e-02 +9.286639155e-02 -3.505271336e+02 -3.505271336e+02 -3.8985e+00 -3.7191e+00 -3.8577e-01 -1.7916e+00 +1.3105e+00
1844 +6.266741553e-02 +6.266741553e-02 -3.505573326e+02 -3.505573326e+02 -3.8985e+00 -3.7487e+00 -3.8577e-01 -1.7916e+00 +1.3105e+00
2142 +2.889116313e-02 +2.889116313e-02 -3.505911088e+02 -3.505911088e+02 -3.9254e+00 -3.7612e+00 -3.6839e-01 -1.8628e+00 +1.3177e+00
2487 +2.460612190e-02 +2.460612190e-02 -3.505953939e+02 -3.505953939e+02 -3.9229e+00 -3.7514e+00 -3.7421e-01 -1.8561e+00 +1.3206e+00
2931 +7.983425436e-03 +7.983425436e-03 -3.506120166e+02 -3.506120166e+02 -3.9154e+00 -3.7459e+00 -3.5427e-01 -1.8050e+00 +1.3159e+00
