% function evaluation | noise-free fitness - Fopt (-1.694000000000e+01) | best noise-free fitness - Fopt | measured fitness | best measured fitness | x1 | x2...
1 +6.198315268e+00 +6.198315268e+00 -1.074168473e+01 -1.074168473e+01 +3.1472e+00 +4.0579e+00
7 +3.757985462e+00 +3.757985462e+00 -1.318201454e+01 -1.318201454e+01 +4.5717e+00 -1.4624e-01
86 +1.575285876e+00 +1.575285876e+00 -1.536471412e+01 -1.536471412e+01 +3.5382e+00 +3.8282e+00
158 +7.900274329e-01 +7.900274329e-01 -1.614997257e+01 -1.614997257e+01 +3.7239e+00 +2.5227e+00
200 +6.204104969e-01 +6.204104969e-01 -1.631958950e+01 -1.631958950e+01 +3.8272e+00 +2.0888e+00
291 +2.460007614e-01 +2.460007614e-01 -1.669399924e+01 -1.669399924e+01 +3.6741e+00 +2.7312e+00
515 +1.095001652e-01 +1.095001652e-01 -1.683049983e+01 -1.683049983e+01 +3.6687e+00 +2.6151e+00
519 +9.995515201e-02 +9.995515201e-02 -1.684004485e+01 -1.684004485e+01 +3.6273e+00 +2.6483e+00
641 +5.887484758e-02 +5.887484758e-02 -1.688112515e+01 -1.688112515e+01 +3.6355e+00 +2.6071e+00
866 +3.385269847e-02 +3.385269847e-02 -1.690614730e+01 -1.690614730e+01 +3.6418e+00 +2.5568e+00
931 +1.879858734e-02 +1.879858734e-02 -1.692120141e+01 -1.692120141e+01 +3.6479e+00 +2.5611e+00
997 +1.055988248e-02 +1.055988248e-02 -1.692944012e+01 -1.692944012e+01 +3.6537e+00 +2.5469e+00
1099 +9.802698041e-03 +9.802698041e-03 -1.693019730e+01 -1.693019730e+01 +3.6555e+00 +2.5557e+00
1102 +4.125720197e-03 +4.125720197e-03 -1.693587428e+01 -1.693587428e+01 +3.6546e+00 +2.5518e+00
1118 +3.220782498e-03 +3.220782498e-03 -1.693677922e+01 -1.693677922e+01 +3.6551e+00 +2.5491e+00
1174 +1.115122956e-03 +1.115122956e-03 -1.693888488e+01 -1.693888488e+01 +3.6563e+00 +2.5487e+00
1361 +3.344379385e-04 +3.344379385e-04 -1.693966556e+01 -1.693966556e+01 +3.6560e+00 +2.5495e+00
1510 +2.331569897e-04 +2.331569897e-04 -1.693976684e+01 -1.693976684e+01 +3.6561e+00 +2.5495e+00
1610 +1.264636038e-04 +1.264636038e-04 -1.693987354e+01 -1.693987354e+01 +3.6560e+00 +2.5496e+00
1673 +4.810098597e-05 +4.810098597e-05 -1.693995190e+01 -1.693995190e+01 +3.6560e+00 +2.5496e+00
1710 +2.943415252e-05 +2.943415252e-05 -1.693997057e+01 -1.693997057e+01 +3.6560e+00 +2.5496e+00
1932 +1.599180663e-05 +1.599180663e-05 -1.693998401e+01 -1.693998401e+01 +3.6560e+00 +2.5496e+00
2043 +7.191236467e-06 +7.191236467e-06 -1.693999281e+01 -1.693999281e+01 +3.6560e+00 +2.5496e+00
2307 +1.892205965e-06 +1.892205965e-06 -1.693999811e+01 -1.693999811e+01 +3.6560e+00 +2.5496e+00
2472 +1.082267389e-06 +1.082267389e-06 -1.693999892e+01 -1.693999892e+01 +3.6560e+00 +2.5496e+00
2507 +9.041721007e-07 +9.041721007e-07 -1.693999910e+01 -1.693999910e+01 +3.6560e+00 +2.5496e+00
2543 +5.319763048e-07 +5.319763048e-07 -1.693999947e+01 -1.693999947e+01 +3.6560e+00 +2.5496e+00
2689 +3.557133361e-07 +3.557133361e-07 -1.693999964e+01 -1.693999964e+01 +3.6560e+00 +2.5496e+00
2967 +2.275346063e-07 +2.275346063e-07 -1.693999977e+01 -1.693999977e+01 +3.6560e+00 +2.5496e+00
2978 +6.399261210e-08 +6.399261210e-08 -1.693999994e+01 -1.693999994e+01 +3.6560e+00 +2.5496e+00
3052 +6.051203627e-08 +6.051203627e-08 -1.693999994e+01 -1.693999994e+01 +3.6560e+00 +2.5496e+00
3055 +3.603219056e-08 +3.603219056e-08 -1.693999996e+01 -1.693999996e+01 +3.6560e+00 +2.5496e+00
3174 +1.035128605e-08 +1.035128605e-08 -1.693999999e+01 -1.693999999e+01 +3.6560e+00 +2.5496e+00
3207 +5.143455439e-09 +5.143455439e-09 -1.693999999e+01 -1.693999999e+01 +3.6560e+00 +2.5496e+00
3211 +2.204192384e-09 +2.204192384e-09 -1.694000000e+01 -1.694000000e+01 +3.6560e+00 +2.5496e+00
3259 +3.436504414e-10 +3.436504414e-10 -1.694000000e+01 -1.694000000e+01 +3.6560e+00 +2.5496e+00
3543 +7.023359672e-11 +7.023359672e-11 -1.694000000e+01 -1.694000000e+01 +3.6560e+00 +2.5496e+00
3644 +4.243005947e-11 +4.243005947e-11 -1.694000000e+01 -1.694000000e+01 +3.6560e+00 +2.5496e+00
3716 +3.633360279e-11 +3.633360279e-11 -1.694000000e+01 -1.694000000e+01 +3.6560e+00 +2.5496e+00
3727 +2.461675308e-11 +2.461675308e-11 -1.694000000e+01 -1.694000000e+01 +3.6560e+00 +2.5496e+00
3795 +1.581668130e-11 +1.581668130e-11 -1.694000000e+01 -1.694000000e+01 +3.6560e+00 +2.5496e+00
3844 +3.314681862e-12 +3.314681862e-12 -1.694000000e+01 -1.694000000e+01 +3.6560e+00 +2.5496e+00
3968 +2.387423592e-12 +2.387423592e-12 -1.694000000e+01 -1.694000000e+01 +3.6560e+00 +2.5496e+00
4006 +1.477928890e-12 +1.477928890e-12 -1.694000000e+01 -1.694000000e+01 +3.6560e+00 +2.5496e+00
4054 +7.815970093e-13 +7.815970093e-13 -1.694000000e+01 -1.694000000e+01 +3.6560e+00 +2.5496e+00
4127 +3.517186542e-13 +3.517186542e-13 -1.694000000e+01 -1.694000000e+01 +3.6560e+00 +2.5496e+00
4247 +1.527666882e-13 +1.527666882e-13 -1.694000000e+01 -1.694000000e+01 +3.6560e+00 +2.5496e+00
4385 +8.171241461e-14 +8.171241461e-14 -1.694000000e+01 -1.694000000e+01 +3.6560e+00 +2.5496e+00
4409 +6.039613254e-14 +6.039613254e-14 -1.694000000e+01 -1.694000000e+01 +3.6560e+00 +2.5496e+00
4487 +2.842170943e-14 +2.842170943e-14 -1.694000000e+01 -1.694000000e+01 +3.6560e+00 +2.5496e+00
4569 +2.486899575e-14 +2.486899575e-14 -1.694000000e+01 -1.694000000e+01 +3.6560e+00 +2.5496e+00
4687 +1.421085472e-14 +1.421085472e-14 -1.694000000e+01 -1.694000000e+01 +3.6560e+00 +2.5496e+00
4693 +7.105427358e-15 +7.105427358e-15 -1.694000000e+01 -1.694000000e+01 +3.6560e+00 +2.5496e+00
4792 +3.552713679e-15 +3.552713679e-15 -1.694000000e+01 -1.694000000e+01 +3.6560e+00 +2.5496e+00
4907 +0.000000000e+00 +0.000000000e+00 -1.694000000e+01 -1.694000000e+01 +3.6560e+00 +2.5496e+00
% function evaluation | noise-free fitness - Fopt (1.881000000000e+01) | best noise-free fitness - Fopt | measured fitness | best measured fitness | x1 | x2...
1 +1.175786947e+01 +1.175786947e+01 +3.056786947e+01 +3.056786947e+01 +3.1472e+00 +4.0579e+00
2 +7.850211779e+00 +7.850211779e+00 +2.666021178e+01 +2.666021178e+01 -3.7301e+00 +4.1338e+00
13 +5.179587758e+00 +5.179587758e+00 +2.398958776e+01 +2.398958776e+01 +1.7874e+00 +2.5774e+00
24 +2.428559892e+00 +2.428559892e+00 +2.123855989e+01 +2.123855989e+01 -5.4414e-01 +1.4631e+00
32 +1.081443033e+00 +1.081443033e+00 +1.989144303e+01 +1.989144303e+01 +5.9571e-02 +1.9908e+00
164 +9.953242729e-01 +9.953242729e-01 +1.980532427e+01 +1.980532427e+01 -6.9236e-01 +1.6428e+00
192 +6.280632167e-01 +6.280632167e-01 +1.943806322e+01 +1.943806322e+01 +5.9571e-02 +1.6256e+00
314 +1.040821674e-01 +1.040821674e-01 +1.891408217e+01 +1.891408217e+01 -1.0409e-01 +1.7887e+00
505 +3.926502736e-02 +3.926502736e-02 +1.884926503e+01 +1.884926503e+01 -1.7927e-01 +1.7736e+00
701 +3.173171191e-03 +3.173171191e-03 +1.881317317e+01 +1.881317317e+01 -1.9249e-01 +1.7799e+00
1124 +2.939003456e-04 +2.939003456e-04 +1.881029390e+01 +1.881029390e+01 -1.9116e-01 +1.7807e+00
1258 +2.436588385e-04 +2.436588385e-04 +1.881024366e+01 +1.881024366e+01 -1.9105e-01 +1.7807e+00
1467 +1.277309984e-04 +1.277309984e-04 +1.881012773e+01 +1.881012773e+01 -1.9124e-01 +1.7808e+00
1478 +3.152984894e-05 +3.152984894e-05 +1.881003153e+01 +1.881003153e+01 -1.9118e-01 +1.7808e+00
1712 +2.158525515e-06 +2.158525515e-06 +1.881000216e+01 +1.881000216e+01 -1.9120e-01 +1.7808e+00
1961 +1.025427562e-06 +1.025427562e-06 +1.881000103e+01 +1.881000103e+01 -1.9120e-01 +1.7808e+00
1989 +6.930979097e-07 +6.930979097e-07 +1.881000069e+01 +1.881000069e+01 -1.9120e-01 +1.7808e+00
2070 +3.774925013e-07 +3.774925013e-07 +1.881000038e+01 +1.881000038e+01 -1.9120e-01 +1.7808e+00
2289 +1.050752374e-08 +1.050752374e-08 +1.881000001e+01 +1.881000001e+01 -1.9120e-01 +1.7808e+00
2720 +7.867910767e-10 +7.867910767e-10 +1.881000000e+01 +1.881000000e+01 -1.9120e-01 +1.7808e+00
2840 +1.388755777e-10 +1.388755777e-10 +1.881000000e+01 +1.881000000e+01 -1.9120e-01 +1.7808e+00
3129 +9.432810089e-11 +9.432810089e-11 +1.881000000e+01 +1.881000000e+01 -1.9120e-01 +1.7808e+00
3201 +4.845546187e-11 +4.845546187e-11 +1.881000000e+01 +1.881000000e+01 -1.9120e-01 +1.7808e+00
3261 +2.972910806e-11 +2.972910806e-11 +1.881000000e+01 +1.881000000e+01 -1.9120e-01 +1.7808e+00
3269 +1.323385845e-11 +1.323385845e-11 +1.881000000e+01 +1.881000000e+01 -1.9120e-01 +1.7808e+00
3331 +9.215739283e-12 +9.215739283e-12 +1.881000000e+01 +1.881000000e+01 -1.9120e-01 +1.7808e+00
3375 +4.192202141e-12 +4.192202141e-12 +1.881000000e+01 +1.881000000e+01 -1.9120e-01 +1.7808e+00
3426 +3.009148486e-12 +3.009148486e-12 +1.881000000e+01 +1.881000000e+01 -1.9120e-01 +1.7808e+00
3447 +1.531219596e-12 +1.531219596e-12 +1.881000000e+01 +1.881000000e+01 -1.9120e-01 +1.7808e+00
3582 +8.704148513e-13 +8.704148513e-13 +1.881000000e+01 +1.881000000e+01 -1.9120e-01 +1.7808e+00
3646 +4.618527782e-13 +4.618527782e-13 +1.881000000e+01 +1.881000000e+01 -1.9120e-01 +1.7808e+00
3726 +3.765876500e-13 +3.765876500e-13 +1.881000000e+01 +1.881000000e+01 -1.9120e-01 +1.7808e+00
3797 +9.592326933e-14 +9.592326933e-14 +1.881000000e+01 +1.881000000e+01 -1.9120e-01 +1.7808e+00
3903 +4.618527782e-14 +4.618527782e-14 +1.881000000e+01 +1.881000000e+01 -1.9120e-01 +1.7808e+00
4031 +3.907985047e-14 +3.907985047e-14 +1.881000000e+01 +1.881000000e+01 -1.9120e-01 +1.7808e+00
4053 +1.776356839e-14 +1.776356839e-14 +1.881000000e+01 +1.881000000e+01 -1.9120e-01 +1.7808e+00
4076 +1.065814104e-14 +1.065814104e-14 +1.881000000e+01 +1.881000000e+01 -1.9120e-01 +1.7808e+00
4111 +0.000000000e+00 +0.000000000e+00 +1.881000000e+01 +1.881000000e+01 -1.9120e-01 +1.7808e+00
% function evaluation | noise-free fitness - Fopt (2.731500000000e+02) | best noise-free fitness - Fopt | measured fitness | best measured fitness | x1 | x2...
1 +3.703762594e+01 +3.703762594e+01 +3.101876259e+02 +3.101876259e+02 +3.1472e+00 +4.0579e+00
2 +2.402113198e+00 +2.402113198e+00 +2.755521132e+02 +2.755521132e+02 -3.7301e+00 +4.1338e+00
122 +1.400931656e+00 +1.400931656e+00 +2.745509317e+02 +2.745509317e+02 -3.7510e+00 +4.1837e+00
169 +6.058717746e-01 +6.058717746e-01 +2.737558718e+02 +2.737558718e+02 -3.4322e+00 +4.1574e+00
267 +1.809464675e-01 +1.809464675e-01 +2.733309465e+02 +2.733309465e+02 -3.5419e+00 +3.7124e+00
404 +1.578555988e-01 +1.578555988e-01 +2.733078556e+02 +2.733078556e+02 -3.4942e+00 +3.8411e+00
531 +8.337094622e-02 +8.337094622e-02 +2.732333709e+02 +2.732333709e+02 -3.5650e+00 +3.8117e+00
660 +5.921620938e-02 +5.921620938e-02 +2.732092162e+02 +2.732092162e+02 -3.5629e+00 +3.8191e+00
781 +1.661129023e-02 +1.661129023e-02 +2.731666113e+02 +2.731666113e+02 -3.5714e+00 +3.7738e+00
938 +8.426496299e-03 +8.426496299e-03 +2.731584265e+02 +2.731584265e+02 -3.5772e+00 +3.7527e+00
1138 +1.623781156e-03 +1.623781156e-03 +2.731516238e+02 +2.731516238e+02 -3.5798e+00 +3.7527e+00
1359 +1.442291742e-03 +1.442291742e-03 +2.731514423e+02 +2.731514423e+02 -3.5796e+00 +3.7532e+00
1524 +2.423013442e-04 +2.423013442e-04 +2.731502423e+02 +2.731502423e+02 -3.5791e+00 +3.7537e+00
1671 +3.859230964e-05 +3.859230964e-05 +2.731500386e+02 +2.731500386e+02 -3.5792e+00 +3.7536e+00
2065 +1.674820254e-05 +1.674820254e-05 +2.731500167e+02 +2.731500167e+02 -3.5792e+00 +3.7536e+00
2382 +1.239509936e-05 +1.239509936e-05 +2.731500124e+02 +2.731500124e+02 -3.5792e+00 +3.7536e+00
2465 +1.540159644e-06 +1.540159644e-06 +2.731500015e+02 +2.731500015e+02 -3.5792e+00 +3.7536e+00
2626 +9.761431556e-07 +9.761431556e-07 +2.731500010e+02 +2.731500010e+02 -3.5792e+00 +3.7536e+00
2944 +5.011766007e-07 +5.011766007e-07 +2.731500005e+02 +2.731500005e+02 -3.5792e+00 +3.7536e+00
3174 +3.330155778e-07 +3.330155778e-07 +2.731500003e+02 +2.731500003e+02 -3.5792e+00 +3.7536e+00
3211 +2.037226636e-07 +2.037226636e-07 +2.731500002e+02 +2.731500002e+02 -3.5792e+00 +3.7536e+00
3286 +1.128390181e-07 +1.128390181e-07 +2.731500001e+02 +2.731500001e+02 -3.5792e+00 +3.7536e+00
3338 +1.735048727e-08 +1.735048727e-08 +2.731500000e+02 +2.731500000e+02 -3.5792e+00 +3.7536e+00
3422 +1.566149876e-08 +1.566149876e-08 +2.731500000e+02 +2.731500000e+02 -3.5792e+00 +3.7536e+00
3593 +8.698634701e-09 +8.698634701e-09 +2.731500000e+02 +2.731500000e+02 -3.5792e+00 +3.7536e+00
3676 +5.073502507e-09 +5.073502507e-09 +2.731500000e+02 +2.731500000e+02 -3.5792e+00 +3.7536e+00
3699 +1.378907655e-09 +1.378907655e-09 +2.731500000e+02 +2.731500000e+02 -3.5792e+00 +3.7536e+00
3827 +6.198206393e-10 +6.198206393e-10 +2.731500000e+02 +2.731500000e+02 -3.5792e+00 +3.7536e+00
3912 +3.082050171e-10 +3.082050171e-10 +2.731500000e+02 +2.731500000e+02 -3.5792e+00 +3.7536e+00
3958 +1.999751476e-10 +1.999751476e-10 +2.731500000e+02 +2.731500000e+02 -3.5792e+00 +3.7536e+00
4003 +1.122089088e-10 +1.122089088e-10 +2.731500000e+02 +2.731500000e+02 -3.5792e+00 +3.7536e+00
4068 +6.065192792e-11 +6.065192792e-11 +2.731500000e+02 +2.731500000e+02 -3.5792e+00 +3.7536e+00
4123 +2.137312549e-11 +2.137312549e-11 +2.731500000e+02 +2.731500000e+02 -3.5792e+00 +3.7536e+00
4232 +1.062971933e-11 +1.062971933e-11 +2.731500000e+02 +2.731500000e+02 -3.5792e+00 +3.7536e+00
4396 +8.810729923e-12 +8.810729923e-12 +2.731500000e+02 +2.731500000e+02 -3.5792e+00 +3.7536e+00
4551 +3.979039320e-12 +3.979039320e-12 +2.731500000e+02 +2.731500000e+02 -3.5792e+00 +3.7536e+00
4641 +2.444267011e-12 +2.444267011e-12 +2.731500000e+02 +2.731500000e+02 -3.5792e+00 +3.7536e+00
4785 +9.094947018e-13 +9.094947018e-13 +2.731500000e+02 +2.731500000e+02 -3.5792e+00 +3.7536e+00
4856 +3.979039320e-13 +3.979039320e-13 +2.731500000e+02 +2.731500000e+02 -3.5792e+00 +3.7536e+00
% function evaluation | noise-free fitness - Fopt (3.718000000000e+01) | best noise-free fitness - Fopt | measured fitness | best measured fitness | x1 | x2...
1 +7.680275491e+01 +7.680275491e+01 +1.139827549e+02 +1.139827549e+02 +3.1472e+00 +4.0579e+00
2 +3.327922241e+01 +3.327922241e+01 +7.045922241e+01 +7.045922241e+01 -3.7301e+00 +4.1338e+00
4 +7.669275032e+00 +7.669275032e+00 +4.484927503e+01 +4.484927503e+01 -2.2150e+00 +4.6882e-01
18 +5.620567710e+00 +5.620567710e+00 +4.280056771e+01 +4.280056771e+01 -4.0287e+00 +3.2346e+00
26 +3.622488745e+00 +3.622488745e+00 +4.080248875e+01 +4.080248875e+01 -2.2397e+00 +1.7970e+00
72 +2.478812601e+00 +2.478812601e+00 +3.965881260e+01 +3.965881260e+01 -2.1038e+00 +1.9908e+00
148 +1.393527366e+00 +1.393527366e+00 +3.857352737e+01 +3.857352737e+01 -3.5171e+00 +2.1814e+00
193 +9.849815204e-01 +9.849815204e-01 +3.816498152e+01 +3.816498152e+01 -4.2810e+00 +2.0536e+00
205 +5.658532997e-01 +5.658532997e-01 +3.774585330e+01 +3.774585330e+01 -3.5568e+00 +2.0688e+00
334 +3.845540557e-01 +3.845540557e-01 +3.756455406e+01 +3.756455406e+01 -3.7383e+00 +1.9404e+00
433 +1.821836830e-01 +1.821836830e-01 +3.736218368e+01 +3.736218368e+01 -4.0411e+00 +2.0470e+00
622 +1.270714650e-01 +1.270714650e-01 +3.730707146e+01 +3.730707146e+01 -3.9863e+00 +2.0758e+00
666 +9.933161527e-02 +9.933161527e-02 +3.727933162e+01 +3.727933162e+01 -3.9785e+00 +2.0483e+00
763 +4.165163619e-02 +4.165163619e-02 +3.722165164e+01 +3.722165164e+01 -3.8738e+00 +2.0685e+00
938 +2.225228117e-02 +2.225228117e-02 +3.720225228e+01 +3.720225228e+01 -3.8849e+00 +2.0606e+00
1015 +1.309961202e-02 +1.309961202e-02 +3.719309961e+01 +3.719309961e+01 -3.8931e+00 +2.0620e+00
1082 +9.137256078e-03 +9.137256078e-03 +3.718913726e+01 +3.718913726e+01 -3.9006e+00 +2.0630e+00
1097 +4.362113206e-03 +4.362113206e-03 +3.718436211e+01 +3.718436211e+01 -3.8964e+00 +2.0591e+00
1141 +3.065698941e-03 +3.065698941e-03 +3.718306570e+01 +3.718306570e+01 -3.8988e+00 +2.0610e+00
1305 +1.105609263e-03 +1.105609263e-03 +3.718110561e+01 +3.718110561e+01 -3.8986e+00 +2.0597e+00
1565 +5.823086358e-04 +5.823086358e-04 +3.718058231e+01 +3.718058231e+01 -3.8989e+00 +2.0600e+00
1715 +2.396633414e-04 +2.396633414e-04 +3.718023966e+01 +3.718023966e+01 -3.8990e+00 +2.0600e+00
1765 +6.888218729e-05 +6.888218729e-05 +3.718006888e+01 +3.718006888e+01 -3.8992e+00 +2.0600e+00
1970 +3.228102602e-05 +3.228102602e-05 +3.718003228e+01 +3.718003228e+01 -3.8992e+00 +2.0600e+00
2255 +2.186596274e-05 +2.186596274e-05 +3.718002187e+01 +3.718002187e+01 -3.8992e+00 +2.0600e+00
2321 +1.456166630e-05 +1.456166630e-05 +3.718001456e+01 +3.718001456e+01 -3.8992e+00 +2.0600e+00
2443 +6.940017926e-06 +6.940017926e-06 +3.718000694e+01 +3.718000694e+01 -3.8992e+00 +2.0600e+00
2455 +1.749953320e-06 +1.749953320e-06 +3.718000175e+01 +3.718000175e+01 -3.8992e+00 +2.0600e+00
2482 +9.952569187e-07 +9.952569187e-07 +3.718000100e+01 +3.718000100e+01 -3.8992e+00 +2.0600e+00
2602 +6.158063783e-07 +6.158063783e-07 +3.718000062e+01 +3.718000062e+01 -3.8992e+00 +2.0600e+00
2876 +1.789582882e-07 +1.789582882e-07 +3.718000018e+01 +3.718000018e+01 -3.8992e+00 +2.0600e+00
2953 +1.442370703e-07 +1.442370703e-07 +3.718000014e+01 +3.718000014e+01 -3.8992e+00 +2.0600e+00
3013 +8.503559457e-08 +8.503559457e-08 +3.718000009e+01 +3.718000009e+01 -3.8992e+00 +2.0600e+00
3100 +2.996078052e-08 +2.996078052e-08 +3.718000003e+01 +3.718000003e+01 -3.8992e+00 +2.0600e+00
3101 +1.714018794e-08 +1.714018794e-08 +3.718000002e+01 +3.718000002e+01 -3.8992e+00 +2.0600e+00
3182 +1.051748200e-08 +1.051748200e-08 +3.718000001e+01 +3.718000001e+01 -3.8992e+00 +2.0600e+00
3268 +2.041652181e-09 +2.041652181e-09 +3.718000000e+01 +3.718000000e+01 -3.8992e+00 +2.0600e+00
3273 +1.087954615e-09 +1.087954615e-09 +3.718000000e+01 +3.718000000e+01 -3.8992e+00 +2.0600e+00
3304 +7.706830729e-10 +7.706830729e-10 +3.718000000e+01 +3.718000000e+01 -3.8992e+00 +2.0600e+00
3434 +2.306421720e-10 +2.306421720e-10 +3.718000000e+01 +3.718000000e+01 -3.8992e+00 +2.0600e+00
3627 +5.393019364e-11 +5.393019364e-11 +3.718000000e+01 +3.718000000e+01 -3.8992e+00 +2.0600e+00
3755 +1.170974429e-11 +1.170974429e-11 +3.718000000e+01 +3.718000000e+01 -3.8992e+00 +2.0600e+00
3959 +4.611422355e-12 +4.611422355e-12 +3.718000000e+01 +3.718000000e+01 -3.8992e+00 +2.0600e+00
4131 +3.232969448e-12 +3.232969448e-12 +3.718000000e+01 +3.718000000e+01 -3.8992e+00 +2.0600e+00
4188 +2.366107310e-12 +2.366107310e-12 +3.718000000e+01 +3.718000000e+01 -3.8992e+00 +2.0600e+00
4201 +1.413980044e-12 +1.413980044e-12 +3.718000000e+01 +3.718000000e+01 -3.8992e+00 +2.0600e+00
4262 +7.958078641e-13 +7.958078641e-13 +3.718000000e+01 +3.718000000e+01 -3.8992e+00 +2.0600e+00
4294 +3.836930773e-13 +3.836930773e-13 +3.718000000e+01 +3.718000000e+01 -3.8992e+00 +2.0600e+00
4418 +1.065814104e-13 +1.065814104e-13 +3.718000000e+01 +3.718000000e+01 -3.8992e+00 +2.0600e+00
4443 +7.815970093e-14 +7.815970093e-14 +3.718000000e+01 +3.718000000e+01 -3.8992e+00 +2.0600e+00
4475 +1.421085472e-14 +1.421085472e-14 +3.718000000e+01 +3.718000000e+01 -3.8992e+00 +2.0600e+00
4660 +7.105427358e-15 +7.105427358e-15 +3.718000000e+01 +3.718000000e+01 -3.8992e+00 +2.0600e+00
4778 +0.000000000e+00 +0.000000000e+00 +3.718000000e+01 +3.718000000e+01 -3.8992e+00 +2.0600e+00
% function evaluation | noise-free fitness - Fopt (-1.479000000000e+02) | best noise-free fitness - Fopt | measured fitness | best measured fitness | x1 | x2...
1 +2.029088698e+02 +2.029088698e+02 +5.500886980e+01 +5.500886980e+01 +3.1472e+00 +4.0579e+00
2 +1.142990597e+01 +1.142990597e+01 -1.364700940e+02 -1.364700940e+02 -3.7301e+00 +4.1338e+00
4 +1.308748225e+00 +1.308748225e+00 -1.465912518e+02 -1.465912518e+02 -2.2150e+00 +4.6882e-01
73 +8.904128317e-01 +8.904128317e-01 -1.470095872e+02 -1.470095872e+02 -1.1500e+00 -3.6790e-01
227 +5.491301344e-01 +5.491301344e-01 -1.473508699e+02 -1.473508699e+02 -1.2410e+00 -2.5930e-02
295 +2.636316030e-01 +2.636316030e-01 -1.476363684e+02 -1.476363684e+02 -1.6497e+00 +2.0616e-01
306 +2.438036273e-01 +2.438036273e-01 -1.476561964e+02 -1.476561964e+02 -1.7715e+00 +2.3907e-01
493 +1.327750657e-01 +1.327750657e-01 -1.477672249e+02 -1.477672249e+02 -1.6611e+00 +1.6055e-01
659 +6.817874695e-02 +6.817874695e-02 -1.478318213e+02 -1.478318213e+02 -1.6405e+00 +1.1131e-01
774 +1.813971306e-02 +1.813971306e-02 -1.478818603e+02 -1.478818603e+02 -1.6614e+00 +1.3558e-01
952 +1.671066062e-03 +1.671066062e-03 -1.478983289e+02 -1.478983289e+02 -1.6711e+00 +1.3608e-01
1258 +1.093053319e-03 +1.093053319e-03 -1.478989069e+02 -1.478989069e+02 -1.6697e+00 +1.3466e-01
1425 +9.918343783e-04 +9.918343783e-04 -1.478990082e+02 -1.478990082e+02 -1.6711e+00 +1.3588e-01
1628 +2.346868862e-04 +2.346868862e-04 -1.478997653e+02 -1.478997653e+02 -1.6702e+00 +1.3508e-01
2052 +6.852460496e-05 +6.852460496e-05 -1.478999315e+02 -1.478999315e+02 -1.6704e+00 +1.3521e-01
2170 +3.439246663e-05 +3.439246663e-05 -1.478999656e+02 -1.478999656e+02 -1.6704e+00 +1.3519e-01
2390 +1.731750754e-05 +1.731750754e-05 -1.478999827e+02 -1.478999827e+02 -1.6704e+00 +1.3520e-01
2463 +9.520716475e-06 +9.520716475e-06 -1.478999905e+02 -1.478999905e+02 -1.6704e+00 +1.3520e-01
2647 +4.321448756e-06 +4.321448756e-06 -1.478999957e+02 -1.478999957e+02 -1.6704e+00 +1.3520e-01
2819 +3.501764922e-06 +3.501764922e-06 -1.478999965e+02 -1.478999965e+02 -1.6704e+00 +1.3520e-01
2914 +6.275049032e-07 +6.275049032e-07 -1.478999994e+02 -1.478999994e+02 -1.6704e+00 +1.3520e-01
3199 +2.697077548e-07 +2.697077548e-07 -1.478999997e+02 -1.478999997e+02 -1.6704e+00 +1.3520e-01
3274 +9.704393733e-09 +9.704393733e-09 -1.479000000e+02 -1.479000000e+02 -1.6704e+00 +1.3520e-01
3684 +3.399065918e-09 +3.399065918e-09 -1.479000000e+02 -1.479000000e+02 -1.6704e+00 +1.3520e-01
3722 +1.257063786e-09 +1.257063786e-09 -1.479000000e+02 -1.479000000e+02 -1.6704e+00 +1.3520e-01
3873 +9.729035355e-10 +9.729035355e-10 -1.479000000e+02 -1.479000000e+02 -1.6704e+00 +1.3520e-01
3879 +1.908517788e-10 +1.908517788e-10 -1.479000000e+02 -1.479000000e+02 -1.6704e+00 +1.3520e-01
4014 +9.038103599e-11 +9.038103599e-11 -1.479000000e+02 -1.479000000e+02 -1.6704e+00 +1.3520e-01
4188 +3.791456038e-11 +3.791456038e-11 -1.479000000e+02 -1.479000000e+02 -1.6704e+00 +1.3520e-01
4368 +2.020783541e-11 +2.020783541e-11 -1.479000000e+02 -1.479000000e+02 -1.6704e+00 +1.3520e-01
4401 +5.030642569e-12 +5.030642569e-12 -1.479000000e+02 -1.479000000e+02 -1.6704e+00 +1.3520e-01
4415 +2.700062396e-12 +2.700062396e-12 -1.479000000e+02 -1.479000000e+02 -1.6704e+00 +1.3520e-01
4490 +1.421085472e-12 +1.421085472e-12 -1.479000000e+02 -1.479000000e+02 -1.6704e+00 +1.3520e-01
4686 +9.947598301e-13 +9.947598301e-13 -1.479000000e+02 -1.479000000e+02 -1.6704e+00 +1.3520e-01
4760 +6.252776075e-13 +6.252776075e-13 -1.479000000e+02 -1.479000000e+02 -1.6704e+00 +1.3520e-01
4836 +3.410605132e-13 +3.410605132e-13 -1.479000000e+02 -1.479000000e+02 -1.6704e+00 +1.3520e-01
4850 +2.273736754e-13 +2.273736754e-13 -1.479000000e+02 -1.479000000e+02 -1.6704e+00 +1.3520e-01
4894 +1.421085472e-13 +1.421085472e-13 -1.479000000e+02 -1.479000000e+02 -1.6704e+00 +1.3520e-01
4935 +8.526512829e-14 +8.526512829e-14 -1.479000000e+02 -1.479000000e+02 -1.6704e+00 +1.3520e-01
4985 +5.684341886e-14 +5.684341886e-14 -1.479000000e+02 -1.479000000e+02 -1.6704e+00 +1.3520e-01
% function evaluation | noise-free fitness - Fopt (-2.218900000000e+02) | best noise-free fitness - Fopt | measured fitness | best measured fitness | x1 | x2...
1 +2.464400327e+02 +2.464400327e+02 +2.455003275e+01 +2.455003275e+01 +3.1472e+00 +4.0579e+00
2 +1.416961665e+01 +1.416961665e+01 -2.077203833e+02 -2.077203833e+02 -3.7301e+00 +4.1338e+00
4 +4.248316555e+00 +4.248316555e+00 -2.176416834e+02 -2.176416834e+02 -2.2150e+00 +4.6882e-01
23 +2.902181152e+00 +2.902181152e+00 -2.189878188e+02 -2.189878188e+02 -3.1313e+00 -1.0236e-01
28 +2.446237154e+00 +2.446237154e+00 -2.194437628e+02 -2.194437628e+02 -3.8100e+00 -1.6359e-02
108 +1.580391369e+00 +1.580391369e+00 -2.203096086e+02 -2.203096086e+02 -3.4613e+00 -1.6359e-02
219 +5.201787492e-01 +5.201787492e-01 -2.213698213e+02 -2.213698213e+02 -3.5336e+00 +7.6646e-02
235 +1.616494239e-01 +1.616494239e-01 -2.217283506e+02 -2.217283506e+02 -3.8631e+00 +2.6665e-01
448 +1.113229218e-01 +1.113229218e-01 -2.217786771e+02 -2.217786771e+02 -3.8198e+00 +1.9836e-01
671 +9.873039721e-02 +9.873039721e-02 -2.217912696e+02 -2.217912696e+02 -3.9440e+00 +2.7051e-01
731 +4.880166520e-02 +4.880166520e-02 -2.218411983e+02 -2.218411983e+02 -3.9397e+00 +2.5636e-01
866 +3.755784113e-02 +3.755784113e-02 -2.218524422e+02 -2.218524422e+02 -3.9123e+00 +2.2965e-01
976 +1.636662277e-02 +1.636662277e-02 -2.218736334e+02 -2.218736334e+02 -3.9463e+00 +2.4387e-01
1000 +5.484692512e-03 +5.484692512e-03 -2.218845153e+02 -2.218845153e+02 -3.9462e+00 +2.4981e-01
1073 +1.271832181e-03 +1.271832181e-03 -2.218887282e+02 -2.218887282e+02 -3.9426e+00 +2.4756e-01
1179 +9.869838050e-04 +9.869838050e-04 -2.218890130e+02 -2.218890130e+02 -3.9429e+00 +2.4755e-01
1410 +1.653390016e-04 +1.653390016e-04 -2.218898347e+02 -2.218898347e+02 -3.9432e+00 +2.4801e-01
1602 +1.207274838e-04 +1.207274838e-04 -2.218898793e+02 -2.218898793e+02 -3.9432e+00 +2.4801e-01
1713 +3.444378936e-05 +3.444378936e-05 -2.218899656e+02 -2.218899656e+02 -3.9432e+00 +2.4801e-01
2210 +2.288970492e-05 +2.288970492e-05 -2.218899771e+02 -2.218899771e+02 -3.9432e+00 +2.4800e-01
2820 +1.332574928e-05 +1.332574928e-05 -2.218899867e+02 -2.218899867e+02 -3.9432e+00 +2.4800e-01
2853 +5.476334678e-06 +5.476334678e-06 -2.218899945e+02 -2.218899945e+02 -3.9432e+00 +2.4800e-01
2970 +3.475826077e-06 +3.475826077e-06 -2.218899965e+02 -2.218899965e+02 -3.9432e+00 +2.4800e-01
3051 +2.383271664e-06 +2.383271664e-06 -2.218899976e+02 -2.218899976e+02 -3.9432e+00 +2.4800e-01
3100 +7.536403928e-07 +7.536403928e-07 -2.218899992e+02 -2.218899992e+02 -3.9432e+00 +2.4800e-01
3274 +5.219465322e-07 +5.219465322e-07 -2.218899995e+02 -2.218899995e+02 -3.9432e+00 +2.4800e-01
3389 +3.508909288e-07 +3.508909288e-07 -2.218899996e+02 -2.218899996e+02 -3.9432e+00 +2.4800e-01
3401 +5.039578355e-08 +5.039578355e-08 -2.218899999e+02 -2.218899999e+02 -3.9432e+00 +2.4800e-01
3578 +1.111985171e-08 +1.111985171e-08 -2.218900000e+02 -2.218900000e+02 -3.9432e+00 +2.4800e-01
3644 +7.243187383e-09 +7.243187383e-09 -2.218900000e+02 -2.218900000e+02 -3.9432e+00 +2.4800e-01
3740 +3.569738283e-09 +3.569738283e-09 -2.218900000e+02 -2.218900000e+02 -3.9432e+00 +2.4800e-01
3759 +1.853408094e-09 +1.853408094e-09 -2.218900000e+02 -2.218900000e+02 -3.9432e+00 +2.4800e-01
3876 +1.315527243e-09 +1.315527243e-09 -2.218900000e+02 -2.218900000e+02 -3.9432e+00 +2.4800e-01
3988 +9.237908216e-10 +9.237908216e-10 -2.218900000e+02 -2.218900000e+02 -3.9432e+00 +2.4800e-01
4026 +4.723119673e-10 +4.723119673e-10 -2.218900000e+02 -2.218900000e+02 -3.9432e+00 +2.4800e-01
4059 +1.597584287e-10 +1.597584287e-10 -2.218900000e+02 -2.218900000e+02 -3.9432e+00 +2.4800e-01
4067 +1.083435563e-10 +1.083435563e-10 -2.218900000e+02 -2.218900000e+02 -3.9432e+00 +2.4800e-01
4148 +7.111111699e-11 +7.111111699e-11 -2.218900000e+02 -2.218900000e+02 -3.9432e+00 +2.4800e-01
4261 +4.772005013e-11 +4.772005013e-11 -2.218900000e+02 -2.218900000e+02 -3.9432e+00 +2.4800e-01
4300 +3.166178431e-11 +3.166178431e-11 -2.218900000e+02 -2.218900000e+02 -3.9432e+00 +2.4800e-01
4338 +2.282263267e-11 +2.282263267e-11 -2.218900000e+02 -2.218900000e+02 -3.9432e+00 +2.4800e-01
4346 +1.426769813e-11 +1.426769813e-11 -2.218900000e+02 -2.218900000e+02 -3.9432e+00 +2.4800e-01
4362 +8.839151633e-12 +8.839151633e-12 -2.218900000e+02 -2.218900000e+02 -3.9432e+00 +2.4800e-01
4411 +2.955857781e-12 +2.955857781e-12 -2.218900000e+02 -2.218900000e+02 -3.9432e+00 +2.4800e-01
4553 +2.017941370e-12 +2.017941370e-12 -2.218900000e+02 -2.218900000e+02 -3.9432e+00 +2.4800e-01
4604 +1.307398634e-12 +1.307398634e-12 -2.218900000e+02 -2.218900000e+02 -3.9432e+00 +2.4800e-01
4636 +7.673861546e-13 +7.673861546e-13 -2.218900000e+02 -2.218900000e+02 -3.9432e+00 +2.4800e-01
4716 +6.252776075e-13 +6.252776075e-13 -2.218900000e+02 -2.218900000e+02 -3.9432e+00 +2.4800e-01
4872 +3.979039320e-13 +3.979039320e-13 -2.218900000e+02 -2.218900000e+02 -3.9432e+00 +2.4800e-01
4956 +1.421085472e-13 +1.421085472e-13 -2.218900000e+02 -2.218900000e+02 -3.9432e+00 +2.4800e-01
4993 +8.526512829e-14 +8.526512829e-14 -2.218900000e+02 -2.218900000e+02 -3.9432e+00 +2.4800e-01
% function evaluation | noise-free fitness - Fopt (1.195400000000e+02) | best noise-free fitness - Fopt | measured fitness | best measured fitness | x1 | x2...
1 +4.909207918e+01 +4.909207918e+01 +1.686320792e+02 +1.686320792e+02 +3.1472e+00 +4.0579e+00
2 +2.941476618e+01 +2.941476618e+01 +1.489547662e+02 +1.489547662e+02 -3.7301e+00 +4.1338e+00
4 +1.133024707e+01 +1.133024707e+01 +1.308702471e+02 +1.308702471e+02 -2.2150e+00 +4.6882e-01
7 +6.764128877e+00 +6.764128877e+00 +1.263041289e+02 +1.263041289e+02 +4.5717e+00 -1.4624e-01
43 +5.748260024e+00 +5.748260024e+00 +1.252882600e+02 +1.252882600e+02 +3.7167e+00 -8.5160e-01
82 +1.560539895e+00 +1.560539895e+00 +1.211005399e+02 +1.211005399e+02 +1.9803e+00 +4.2639e-01
117 +9.189787286e-01 +9.189787286e-01 +1.204589787e+02 +1.204589787e+02 +6.3901e-01 +9.5671e-01
120 +5.221645118e-01 +5.221645118e-01 +1.200621645e+02 +1.200621645e+02 +1.1604e+00 +8.6582e-01
316 +1.633847557e-01 +1.633847557e-01 +1.197033848e+02 +1.197033848e+02 +1.4285e+00 +8.5819e-01
429 +9.887961365e-02 +9.887961365e-02 +1.196388796e+02 +1.196388796e+02 +1.2245e+00 +9.2402e-01
565 +4.685773450e-02 +4.685773450e-02 +1.195868577e+02 +1.195868577e+02 +1.3362e+00 +9.1188e-01
793 +3.903242879e-02 +3.903242879e-02 +1.195790324e+02 +1.195790324e+02 +1.3538e+00 +9.0870e-01
912 +1.943281589e-02 +1.943281589e-02 +1.195594328e+02 +1.195594328e+02 +1.3259e+00 +9.0261e-01
989 +1.479363928e-02 +1.479363928e-02 +1.195547936e+02 +1.195547936e+02 +1.3217e+00 +9.0984e-01
1078 +7.576332814e-03 +7.576332814e-03 +1.195475763e+02 +1.195475763e+02 +1.3267e+00 +9.0795e-01
1136 +3.384432882e-03 +3.384432882e-03 +1.195433844e+02 +1.195433844e+02 +1.3218e+00 +9.0921e-01
1277 +2.443734745e-04 +2.443734745e-04 +1.195402444e+02 +1.195402444e+02 +1.3193e+00 +9.0882e-01
1467 +2.911429461e-05 +2.911429461e-05 +1.195400291e+02 +1.195400291e+02 +1.3192e+00 +9.0881e-01
1683 +2.509169897e-05 +2.509169897e-05 +1.195400251e+02 +1.195400251e+02 +1.3192e+00 +9.0880e-01
1971 +6.928030857e-06 +6.928030857e-06 +1.195400069e+02 +1.195400069e+02 +1.3192e+00 +9.0880e-01
2054 +1.642070586e-06 +1.642070586e-06 +1.195400016e+02 +1.195400016e+02 +1.3192e+00 +9.0880e-01
2112 +1.246498869e-06 +1.246498869e-06 +1.195400012e+02 +1.195400012e+02 +1.3192e+00 +9.0880e-01
2254 +6.152879592e-07 +6.152879592e-07 +1.195400006e+02 +1.195400006e+02 +1.3192e+00 +9.0880e-01
2444 +1.953950459e-07 +1.953950459e-07 +1.195400002e+02 +1.195400002e+02 +1.3192e+00 +9.0880e-01
2636 +1.164541885e-07 +1.164541885e-07 +1.195400001e+02 +1.195400001e+02 +1.3192e+00 +9.0880e-01
2666 +8.213810077e-08 +8.213810077e-08 +1.195400001e+02 +1.195400001e+02 +1.3192e+00 +9.0880e-01
2716 +2.477274563e-08 +2.477274563e-08 +1.195400000e+02 +1.195400000e+02 +1.3192e+00 +9.0880e-01
2863 +3.731258857e-09 +3.731258857e-09 +1.195400000e+02 +1.195400000e+02 +1.3192e+00 +9.0880e-01
2994 +2.331717042e-09 +2.331717042e-09 +1.195400000e+02 +1.195400000e+02 +1.3192e+00 +9.0880e-01
3077 +6.865974456e-10 +6.865974456e-10 +1.195400000e+02 +1.195400000e+02 +1.3192e+00 +9.0880e-01
3185 +5.189519925e-10 +5.189519925e-10 +1.195400000e+02 +1.195400000e+02 +1.3192e+00 +9.0880e-01
3205 +3.975202389e-10 +3.975202389e-10 +1.195400000e+02 +1.195400000e+02 +1.3192e+00 +9.0880e-01
3301 +1.105888714e-10 +1.105888714e-10 +1.195400000e+02 +1.195400000e+02 +1.3192e+00 +9.0880e-01
3377 +9.258371847e-11 +9.258371847e-11 +1.195400000e+02 +1.195400000e+02 +1.3192e+00 +9.0880e-01
3402 +5.434230843e-11 +5.434230843e-11 +1.195400000e+02 +1.195400000e+02 +1.3192e+00 +9.0880e-01
3436 +3.879563337e-11 +3.879563337e-11 +1.195400000e+02 +1.195400000e+02 +1.3192e+00 +9.0880e-01
3565 +1.594457899e-11 +1.594457899e-11 +1.195400000e+02 +1.195400000e+02 +1.3192e+00 +9.0880e-01
3615 +2.799538379e-12 +2.799538379e-12 +1.195400000e+02 +1.195400000e+02 +1.3192e+00 +9.0880e-01
3644 +2.501110430e-12 +2.501110430e-12 +1.195400000e+02 +1.195400000e+02 +1.3192e+00 +9.0880e-01
3703 +5.684341886e-13 +5.684341886e-13 +1.195400000e+02 +1.195400000e+02 +1.3192e+00 +9.0880e-01
3850 +9.947598301e-14 +9.947598301e-14 +1.195400000e+02 +1.195400000e+02 +1.3192e+00 +9.0880e-01
4027 +5.684341886e-14 +5.684341886e-14 +1.195400000e+02 +1.195400000e+02 +1.3192e+00 +9.0880e-01
4149 +2.842170943e-14 +2.842170943e-14 +1.195400000e+02 +1.195400000e+02 +1.3192e+00 +9.0880e-01
4182 +1.421085472e-14 +1.421085472e-14 +1.195400000e+02 +1.195400000e+02 +1.3192e+00 +9.0880e-01
4197 +0.000000000e+00 +0.000000000e+00 +1.195400000e+02 +1.195400000e+02 +1.3192e+00 +9.0880e-01
% function evaluation | noise-free fitness - Fopt (6.983000000000e+01) | best noise-free fitness - Fopt | measured fitness | best measured fitness | x1 | x2...
1 +8.720562041e+01 +8.720562041e+01 +1.570356204e+02 +1.570356204e+02 +3.1472e+00 +4.0579e+00
2 +1.842167015e+01 +1.842167015e+01 +8.825167015e+01 +8.825167015e+01 -3.7301e+00 +4.1338e+00
3 +1.341790028e+01 +1.341790028e+01 +8.324790028e+01 +8.324790028e+01 +1.3236e+00 -4.0246e+00
4 +7.118315443e+00 +7.118315443e+00 +7.694831544e+01 +7.694831544e+01 -2.2150e+00 +4.6882e-01
23 +4.019118608e+00 +4.019118608e+00 +7.384911861e+01 +7.384911861e+01 -3.1313e+00 -1.0236e-01
39 +3.562314057e+00 +3.562314057e+00 +7.339231406e+01 +7.339231406e+01 -3.0340e+00 -2.4892e+00
139 +2.492595558e+00 +2.492595558e+00 +7.232259556e+01 +7.232259556e+01 -3.0379e+00 -2.2262e+00
189 +1.498333956e+00 +1.498333956e+00 +7.132833396e+01 +7.132833396e+01 -1.8795e+00 -1.7905e+00
202 +8.269185440e-01 +8.269185440e-01 +7.065691854e+01 +7.065691854e+01 -3.1203e+00 -1.5148e+00
297 +3.807529614e-01 +3.807529614e-01 +7.021075296e+01 +7.021075296e+01 -2.9348e+00 -1.5693e+00
322 +1.773085343e-01 +1.773085343e-01 +7.000730853e+01 +7.000730853e+01 -2.8339e+00 -1.5148e+00
532 +5.299805506e-02 +5.299805506e-02 +6.988299806e+01 +6.988299806e+01 -2.8819e+00 -1.4456e+00
905 +3.271802441e-02 +3.271802441e-02 +6.986271802e+01 +6.986271802e+01 -2.8356e+00 -1.4660e+00
978 +1.888577619e-02 +1.888577619e-02 +6.984888578e+01 +6.984888578e+01 -2.8865e+00 -1.4516e+00
1044 +1.083702543e-02 +1.083702543e-02 +6.984083703e+01 +6.984083703e+01 -2.8617e+00 -1.4552e+00
1133 +7.576256639e-03 +7.576256639e-03 +6.983757626e+01 +6.983757626e+01 -2.8740e+00 -1.4555e+00
1152 +3.067471620e-03 +3.067471620e-03 +6.983306747e+01 +6.983306747e+01 -2.8637e+00 -1.4557e+00
1349 +1.659402432e-03 +1.659402432e-03 +6.983165940e+01 +6.983165940e+01 -2.8662e+00 -1.4562e+00
1429 +1.144092606e-03 +1.144092606e-03 +6.983114409e+01 +6.983114409e+01 -2.8646e+00 -1.4562e+00
1467 +4.503884779e-04 +4.503884779e-04 +6.983045039e+01 +6.983045039e+01 -2.8656e+00 -1.4559e+00
1627 +3.945295656e-04 +3.945295656e-04 +6.983039453e+01 +6.983039453e+01 -2.8656e+00 -1.4559e+00
1730 +2.464557679e-04 +2.464557679e-04 +6.983024646e+01 +6.983024646e+01 -2.8658e+00 -1.4560e+00
2020 +1.395183478e-04 +1.395183478e-04 +6.983013952e+01 +6.983013952e+01 -2.8655e+00 -1.4560e+00
2094 +4.012229121e-05 +4.012229121e-05 +6.983004012e+01 +6.983004012e+01 -2.8656e+00 -1.4560e+00
2109 +2.323772922e-05 +2.323772922e-05 +6.983002324e+01 +6.983002324e+01 -2.8656e+00 -1.4560e+00
2521 +7.351822717e-06 +7.351822717e-06 +6.983000735e+01 +6.983000735e+01 -2.8656e+00 -1.4560e+00
2574 +7.740003412e-07 +7.740003412e-07 +6.983000077e+01 +6.983000077e+01 -2.8656e+00 -1.4560e+00
2799 +6.082474187e-07 +6.082474187e-07 +6.983000061e+01 +6.983000061e+01 -2.8656e+00 -1.4560e+00
2887 +3.891234428e-07 +3.891234428e-07 +6.983000039e+01 +6.983000039e+01 -2.8656e+00 -1.4560e+00
2989 +2.054610491e-07 +2.054610491e-07 +6.983000021e+01 +6.983000021e+01 -2.8656e+00 -1.4560e+00
3060 +7.342163144e-08 +7.342163144e-08 +6.983000007e+01 +6.983000007e+01 -2.8656e+00 -1.4560e+00
3172 +4.849840707e-08 +4.849840707e-08 +6.983000005e+01 +6.983000005e+01 -2.8656e+00 -1.4560e+00
3247 +1.491214618e-08 +1.491214618e-08 +6.983000001e+01 +6.983000001e+01 -2.8656e+00 -1.4560e+00
3296 +8.554351894e-09 +8.554351894e-09 +6.983000001e+01 +6.983000001e+01 -2.8656e+00 -1.4560e+00
3351 +1.977909392e-09 +1.977909392e-09 +6.983000000e+01 +6.983000000e+01 -2.8656e+00 -1.4560e+00
3485 +1.252615789e-09 +1.252615789e-09 +6.983000000e+01 +6.983000000e+01 -2.8656e+00 -1.4560e+00
3579 +1.368078983e-10 +1.368078983e-10 +6.983000000e+01 +6.983000000e+01 -2.8656e+00 -1.4560e+00
3659 +9.103473531e-11 +9.103473531e-11 +6.983000000e+01 +6.983000000e+01 -2.8656e+00 -1.4560e+00
3908 +4.902744877e-11 +4.902744877e-11 +6.983000000e+01 +6.983000000e+01 -2.8656e+00 -1.4560e+00
3913 +2.279421096e-11 +2.279421096e-11 +6.983000000e+01 +6.983000000e+01 -2.8656e+00 -1.4560e+00
3963 +6.920686246e-12 +6.920686246e-12 +6.983000000e+01 +6.983000000e+01 -2.8656e+00 -1.4560e+00
4047 +6.096456673e-12 +6.096456673e-12 +6.983000000e+01 +6.983000000e+01 -2.8656e+00 -1.4560e+00
4078 +2.671640686e-12 +2.671640686e-12 +6.983000000e+01 +6.983000000e+01 -2.8656e+00 -1.4560e+00
4114 +1.890043677e-12 +1.890043677e-12 +6.983000000e+01 +6.983000000e+01 -2.8656e+00 -1.4560e+00
4238 +5.115907697e-13 +5.115907697e-13 +6.983000000e+01 +6.983000000e+01 -2.8656e+00 -1.4560e+00
4270 +1.705302566e-13 +1.705302566e-13 +6.983000000e+01 +6.983000000e+01 -2.8656e+00 -1.4560e+00
4391 +5.684341886e-14 +5.684341886e-14 +6.983000000e+01 +6.983000000e+01 -2.8656e+00 -1.4560e+00
4579 +2.842170943e-14 +2.842170943e-14 +6.983000000e+01 +6.983000000e+01 -2.8656e+00 -1.4560e+00
4618 +1.421085472e-14 +1.421085472e-14 +6.983000000e+01 +6.983000000e+01 -2.8656e+00 -1.4560e+00
4831 +0.000000000e+00 +0.000000000e+00 +6.983000000e+01 +6.983000000e+01 -2.8656e+00 -1.4560e+00
% function evaluation | noise-free fitness - Fopt (7.000000000000e-02) | best noise-free fitness - Fopt | measured fitness | best measured fitness | x1 | x2...
1 +2.535730414e+02 +2.535730414e+02 +2.536430414e+02 +2.536430414e+02 +3.1472e+00 +4.0579e+00
2 +1.425284900e+02 +1.425284900e+02 +1.425984900e+02 +1.425984900e+02 -3.7301e+00 +4.1338e+00
3 +9.569616912e+00 +9.569616912e+00 +9.639616912e+00 +9.639616912e+00 +1.3236e+00 -4.0246e+00
14 +3.652067880e+00 +3.652067880e+00 +3.722067880e+00 +3.722067880e+00 +2.4313e+00 -1.0777e+00
37 +2.490860407e+00 +2.490860407e+00 +2.560860407e+00 +2.560860407e+00 +3.1428e+00 -2.5648e+00
67 +7.922516768e-01 +7.922516768e-01 +8.622516768e-01 +8.622516768e-01 +3.5978e+00 -2.2604e+00
163 +5.974491651e-01 +5.974491651e-01 +6.674491651e-01 +6.674491651e-01 +3.6771e+00 -2.0644e+00
274 +1.304364377e-01 +1.304364377e-01 +2.004364377e-01 +2.004364377e-01 +3.7557e+00 -2.0011e+00
396 +8.788899517e-02 +8.788899517e-02 +1.578889952e-01 +1.578889952e-01 +3.7434e+00 -2.0167e+00
478 +3.520239783e-02 +3.520239783e-02 +1.052023978e-01 +1.052023978e-01 +3.7448e+00 -1.9955e+00
554 +1.646127294e-02 +1.646127294e-02 +8.646127294e-02 +8.646127294e-02 +3.7418e+00 -1.9859e+00
720 +1.030896083e-02 +1.030896083e-02 +8.030896083e-02 +8.030896083e-02 +3.7424e+00 -1.9953e+00
799 +7.917979754e-03 +7.917979754e-03 +7.791797975e-02 +7.791797975e-02 +3.7435e+00 -2.0034e+00
823 +3.306111890e-03 +3.306111890e-03 +7.330611189e-02 +7.330611189e-02 +3.7414e+00 -1.9956e+00
933 +2.100749197e-03 +2.100749197e-03 +7.210074920e-02 +7.210074920e-02 +3.7411e+00 -1.9973e+00
1016 +1.398089369e-03 +1.398089369e-03 +7.139808937e-02 +7.139808937e-02 +3.7405e+00 -1.9956e+00
1118 +9.960583512e-04 +9.960583512e-04 +7.099605835e-02 +7.099605835e-02 +3.7407e+00 -1.9972e+00
1134 +2.516368807e-04 +2.516368807e-04 +7.025163688e-02 +7.025163688e-02 +3.7407e+00 -1.9968e+00
1299 +2.308024451e-04 +2.308024451e-04 +7.023080245e-02 +7.023080245e-02 +3.7409e+00 -1.9970e+00
1309 +6.496027979e-05 +6.496027979e-05 +7.006496028e-02 +7.006496028e-02 +3.7408e+00 -1.9968e+00
1430 +4.137350801e-05 +4.137350801e-05 +7.004137351e-02 +7.004137351e-02 +3.7408e+00 -1.9968e+00
1641 +2.979522926e-05 +2.979522926e-05 +7.002979523e-02 +7.002979523e-02 +3.7408e+00 -1.9968e+00
2027 +3.823845397e-06 +3.823845397e-06 +7.000382385e-02 +7.000382385e-02 +3.7408e+00 -1.9968e+00
2185 +6.461644988e-07 +6.461644988e-07 +7.000064616e-02 +7.000064616e-02 +3.7408e+00 -1.9968e+00
2601 +5.896478699e-07 +5.896478699e-07 +7.000058965e-02 +7.000058965e-02 +3.7408e+00 -1.9968e+00
2797 +3.727500136e-07 +3.727500136e-07 +7.000037275e-02 +7.000037275e-02 +3.7408e+00 -1.9968e+00
2873 +1.278395416e-07 +1.278395416e-07 +7.000012784e-02 +7.000012784e-02 +3.7408e+00 -1.9968e+00
3026 +4.920477437e-08 +4.920477437e-08 +7.000004920e-02 +7.000004920e-02 +3.7408e+00 -1.9968e+00
3081 +3.500624747e-08 +3.500624747e-08 +7.000003501e-02 +7.000003501e-02 +3.7408e+00 -1.9968e+00
3377 +1.607718883e-08 +1.607718883e-08 +7.000001608e-02 +7.000001608e-02 +3.7408e+00 -1.9968e+00
3555 +1.533031570e-08 +1.533031570e-08 +7.000001533e-02 +7.000001533e-02 +3.7408e+00 -1.9968e+00
% function evaluation | noise-free fitness - Fopt (4.960000000000e+00) | best noise-free fitness - Fopt | measured fitness | best measured fitness | x1 | x2...
1 +1.264124860e+01 +1.264124860e+01 +1.760124860e+01 +1.760124860e+01 +3.1472e+00 +4.0579e+00
7 +6.358024083e+00 +6.358024083e+00 +1.131802408e+01 +1.131802408e+01 +4.5717e+00 -1.4624e-01
13 +2.806673101e+00 +2.806673101e+00 +7.766673101e+00 +7.766673101e+00 +1.7874e+00 +2.5774e+00
25 +1.885122970e+00 +1.885122970e+00 +6.845122970e+00 +6.845122970e+00 +2.0936e+00 +2.5469e+00
96 +7.469092799e-01 +7.469092799e-01 +5.706909280e+00 +5.706909280e+00 +3.0477e+00 +2.3204e+00
176 +5.258276149e-01 +5.258276149e-01 +5.485827615e+00 +5.485827615e+00 +3.0477e+00 +1.8179e+00
316 +3.640886512e-01 +3.640886512e-01 +5.324088651e+00 +5.324088651e+00 +3.2839e+00 +1.9599e+00
355 +1.604378965e-01 +1.604378965e-01 +5.120437897e+00 +5.120437897e+00 +3.2005e+00 +1.8136e+00
510 +1.078414366e-01 +1.078414366e-01 +5.067841437e+00 +5.067841437e+00 +3.2077e+00 +1.8349e+00
518 +6.268794313e-02 +6.268794313e-02 +5.022687943e+00 +5.022687943e+00 +3.2728e+00 +1.7844e+00
577 +3.031243658e-03 +3.031243658e-03 +4.963031244e+00 +4.963031244e+00 +3.2610e+00 +1.8155e+00
975 +1.751017157e-03 +1.751017157e-03 +4.961751017e+00 +4.961751017e+00 +3.2593e+00 +1.8185e+00
1021 +9.860136271e-04 +9.860136271e-04 +4.960986014e+00 +4.960986014e+00 +3.2604e+00 +1.8169e+00
1293 +3.122063589e-04 +3.122063589e-04 +4.960312206e+00 +4.960312206e+00 +3.2601e+00 +1.8175e+00
1350 +2.476693533e-04 +2.476693533e-04 +4.960247669e+00 +4.960247669e+00 +3.2601e+00 +1.8175e+00
1447 +1.082917768e-04 +1.082917768e-04 +4.960108292e+00 +4.960108292e+00 +3.2600e+00 +1.8176e+00
1514 +3.845601040e-05 +3.845601040e-05 +4.960038456e+00 +4.960038456e+00 +3.2600e+00 +1.8176e+00
1793 +1.745262279e-05 +1.745262279e-05 +4.960017453e+00 +4.960017453e+00 +3.2600e+00 +1.8176e+00
1905 +1.445706837e-05 +1.445706837e-05 +4.960014457e+00 +4.960014457e+00 +3.2600e+00 +1.8176e+00
1990 +6.932871742e-06 +6.932871742e-06 +4.960006933e+00 +4.960006933e+00 +3.2600e+00 +1.8176e+00
2152 +1.203668740e-06 +1.203668740e-06 +4.960001204e+00 +4.960001204e+00 +3.2600e+00 +1.8176e+00
2360 +8.543172996e-07 +8.543172996e-07 +4.960000854e+00 +4.960000854e+00 +3.2600e+00 +1.8176e+00
2602 +6.286847825e-07 +6.286847825e-07 +4.960000629e+00 +4.960000629e+00 +3.2600e+00 +1.8176e+00
2812 +1.011605146e-07 +1.011605146e-07 +4.960000101e+00 +4.960000101e+00 +3.2600e+00 +1.8176e+00
3003 +8.842204036e-08 +8.842204036e-08 +4.960000088e+00 +4.960000088e+00 +3.2600e+00 +1.8176e+00
3150 +3.847149710e-08 +3.847149710e-08 +4.960000038e+00 +4.960000038e+00 +3.2600e+00 +1.8176e+00
3266 +1.057866328e-08 +1.057866328e-08 +4.960000011e+00 +4.960000011e+00 +3.2600e+00 +1.8176e+00
3413 +9.698370995e-09 +9.698370995e-09 +4.960000010e+00 +4.960000010e+00 +3.2600e+00 +1.8176e+00
3545 +5.827766714e-09 +5.827766714e-09 +4.960000006e+00 +4.960000006e+00 +3.2600e+00 +1.8176e+00
3546 +3.442036878e-09 +3.442036878e-09 +4.960000003e+00 +4.960000003e+00 +3.2600e+00 +1.8176e+00
3584 +7.258087464e-10 +7.258087464e-10 +4.960000001e+00 +4.960000001e+00 +3.2600e+00 +1.8176e+00
3799 +5.164295658e-10 +5.164295658e-10 +4.960000001e+00 +4.960000001e+00 +3.2600e+00 +1.8176e+00
3845 +1.783480030e-10 +1.783480030e-10 +4.960000000e+00 +4.960000000e+00 +3.2600e+00 +1.8176e+00
3921 +1.425499718e-10 +1.425499718e-10 +4.960000000e+00 +4.960000000e+00 +3.2600e+00 +1.8176e+00
3983 +7.365308363e-11 +7.365308363e-11 +4.960000000e+00 +4.960000000e+00 +3.2600e+00 +1.8176e+00
3995 +5.743228115e-11 +5.743228115e-11 +4.960000000e+00 +4.960000000e+00 +3.2600e+00 +1.8176e+00
4056 +3.911715396e-11 +3.911715396e-11 +4.960000000e+00 +4.960000000e+00 +3.2600e+00 +1.8176e+00
4187 +2.421707279e-11 +2.421707279e-11 +4.960000000e+00 +4.960000000e+00 +3.2600e+00 +1.8176e+00
4255 +1.356692536e-11 +1.356692536e-11 +4.960000000e+00 +4.960000000e+00 +3.2600e+00 +1.8176e+00
4305 +9.143796831e-12 +9.143796831e-12 +4.960000000e+00 +4.960000000e+00 +3.2600e+00 +1.8176e+00
4353 +5.735856234e-12 +5.735856234e-12 +4.960000000e+00 +4.960000000e+00 +3.2600e+00 +1.8176e+00
4441 +1.615596545e-12 +1.615596545e-12 +4.960000000e+00 +4.960000000e+00 +3.2600e+00 +1.8176e+00
4471 +1.180389120e-12 +1.180389120e-12 +4.960000000e+00 +4.960000000e+00 +3.2600e+00 +1.8176e+00
4518 +4.600764214e-13 +4.600764214e-13 +4.960000000e+00 +4.960000000e+00 +3.2600e+00 +1.8176e+00
4611 +2.859934511e-13 +2.859934511e-13 +4.960000000e+00 +4.960000000e+00 +3.2600e+00 +1.8176e+00
4635 +1.580957587e-13 +1.580957587e-13 +4.960000000e+00 +4.960000000e+00 +3.2600e+00 +1.8176e+00
4842 +3.286260153e-14 +3.286260153e-14 +4.960000000e+00 +4.960000000e+00 +3.2600e+00 +1.8176e+00
4901 +2.309263891e-14 +2.309263891e-14 +4.960000000e+00 +4.960000000e+00 +3.2600e+00 +1.8176e+00
% function evaluation | noise-free fitness - Fopt (1.923000000000e+02) | best noise-free fitness - Fopt | measured fitness | best measured fitness | x1 | x2...
1 +7.336263198e+01 +7.336263198e+01 +2.656626320e+02 +2.656626320e+02 +3.1472e+00 +4.0579e+00
2 +5.657087629e+00 +5.657087629e+00 +1.979570876e+02 +1.979570876e+02 -3.7301e+00 +4.1338e+00
63 +3.427395280e+00 +3.427395280e+00 +1.957273953e+02 +1.957273953e+02 -4.2154e+00 +3.4113e+00
72 +2.441569443e+00 +2.441569443e+00 +1.947415694e+02 +1.947415694e+02 -4.0729e+00 +1.9908e+00
109 +1.229345533e+00 +1.229345533e+00 +1.935293455e+02 +1.935293455e+02 -3.2764e+00 +4.1529e+00
240 +6.230927634e-01 +6.230927634e-01 +1.929230928e+02 +1.929230928e+02 -3.1801e+00 +4.1800e+00
318 +1.803803365e-01 +1.803803365e-01 +1.924803803e+02 +1.924803803e+02 -3.0857e+00 +3.9934e+00
346 +1.122323544e-01 +1.122323544e-01 +1.924122324e+02 +1.924122324e+02 -3.0008e+00 +4.0728e+00
466 +8.774907620e-02 +8.774907620e-02 +1.923877491e+02 +1.923877491e+02 -3.0008e+00 +4.0380e+00
586 +3.325208800e-02 +3.325208800e-02 +1.923332521e+02 +1.923332521e+02 -2.9993e+00 +3.9982e+00
752 +3.409319009e-03 +3.409319009e-03 +1.923034093e+02 +1.923034093e+02 -3.0122e+00 +3.9809e+00
1091 +1.028965956e-03 +1.028965956e-03 +1.923010290e+02 +1.923010290e+02 -3.0132e+00 +3.9789e+00
1364 +9.907992132e-04 +9.907992132e-04 +1.923009908e+02 +1.923009908e+02 -3.0132e+00 +3.9791e+00
1403 +5.901887049e-04 +5.901887049e-04 +1.923005902e+02 +1.923005902e+02 -3.0136e+00 +3.9782e+00
1491 +3.216326858e-04 +3.216326858e-04 +1.923003216e+02 +1.923003216e+02 -3.0136e+00 +3.9783e+00
1554 +2.372106097e-04 +2.372106097e-04 +1.923002372e+02 +1.923002372e+02 -3.0135e+00 +3.9786e+00
1695 +1.580944092e-04 +1.580944092e-04 +1.923001581e+02 +1.923001581e+02 -3.0136e+00 +3.9784e+00
1745 +3.467827048e-05 +3.467827048e-05 +1.923000347e+02 +1.923000347e+02 -3.0136e+00 +3.9784e+00
2577 +2.433566323e-05 +2.433566323e-05 +1.923000243e+02 +1.923000243e+02 -3.0136e+00 +3.9784e+00
3430 +2.590487782e-06 +2.590487782e-06 +1.923000026e+02 +1.923000026e+02 -3.0136e+00 +3.9784e+00
3546 +6.766881029e-07 +6.766881029e-07 +1.923000007e+02 +1.923000007e+02 -3.0136e+00 +3.9784e+00
3608 +6.257973837e-07 +6.257973837e-07 +1.923000006e+02 +1.923000006e+02 -3.0136e+00 +3.9784e+00
3920 +3.362156349e-07 +3.362156349e-07 +1.923000003e+02 +1.923000003e+02 -3.0136e+00 +3.9784e+00
3985 +2.509810315e-07 +2.509810315e-07 +1.923000003e+02 +1.923000003e+02 -3.0136e+00 +3.9784e+00
4088 +8.723279166e-08 +8.723279166e-08 +1.923000001e+02 +1.923000001e+02 -3.0136e+00 +3.9784e+00
4169 +2.915635378e-08 +2.915635378e-08 +1.923000000e+02 +1.923000000e+02 -3.0136e+00 +3.9784e+00
4247 +1.525410198e-08 +1.525410198e-08 +1.923000000e+02 +1.923000000e+02 -3.0136e+00 +3.9784e+00
4475 +4.781981033e-09 +4.781981033e-09 +1.923000000e+02 +1.923000000e+02 -3.0136e+00 +3.9784e+00
4567 +2.516259201e-09 +2.516259201e-09 +1.923000000e+02 +1.923000000e+02 -3.0136e+00 +3.9784e+00
4577 +2.105593921e-09 +2.105593921e-09 +1.923000000e+02 +1.923000000e+02 -3.0136e+00 +3.9784e+00
4664 +1.535596539e-09 +1.535596539e-09 +1.923000000e+02 +1.923000000e+02 -3.0136e+00 +3.9784e+00
4715 +8.646736660e-10 +8.646736660e-10 +1.923000000e+02 +1.923000000e+02 -3.0136e+00 +3.9784e+00
4747 +5.429967587e-10 +5.429967587e-10 +1.923000000e+02 +1.923000000e+02 -3.0136e+00 +3.9784e+00
4765 +3.588809250e-10 +3.588809250e-10 +1.923000000e+02 +1.923000000e+02 -3.0136e+00 +3.9784e+00
4768 +2.439151103e-10 +2.439151103e-10 +1.923000000e+02 +1.923000000e+02 -3.0136e+00 +3.9784e+00
4976 +1.508908554e-10 +1.508908554e-10 +1.923000000e+02 +1.923000000e+02 -3.0136e+00 +3.9784e+00
% function evaluation | noise-free fitness - Fopt (4.971000000000e+01) | best noise-free fitness - Fopt | measured fitness | best measured fitness | x1 | x2...
1 +5.586094663e+01 +5.586094663e+01 +1.055709466e+02 +1.055709466e+02 +3.1472e+00 +4.0579e+00
2 +3.590174843e+01 +3.590174843e+01 +8.561174843e+01 +8.561174843e+01 -3.7301e+00 +4.1338e+00
3 +7.133129049e+00 +7.133129049e+00 +5.684312905e+01 +5.684312905e+01 +1.3236e+00 -4.0246e+00
8 +4.785913377e+00 +4.785913377e+00 +5.449591338e+01 +5.449591338e+01 +3.0028e+00 -3.5811e+00
16 +3.147811900e+00 +3.147811900e+00 +5.285781190e+01 +5.285781190e+01 +2.0605e+00 -4.6817e+00
71 +1.599407366e+00 +1.599407366e+00 +5.130940737e+01 +5.130940737e+01 +2.6329e+00 -4.0183e+00
90 +4.600221500e-01 +4.600221500e-01 +5.017002215e+01 +5.017002215e+01 +3.7232e+00 -3.6489e+00
193 +3.899449044e-01 +3.899449044e-01 +5.009994490e+01 +5.009994490e+01 +3.3841e+00 -3.9578e+00
277 +2.460985175e-01 +2.460985175e-01 +4.995609852e+01 +4.995609852e+01 +3.4769e+00 -3.8014e+00
462 +6.194648998e-02 +6.194648998e-02 +4.977194649e+01 +4.977194649e+01 +3.7598e+00 -3.7017e+00
847 +7.581181931e-03 +7.581181931e-03 +4.971758118e+01 +4.971758118e+01 +3.7348e+00 -3.7065e+00
1040 +3.134319680e-03 +3.134319680e-03 +4.971313432e+01 +4.971313432e+01 +3.7434e+00 -3.7033e+00
1186 +1.994790114e-03 +1.994790114e-03 +4.971199479e+01 +4.971199479e+01 +3.7441e+00 -3.7017e+00
1270 +1.071112880e-04 +1.071112880e-04 +4.971010711e+01 +4.971010711e+01 +3.7432e+00 -3.7024e+00
1567 +5.347592359e-05 +5.347592359e-05 +4.971005348e+01 +4.971005348e+01 +3.7432e+00 -3.7024e+00
1748 +3.895624667e-05 +3.895624667e-05 +4.971003896e+01 +4.971003896e+01 +3.7432e+00 -3.7024e+00
1886 +6.617188141e-06 +6.617188141e-06 +4.971000662e+01 +4.971000662e+01 +3.7432e+00 -3.7024e+00
2070 +7.206694264e-07 +7.206694264e-07 +4.971000072e+01 +4.971000072e+01 +3.7432e+00 -3.7024e+00
2352 +6.146271687e-07 +6.146271687e-07 +4.971000061e+01 +4.971000061e+01 +3.7432e+00 -3.7024e+00
2540 +2.858254362e-07 +2.858254362e-07 +4.971000029e+01 +4.971000029e+01 +3.7432e+00 -3.7024e+00
2655 +9.950559132e-08 +9.950559132e-08 +4.971000010e+01 +4.971000010e+01 +3.7432e+00 -3.7024e+00
2843 +5.034943484e-08 +5.034943484e-08 +4.971000005e+01 +4.971000005e+01 +3.7432e+00 -3.7024e+00
2895 +3.775794255e-08 +3.775794255e-08 +4.971000004e+01 +4.971000004e+01 +3.7432e+00 -3.7024e+00
3029 +2.220394180e-08 +2.220394180e-08 +4.971000002e+01 +4.971000002e+01 +3.7432e+00 -3.7024e+00
3054 +7.130502411e-09 +7.130502411e-09 +4.971000001e+01 +4.971000001e+01 +3.7432e+00 -3.7024e+00
3192 +6.282917298e-09 +6.282917298e-09 +4.971000001e+01 +4.971000001e+01 +3.7432e+00 -3.7024e+00
3212 +2.843329128e-09 +2.843329128e-09 +4.971000000e+01 +4.971000000e+01 +3.7432e+00 -3.7024e+00
3341 +1.198557698e-09 +1.198557698e-09 +4.971000000e+01 +4.971000000e+01 +3.7432e+00 -3.7024e+00
3422 +8.486225056e-10 +8.486225056e-10 +4.971000000e+01 +4.971000000e+01 +3.7432e+00 -3.7024e+00
3477 +5.194209507e-10 +5.194209507e-10 +4.971000000e+01 +4.971000000e+01 +3.7432e+00 -3.7024e+00
3545 +2.605986538e-10 +2.605986538e-10 +4.971000000e+01 +4.971000000e+01 +3.7432e+00 -3.7024e+00
3607 +1.531077487e-10 +1.531077487e-10 +4.971000000e+01 +4.971000000e+01 +3.7432e+00 -3.7024e+00
3665 +5.415046189e-11 +5.415046189e-11 +4.971000000e+01 +4.971000000e+01 +3.7432e+00 -3.7024e+00
3833 +2.139444177e-11 +2.139444177e-11 +4.971000000e+01 +4.971000000e+01 +3.7432e+00 -3.7024e+00
3883 +1.193711796e-11 +1.193711796e-11 +4.971000000e+01 +4.971000000e+01 +3.7432e+00 -3.7024e+00
4079 +8.867573342e-12 +8.867573342e-12 +4.971000000e+01 +4.971000000e+01 +3.7432e+00 -3.7024e+00
4095 +4.071409876e-12 +4.071409876e-12 +4.971000000e+01 +4.971000000e+01 +3.7432e+00 -3.7024e+00
4230 +1.733724275e-12 +1.733724275e-12 +4.971000000e+01 +4.971000000e+01 +3.7432e+00 -3.7024e+00
4407 +1.563194019e-12 +1.563194019e-12 +4.971000000e+01 +4.971000000e+01 +3.7432e+00 -3.7024e+00
4422 +2.629008122e-13 +2.629008122e-13 +4.971000000e+01 +4.971000000e+01 +3.7432e+00 -3.7024e+00
4689 +2.344791028e-13 +2.344791028e-13 +4.971000000e+01 +4.971000000e+01 +3.7432e+00 -3.7024e+00
4745 +4.973799150e-14 +4.973799150e-14 +4.971000000e+01 +4.971000000e+01 +3.7432e+00 -3.7024e+00
4856 +3.552713679e-14 +3.552713679e-14 +4.971000000e+01 +4.971000000e+01 +3.7432e+00 -3.7024e+00
% function evaluation | noise-free fitness - Fopt (2.051200000000e+02) | best noise-free fitness - Fopt | measured fitness | best measured fitness | x1 | x2...
1 +5.406660483e+01 +5.406660483e+01 +2.591866048e+02 +2.591866048e+02 +3.1472e+00 +4.0579e+00
2 +2.014918608e+01 +2.014918608e+01 +2.252691861e+02 +2.252691861e+02 -3.7301e+00 +4.1338e+00
4 +1.394376704e+01 +1.394376704e+01 +2.190637670e+02 +2.190637670e+02 -2.2150e+00 +4.6882e-01
9 +3.270412669e+00 +3.270412669e+00 +2.083904127e+02 +2.083904127e+02 -7.8239e-01 +4.1574e+00
44 +2.440400835e+00 +2.440400835e+00 +2.075604008e+02 +2.075604008e+02 -1.1399e-01 +1.9158e+00
114 +1.052795090e+00 +1.052795090e+00 +2.061727951e+02 +2.061727951e+02 -1.3993e+00 +3.5733e+00
147 +5.977704422e-01 +5.977704422e-01 +2.057177704e+02 +2.057177704e+02 -1.1929e+00 +4.1424e+00
269 +2.457876821e-01 +2.457876821e-01 +2.053657877e+02 +2.053657877e+02 -1.1234e+00 +3.6811e+00
418 +5.899275553e-02 +5.899275553e-02 +2.051789928e+02 +2.051789928e+02 -1.1676e+00 +3.8733e+00
487 +1.635256791e-02 +1.635256791e-02 +2.051363526e+02 +2.051363526e+02 -1.1984e+00 +3.9244e+00
510 +1.583544439e-02 +1.583544439e-02 +2.051358354e+02 +2.051358354e+02 -1.1961e+00 +3.9083e+00
902 +9.724629005e-03 +9.724629005e-03 +2.051297246e+02 +2.051297246e+02 -1.1969e+00 +3.9138e+00
1019 +3.614953047e-03 +3.614953047e-03 +2.051236150e+02 +2.051236150e+02 -1.1928e+00 +3.9073e+00
1121 +1.478577715e-03 +1.478577715e-03 +2.051214786e+02 +2.051214786e+02 -1.1937e+00 +3.9062e+00
1235 +3.533310232e-04 +3.533310232e-04 +2.051203533e+02 +2.051203533e+02 -1.1936e+00 +3.9063e+00
1297 +2.308535626e-04 +2.308535626e-04 +2.051202309e+02 +2.051202309e+02 -1.1936e+00 +3.9066e+00
1387 +1.314792788e-04 +1.314792788e-04 +2.051201315e+02 +2.051201315e+02 -1.1936e+00 +3.9064e+00
1436 +7.560087153e-05 +7.560087153e-05 +2.051200756e+02 +2.051200756e+02 -1.1936e+00 +3.9064e+00
1517 +5.216562261e-05 +5.216562261e-05 +2.051200522e+02 +2.051200522e+02 -1.1936e+00 +3.9064e+00
1550 +3.821663563e-05 +3.821663563e-05 +2.051200382e+02 +2.051200382e+02 -1.1936e+00 +3.9064e+00
1893 +2.465803595e-05 +2.465803595e-05 +2.051200247e+02 +2.051200247e+02 -1.1936e+00 +3.9064e+00
2072 +5.241178400e-06 +5.241178400e-06 +2.051200052e+02 +2.051200052e+02 -1.1936e+00 +3.9064e+00
2085 +2.186579394e-06 +2.186579394e-06 +2.051200022e+02 +2.051200022e+02 -1.1936e+00 +3.9064e+00
2413 +1.129297516e-06 +1.129297516e-06 +2.051200011e+02 +2.051200011e+02 -1.1936e+00 +3.9064e+00
2458 +8.644589400e-07 +8.644589400e-07 +2.051200009e+02 +2.051200009e+02 -1.1936e+00 +3.9064e+00
2650 +5.921903039e-07 +5.921903039e-07 +2.051200006e+02 +2.051200006e+02 -1.1936e+00 +3.9064e+00
2817 +3.533083373e-07 +3.533083373e-07 +2.051200004e+02 +2.051200004e+02 -1.1936e+00 +3.9064e+00
2962 +2.024827097e-07 +2.024827097e-07 +2.051200002e+02 +2.051200002e+02 -1.1936e+00 +3.9064e+00
4057 +1.580509945e-07 +1.580509945e-07 +2.051200002e+02 +2.051200002e+02 -1.1936e+00 +3.9064e+00
% function evaluation | noise-free fitness - Fopt (-1.729000000000e+02) | best noise-free fitness - Fopt | measured fitness | best measured fitness | x1 | x2...
1 +3.419683918e+01 +3.419683918e+01 -1.387031608e+02 -1.387031608e+02 +3.1472e+00 +4.0579e+00
4 +2.429337132e+00 +2.429337132e+00 -1.704706629e+02 -1.704706629e+02 -2.2150e+00 +4.6882e-01
165 +1.031866925e+00 +1.031866925e+00 -1.718681331e+02 -1.718681331e+02 -2.5018e+00 -1.0331e+00
224 +7.836657750e-01 +7.836657750e-01 -1.721163342e+02 -1.721163342e+02 -3.1605e+00 -1.4961e+00
295 +4.199745932e-01 +4.199745932e-01 -1.724800254e+02 -1.724800254e+02 -2.9467e+00 -9.6738e-01
472 +1.585270333e-01 +1.585270333e-01 -1.727414730e+02 -1.727414730e+02 -2.8242e+00 -9.5384e-01
604 +1.574966301e-01 +1.574966301e-01 -1.727425034e+02 -1.727425034e+02 -2.8902e+00 -8.9452e-01
666 +5.833618224e-02 +5.833618224e-02 -1.728416638e+02 -1.728416638e+02 -2.9102e+00 -9.7869e-01
802 +3.416545948e-02 +3.416545948e-02 -1.728658345e+02 -1.728658345e+02 -2.9152e+00 -1.0233e+00
882 +1.635190350e-02 +1.635190350e-02 -1.728836481e+02 -1.728836481e+02 -2.9363e+00 -1.0376e+00
950 +8.263211076e-03 +8.263211076e-03 -1.728917368e+02 -1.728917368e+02 -2.9292e+00 -1.0267e+00
1251 +3.232992119e-03 +3.232992119e-03 -1.728967670e+02 -1.728967670e+02 -2.9301e+00 -1.0249e+00
1369 +9.869109901e-04 +9.869109901e-04 -1.728990131e+02 -1.728990131e+02 -2.9306e+00 -1.0269e+00
1535 +5.045713846e-04 +5.045713846e-04 -1.728994954e+02 -1.728994954e+02 -2.9312e+00 -1.0271e+00
1569 +3.816830424e-04 +3.816830424e-04 -1.728996183e+02 -1.728996183e+02 -2.9310e+00 -1.0270e+00
1896 +2.318685271e-04 +2.318685271e-04 -1.728997681e+02 -1.728997681e+02 -2.9312e+00 -1.0273e+00
1990 +1.339295656e-04 +1.339295656e-04 -1.728998661e+02 -1.728998661e+02 -2.9312e+00 -1.0272e+00
1991 +7.072812858e-05 +7.072812858e-05 -1.728999293e+02 -1.728999293e+02 -2.9312e+00 -1.0272e+00
2017 +3.704403508e-05 +3.704403508e-05 -1.728999630e+02 -1.728999630e+02 -2.9312e+00 -1.0272e+00
2328 +1.162206956e-06 +1.162206956e-06 -1.728999988e+02 -1.728999988e+02 -2.9312e+00 -1.0272e+00
2608 +8.924247084e-07 +8.924247084e-07 -1.728999991e+02 -1.728999991e+02 -2.9312e+00 -1.0272e+00
2750 +6.092295450e-07 +6.092295450e-07 -1.728999994e+02 -1.728999994e+02 -2.9312e+00 -1.0272e+00
2762 +3.935679160e-07 +3.935679160e-07 -1.728999996e+02 -1.728999996e+02 -2.9312e+00 -1.0272e+00
2971 +1.651682737e-07 +1.651682737e-07 -1.728999998e+02 -1.728999998e+02 -2.9312e+00 -1.0272e+00
3008 +1.385275823e-07 +1.385275823e-07 -1.728999999e+02 -1.728999999e+02 -2.9312e+00 -1.0272e+00
3082 +2.459682946e-08 +2.459682946e-08 -1.729000000e+02 -1.729000000e+02 -2.9312e+00 -1.0272e+00
3317 +2.798543619e-09 +2.798543619e-09 -1.729000000e+02 -1.729000000e+02 -2.9312e+00 -1.0272e+00
3434 +2.235168495e-09 +2.235168495e-09 -1.729000000e+02 -1.729000000e+02 -2.9312e+00 -1.0272e+00
3603 +1.974740371e-10 +1.974740371e-10 -1.729000000e+02 -1.729000000e+02 -2.9312e+00 -1.0272e+00
3767 +1.287787654e-10 +1.287787654e-10 -1.729000000e+02 -1.729000000e+02 -2.9312e+00 -1.0272e+00
3889 +6.613731784e-11 +6.613731784e-11 -1.729000000e+02 -1.729000000e+02 -2.9312e+00 -1.0272e+00
4009 +2.756905815e-12 +2.756905815e-12 -1.729000000e+02 -1.729000000e+02 -2.9312e+00 -1.0272e+00
4330 +2.273736754e-12 +2.273736754e-12 -1.729000000e+02 -1.729000000e+02 -2.9312e+00 -1.0272e+00
4370 +1.193711796e-12 +1.193711796e-12 -1.729000000e+02 -1.729000000e+02 -2.9312e+00 -1.0272e+00
4431 +7.105427358e-13 +7.105427358e-13 -1.729000000e+02 -1.729000000e+02 -2.9312e+00 -1.0272e+00
4532 +5.400124792e-13 +5.400124792e-13 -1.729000000e+02 -1.729000000e+02 -2.9312e+00 -1.0272e+00
4631 +3.979039320e-13 +3.979039320e-13 -1.729000000e+02 -1.729000000e+02 -2.9312e+00 -1.0272e+00
4679 +1.989519660e-13 +1.989519660e-13 -1.729000000e+02 -1.729000000e+02 -2.9312e+00 -1.0272e+00
4739 +1.421085472e-13 +1.421085472e-13 -1.729000000e+02 -1.729000000e+02 -2.9312e+00 -1.0272e+00
4771 +0.000000000e+00 +0.000000000e+00 -1.729000000e+02 -1.729000000e+02 -2.9312e+00 -1.0272e+00
% function evaluation | noise-free fitness - Fopt (-3.506200000000e+02) | best noise-free fitness - Fopt | measured fitness | best measured fitness | x1 | x2...
1 +1.145586592e+03 +1.145586592e+03 +7.949665919e+02 +7.949665919e+02 +3.1472e+00 +4.0579e+00
2 +4.877456568e+01 +4.877456568e+01 -3.018454343e+02 -3.018454343e+02 -3.7301e+00 +4.1338e+00
6 +3.275086344e+01 +3.275086344e+01 -3.178691366e+02 -3.178691366e+02 -3.4239e+00 +4.7059e+00
17 +1.048436731e+01 +1.048436731e+01 -3.401356327e+02 -3.401356327e+02 -2.2308e+00 -4.5383e+00
35 +1.493346114e+00 +1.493346114e+00 -3.491266539e+02 -3.491266539e+02 -3.5071e+00 -2.4249e+00
247 +7.976203957e-01 +7.976203957e-01 -3.498223796e+02 -3.498223796e+02 -4.1444e+00 -3.6835e+00
280 +3.832756662e-01 +3.832756662e-01 -3.502367243e+02 -3.502367243e+02 -3.9941e+00 -4.0737e+00
296 +2.107655599e-01 +2.107655599e-01 -3.504092344e+02 -3.504092344e+02 -3.8446e+00 -3.7473e+00
299 +1.025905578e-01 +1.025905578e-01 -3.505174094e+02 -3.505174094e+02 -3.8395e+00 -3.6800e+00
374 +3.326137679e-02 +3.326137679e-02 -3.505867386e+02 -3.505867386e+02 -3.9230e+00 -3.7503e+00
588 +1.188218861e-02 +1.188218861e-02 -3.506081178e+02 -3.506081178e+02 -3.9045e+00 -3.7349e+00
745 +3.966341112e-03 +3.966341112e-03 -3.506160337e+02 -3.506160337e+02 -3.9087e+00 -3.7375e+00
982 +1.762308764e-03 +1.762308764e-03 -3.506182377e+02 -3.506182377e+02 -3.9089e+00 -3.7392e+00
1100 +1.239699348e-03 +1.239699348e-03 -3.506187603e+02 -3.506187603e+02 -3.9098e+00 -3.7408e+00
1166 +9.882383711e-04 +9.882383711e-04 -3.506190118e+02 -3.506190118e+02 -3.9097e+00 -3.7408e+00
1287 +3.751090085e-04 +3.751090085e-04 -3.506196249e+02 -3.506196249e+02 -3.9095e+00 -3.7401e+00
1316 +2.465471018e-04 +2.465471018e-04 -3.506197535e+02 -3.506197535e+02 -3.9096e+00 -3.7398e+00
1425 +1.546527886e-04 +1.546527886e-04 -3.506198453e+02 -3.506198453e+02 -3.9096e+00 -3.7400e+00
1617 +5.429535838e-05 +5.429535838e-05 -3.506199457e+02 -3.506199457e+02 -3.9096e+00 -3.7400e+00
1758 +3.856077052e-05 +3.856077052e-05 -3.506199614e+02 -3.506199614e+02 -3.9096e+00 -3.7400e+00
2051 +1.422597887e-05 +1.422597887e-05 -3.506199858e+02 -3.506199858e+02 -3.9096e+00 -3.7400e+00
2112 +6.794958040e-06 +6.794958040e-06 -3.506199932e+02 -3.506199932e+02 -3.9096e+00 -3.7400e+00
2312 +5.441295912e-06 +5.441295912e-06 -3.506199946e+02 -3.506199946e+02 -3.9096e+00 -3.7400e+00
2335 +7.430158462e-07 +7.430158462e-07 -3.506199993e+02 -3.506199993e+02 -3.9096e+00 -3.7400e+00
2392 +6.074300813e-07 +6.074300813e-07 -3.506199994e+02 -3.506199994e+02 -3.9096e+00 -3.7400e+00
2753 +3.052966804e-07 +3.052966804e-07 -3.506199997e+02 -3.506199997e+02 -3.9096e+00 -3.7400e+00
2872 +1.814373718e-07 +1.814373718e-07 -3.506199998e+02 -3.506199998e+02 -3.9096e+00 -3.7400e+00
2950 +9.673351542e-08 +9.673351542e-08 -3.506199999e+02 -3.506199999e+02 -3.9096e+00 -3.7400e+00
3072 +4.954603128e-08 +4.954603128e-08 -3.506200000e+02 -3.506200000e+02 -3.9096e+00 -3.7400e+00
3179 +3.708987606e-08 +3.708987606e-08 -3.506200000e+02 -3.506200000e+02 -3.9096e+00 -3.7400e+00
3210 +2.460456017e-08 +2.460456017e-08 -3.506200000e+02 -3.506200000e+02 -3.9096e+00 -3.7400e+00
3317 +1.461302190e-08 +1.461302190e-08 -3.506200000e+02 -3.506200000e+02 -3.9096e+00 -3.7400e+00
3350 +6.143181963e-09 +6.143181963e-09 -3.506200000e+02 -3.506200000e+02 -3.9096e+00 -3.7400e+00
3407 +1.984403752e-09 +1.984403752e-09 -3.506200000e+02 -3.506200000e+02 -3.9096e+00 -3.7400e+00
3599 +1.215028078e-09 +1.215028078e-09 -3.506200000e+02 -3.506200000e+02 -3.9096e+00 -3.7400e+00
3691 +5.418883120e-10 +5.418883120e-10 -3.506200000e+02 -3.506200000e+02 -3.9096e+00 -3.7400e+00
3755 +3.940385795e-10 +3.940385795e-10 -3.506200000e+02 -3.506200000e+02 -3.9096e+00 -3.7400e+00
3798 +1.917896952e-10 +1.917896952e-10 -3.506200000e+02 -3.506200000e+02 -3.9096e+00 -3.7400e+00
3862 +8.799361240e-11 +8.799361240e-11 -3.506200000e+02 -3.506200000e+02 -3.9096e+00 -3.7400e+00
4013 +2.813749234e-11 +2.813749234e-11 -3.506200000e+02 -3.506200000e+02 -3.9096e+00 -3.7400e+00
4126 +2.307842806e-11 +2.307842806e-11 -3.506200000e+02 -3.506200000e+02 -3.9096e+00 -3.7400e+00
4168 +1.108446668e-11 +1.108446668e-11 -3.506200000e+02 -3.506200000e+02 -3.9096e+00 -3.7400e+00
4231 +6.366462912e-12 +6.366462912e-12 -3.506200000e+02 -3.506200000e+02 -3.9096e+00 -3.7400e+00
4245 +5.002220860e-12 +5.002220860e-12 -3.506200000e+02 -3.506200000e+02 -3.9096e+00 -3.7400e+00
4324 +2.842170943e-12 +2.842170943e-12 -3.506200000e+02 -3.506200000e+02 -3.9096e+00 -3.7400e+00
4376 +1.307398634e-12 +1.307398634e-12 -3.506200000e+02 -3.506200000e+02 -3.9096e+00 -3.7400e+00
4481 +7.389644452e-13 +7.389644452e-13 -3.506200000e+02 -3.506200000e+02 -3.9096e+00 -3.7400e+00
4622 +5.115907697e-13 +5.115907697e-13 -3.506200000e+02 -3.506200000e+02 -3.9096e+00 -3.7400e+00
4625 +2.842170943e-13 +2.842170943e-13 -3.506200000e+02 -3.506200000e+02 -3.9096e+00 -3.7400e+00
4627 +1.705302566e-13 +1.705302566e-13 -3.506200000e+02 -3.506200000e+02 -3.9096e+00 -3.7400e+00
4694 +5.684341886e-14 +5.684341886e-14 -3.506200000e+02 -3.506200000e+02 -3.9096e+00 -3.7400e+00
4872 +0.000000000e+00 +0.000000000e+00 -3.506200000e+02 -3.506200000e+02 -3.9096e+00 -3.7400e+00
