% function evaluation | noise-free fitness - Fopt (9.294000000000e+01) | best noise-free fitness - Fopt | measured fitness | best measured fitness | x1 | x2...
1 +7.476486711e+02 +7.476486711e+02 +8.405886711e+02 +8.405886711e+02 +3.1472e+00 +4.0579e+00 -3.7301e+00 +4.1338e+00 +1.3236e+00 -4.0246e+00 -2.2150e+00 +4.6882e-01 +4.5751e+00 +4.6489e+00
3 +3.506771237e+02 +3.506771237e+02 +4.436171237e+02 +4.436171237e+02 +1.5574e+00 -4.6429e+00 +3.4913e+00 +4.3399e+00 +1.7874e+00 +2.5774e+00 +2.4313e+00 -1.0777e+00 +1.5548e+00 -3.2881e+00
109 +2.011030180e+02 +2.011030180e+02 +2.940430180e+02 +2.940430180e+02 -1.7320e+00 +1.0661e+00 +6.8898e-01 +7.9922e-01 +4.8095e+00 +2.4261e+00 +6.4660e-01 +2.5944e+00 +2.0549e+00 +1.1636e+00
203 +1.120456852e+02 +1.120456852e+02 +2.049856852e+02 +2.049856852e+02 +5.5741e-01 -2.3818e+00 +4.9129e-01 +1.8021e+00 +4.1142e+00 +2.2172e+00 +1.0177e+00 +5.1142e-01 +2.5548e+00 -4.9120e-01
283 +9.794391457e+01 +9.794391457e+01 +1.908839146e+02 +1.908839146e+02 -3.4339e-01 -1.3818e+00 -5.0871e-01 +1.4682e+00 +5.0000e+00 +1.2172e+00 +3.7993e-01 +1.5114e+00 +3.0704e+00 +5.0880e-01
362 +4.272391948e+01 +4.272391948e+01 +1.356639195e+02 +1.356639195e+02 +6.7468e-01 +2.4406e-01 -4.2833e-01 +1.8216e+00 +5.0000e+00 +1.1010e+00 +1.3708e+00 +2.0961e-01 +2.6052e+00 +1.0665e+00
442 +2.329525512e+01 +2.329525512e+01 +1.162352551e+02 +1.162352551e+02 +1.1648e+00 -1.5269e-01 -1.2873e+00 +2.0943e+00 +5.0000e+00 +1.9600e+00 +2.2298e+00 -6.4940e-01 +2.8101e+00 +9.4450e-01
767 +1.516269142e+01 +1.516269142e+01 +1.081026914e+02 +1.081026914e+02 +1.4883e+00 -7.3053e-05 -1.0576e+00 +2.6140e+00 +3.6683e+00 +2.3489e+00 +1.9713e+00 -1.1147e+00 +2.5067e+00 +1.4925e+00
887 +6.479509363e+00 +6.479509363e+00 +9.941950936e+01 +9.941950936e+01 +1.5007e+00 -7.3053e-05 -1.0761e+00 +2.3831e+00 +3.6683e+00 +2.7804e+00 +2.6688e+00 -1.6634e+00 +2.6555e+00 +1.4925e+00
1019 +5.711700256e+00 +5.711700256e+00 +9.865170026e+01 +9.865170026e+01 +1.3741e+00 +7.9368e-02 -9.1069e-01 +2.8308e+00 +4.1573e+00 +3.1668e+00 +3.2649e+00 -1.9942e+00 +1.8657e+00 +1.6814e+00
1692 +2.945301030e+00 +2.945301030e+00 +9.588530103e+01 +9.588530103e+01 +1.0838e+00 -1.8273e-01 -8.3501e-01 +3.1183e+00 +3.3293e+00 +3.4751e+00 +2.6330e+00 -2.3078e+00 +2.2303e+00 +1.8264e+00
% function evaluation | noise-free fitness - Fopt (3.535000000000e+01) | best noise-free fitness - Fopt | measured fitness | best measured fitness | x1 | x2...
1 +5.926834480e+02 +5.926834480e+02 +6.280334480e+02 +6.280334480e+02 +3.1472e+00 +4.0579e+00 -3.7301e+00 +4.1338e+00 +1.3236e+00 -4.0246e+00 -2.2150e+00 +4.6882e-01 +4.5751e+00 +4.6489e+00
5 +2.880028153e+02 +2.880028153e+02 +3.233528153e+02 +3.233528153e+02 -6.1256e-01 -1.1844e+00 +2.6552e+00 +2.9520e+00 -3.1313e+00 -1.0236e-01 -5.4414e-01 +1.4631e+00 +2.0936e+00 +2.5469e+00
34 +2.419646250e+02 +2.419646250e+02 +2.773146250e+02 +2.773146250e+02 -2.0802e+00 -6.8349e-01 -4.8451e+00 +4.8406e+00 -3.3283e+00 -3.9378e+00 -1.2759e+00 -3.0188e+00 -1.0312e-01 -1.6051e+00
77 +1.520358071e+02 +1.520358071e+02 +1.873858071e+02 +1.873858071e+02 -3.6740e+00 -3.8800e-01 +2.8187e+00 +2.6918e+00 -2.4315e+00 -2.3108e+00 -1.3927e+00 +3.8164e+00 -3.4853e+00 +2.5552e+00
125 +6.660133569e+01 +6.660133569e+01 +1.019513357e+02 +1.019513357e+02 -6.1256e-01 -6.4667e-01 +6.5517e-01 +2.9520e+00 -2.7133e+00 -2.1024e+00 -1.1393e+00 +2.3661e-01 +2.0936e+00 +5.4687e-01
205 +4.232056504e+01 +4.232056504e+01 +7.767056504e+01 +7.767056504e+01 +2.7105e-01 +2.3694e-01 -2.2844e-01 +2.0684e+00 -1.9094e+00 -2.9860e+00 -1.3830e+00 +3.6451e-02 +2.9773e+00 -3.3674e-01
331 +3.680116495e+01 +3.680116495e+01 +7.215116495e+01 +7.215116495e+01 +3.7528e-01 -2.9492e-01 +1.1215e-01 +2.0981e+00 -1.0854e+00 -2.9802e+00 +1.1563e-01 +7.0481e-01 +8.6137e-01 -1.0763e+00
758 +2.434350134e+01 +2.434350134e+01 +5.969350134e+01 +5.969350134e+01 +6.9289e-02 +1.6936e-02 +2.3293e+00 +1.6174e+00 -1.3257e+00 -2.8788e+00 -6.2342e-01 +1.0916e+00 +9.6969e-01 -1.4111e+00
931 +1.531065486e+01 +1.531065486e+01 +5.066065486e+01 +5.066065486e+01 +3.6132e-01 +4.5986e-01 +2.0232e+00 +2.2018e+00 -1.3578e+00 -1.9390e+00 -2.5825e-01 +1.2012e+00 +1.4758e+00 -1.9737e-01
1112 +8.789929955e+00 +8.789929955e+00 +4.413992996e+01 +4.413992996e+01 +1.2031e+00 +1.3412e+00 +2.9563e+00 +2.2318e+00 -1.3342e+00 -7.6971e-01 +2.1938e-01 +1.8645e+00 +1.2852e+00 -8.4917e-01
1449 +5.788032800e+00 +5.788032800e+00 +4.113803280e+01 +4.113803280e+01 +1.5694e+00 +1.7183e+00 +2.7414e+00 +2.2828e+00 -1.8975e+00 -3.4436e-01 +8.8494e-01 +1.8028e+00 +1.0923e+00 -1.1554e+00
1854 +3.778942370e+00 +3.778942370e+00 +3.912894237e+01 +3.912894237e+01 +9.8740e-01 +1.7477e+00 +2.2586e+00 +2.5136e+00 -2.5524e+00 -9.3295e-01 +1.1091e+00 +1.7227e+00 +9.5985e-01 -1.0308e+00
2741 +2.426868720e+00 +2.426868720e+00 +3.777686872e+01 +3.777686872e+01 +1.1682e+00 +1.6998e+00 +2.8128e+00 +1.8278e+00 -1.6906e+00 -9.8215e-01 +1.1833e+00 +1.2724e+00 +8.4767e-01 -1.4687e+00
3722 +1.582009804e+00 +1.582009804e+00 +3.693200980e+01 +3.693200980e+01 +1.4083e+00 +1.9150e+00 +2.9656e+00 +1.6752e+00 -2.1091e+00 -1.3789e+00 +1.2090e+00 +1.3770e+00 +1.0732e+00 -1.0275e+00
4711 +9.991912917e-01 +9.991912917e-01 +3.634919129e+01 +3.634919129e+01 +1.5637e+00 +1.6800e+00 +3.2045e+00 +1.6782e+00 -1.8977e+00 -1.3506e+00 +1.7285e+00 +1.3211e+00 +1.0984e+00 -1.2794e+00
% function evaluation | noise-free fitness - Fopt (3.820000000000e+00) | best noise-free fitness - Fopt | measured fitness | best measured fitness | x1 | x2...
1 +9.078303697e+02 +9.078303697e+02 +9.116503697e+02 +9.116503697e+02 +3.1472e+00 +4.0579e+00 -3.7301e+00 +4.1338e+00 +1.3236e+00 -4.0246e+00 -2.2150e+00 +4.6882e-01 +4.5751e+00 +4.6489e+00
5 +5.071442134e+02 +5.071442134e+02 +5.109642134e+02 +5.109642134e+02 -6.1256e-01 -1.1844e+00 +2.6552e+00 +2.9520e+00 -3.1313e+00 -1.0236e-01 -5.4414e-01 +1.4631e+00 +2.0936e+00 +2.5469e+00
20 +2.007412445e+02 +2.007412445e+02 +2.045612445e+02 +2.045612445e+02 +4.2939e+00 +2.7571e+00 -1.3208e-01 -6.4141e-01 -5.3216e-01 -1.9365e+00 +8.5087e-02 +1.0772e-01 +3.1763e+00 +2.9483e+00
87 +1.561874678e+02 +1.561874678e+02 +1.600074678e+02 +1.600074678e+02 +3.2665e+00 -1.3568e+00 -7.6036e-02 -6.7114e-01 +3.1432e+00 +3.4036e+00 -5.2784e-01 -2.6138e+00 -4.4052e-01 -1.4249e+00
175 +9.033642010e+01 +9.033642010e+01 +9.415642010e+01 +9.415642010e+01 +5.0000e+00 -7.4550e-01 +5.0952e-01 -1.5855e+00 -3.3470e-01 -2.2403e+00 -1.9893e+00 -2.2614e+00 -1.1609e+00 -6.3469e-01
215 +5.120758386e+01 +5.120758386e+01 +5.502758386e+01 +5.502758386e+01 +4.2903e+00 -6.6298e-01 +1.3931e+00 -2.2198e+00 +4.4667e-01 -1.3567e+00 -1.1057e+00 -2.1451e+00 -2.7732e-01 +2.1869e-01
284 +3.590141196e+01 +3.590141196e+01 +3.972141196e+01 +3.972141196e+01 +5.0000e+00 -6.8167e-01 +1.1653e+00 -1.2094e+00 -2.8682e-02 +6.1854e-03 -2.0517e+00 -2.8314e+00 +5.0222e-01 -1.8124e+00
375 +2.416386263e+01 +2.416386263e+01 +2.798386263e+01 +2.798386263e+01 +4.0000e+00 -5.3839e-01 +3.3931e+00 -2.2626e+00 +6.6068e-01 -1.3567e+00 -3.9541e-01 -2.7755e+00 +9.1069e-01 -3.4254e-02
415 +1.106492914e+01 +1.106492914e+01 +1.488492914e+01 +1.488492914e+01 +4.0000e+00 +6.9594e-02 +2.9598e+00 -9.8785e-01 +9.0446e-01 -1.3567e+00 -5.3215e-01 -2.1827e+00 +9.1069e-01 -3.4254e-02
531 +7.179152870e+00 +7.179152870e+00 +1.099915287e+01 +1.099915287e+01 +3.6218e+00 +1.6045e-01 +2.5177e+00 -1.2496e+00 +7.6039e-01 +4.5232e-01 -6.0808e-01 -3.0614e+00 +3.1017e-01 -5.6423e-02
606 +5.751278648e+00 +5.751278648e+00 +9.571278648e+00 +9.571278648e+00 +3.3841e+00 -3.4302e-01 +3.5506e+00 -1.3875e+00 +1.3042e+00 -1.1196e+00 -6.6012e-01 -3.1204e+00 +1.4316e+00 -2.5050e-01
1030 +2.778039071e+00 +2.778039071e+00 +6.598039071e+00 +6.598039071e+00 +2.9997e+00 -2.2150e-01 +2.6782e+00 -1.7492e+00 +7.0254e-01 +1.0569e-01 -7.7234e-01 -3.2736e+00 +1.4464e+00 -1.0774e-01
1291 +2.238184109e+00 +2.238184109e+00 +6.058184109e+00 +6.058184109e+00 +3.5075e+00 +3.0601e-01 +2.1181e+00 -1.2216e+00 +5.2884e-01 -8.0057e-02 -5.2240e-01 -2.9587e+00 +1.1790e+00 +4.9027e-02
1851 +9.985330171e-01 +9.985330171e-01 +4.818533017e+00 +4.818533017e+00 +3.5075e+00 +6.0974e-01 +2.0617e+00 -1.6049e+00 +5.2884e-01 +3.2749e-01 -2.3210e-01 -2.9587e+00 +1.2959e+00 +4.9027e-02
3173 +5.738956402e-01 +5.738956402e-01 +4.393895640e+00 +4.393895640e+00 +3.2769e+00 +7.1537e-01 +2.2495e+00 -1.7404e+00 +5.5101e-01 +2.7694e-01 +5.7403e-02 -3.0701e+00 +1.0552e+00 -6.3584e-02
% function evaluation | noise-free fitness - Fopt (2.175000000000e+01) | best noise-free fitness - Fopt | measured fitness | best measured fitness | x1 | x2...
1 +2.867097030e+02 +2.867097030e+02 +3.084597030e+02 +3.084597030e+02 +3.1472e+00 +4.0579e+00 -3.7301e+00 +4.1338e+00 +1.3236e+00 -4.0246e+00 -2.2150e+00 +4.6882e-01 +4.5751e+00 +4.6489e+00
2 +2.399242493e+02 +2.399242493e+02 +2.616742493e+02 +2.616742493e+02 -3.4239e+00 +4.7059e+00 +4.5717e+00 -1.4624e-01 +3.0028e+00 -3.5811e+00 -7.8239e-01 +4.1574e+00 +2.9221e+00 +4.5949e+00
20 +1.406093882e+02 +1.406093882e+02 +1.623593882e+02 +1.623593882e+02 +4.2939e+00 +2.7571e+00 -1.3208e-01 -6.4141e-01 -5.3216e-01 -1.9365e+00 +8.5087e-02 +1.0772e-01 +3.1763e+00 +2.9483e+00
220 +9.562239745e+01 +9.562239745e+01 +1.173723975e+02 +1.173723975e+02 +4.2558e+00 +3.2224e+00 +3.2088e-01 +3.8931e-01 -6.7098e-01 -1.9187e+00 +9.7948e-01 +1.1055e-01 +3.6849e+00 +2.8381e+00
288 +5.542403284e+01 +5.542403284e+01 +7.717403284e+01 +7.717403284e+01 +5.0000e+00 +1.5428e+00 +6.9901e-01 +1.4352e+00 +2.9264e-01 -1.9991e+00 +9.6595e-01 +6.2433e-01 +3.1604e+00 +2.8547e+00
368 +2.948937395e+01 +2.948937395e+01 +5.123937395e+01 +5.123937395e+01 +5.0000e+00 +2.4100e+00 -1.6820e-01 +2.3025e+00 -5.7458e-01 -2.1295e+00 +1.8332e+00 +7.2276e-01 +2.2932e+00 +2.9603e+00
382 +1.984031446e+01 +1.984031446e+01 +4.159031446e+01 +4.159031446e+01 +2.0774e+00 +2.6312e+00 -4.7299e-01 +2.3049e+00 -7.3801e-01 -2.8645e+00 +2.1264e+00 +1.3966e+00 +2.2766e+00 +3.5905e+00
500 +1.497896925e+01 +1.497896925e+01 +3.672896925e+01 +3.672896925e+01 +4.3934e+00 +1.9696e-01 -6.5552e-01 +3.5889e+00 -7.7129e-01 -2.4777e+00 +2.6884e+00 +2.0121e+00 +1.7626e+00 +3.5069e+00
602 +8.744328030e+00 +8.744328030e+00 +3.049432803e+01 +3.049432803e+01 +4.5761e+00 +7.9210e-01 -1.5775e+00 +3.9775e+00 -1.0890e+00 -1.7338e+00 +2.5593e+00 +2.3791e+00 +1.7381e+00 +4.6389e+00
624 +5.222639071e+00 +5.222639071e+00 +2.697263907e+01 +2.697263907e+01 +4.7743e+00 +1.2816e+00 -8.3825e-03 +3.4637e+00 -1.0830e+00 -2.2242e+00 +3.0251e+00 +2.9859e+00 +2.0272e+00 +4.3701e+00
1019 +2.648593742e+00 +2.648593742e+00 +2.439859374e+01 +2.439859374e+01 +4.5515e+00 +1.0805e+00 -8.0219e-01 +2.9300e+00 -6.8217e-01 -2.6695e+00 +2.9508e+00 +2.6411e+00 +2.2958e+00 +3.9257e+00
1112 +2.407955433e+00 +2.407955433e+00 +2.415795543e+01 +2.415795543e+01 +4.6668e+00 +1.3077e+00 -1.7561e+00 +3.0371e+00 -8.7355e-01 -1.6730e+00 +3.0304e+00 +2.4229e+00 +2.2694e+00 +4.7246e+00
1702 +1.551847945e+00 +1.551847945e+00 +2.330184794e+01 +2.330184794e+01 +4.7502e+00 +6.2803e-01 -9.5984e-01 +3.3338e+00 -1.0183e+00 -2.1135e+00 +3.2181e+00 +2.3612e+00 +2.0470e+00 +3.7783e+00
2124 +9.239604669e-01 +9.239604669e-01 +2.267396047e+01 +2.267396047e+01 +4.7628e+00 +6.5020e-01 -1.0739e+00 +3.3281e+00 -1.1182e+00 -2.0850e+00 +3.4252e+00 +2.4479e+00 +1.8503e+00 +4.0564e+00
3538 +5.839063735e-01 +5.839063735e-01 +2.233390637e+01 +2.233390637e+01 +4.7285e+00 +7.9717e-01 -1.0273e+00 +3.3494e+00 -1.0736e+00 -1.8867e+00 +3.2970e+00 +2.3476e+00 +1.9184e+00 +3.7864e+00
% function evaluation | noise-free fitness - Fopt (6.479000000000e+01) | best noise-free fitness - Fopt | measured fitness | best measured fitness | x1 | x2...
1 +4.519559043e+02 +4.519559043e+02 +5.167459043e+02 +5.167459043e+02 +3.1472e+00 +4.0579e+00 -3.7301e+00 +4.1338e+00 +1.3236e+00 -4.0246e+00 -2.2150e+00 +4.6882e-01 +4.5751e+00 +4.6489e+00
16 +2.675883282e+02 +2.675883282e+02 +3.323783282e+02 +3.323783282e+02 -8.2733e-01 -4.5035e+00 +4.0272e+00 +4.4479e+00 -9.1359e-02 -1.0747e-01 -1.6228e+00 +4.0005e+00 -1.3075e+00 -3.8880e+00
27 +1.845385227e+02 +1.845385227e+02 +2.493285227e+02 +2.493285227e+02 -4.6226e+00 +3.8517e+00 +4.1329e+00 +2.9618e+00 -4.0129e+00 -2.3813e+00 -1.6464e+00 +1.7973e+00 -3.6345e+00 +2.2123e+00
117 +1.305573566e+02 +1.305573566e+02 +1.953473566e+02 +1.953473566e+02 -3.8083e+00 +1.6120e+00 +5.0000e+00 +2.6918e+00 -2.6230e+00 -1.7635e+00 -1.3927e+00 +3.8724e+00 -5.0000e+00 +2.5552e+00
157 +7.835708455e+01 +7.835708455e+01 +1.431470846e+02 +1.431470846e+02 -3.8768e+00 +2.5038e+00 +4.1482e+00 +3.5836e+00 -2.2014e+00 -2.1672e+00 -2.2845e+00 +3.0385e+00 -4.7418e+00 +1.6634e+00
222 +6.218514158e+01 +6.218514158e+01 +1.269751416e+02 +1.269751416e+02 -4.7169e+00 +1.0125e+00 +2.7092e+00 +3.0488e-01 +4.4309e-01 -1.8568e+00 -1.1104e+00 -2.9292e-01 -5.0000e+00 +2.3570e+00
302 +3.951025754e+01 +3.951025754e+01 +1.043002575e+02 +1.043002575e+02 -3.7169e+00 +5.1920e-01 +3.7092e+00 +1.3049e+00 -5.5691e-01 -2.8568e+00 -2.1104e+00 +7.0708e-01 -4.9535e+00 +3.1094e+00
448 +2.027562727e+01 +2.027562727e+01 +8.506562727e+01 +8.506562727e+01 -1.5158e+00 +1.4030e+00 +3.0000e+00 +3.1958e+00 -1.6994e+00 -3.2290e+00 -2.3742e+00 +1.3829e+00 -4.8396e+00 +3.4537e+00
823 +1.432401296e+01 +1.432401296e+01 +7.911401296e+01 +7.911401296e+01 -1.4727e+00 +6.2923e-01 +1.5209e+00 +3.5911e+00 -1.6565e+00 -4.1379e+00 -3.1164e+00 -7.7283e-01 -4.7571e+00 +4.2419e+00
953 +9.339315587e+00 +9.339315587e+00 +7.412931559e+01 +7.412931559e+01 -1.0667e+00 -8.5028e-02 +2.3229e+00 +2.8141e+00 -1.0769e+00 -3.2302e+00 -2.5748e+00 +6.3457e-02 -3.8823e+00 +3.1113e+00
1231 +4.798320550e+00 +4.798320550e+00 +6.958832055e+01 +6.958832055e+01 -8.5802e-01 -1.0716e+00 +8.8185e-01 +2.0310e+00 -9.1194e-01 -3.0105e+00 -3.5024e+00 +7.7795e-01 -4.2711e+00 +2.3111e+00
1241 +3.493115990e+00 +3.493115990e+00 +6.828311599e+01 +6.828311599e+01 -7.2533e-01 -1.2748e+00 +7.2027e-01 +2.2592e+00 -7.2145e-01 -3.0966e+00 -3.5260e+00 +7.7312e-01 -4.3937e+00 +2.0964e+00
1668 +1.921061704e+00 +1.921061704e+00 +6.671106170e+01 +6.671106170e+01 -1.5013e+00 -1.6105e+00 +9.9168e-01 +2.2957e+00 -7.4681e-01 -3.4014e+00 -3.2903e+00 +1.9937e-01 -3.9128e+00 +2.4258e+00
1826 +1.560526588e+00 +1.560526588e+00 +6.635052659e+01 +6.635052659e+01 -1.2054e+00 -1.7628e+00 +7.4524e-01 +2.2349e+00 -9.2507e-01 -3.2008e+00 -3.7346e+00 +2.3089e-01 -3.7257e+00 +2.4010e+00
2548 +9.342725497e-01 +9.342725497e-01 +6.572427255e+01 +6.572427255e+01 -1.2770e+00 -1.6270e+00 +6.3214e-01 +2.0343e+00 -7.2004e-01 -3.4543e+00 -3.4956e+00 +7.7553e-02 -4.0523e+00 +2.8070e+00
3682 +6.301432773e-01 +6.301432773e-01 +6.542014328e+01 +6.542014328e+01 -1.4618e+00 -1.9517e+00 +5.2843e-01 +1.9830e+00 -5.6706e-01 -3.4281e+00 -3.4970e+00 -3.2113e-01 -4.0686e+00 +2.7468e+00
% function evaluation | noise-free fitness - Fopt (5.407000000000e+01) | best noise-free fitness - Fopt | measured fitness | best measured fitness | x1 | x2...
1 +1.918808133e+03 +1.918808133e+03 +1.972878133e+03 +1.972878133e+03 +3.1472e+00 +4.0579e+00 -3.7301e+00 +4.1338e+00 +1.3236e+00 -4.0246e+00 -2.2150e+00 +4.6882e-01 +4.5751e+00 +4.6489e+00
3 +4.876264035e+02 +4.876264035e+02 +5.416964035e+02 +5.416964035e+02 +1.5574e+00 -4.6429e+00 +3.4913e+00 +4.3399e+00 +1.7874e+00 +2.5774e+00 +2.4313e+00 -1.0777e+00 +1.5548e+00 -3.2881e+00
5 +3.343294644e+02 +3.343294644e+02 +3.883994644e+02 +3.883994644e+02 -6.1256e-01 -1.1844e+00 +2.6552e+00 +2.9520e+00 -3.1313e+00 -1.0236e-01 -5.4414e-01 +1.4631e+00 +2.0936e+00 +2.5469e+00
45 +1.924430424e+02 +1.924430424e+02 +2.465130424e+02 +2.465130424e+02 -1.2380e-01 -1.6832e+00 +3.0914e+00 +1.9520e+00 -2.1313e+00 +8.9764e-01 +4.5586e-01 +4.7395e-01 +1.0936e+00 +1.5469e+00
56 +1.455954946e+02 +1.455954946e+02 +1.996654946e+02 +1.996654946e+02 -5.9745e-03 -3.5035e+00 +3.9162e+00 +3.4479e+00 -9.1081e-01 +8.9253e-01 -6.2281e-01 +3.0005e+00 -3.0753e-01 -2.8880e+00
136 +7.880713533e+01 +7.880713533e+01 +1.328771353e+02 +1.328771353e+02 +7.2651e-01 -2.6117e+00 +3.8172e+00 +2.5561e+00 -1.6416e+00 +1.7843e+00 +2.6900e-01 +2.1087e+00 +5.8427e-01 -1.9962e+00
232 +5.743091019e+01 +5.743091019e+01 +1.115009102e+02 +1.115009102e+02 +4.1972e-01 -2.8141e+00 +2.9240e+00 +3.4157e+00 +5.9870e-01 +2.4107e+00 +1.2138e+00 +1.7144e+00 -1.1653e+00 -2.1254e+00
261 +3.544830766e+01 +3.544830766e+01 +8.951830766e+01 +8.951830766e+01 -4.1408e-01 -3.1049e+00 +3.6226e+00 +2.6823e+00 -3.3443e-01 +3.3253e+00 +2.4897e+00 +2.8327e+00 -2.7272e+00 -2.1521e+00
371 +2.506668070e+01 +2.506668070e+01 +7.913668070e+01 +7.913668070e+01 +1.4773e+00 -2.0572e+00 +3.1122e+00 +2.9627e+00 -2.8991e-01 +2.4506e+00 +2.1845e+00 +2.8891e+00 -2.5778e+00 -2.4804e+00
487 +1.473254951e+01 +1.473254951e+01 +6.880254951e+01 +6.880254951e+01 +1.2320e+00 -2.5331e+00 +3.1595e+00 +2.8011e+00 -7.5830e-01 +1.5471e+00 +1.5264e+00 +3.1773e+00 -2.2310e+00 -2.2205e+00
595 +8.013845529e+00 +8.013845529e+00 +6.208384553e+01 +6.208384553e+01 +9.7605e-01 -2.6235e+00 +2.9468e+00 +2.1707e+00 -2.7640e-01 +1.9876e+00 +2.4616e+00 +2.5814e+00 -2.5672e+00 -2.1023e+00
1051 +4.690632736e+00 +4.690632736e+00 +5.876063274e+01 +5.876063274e+01 +8.7647e-01 -2.9361e+00 +2.5631e+00 +1.9587e+00 -3.7701e-01 +1.6749e+00 +2.1911e+00 +2.5132e+00 -3.4791e+00 -1.7492e+00
1445 +3.625520572e+00 +3.625520572e+00 +5.769552057e+01 +5.769552057e+01 +8.7127e-01 -3.1656e+00 +2.8091e+00 +2.0349e+00 -3.1435e-01 +1.7070e+00 +2.1671e+00 +2.5447e+00 -3.6927e+00 -2.2926e+00
2014 +2.451499638e+00 +2.451499638e+00 +5.652149964e+01 +5.652149964e+01 +6.5491e-01 -2.9564e+00 +3.1426e+00 +2.3633e+00 -1.4478e+00 +1.6059e+00 +2.0560e+00 +2.6430e+00 -3.7548e+00 -2.4536e+00
2231 +1.261832415e+00 +1.261832415e+00 +5.533183241e+01 +5.533183241e+01 +9.5820e-01 -3.2649e+00 +3.0811e+00 +2.4327e+00 -2.1642e+00 +1.4827e+00 +1.4491e+00 +2.6534e+00 -4.0916e+00 -2.4803e+00
2533 +8.992044436e-01 +8.992044436e-01 +5.496920444e+01 +5.496920444e+01 +1.0320e+00 -3.2822e+00 +3.1289e+00 +2.2915e+00 -2.0458e+00 +1.5103e+00 +1.3487e+00 +2.6527e+00 -3.7640e+00 -2.4978e+00
3633 +6.179334310e-01 +6.179334310e-01 +5.468793343e+01 +5.468793343e+01 +1.0462e+00 -3.3156e+00 +3.0938e+00 +2.3167e+00 -1.9659e+00 +1.5413e+00 +1.4304e+00 +2.6852e+00 -3.7918e+00 -2.3846e+00
4028 +3.053643786e-01 +3.053643786e-01 +5.437536438e+01 +5.437536438e+01 +7.4049e-01 -3.6166e+00 +3.3065e+00 +2.4668e+00 -3.3599e+00 +1.4263e+00 +8.9468e-01 +3.1486e+00 -3.7180e+00 -2.5527e+00
4546 +1.824854456e-01 +1.824854456e-01 +5.425248545e+01 +5.425248545e+01 +7.7348e-01 -3.5283e+00 +3.3684e+00 +2.4876e+00 -3.3292e+00 +1.4505e+00 +9.2022e-01 +3.0943e+00 -3.6321e+00 -2.4470e+00
4706 +1.365616306e-01 +1.365616306e-01 +5.420656163e+01 +5.420656163e+01 +7.6925e-01 -3.5224e+00 +3.3481e+00 +2.4855e+00 -3.2988e+00 +1.4549e+00 +9.1238e-01 +3.0927e+00 -3.5711e+00 -2.4495e+00
% function evaluation | noise-free fitness - Fopt (-9.152000000000e+01) | best noise-free fitness - Fopt | measured fitness | best measured fitness | x1 | x2...
1 +4.439156373e+03 +4.439156373e+03 +4.347636373e+03 +4.347636373e+03 +3.1472e+00 +4.0579e+00 -3.7301e+00 +4.1338e+00 +1.3236e+00 -4.0246e+00 -2.2150e+00 +4.6882e-01 +4.5751e+00 +4.6489e+00
2 +7.607542302e+02 +7.607542302e+02 +6.692342302e+02 +6.692342302e+02 -3.4239e+00 +4.7059e+00 +4.5717e+00 -1.4624e-01 +3.0028e+00 -3.5811e+00 -7.8239e-01 +4.1574e+00 +2.9221e+00 +4.5949e+00
5 +5.481388663e+02 +5.481388663e+02 +4.566188663e+02 +4.566188663e+02 -6.1256e-01 -1.1844e+00 +2.6552e+00 +2.9520e+00 -3.1313e+00 -1.0236e-01 -5.4414e-01 +1.4631e+00 +2.0936e+00 +2.5469e+00
6 +2.759824615e+02 +2.759824615e+02 +1.844624615e+02 +1.844624615e+02 -2.2397e+00 +1.7970e+00 +1.5510e+00 -3.3739e+00 -3.8100e+00 -1.6359e-02 +4.5974e+00 -1.5961e+00 +8.5268e-01 -2.7619e+00
9 +2.181633739e+02 +2.181633739e+02 +1.266433739e+02 +1.266433739e+02 -1.4834e+00 +3.3083e+00 +8.5264e-01 +4.9724e-01 +4.1719e+00 -2.1416e+00 +2.5720e+00 +2.5373e+00 -1.1955e+00 +6.7822e-01
108 +1.078489933e+02 +1.078489933e+02 +1.632899330e+01 +1.632899330e+01 -2.9324e+00 +2.3304e+00 +2.6744e-01 +1.8627e+00 +2.3893e+00 +3.0372e+00 +3.7011e+00 -6.5837e-01 +3.8094e-01 -6.9444e-01
188 +8.210435361e+01 +8.210435361e+01 -9.415646389e+00 -9.415646389e+00 -2.0406e+00 +4.2503e+00 +2.7769e-01 +1.0353e+00 +1.8851e+00 +2.1454e+00 +3.5155e+00 +8.4542e-01 -1.2542e-02 -3.5215e-01
221 +4.544898607e+01 +4.544898607e+01 -4.607101393e+01 -4.607101393e+01 -1.5568e+00 +1.7861e+00 +1.1580e-01 +1.7105e+00 +1.5073e+00 +1.3900e+00 +3.5961e+00 +6.4272e-01 -1.1359e+00 -6.7094e-01
289 +2.507618200e+01 +2.507618200e+01 -6.644381800e+01 -6.644381800e+01 -1.2019e+00 +4.4497e+00 +8.0971e-01 +1.9834e+00 +2.8746e+00 +9.2584e-01 +4.2239e+00 +2.1786e+00 -1.3531e+00 +1.2627e+00
536 +1.483045377e+01 +1.483045377e+01 -7.668954623e+01 -7.668954623e+01 -1.9377e+00 +2.4965e+00 +1.6926e-01 +2.3616e+00 +2.5805e+00 +1.1084e+00 +3.3772e+00 +2.0169e+00 -1.0344e+00 +1.1120e+00
768 +6.178679758e+00 +6.178679758e+00 -8.534132024e+01 -8.534132024e+01 -2.7710e+00 +2.3764e+00 +8.5608e-03 +3.1174e+00 +2.5222e+00 +1.5797e+00 +4.2518e+00 +1.9677e+00 -1.1037e+00 +2.0569e+00
1097 +3.037641076e+00 +3.037641076e+00 -8.848235892e+01 -8.848235892e+01 -1.8768e+00 +2.6692e+00 -1.1087e+00 +2.5574e+00 +2.2044e+00 +1.2232e+00 +4.2707e+00 +2.4394e+00 -1.3677e+00 +2.2502e+00
1388 +2.211344592e+00 +2.211344592e+00 -8.930865541e+01 -8.930865541e+01 -2.4010e+00 +2.1735e+00 -6.6256e-01 +3.4747e+00 +2.6222e+00 +1.6422e+00 +3.7593e+00 +2.1356e+00 -1.6953e+00 +2.5341e+00
2028 +1.481957004e+00 +1.481957004e+00 -9.003804300e+01 -9.003804300e+01 -2.4010e+00 +2.2001e+00 -6.6256e-01 +3.6962e+00 +2.6222e+00 +1.6422e+00 +3.0964e+00 +2.1356e+00 -2.1189e+00 +2.1778e+00
2931 +8.234289145e-01 +8.234289145e-01 -9.069657109e+01 -9.069657109e+01 -2.3981e+00 +2.1587e+00 -5.7545e-01 +3.8091e+00 +2.3894e+00 +1.4654e+00 +2.7984e+00 +2.3243e+00 -2.2533e+00 +2.3786e+00
% function evaluation | noise-free fitness - Fopt (2.263000000000e+01) | best noise-free fitness - Fopt | measured fitness | best measured fitness | x1 | x2...
1 +4.139132454e+02 +4.139132454e+02 +4.365432454e+02 +4.365432454e+02 +3.1472e+00 +4.0579e+00 -3.7301e+00 +4.1338e+00 +1.3236e+00 -4.0246e+00 -2.2150e+00 +4.6882e-01 +4.5751e+00 +4.6489e+00
3 +3.898018973e+02 +3.898018973e+02 +4.124318973e+02 +4.124318973e+02 +1.5574e+00 -4.6429e+00 +3.4913e+00 +4.3399e+00 +1.7874e+00 +2.5774e+00 +2.4313e+00 -1.0777e+00 +1.5548e+00 -3.2881e+00
5 +2.005126970e+02 +2.005126970e+02 +2.231426970e+02 +2.231426970e+02 -6.1256e-01 -1.1844e+00 +2.6552e+00 +2.9520e+00 -3.1313e+00 -1.0236e-01 -5.4414e-01 +1.4631e+00 +2.0936e+00 +2.5469e+00
122 +1.386356418e+02 +1.386356418e+02 +1.612656418e+02 +1.612656418e+02 -1.4239e+00 +2.7059e+00 +2.5717e+00 +1.8538e+00 +1.5345e+00 -1.6377e+00 -1.6962e+00 +2.1574e+00 +9.2207e-01 +3.0890e+00
308 +8.829505423e+01 +8.829505423e+01 +1.109250542e+02 +1.109250542e+02 -1.4834e+00 +1.5376e+00 +3.2515e+00 +1.8179e+00 +1.2315e+00 +3.7206e-02 +1.0445e+00 +1.5007e+00 +1.2141e+00 +9.7810e-01
445 +5.414958787e+01 +5.414958787e+01 +7.677958787e+01 +7.677958787e+01 -6.8418e-02 +9.4799e-01 +4.5732e+00 +2.5563e+00 +5.0740e-01 +1.2413e+00 +9.6817e-01 +2.3139e+00 +2.1762e+00 +2.8712e+00
630 +3.478797209e+01 +3.478797209e+01 +5.741797209e+01 +5.741797209e+01 -3.0262e-01 +3.4773e-01 +5.0000e+00 +3.2140e+00 +1.2455e+00 +2.1101e+00 +2.5445e+00 +2.3004e+00 +3.1925e+00 +2.5936e+00
769 +2.489767429e+01 +2.489767429e+01 +4.752767429e+01 +4.752767429e+01 -2.3178e-01 -1.1500e-01 +4.7561e+00 +3.2897e+00 +1.8541e+00 +3.1481e+00 +2.3776e+00 +2.2370e+00 +3.3543e+00 +3.0938e+00
1253 +1.481849851e+01 +1.481849851e+01 +3.744849851e+01 +3.744849851e+01 +2.9425e-01 -1.2370e+00 +4.2900e+00 +2.3832e+00 +2.1260e+00 +2.1071e+00 +2.5567e+00 +3.1196e+00 +3.2672e+00 +1.9322e+00
1645 +9.612777722e+00 +9.612777722e+00 +3.224277772e+01 +3.224277772e+01 +2.3512e-01 -1.8387e+00 +4.3868e+00 +2.3304e+00 +1.7695e+00 +2.5158e+00 +3.2257e+00 +2.3794e+00 +3.6177e+00 +1.7752e+00
2607 +5.998200737e+00 +5.998200737e+00 +2.862820074e+01 +2.862820074e+01 +3.5791e-01 -2.0400e+00 +4.2136e+00 +2.2175e+00 +2.5866e+00 +2.9085e+00 +3.2495e+00 +2.2399e+00 +3.5493e+00 +9.1545e-01
% function evaluation | noise-free fitness - Fopt (1.554000000000e+01) | best noise-free fitness - Fopt | measured fitness | best measured fitness | x1 | x2...
1 +1.316498658e+03 +1.316498658e+03 +1.332038658e+03 +1.332038658e+03 +3.1472e+00 +4.0579e+00 -3.7301e+00 +4.1338e+00 +1.3236e+00 -4.0246e+00 -2.2150e+00 +4.6882e-01 +4.5751e+00 +4.6489e+00
5 +5.782487256e+02 +5.782487256e+02 +5.937887256e+02 +5.937887256e+02 -6.1256e-01 -1.1844e+00 +2.6552e+00 +2.9520e+00 -3.1313e+00 -1.0236e-01 -5.4414e-01 +1.4631e+00 +2.0936e+00 +2.5469e+00
8 +3.679425921e+02 +3.679425921e+02 +3.834825921e+02 +3.834825921e+02 +3.4072e+00 -2.4572e+00 +3.1428e+00 -2.5648e+00 +4.2926e+00 -1.5002e+00 -3.0340e+00 -2.4892e+00 +1.1604e+00 -2.6711e-01
21 +2.121700271e+02 +2.121700271e+02 +2.277100271e+02 +2.277100271e+02 +1.4432e+00 -1.2139e+00 +3.1158e+00 +3.2826e-01 -1.4927e+00 +4.3900e+00 +3.7594e+00 +5.0156e-01 +1.2248e+00 +8.7045e-01
24 +1.562021052e+02 +1.562021052e+02 +1.717421052e+02 +1.717421052e+02 +9.4896e-01 -2.3779e+00 +1.0284e+00 +2.1122e+00 -2.7825e+00 -3.8258e+00 -2.0332e+00 -1.8122e+00 -7.5833e-01 +7.8583e-02
144 +7.207523830e+01 +7.207523830e+01 +8.761523830e+01 +8.761523830e+01 +4.3321e-01 -2.0539e+00 +2.7398e+00 +1.2563e+00 -2.6520e+00 -4.8531e+00 -3.8036e-01 -8.4048e-01 +4.0789e-01 -1.4445e+00
219 +5.887329004e+01 +5.887329004e+01 +7.441329004e+01 +7.441329004e+01 -7.9268e-01 -2.4963e+00 +2.0243e+00 -1.1045e-01 -9.7854e-01 -3.8167e+00 +8.5192e-01 -7.6949e-02 +9.8131e-01 -1.1887e+00
365 +3.627415967e+01 +3.627415967e+01 +5.181415967e+01 +5.181415967e+01 -6.5565e-01 -1.9770e+00 +2.2556e+00 +2.1027e-01 -3.1793e+00 -2.7062e+00 +1.1965e+00 -3.1893e-01 +7.7541e-01 -1.8777e+00
398 +1.807827744e+01 +1.807827744e+01 +3.361827744e+01 +3.361827744e+01 -2.3701e-01 -2.2407e+00 +1.5888e+00 +4.9086e-01 -2.3481e+00 -2.0360e+00 +8.2959e-01 +1.2317e+00 +2.3973e+00 -2.0892e+00
543 +1.405885859e+01 +1.405885859e+01 +2.959885859e+01 +2.959885859e+01 -1.0138e+00 -2.7662e+00 +1.1413e+00 +6.3155e-01 -2.9512e+00 -2.2025e+00 +1.7907e+00 +2.2722e+00 +3.0640e+00 -2.5637e+00
860 +9.867554198e+00 +9.867554198e+00 +2.540755420e+01 +2.540755420e+01 -8.3374e-01 -2.6318e+00 +1.0335e+00 +4.3550e-01 -2.5638e+00 -1.6704e+00 +7.9360e-01 +1.6271e+00 +2.7505e+00 -2.0461e+00
1188 +4.867172903e+00 +4.867172903e+00 +2.040717290e+01 +2.040717290e+01 -2.0056e+00 -2.6381e+00 +4.6573e-01 +5.5113e-01 -2.5606e+00 -1.2025e+00 +1.2693e+00 +3.4002e+00 +3.1584e+00 -2.4482e+00
1787 +3.872151727e+00 +3.872151727e+00 +1.941215173e+01 +1.941215173e+01 -1.0210e+00 -2.0507e+00 +1.2668e+00 +8.3469e-01 -2.3122e+00 -1.7007e+00 -2.5678e-01 +2.5296e+00 +2.6133e+00 -2.4409e+00
2142 +2.373495071e+00 +2.373495071e+00 +1.791349507e+01 +1.791349507e+01 -1.1316e+00 -2.3983e+00 +1.2093e+00 +9.4924e-01 -2.8850e+00 -1.9103e+00 +2.6320e-01 +3.5201e+00 +2.8651e+00 -2.6248e+00
2396 +1.474216782e+00 +1.474216782e+00 +1.701421678e+01 +1.701421678e+01 -1.4414e+00 -2.3500e+00 +1.1372e+00 +8.3123e-01 -3.0081e+00 -1.7434e+00 +3.7873e-01 +3.5936e+00 +3.2461e+00 -3.1225e+00
2556 +7.157994210e-01 +7.157994210e-01 +1.625579942e+01 +1.625579942e+01 -1.3681e+00 -2.2755e+00 +1.1268e+00 +8.4319e-01 -2.8592e+00 -1.7019e+00 +4.1361e-01 +3.6440e+00 +3.2414e+00 -3.1273e+00
3001 +6.028610899e-01 +6.028610899e-01 +1.614286109e+01 +1.614286109e+01 -1.4062e+00 -2.0072e+00 +1.1367e+00 +9.9923e-01 -2.9590e+00 -1.7362e+00 +1.0358e-01 +3.2896e+00 +3.3654e+00 -3.0731e+00
3274 +3.857752760e-01 +3.857752760e-01 +1.592577528e+01 +1.592577528e+01 -1.4814e+00 -2.1602e+00 +1.1420e+00 +1.0355e+00 -3.0951e+00 -1.6802e+00 +3.0157e-01 +3.4473e+00 +3.2329e+00 -3.1842e+00
% function evaluation | noise-free fitness - Fopt (-3.765100000000e+02) | best noise-free fitness - Fopt | measured fitness | best measured fitness | x1 | x2...
1 +4.719105223e+02 +4.719105223e+02 +9.540052232e+01 +9.540052232e+01 +3.1472e+00 +4.0579e+00 -3.7301e+00 +4.1338e+00 +1.3236e+00 -4.0246e+00 -2.2150e+00 +4.6882e-01 +4.5751e+00 +4.6489e+00
10 +2.014675290e+02 +2.014675290e+02 -1.750424710e+02 -1.750424710e+02 -4.2415e+00 -4.4605e+00 +3.0798e-01 +2.7917e+00 +4.3401e+00 -3.7009e+00 +6.8824e-01 -3.0609e-01 -4.8810e+00 -1.6288e+00
121 +1.414397851e+02 +1.414397851e+02 -2.350702149e+02 -2.350702149e+02 +1.1472e+00 +2.0579e+00 -1.7301e+00 +2.3752e+00 +3.3236e+00 -2.7007e+00 -7.8269e-01 -4.2368e-01 +2.5751e+00 +2.7402e+00
201 +7.934945468e+01 +7.934945468e+01 -2.971605453e+02 -2.971605453e+02 +2.6363e-01 +1.1743e+00 -8.4653e-01 +1.4916e+00 +3.9369e+00 -2.4541e+00 +1.0092e-01 -3.2869e-01 +1.6915e+00 +1.9372e+00
546 +5.793567275e+01 +5.793567275e+01 -3.185743273e+02 -3.185743273e+02 -5.8724e-01 +1.7859e+00 -1.5603e+00 +1.4862e+00 +3.8484e+00 -1.2472e+00 +1.2838e+00 -1.8276e+00 +1.7438e-01 -6.1725e-01
670 +3.936739327e+01 +3.936739327e+01 -3.371426067e+02 -3.371426067e+02 -1.5890e+00 +1.1114e+00 -4.0907e-01 +1.4042e+00 +3.3311e+00 -2.4161e+00 +2.1105e+00 -1.1054e+00 +3.8762e-01 +1.3012e-01
693 +2.137833409e+01 +2.137833409e+01 -3.551316659e+02 -3.551316659e+02 -1.5223e+00 +1.7696e+00 -4.3856e-01 +1.7905e+00 +3.6037e+00 -2.0656e+00 +2.4327e+00 -1.1452e+00 -8.7241e-01 +2.0160e-01
726 +1.334167800e+01 +1.334167800e+01 -3.631683220e+02 -3.631683220e+02 -1.8259e+00 +2.0327e+00 -3.0852e-01 +1.5854e+00 +3.4461e+00 -8.8806e-01 +2.7278e+00 -2.0028e+00 -5.5148e-02 +4.4601e-01
769 +9.977652317e+00 +9.977652317e+00 -3.665323477e+02 -3.665323477e+02 -2.3051e+00 +1.1476e+00 +1.4233e-01 +1.7763e+00 +3.0082e+00 -1.8769e+00 +2.5073e+00 -2.1844e+00 -6.5494e-01 +1.4125e-01
1030 +5.965879086e+00 +5.965879086e+00 -3.705441209e+02 -3.705441209e+02 -2.2348e+00 +1.5163e+00 -1.4798e-01 +1.8135e+00 +3.7744e+00 -7.9236e-01 +2.7789e+00 -2.1238e+00 -1.6225e+00 +3.8310e-01
1508 +2.995718867e+00 +2.995718867e+00 -3.735142811e+02 -3.735142811e+02 -3.1129e+00 +1.2737e+00 +6.2614e-01 +1.1486e+00 +3.0344e+00 -1.7224e+00 +2.9470e+00 -2.6157e+00 -1.8445e+00 +5.7641e-03
2016 +2.108568960e+00 +2.108568960e+00 -3.744014310e+02 -3.744014310e+02 -2.4055e+00 +1.8024e+00 +8.7453e-01 +1.8270e+00 +3.3584e+00 -1.3297e+00 +2.8477e+00 -2.5745e+00 -1.3407e+00 +1.5068e-01
2382 +1.460772712e+00 +1.460772712e+00 -3.750492273e+02 -3.750492273e+02 -2.6994e+00 +1.7411e+00 +1.1950e+00 +1.6333e+00 +2.8471e+00 -1.4110e+00 +2.7291e+00 -3.0224e+00 -1.4539e+00 -5.6840e-02
2502 +6.285844850e-01 +6.285844850e-01 -3.758814155e+02 -3.758814155e+02 -2.6994e+00 +1.5785e+00 +1.1950e+00 +1.6333e+00 +3.1111e+00 -1.4110e+00 +2.7291e+00 -2.9659e+00 -1.4539e+00 -5.6840e-02
3499 +3.618533928e-01 +3.618533928e-01 -3.761481466e+02 -3.761481466e+02 -2.6519e+00 +1.7004e+00 +1.0467e+00 +1.6760e+00 +3.1353e+00 -1.0826e+00 +2.7436e+00 -2.9562e+00 -1.5849e+00 -1.9047e-01
3594 +1.264542076e-01 +1.264542076e-01 -3.763835458e+02 -3.763835458e+02 -2.9225e+00 +1.6213e+00 +1.0579e+00 +1.6372e+00 +3.0182e+00 -1.4984e+00 +2.7497e+00 -2.9815e+00 -1.6985e+00 -2.9007e-01
4419 +9.654946646e-02 +9.654946646e-02 -3.764134505e+02 -3.764134505e+02 -2.8637e+00 +1.7567e+00 +1.0497e+00 +1.6127e+00 +3.0507e+00 -1.3515e+00 +2.7884e+00 -3.0447e+00 -1.6943e+00 -2.2657e-01
4764 +5.977268234e-02 +5.977268234e-02 -3.764502273e+02 -3.764502273e+02 -2.8475e+00 +1.7821e+00 +1.0618e+00 +1.6231e+00 +3.0634e+00 -1.2799e+00 +2.7221e+00 -3.1284e+00 -1.6814e+00 -2.5123e-01
% function evaluation | noise-free fitness - Fopt (3.960400000000e+02) | best noise-free fitness - Fopt | measured fitness | best measured fitness | x1 | x2...
1 +3.240457355e+03 +3.240457355e+03 +3.636497355e+03 +3.636497355e+03 +3.1472e+00 +4.0579e+00 -3.7301e+00 +4.1338e+00 +1.3236e+00 -4.0246e+00 -2.2150e+00 +4.6882e-01 +4.5751e+00 +4.6489e+00
2 +1.821024716e+03 +1.821024716e+03 +2.217064716e+03 +2.217064716e+03 -3.4239e+00 +4.7059e+00 +4.5717e+00 -1.4624e-01 +3.0028e+00 -3.5811e+00 -7.8239e-01 +4.1574e+00 +2.9221e+00 +4.5949e+00
3 +3.299103504e+02 +3.299103504e+02 +7.259503504e+02 +7.259503504e+02 +1.5574e+00 -4.6429e+00 +3.4913e+00 +4.3399e+00 +1.7874e+00 +2.5774e+00 +2.4313e+00 -1.0777e+00 +1.5548e+00 -3.2881e+00
16 +2.236679214e+02 +2.236679214e+02 +6.197079214e+02 +6.197079214e+02 -8.2733e-01 -4.5035e+00 +4.0272e+00 +4.4479e+00 -9.1359e-02 -1.0747e-01 -1.6228e+00 +4.0005e+00 -1.3075e+00 -3.8880e+00
123 +1.290499253e+02 +1.290499253e+02 +5.250899253e+02 +5.250899253e+02 -4.4259e-01 -3.1348e+00 +3.6838e+00 +2.4925e+00 -2.1265e-01 +5.7740e-01 +4.3132e-01 -7.8046e-01 +1.5304e+00 -1.2881e+00
287 +8.124651746e+01 +8.124651746e+01 +4.772865175e+02 +4.772865175e+02 -8.5909e-02 -2.3722e+00 +3.1233e+00 +3.3320e+00 -9.0967e-02 +7.0186e-01 -4.7658e-01 +3.8624e-01 -4.5605e-01 -1.7653e+00
348 +5.674175045e+01 +5.674175045e+01 +4.527817504e+02 +4.527817504e+02 -1.2152e+00 -2.1237e+00 +5.0000e+00 +3.0921e+00 -5.9518e-01 +1.6304e+00 +1.1141e+00 -1.7298e+00 +5.7948e-01 +6.6773e-01
571 +3.795591004e+01 +3.795591004e+01 +4.339959100e+02 +4.339959100e+02 -3.8752e-01 -3.1056e+00 +2.5359e+00 +3.0309e+00 -1.3592e+00 +2.6510e+00 +1.6805e-01 -9.2171e-01 +4.4874e-01 +7.0002e-01
858 +2.412776025e+01 +2.412776025e+01 +4.201677602e+02 +4.201677602e+02 -2.2498e+00 -3.4939e+00 +1.5108e+00 +2.9330e+00 -2.5625e+00 +2.5495e+00 -5.8067e-01 -3.7730e-01 +1.0119e+00 +2.2680e+00
1310 +1.335373511e+01 +1.335373511e+01 +4.093937351e+02 +4.093937351e+02 -1.8406e+00 -4.0666e+00 +1.3756e+00 +2.6659e+00 -2.7387e+00 +2.2530e+00 -2.1063e+00 +6.9356e-01 +1.0126e+00 +2.6801e+00
1522 +9.814238613e+00 +9.814238613e+00 +4.058542386e+02 +4.058542386e+02 -2.3117e+00 -3.9313e+00 +1.1359e+00 +2.8508e+00 -2.7417e+00 +2.2791e+00 -2.1374e+00 +1.2168e+00 +1.3619e+00 +2.6700e+00
1975 +6.188322165e+00 +6.188322165e+00 +4.022283222e+02 +4.022283222e+02 -2.3525e+00 -3.9605e+00 +1.0001e+00 +2.8538e+00 -3.3267e+00 +2.0175e+00 -3.0879e+00 +1.6954e+00 +1.0785e+00 +2.1088e+00
2397 +3.674446233e+00 +3.674446233e+00 +3.997144462e+02 +3.997144462e+02 -2.3835e+00 -4.0695e+00 +8.6766e-01 +2.6005e+00 -3.5998e+00 +2.0703e+00 -3.4644e+00 +2.1117e+00 +1.8633e+00 +2.2038e+00
2809 +2.331658081e+00 +2.331658081e+00 +3.983716581e+02 +3.983716581e+02 -1.8961e+00 -4.2552e+00 +2.0132e-01 +2.8032e+00 -3.2553e+00 +1.9912e+00 -3.8020e+00 +2.6502e+00 +1.3021e+00 +1.5742e+00
2867 +1.444951304e+00 +1.444951304e+00 +3.974849513e+02 +3.974849513e+02 -2.2424e+00 -3.8309e+00 +3.7835e-01 +2.3184e+00 -3.8443e+00 +1.9686e+00 -4.7223e+00 +2.8103e+00 +1.9676e+00 +1.6588e+00
3289 +9.790609132e-01 +9.790609132e-01 +3.970190609e+02 +3.970190609e+02 -2.3028e+00 -3.8974e+00 +2.0132e-01 +2.6292e+00 -3.8556e+00 +2.0382e+00 -4.1176e+00 +2.9491e+00 +1.4551e+00 +1.3969e+00
4573 +6.293184278e-01 +6.293184278e-01 +3.966693184e+02 +3.966693184e+02 -2.0577e+00 -3.8538e+00 +3.2448e-02 +2.5698e+00 -3.4299e+00 +2.1294e+00 -4.1864e+00 +2.9349e+00 +1.3889e+00 +1.3016e+00
% function evaluation | noise-free fitness - Fopt (1.281100000000e+02) | best noise-free fitness - Fopt | measured fitness | best measured fitness | x1 | x2...
1 +7.337735006e+02 +7.337735006e+02 +8.618835006e+02 +8.618835006e+02 +3.1472e+00 +4.0579e+00 -3.7301e+00 +4.1338e+00 +1.3236e+00 -4.0246e+00 -2.2150e+00 +4.6882e-01 +4.5751e+00 +4.6489e+00
5 +5.742926822e+02 +5.742926822e+02 +7.024026822e+02 +7.024026822e+02 -6.1256e-01 -1.1844e+00 +2.6552e+00 +2.9520e+00 -3.1313e+00 -1.0236e-01 -5.4414e-01 +1.4631e+00 +2.0936e+00 +2.5469e+00
11 +2.383901901e+02 +2.383901901e+02 +3.665001901e+02 +3.665001901e+02 -3.3782e+00 +2.9428e+00 -1.8878e+00 +2.8533e-01 -3.3435e+00 +1.0198e+00 -2.3703e+00 +1.5408e+00 +1.8921e+00 +2.4815e+00
102 +7.482065803e+01 +7.482065803e+01 +2.029306580e+02 +2.029306580e+02 -3.8262e+00 -9.8754e-01 -1.2908e+00 +1.7793e+00 +2.4431e+00 -2.0524e+00 -3.3591e+00 -1.5891e+00 -1.7234e+00 +3.5699e-01
363 +4.328672628e+01 +4.328672628e+01 +1.713967263e+02 +1.713967263e+02 -3.4426e+00 +3.5712e-01 -1.5087e+00 +5.9981e-01 +2.5507e+00 -1.5738e+00 -2.5299e+00 -1.6324e+00 -2.0774e+00 +1.7119e+00
403 +2.783494400e+01 +2.783494400e+01 +1.559449440e+02 +1.559449440e+02 -3.4426e+00 -5.3795e-01 -9.3733e-01 +5.9981e-01 +2.5507e+00 -8.8298e-01 -2.5299e+00 -1.6324e+00 -2.0774e+00 +1.7119e+00
471 +2.024399633e+01 +2.024399633e+01 +1.483539963e+02 +1.483539963e+02 -3.2776e+00 -1.3012e+00 -1.5275e+00 +1.7145e+00 +3.2014e+00 -2.0041e-02 -2.8185e+00 -2.3498e+00 -2.2261e+00 +2.4987e+00
530 +1.157176980e+01 +1.157176980e+01 +1.396817698e+02 +1.396817698e+02 -3.1104e+00 -1.0605e+00 -2.4713e+00 +1.6716e+00 +2.8980e+00 +2.5690e-01 -2.6803e+00 -1.7626e+00 -2.0231e+00 +1.8435e+00
624 +9.250881826e+00 +9.250881826e+00 +1.373608818e+02 +1.373608818e+02 -2.8502e+00 -1.1668e+00 -1.6702e+00 +1.6523e+00 +3.3060e+00 +5.8154e-01 -1.7941e+00 -2.8316e+00 -1.9182e+00 +2.8331e+00
701 +5.636736463e+00 +5.636736463e+00 +1.337467365e+02 +1.337467365e+02 -4.0771e+00 -9.3078e-01 -2.0619e+00 +1.5372e+00 +3.1656e+00 +8.5088e-01 -2.4079e+00 -2.1835e+00 -4.5474e-01 +2.2216e+00
1251 +3.601380836e+00 +3.601380836e+00 +1.317113808e+02 +1.317113808e+02 -4.2814e+00 -4.6011e-01 -1.2142e+00 +1.7905e+00 +2.6965e+00 +9.9708e-01 -2.1151e+00 -2.5269e+00 -1.1127e+00 +2.6418e+00
1331 +2.303942618e+00 +2.303942618e+00 +1.304139426e+02 +1.304139426e+02 -4.4802e+00 -4.3360e-02 -8.2048e-01 +1.8538e+00 +1.9277e+00 +1.3459e+00 -2.2468e+00 -2.3930e+00 -3.4383e-01 +2.5692e+00
1579 +1.352227575e+00 +1.352227575e+00 +1.294622276e+02 +1.294622276e+02 -4.2805e+00 +5.9961e-01 -1.0188e+00 +1.9973e+00 +1.8684e+00 +7.6522e-01 -2.4229e+00 -2.2072e+00 -3.7279e-01 +2.7494e+00
1819 +8.849793340e-01 +8.849793340e-01 +1.289949793e+02 +1.289949793e+02 -4.2697e+00 +4.9141e-01 -9.7206e-01 +1.9662e+00 +1.8854e+00 +9.8666e-01 -2.1810e+00 -2.2736e+00 -4.0237e-01 +2.7177e+00
2398 +5.974706249e-01 +5.974706249e-01 +1.287074706e+02 +1.287074706e+02 -3.9353e+00 +3.6471e-01 -1.2339e+00 +2.0278e+00 +2.0103e+00 +7.1903e-01 -1.9570e+00 -2.2150e+00 -4.5875e-01 +2.5975e+00
3162 +3.795961229e-01 +3.795961229e-01 +1.284895961e+02 +1.284895961e+02 -3.9224e+00 +3.9720e-01 -1.1701e+00 +2.0905e+00 +1.9518e+00 +7.6229e-01 -2.0266e+00 -2.2906e+00 -4.8812e-01 +2.6971e+00
3676 +2.207015318e-01 +2.207015318e-01 +1.283307015e+02 +1.283307015e+02 -3.7610e+00 +5.0753e-01 -1.2166e+00 +2.1924e+00 +1.8592e+00 +7.8196e-01 -2.0218e+00 -2.3569e+00 -5.2129e-01 +2.7181e+00
4151 +9.257767871e-02 +9.257767871e-02 +1.282025777e+02 +1.282025777e+02 -3.7983e+00 +4.4181e-01 -1.2212e+00 +2.1872e+00 +1.8589e+00 +8.9480e-01 -2.0249e+00 -2.3517e+00 -5.4019e-01 +2.7206e+00
% function evaluation | noise-free fitness - Fopt (-2.923500000000e+02) | best noise-free fitness - Fopt | measured fitness | best measured fitness | x1 | x2...
1 +1.865598227e+03 +1.865598227e+03 +1.573248227e+03 +1.573248227e+03 +3.1472e+00 +4.0579e+00 -3.7301e+00 +4.1338e+00 +1.3236e+00 -4.0246e+00 -2.2150e+00 +4.6882e-01 +4.5751e+00 +4.6489e+00
2 +9.477561633e+02 +9.477561633e+02 +6.554061633e+02 +6.554061633e+02 -3.4239e+00 +4.7059e+00 +4.5717e+00 -1.4624e-01 +3.0028e+00 -3.5811e+00 -7.8239e-01 +4.1574e+00 +2.9221e+00 +4.5949e+00
8 +4.202262931e+02 +4.202262931e+02 +1.278762931e+02 +1.278762931e+02 +3.4072e+00 -2.4572e+00 +3.1428e+00 -2.5648e+00 +4.2926e+00 -1.5002e+00 -3.0340e+00 -2.4892e+00 +1.1604e+00 -2.6711e-01
24 +2.086171101e+02 +2.086171101e+02 -8.373288988e+01 -8.373288988e+01 +9.4896e-01 -2.3779e+00 +1.0284e+00 +2.1122e+00 -2.7825e+00 -3.8258e+00 -2.0332e+00 -1.8122e+00 -7.5833e-01 +7.8583e-02
128 +1.501811736e+02 +1.501811736e+02 -1.421688264e+02 -1.421688264e+02 +1.9125e+00 -1.6072e+00 +1.8811e+00 -5.6475e-01 +2.2926e+00 -3.2795e+00 -1.0340e+00 -1.6131e+00 +1.0678e+00 -2.1372e-01
203 +6.294637584e+01 +6.294637584e+01 -2.294036242e+02 -2.294036242e+02 -3.0655e-01 -2.3689e+00 +1.4687e+00 +1.4201e+00 -1.0545e+00 -4.2260e-01 -5.6868e-01 -3.1620e+00 +2.1217e+00 -1.9092e+00
312 +2.939069438e+01 +2.939069438e+01 -2.629593056e+02 -2.629593056e+02 -7.5964e-01 -2.6366e+00 +1.8038e+00 +8.9519e-01 -4.0783e-01 -1.3430e+00 -1.2816e+00 -6.6425e-01 -1.6530e-01 -3.0494e+00
483 +2.024777953e+01 +2.024777953e+01 -2.721022205e+02 -2.721022205e+02 -2.7989e+00 -2.4011e+00 +2.2440e+00 +1.6698e+00 -7.6094e-01 +1.9839e-02 -4.2749e-01 -2.1142e+00 +9.9711e-01 -2.3058e+00
800 +1.366864809e+01 +1.366864809e+01 -2.786813519e+02 -2.786813519e+02 -2.5403e+00 -3.2089e+00 +1.1113e+00 +1.2981e+00 -6.2549e-01 +6.2505e-01 -6.3592e-01 -1.7472e+00 +8.6559e-01 -2.7524e+00
1080 +9.969062662e+00 +9.969062662e+00 -2.823809373e+02 -2.823809373e+02 -2.5403e+00 -2.9301e+00 +1.4615e+00 +1.3227e+00 -4.8120e-01 +5.0555e-01 -1.3992e+00 -2.0890e+00 +9.7022e-01 -2.7524e+00
1651 +6.249383864e+00 +6.249383864e+00 -2.861006161e+02 -2.861006161e+02 -2.6395e+00 -2.9017e+00 +9.8179e-01 +1.8096e+00 -1.8151e-02 +8.6416e-01 -2.4151e+00 -2.4370e+00 +4.5231e-01 -3.3061e+00
2283 +3.082748210e+00 +3.082748210e+00 -2.892672518e+02 -2.892672518e+02 -2.2157e+00 -3.0705e+00 +1.6473e+00 +1.6118e+00 +8.0349e-01 +1.2486e+00 -3.3681e+00 -1.9157e+00 +6.7911e-01 -3.4396e+00
2367 +2.414163181e+00 +2.414163181e+00 -2.899358368e+02 -2.899358368e+02 -2.4853e+00 -2.9407e+00 +1.6770e+00 +1.9679e+00 +7.8935e-01 +1.0316e+00 -3.2405e+00 -2.1506e+00 +1.4737e-01 -3.3814e+00
3099 +1.551267721e+00 +1.551267721e+00 -2.907987323e+02 -2.907987323e+02 -2.5308e+00 -3.1002e+00 +1.6983e+00 +1.9911e+00 +7.2487e-01 +1.1322e+00 -3.0833e+00 -1.8984e+00 -2.0527e-01 -3.6850e+00
% function evaluation | noise-free fitness - Fopt (3.110100000000e+02) | best noise-free fitness - Fopt | measured fitness | best measured fitness | x1 | x2...
1 +1.353647688e+03 +1.353647688e+03 +1.664657688e+03 +1.664657688e+03 +3.1472e+00 +4.0579e+00 -3.7301e+00 +4.1338e+00 +1.3236e+00 -4.0246e+00 -2.2150e+00 +4.6882e-01 +4.5751e+00 +4.6489e+00
10 +3.831185525e+02 +3.831185525e+02 +6.941285525e+02 +6.941285525e+02 -4.2415e+00 -4.4605e+00 +3.0798e-01 +2.7917e+00 +4.3401e+00 -3.7009e+00 +6.8824e-01 -3.0609e-01 -4.8810e+00 -1.6288e+00
179 +1.030064880e+02 +1.030064880e+02 +4.140164880e+02 +4.140164880e+02 -1.6579e+00 -5.0000e+00 +4.4693e-01 -2.5442e-01 +4.3623e+00 -2.7252e+00 +3.4457e-01 +1.0046e+00 -2.3516e+00 -2.1887e+00
219 +2.346164318e+01 +2.346164318e+01 +3.344716432e+02 +3.344716432e+02 -2.5299e+00 -4.6664e+00 -4.3668e-01 -1.1045e-01 +4.1828e+00 -1.8416e+00 +1.2282e+00 +1.2977e+00 +5.8428e-01 -1.3051e+00
450 +1.582407348e+01 +1.582407348e+01 +3.268340735e+02 +3.268340735e+02 -2.8087e+00 -5.0000e+00 -8.9994e-02 -3.4515e-01 +5.0000e+00 -1.3276e+00 -2.2185e-01 +2.4108e+00 -1.6936e+00 -1.5646e+00
684 +7.177350287e+00 +7.177350287e+00 +3.181873503e+02 +3.181873503e+02 -2.3815e+00 -5.0000e+00 -1.2088e+00 -4.4461e-01 +4.6583e+00 -2.0935e-01 +1.1258e+00 +2.8875e+00 -5.8259e-01 -9.8826e-01
744 +3.981755381e+00 +3.981755381e+00 +3.149917554e+02 +3.149917554e+02 -2.4200e+00 -4.8983e+00 -1.1552e+00 -7.4135e-01 +5.0000e+00 +1.1434e-01 +2.0058e+00 +2.7256e+00 -1.9245e-02 -2.1887e+00
776 +3.780149447e+00 +3.780149447e+00 +3.147901494e+02 +3.147901494e+02 -2.2622e+00 -4.0247e+00 -1.9603e+00 -1.6944e-01 +5.0000e+00 -4.3668e-02 +1.9179e+00 +2.5181e+00 +2.1189e-01 -1.5026e+00
1734 +2.177245558e+00 +2.177245558e+00 +3.131872456e+02 +3.131872456e+02 -2.4473e+00 -4.0115e+00 -2.0140e+00 -1.4558e-02 +4.3544e+00 +2.3812e-01 +2.4229e+00 +3.0040e+00 +3.4043e-01 -1.2653e+00
2309 +1.367481326e+00 +1.367481326e+00 +3.123774813e+02 +3.123774813e+02 -2.4348e+00 -4.1583e+00 -1.7725e+00 +8.1329e-02 +4.2874e+00 +3.8098e-01 +1.9705e+00 +3.2383e+00 +1.3753e-01 -1.9505e+00
2982 +7.745362839e-01 +7.745362839e-01 +3.117845363e+02 +3.117845363e+02 -2.3343e+00 -4.0507e+00 -2.0163e+00 +5.0860e-01 +4.1373e+00 +1.3397e-01 +2.5371e+00 +3.5731e+00 -6.5762e-03 -1.7743e+00
% function evaluation | noise-free fitness - Fopt (-8.051800000000e+02) | best noise-free fitness - Fopt | measured fitness | best measured fitness | x1 | x2...
1 +4.282400725e+02 +4.282400725e+02 -3.769399275e+02 -3.769399275e+02 +3.1472e+00 +4.0579e+00 -3.7301e+00 +4.1338e+00 +1.3236e+00 -4.0246e+00 -2.2150e+00 +4.6882e-01 +4.5751e+00 +4.6489e+00
8 +3.853082746e+02 +3.853082746e+02 -4.198717254e+02 -4.198717254e+02 +3.4072e+00 -2.4572e+00 +3.1428e+00 -2.5648e+00 +4.2926e+00 -1.5002e+00 -3.0340e+00 -2.4892e+00 +1.1604e+00 -2.6711e-01
47 +2.505388104e+02 +2.505388104e+02 -5.546411896e+02 -5.546411896e+02 +1.5127e+00 -3.4490e+00 +1.0596e+00 +1.8735e+00 +2.9090e+00 +3.5929e+00 -5.2784e-01 -2.6138e+00 -2.5071e+00 -1.9646e+00
102 +5.578494964e+01 +5.578494964e+01 -7.493950504e+02 -7.493950504e+02 -1.2974e+00 -2.4060e+00 +7.0923e-01 +2.6354e+00 +3.1614e+00 -2.0524e+00 -2.9500e+00 -2.0194e+00 -1.7234e+00 -1.6430e+00
250 +3.428757032e+01 +3.428757032e+01 -7.708924297e+02 -7.708924297e+02 -7.4769e-01 -3.0845e+00 +9.3410e-01 +2.3214e+00 +3.2548e+00 -1.0301e+00 -2.3118e+00 -1.3061e+00 -1.8810e+00 -1.6496e+00
463 +2.412864749e+01 +2.412864749e+01 -7.810513525e+02 -7.810513525e+02 +1.1009e-01 -1.7662e+00 +1.2655e+00 +2.8482e+00 +3.9854e+00 -1.0209e+00 -1.8796e+00 -1.3694e+00 -1.5892e+00 -9.8976e-01
718 +1.352335983e+01 +1.352335983e+01 -7.916566402e+02 -7.916566402e+02 +7.6276e-01 -2.9014e+00 +6.5733e-01 +2.7974e+00 +2.6470e+00 +8.6929e-02 -1.8721e+00 -1.6784e+00 -1.0399e+00 +8.7715e-01
1286 +7.097526456e+00 +7.097526456e+00 -7.980824735e+02 -7.980824735e+02 +7.9930e-01 -3.0747e+00 +2.5649e-01 +2.0247e+00 +3.1092e+00 -6.3558e-01 -1.4204e+00 -1.2411e+00 -9.9824e-02 +1.8539e+00
1363 +6.075809986e+00 +6.075809986e+00 -7.991041900e+02 -7.991041900e+02 +7.6447e-01 -3.1522e+00 +5.0130e-01 +1.4462e+00 +2.4483e+00 +5.4051e-01 -1.4283e+00 -1.2945e+00 +2.2577e-01 +1.2626e+00
1403 +3.621581931e+00 +3.621581931e+00 -8.015584181e+02 -8.015584181e+02 +7.3617e-01 -3.3707e+00 +2.9138e-01 +1.1169e+00 +2.4144e+00 +5.2228e-01 -1.2876e+00 -9.3966e-01 +3.5901e-01 +1.9435e+00
1512 +2.510492972e+00 +2.510492972e+00 -8.026695070e+02 -8.026695070e+02 +7.6832e-01 -3.5091e+00 +4.2400e-01 +1.3346e+00 +2.3044e+00 -2.4678e-01 -1.2903e+00 -1.0961e+00 +3.8469e-01 +1.7954e+00
2015 +1.456897437e+00 +1.456897437e+00 -8.037231026e+02 -8.037231026e+02 +1.5221e+00 -3.6681e+00 +7.6839e-01 +1.0820e+00 +2.2072e+00 +6.7860e-02 -1.2554e+00 -8.0996e-01 +7.2159e-01 +1.8107e+00
3273 +9.832439520e-01 +9.832439520e-01 -8.041967560e+02 -8.041967560e+02 +1.7247e+00 -3.4383e+00 +4.4861e-01 +1.2102e+00 +2.4776e+00 -6.0338e-01 -1.2411e+00 -8.0276e-01 +6.1455e-01 +1.7376e+00
3889 +6.092662097e-01 +6.092662097e-01 -8.045707338e+02 -8.045707338e+02 +1.7820e+00 -3.0697e+00 +3.5249e-01 +1.3063e+00 +2.6961e+00 -8.2499e-01 -1.2540e+00 -7.4496e-01 +8.1566e-01 +1.8232e+00
4463 +3.939737227e-01 +3.939737227e-01 -8.047860263e+02 -8.047860263e+02 +1.5796e+00 -3.1559e+00 +1.0293e-01 +1.3179e+00 +2.6320e+00 -5.6213e-01 -1.2247e+00 -7.9791e-01 +8.0381e-01 +1.9973e+00
