% function evaluation | noise-free fitness - Fopt (9.294000000000e+01) | best noise-free fitness - Fopt | measured fitness | best measured fitness | x1 | x2...
1 +7.834913317e+02 +7.834913317e+02 +8.764313317e+02 +8.764313317e+02 +3.1472e+00 +4.0579e+00 -3.7301e+00
2 +3.019576677e+02 +3.019576677e+02 +3.948976677e+02 +3.948976677e+02 +4.1338e+00 +1.3236e+00 -4.0246e+00
3 +1.061577179e+02 +1.061577179e+02 +1.990977179e+02 +1.990977179e+02 -2.2150e+00 +4.6882e-01 +4.5751e+00
9 +7.836714545e+01 +7.836714545e+01 +1.713071455e+02 +1.713071455e+02 +1.7874e+00 +2.5774e+00 +2.4313e+00
20 +4.468715153e+01 +4.468715153e+01 +1.376271515e+02 +1.376271515e+02 -1.5961e+00 +8.5268e-01 -2.7619e+00
27 +2.298017702e+01 +2.298017702e+01 +1.159201770e+02 +1.159201770e+02 +1.1604e+00 -2.6711e-01 -1.4834e+00
49 +1.015336504e+01 +1.015336504e+01 +1.030933650e+02 +1.030933650e+02 +8.4057e-01 +1.5774e+00 +1.4313e+00
73 +6.790583407e+00 +6.790583407e+00 +9.973058341e+01 +9.973058341e+01 +4.2178e-01 -8.5324e-01 -3.8810e+00
129 +1.233619793e+00 +1.233619793e+00 +9.417361979e+01 +9.417361979e+01 -1.5943e-01 +5.7740e-01 +4.3132e-01
283 +7.071614060e-01 +7.071614060e-01 +9.364716141e+01 +9.364716141e+01 +2.0038e-01 +8.2399e-01 +5.7507e-01
315 +3.990848669e-01 +3.990848669e-01 +9.333908487e+01 +9.333908487e+01 -1.3911e-01 +5.9229e-01 -1.9864e-01
329 +2.560028079e-01 +2.560028079e-01 +9.319600281e+01 +9.319600281e+01 -2.8193e-01 +1.0169e+00 +1.0536e+00
536 +2.334413837e-02 +2.334413837e-02 +9.296334414e+01 +9.296334414e+01 -2.1253e-01 +8.1512e-01 +5.4744e-01
1416 +8.711629656e-03 +8.711629656e-03 +9.294871163e+01 +9.294871163e+01 -1.9686e-01 +7.5939e-01 +3.1450e-01
1531 +4.988751670e-07 +4.988751670e-07 +9.294000050e+01 +9.294000050e+01 -2.5144e-01 +7.2896e-01 +3.2762e-01
1976 +7.135277258e-08 +7.135277258e-08 +9.294000007e+01 +9.294000007e+01 -2.1126e-01 +7.4184e-01 +2.6849e-01
2416 +4.263394260e-08 +4.263394260e-08 +9.294000004e+01 +9.294000004e+01 -2.1126e-01 +7.5132e-01 +2.6849e-01
2550 +9.734037576e-09 +9.734037576e-09 +9.294000001e+01 +9.294000001e+01 -2.2839e-01 +7.5258e-01 +2.7133e-01
2906 +5.197762221e-09 +5.197762221e-09 +9.294000001e+01 +9.294000001e+01 -2.3217e-01 +7.4424e-01 +2.7302e-01
2994 +2.882416084e-09 +2.882416084e-09 +9.294000000e+01 +9.294000000e+01 -2.1715e-01 +7.4804e-01 +2.7357e-01
3310 +1.899991275e-09 +1.899991275e-09 +9.294000000e+01 +9.294000000e+01 -2.1920e-01 +7.5258e-01 +2.7133e-01
3649 +1.317687293e-09 +1.317687293e-09 +9.294000000e+01 +9.294000000e+01 -2.1806e-01 +7.4993e-01 +2.7240e-01
3908 +2.870734761e-10 +2.870734761e-10 +9.294000000e+01 +9.294000000e+01 -2.1984e-01 +7.4766e-01 +2.7300e-01
4389 +2.152091838e-10 +2.152091838e-10 +9.294000000e+01 +9.294000000e+01 -2.1931e-01 +7.4751e-01 +2.7317e-01
4441 +1.005844297e-10 +1.005844297e-10 +9.294000000e+01 +9.294000000e+01 -2.1893e-01 +7.4794e-01 +2.7307e-01
4513 +3.738875876e-11 +3.738875876e-11 +9.294000000e+01 +9.294000000e+01 -2.1845e-01 +7.4569e-01 +2.7385e-01
4907 +1.757882728e-11 +1.757882728e-11 +9.294000000e+01 +9.294000000e+01 -2.2402e-01 +7.5094e-01 +2.7142e-01
% function evaluation | noise-free fitness - Fopt (3.535000000000e+01) | best noise-free fitness - Fopt | measured fitness | best measured fitness | x1 | x2...
1 +3.263810985e+02 +3.263810985e+02 +3.617310985e+02 +3.617310985e+02 +3.1472e+00 +4.0579e+00 -3.7301e+00
2 +3.970425809e+01 +3.970425809e+01 +7.505425809e+01 +7.505425809e+01 +4.1338e+00 +1.3236e+00 -4.0246e+00
28 +2.815411291e+00 +2.815411291e+00 +3.816541129e+01 +3.816541129e+01 +3.3083e+00 +8.5264e-01 +4.9724e-01
148 +1.930947453e+00 +1.930947453e+00 +3.728094745e+01 +3.728094745e+01 +3.0568e+00 +9.3989e-01 +5.7200e-01
268 +1.463568005e+00 +1.463568005e+00 +3.681356800e+01 +3.681356800e+01 +3.0463e+00 +7.5340e-01 +1.2530e+00
444 +7.408445384e-01 +7.408445384e-01 +3.609084454e+01 +3.609084454e+01 +2.5860e+00 +1.1787e+00 +1.8177e+00
457 +6.129924411e-01 +6.129924411e-01 +3.596299244e+01 +3.596299244e+01 +2.7701e+00 +1.0001e+00 +1.9234e+00
878 +3.200964201e-01 +3.200964201e-01 +3.567009642e+01 +3.567009642e+01 +2.1198e+00 +1.3768e+00 +2.9160e+00
1068 +1.532481103e-01 +1.532481103e-01 +3.550324811e+01 +3.550324811e+01 +2.3559e+00 +1.2198e+00 +2.7303e+00
1239 +5.547414913e-02 +5.547414913e-02 +3.540547415e+01 +3.540547415e+01 +1.7860e+00 +1.4728e+00 +3.7588e+00
1392 +3.627516425e-02 +3.627516425e-02 +3.538627516e+01 +3.538627516e+01 +1.6346e+00 +1.5486e+00 +4.1586e+00
1799 +4.661041686e-08 +4.661041686e-08 +3.535000005e+01 +3.535000005e+01 +1.7860e+00 +1.4728e+00 +3.9902e+00
2861 +5.734406727e-09 +5.734406727e-09 +3.535000001e+01 +3.535000001e+01 +1.7781e+00 +1.4761e+00 +3.9826e+00
3101 +2.264016530e-09 +2.264016530e-09 +3.535000000e+01 +3.535000000e+01 +1.7799e+00 +1.4762e+00 +3.9829e+00
3741 +5.285940574e-10 +5.285940574e-10 +3.535000000e+01 +3.535000000e+01 +1.7804e+00 +1.4762e+00 +3.9829e+00
3821 +3.236308999e-10 +3.236308999e-10 +3.535000000e+01 +3.535000000e+01 +1.7806e+00 +1.4762e+00 +3.9829e+00
4046 +1.914131076e-10 +1.914131076e-10 +3.535000000e+01 +3.535000000e+01 +1.7817e+00 +1.4800e+00 +3.9830e+00
4061 +1.845279485e-11 +1.845279485e-11 +3.535000000e+01 +3.535000000e+01 +1.7805e+00 +1.4762e+00 +3.9829e+00
4206 +9.066525308e-12 +9.066525308e-12 +3.535000000e+01 +3.535000000e+01 +1.7806e+00 +1.4766e+00 +3.9829e+00
4941 +4.284572697e-12 +4.284572697e-12 +3.535000000e+01 +3.535000000e+01 +1.7806e+00 +1.4765e+00 +3.9829e+00
% function evaluation | noise-free fitness - Fopt (3.820000000000e+00) | best noise-free fitness - Fopt | measured fitness | best measured fitness | x1 | x2...
1 +1.794919974e+03 +1.794919974e+03 +1.798739974e+03 +1.798739974e+03 +3.1472e+00 +4.0579e+00 -3.7301e+00
3 +3.394572024e+02 +3.394572024e+02 +3.432772024e+02 +3.432772024e+02 -2.2150e+00 +4.6882e-01 +4.5751e+00
5 +1.155548772e+02 +1.155548772e+02 +1.193748772e+02 +1.193748772e+02 +4.5717e+00 -1.4624e-01 +3.0028e+00
7 +5.292589027e+01 +5.292589027e+01 +5.674589027e+01 +5.674589027e+01 +2.9221e+00 +4.5949e+00 +1.5574e+00
9 +3.050215740e+01 +3.050215740e+01 +3.432215740e+01 +3.432215740e+01 +1.7874e+00 +2.5774e+00 +2.4313e+00
45 +3.037570906e+00 +3.037570906e+00 +6.857570906e+00 +6.857570906e+00 +3.5717e+00 +8.5376e-01 +2.0028e+00
209 +1.322611128e+00 +1.322611128e+00 +5.142611128e+00 +5.142611128e+00 +3.6106e+00 +8.5939e-01 +1.8205e+00
320 +1.288499372e-01 +1.288499372e-01 +3.948849937e+00 +3.948849937e+00 +4.0868e+00 -2.1824e-01 +1.6973e+00
407 +6.090192231e-02 +6.090192231e-02 +3.880901922e+00 +3.880901922e+00 +3.9260e+00 +1.0579e+00 +1.9063e+00
561 +3.690069242e-02 +3.690069242e-02 +3.856900692e+00 +3.856900692e+00 +4.0409e+00 +8.8831e-01 +1.8590e+00
641 +2.180137471e-02 +2.180137471e-02 +3.841801375e+00 +3.841801375e+00 +4.0608e+00 +8.8831e-01 +1.8047e+00
1201 +1.340037941e-02 +1.340037941e-02 +3.833400379e+00 +3.833400379e+00 +4.0424e+00 +1.0805e+00 +1.8332e+00
1481 +6.717050601e-03 +6.717050601e-03 +3.826717051e+00 +3.826717051e+00 +4.0511e+00 +1.0128e+00 +1.8413e+00
2193 +1.179694125e-07 +1.179694125e-07 +3.820000118e+00 +3.820000118e+00 +3.9815e+00 +1.1659e+00 +1.8742e+00
2774 +1.799978211e-08 +1.799978211e-08 +3.820000018e+00 +3.820000018e+00 +4.0091e+00 +1.1751e+00 +1.8695e+00
2921 +1.216457157e-08 +1.216457157e-08 +3.820000012e+00 +3.820000012e+00 +3.9786e+00 +1.1795e+00 +1.8868e+00
2934 +2.699351853e-11 +2.699351853e-11 +3.820000000e+00 +3.820000000e+00 +3.9949e+00 +1.1772e+00 +1.8695e+00
4466 +6.973088773e-12 +6.973088773e-12 +3.820000000e+00 +3.820000000e+00 +3.9945e+00 +1.1773e+00 +1.8699e+00
4534 +1.062261390e-12 +1.062261390e-12 +3.820000000e+00 +3.820000000e+00 +3.9946e+00 +1.1773e+00 +1.8699e+00
% function evaluation | noise-free fitness - Fopt (2.175000000000e+01) | best noise-free fitness - Fopt | measured fitness | best measured fitness | x1 | x2...
1 +4.585347372e+02 +4.585347372e+02 +4.802847372e+02 +4.802847372e+02 +3.1472e+00 +4.0579e+00 -3.7301e+00
2 +1.727439461e+02 +1.727439461e+02 +1.944939461e+02 +1.944939461e+02 +4.1338e+00 +1.3236e+00 -4.0246e+00
3 +1.186622849e+02 +1.186622849e+02 +1.404122849e+02 +1.404122849e+02 -2.2150e+00 +4.6882e-01 +4.5751e+00
7 +1.109981346e+01 +1.109981346e+01 +3.284981346e+01 +3.284981346e+01 +2.9221e+00 +4.5949e+00 +1.5574e+00
108 +7.360837640e+00 +7.360837640e+00 +2.911083764e+01 +2.911083764e+01 +1.8059e+00 +3.3615e+00 +1.4972e+00
162 +4.346404083e+00 +4.346404083e+00 +2.609640408e+01 +2.609640408e+01 +5.0000e+00 +1.2932e-01 -2.0827e+00
223 +2.277592313e+00 +2.277592313e+00 +2.402759231e+01 +2.402759231e+01 +3.4722e+00 -6.1376e-01 -1.3580e+00
227 +1.555346318e+00 +1.555346318e+00 +2.330534632e+01 +2.330534632e+01 +4.0205e+00 +2.5372e+00 -4.8340e-01
380 +9.004217195e-01 +9.004217195e-01 +2.265042172e+01 +2.265042172e+01 +3.4039e+00 +1.2004e+00 -8.5447e-01
435 +2.938937417e-01 +2.938937417e-01 +2.204389374e+01 +2.204389374e+01 +3.8201e+00 +4.5403e-01 -1.5074e+00
568 +2.207205868e-01 +2.207205868e-01 +2.197072059e+01 +2.197072059e+01 +3.6216e+00 +1.4661e+00 -6.6007e-01
570 +1.533102163e-01 +1.533102163e-01 +2.190331022e+01 +2.190331022e+01 +3.6113e+00 +5.7747e-01 -1.0882e+00
749 +4.146837768e-02 +4.146837768e-02 +2.179146838e+01 +2.179146838e+01 +3.7853e+00 +7.3893e-01 -1.2067e+00
1343 +3.951693381e-02 +3.951693381e-02 +2.178951693e+01 +2.178951693e+01 +3.7902e+00 +6.3558e-01 -1.2378e+00
1399 +2.306671322e-02 +2.306671322e-02 +2.177306671e+01 +2.177306671e+01 +3.6903e+00 +1.0426e+00 -9.7860e-01
2079 +1.226530536e-02 +1.226530536e-02 +2.176226531e+01 +2.176226531e+01 +3.7401e+00 +9.4622e-01 -1.0693e+00
2234 +3.103723678e-07 +3.103723678e-07 +2.175000031e+01 +2.175000031e+01 +3.7437e+00 +8.7096e-01 -1.0822e+00
2240 +2.280524072e-07 +2.280524072e-07 +2.175000023e+01 +2.175000023e+01 +3.7711e+00 +9.0949e-01 -1.1283e+00
2295 +3.479197730e-08 +3.479197730e-08 +2.175000003e+01 +2.175000003e+01 +3.7646e+00 +8.8959e-01 -1.1025e+00
2541 +8.985583833e-09 +8.985583833e-09 +2.175000001e+01 +2.175000001e+01 +3.7536e+00 +8.9256e-01 -1.1140e+00
2661 +3.428141326e-09 +3.428141326e-09 +2.175000000e+01 +2.175000000e+01 +3.7584e+00 +8.9256e-01 -1.1140e+00
3546 +1.478785094e-09 +1.478785094e-09 +2.175000000e+01 +2.175000000e+01 +3.7618e+00 +8.9085e-01 -1.1150e+00
3599 +9.688569946e-10 +9.688569946e-10 +2.175000000e+01 +2.175000000e+01 +3.7797e+00 +8.8834e-01 -1.1062e+00
4061 +3.409006410e-10 +3.409006410e-10 +2.175000000e+01 +2.175000000e+01 +3.7694e+00 +8.8892e-01 -1.1148e+00
4461 +2.171383073e-10 +2.171383073e-10 +2.175000000e+01 +2.175000000e+01 +3.7693e+00 +8.8897e-01 -1.1150e+00
4541 +9.599432360e-11 +9.599432360e-11 +2.175000000e+01 +2.175000000e+01 +3.7688e+00 +8.8898e-01 -1.1154e+00
4621 +4.356337513e-11 +4.356337513e-11 +2.175000000e+01 +2.175000000e+01 +3.7686e+00 +8.8898e-01 -1.1156e+00
4701 +2.130207122e-11 +2.130207122e-11 +2.175000000e+01 +2.175000000e+01 +3.7685e+00 +8.8898e-01 -1.1157e+00
4706 +1.558220220e-11 +1.558220220e-11 +2.175000000e+01 +2.175000000e+01 +3.7762e+00 +8.8997e-01 -1.1030e+00
% function evaluation | noise-free fitness - Fopt (6.479000000000e+01) | best noise-free fitness - Fopt | measured fitness | best measured fitness | x1 | x2...
1 +6.860763663e+02 +6.860763663e+02 +7.508663663e+02 +7.508663663e+02 +3.1472e+00 +4.0579e+00 -3.7301e+00
3 +1.352356511e+02 +1.352356511e+02 +2.000256511e+02 +2.000256511e+02 -2.2150e+00 +4.6882e-01 +4.5751e+00
10 +1.658193627e+01 +1.658193627e+01 +8.137193627e+01 +8.137193627e+01 -1.0777e+00 +1.5548e+00 -3.2881e+00
20 +1.116589803e+01 +1.116589803e+01 +7.595589803e+01 +7.595589803e+01 -1.5961e+00 +8.5268e-01 -2.7619e+00
74 +3.582677406e+00 +3.582677406e+00 +6.837267741e+01 +6.837267741e+01 -1.7583e+00 -2.7582e+00 +1.9428e+00
154 +2.271365801e+00 +2.271365801e+00 +6.706136580e+01 +6.706136580e+01 -1.8739e+00 -2.2052e+00 +1.0510e+00
227 +6.667973250e-01 +6.667973250e-01 +6.545679733e+01 +6.545679733e+01 -1.8396e+00 -1.5874e+00 +7.0201e-02
315 +3.806427762e-01 +3.806427762e-01 +6.517064278e+01 +6.517064278e+01 -1.7068e+00 -2.2888e+00 +3.8527e-01
394 +1.086854570e-01 +1.086854570e-01 +6.489868546e+01 +6.489868546e+01 -1.8118e+00 -1.9527e+00 -3.3207e-01
514 +9.085463204e-02 +9.085463204e-02 +6.488085463e+01 +6.488085463e+01 -1.9170e+00 -2.1069e+00 -3.4588e-01
824 +4.981821571e-02 +4.981821571e-02 +6.483981822e+01 +6.483981822e+01 -1.8366e+00 -2.1803e+00 -1.4293e-01
856 +1.345749219e-02 +1.345749219e-02 +6.480345749e+01 +6.480345749e+01 -1.8002e+00 -2.0125e+00 -3.1119e-02
1062 +5.504590793e-03 +5.504590793e-03 +6.479550459e+01 +6.479550459e+01 -1.8554e+00 -2.0472e+00 -1.1152e-01
1631 +7.628747767e-08 +7.628747767e-08 +6.479000008e+01 +6.479000008e+01 -1.8523e+00 -2.0773e+00 -1.1615e-01
2232 +4.366522433e-08 +4.366522433e-08 +6.479000004e+01 +6.479000004e+01 -1.8580e+00 -2.0882e+00 -1.2143e-01
2795 +3.686190553e-08 +3.686190553e-08 +6.479000004e+01 +6.479000004e+01 -1.8597e+00 -2.0868e+00 -1.1054e-01
2944 +1.846883890e-08 +1.846883890e-08 +6.479000002e+01 +6.479000002e+01 -1.8583e+00 -2.1093e+00 -9.8327e-02
3064 +1.533000216e-08 +1.533000216e-08 +6.479000002e+01 +6.479000002e+01 -1.8564e+00 -2.1175e+00 -9.8327e-02
3215 +1.145991746e-09 +1.145991746e-09 +6.479000000e+01 +6.479000000e+01 -1.8546e+00 -2.1117e+00 -1.0115e-01
3462 +4.349658411e-10 +4.349658411e-10 +6.479000000e+01 +6.479000000e+01 -1.8452e+00 -2.0869e+00 -1.2395e-01
3546 +9.698908343e-11 +9.698908343e-11 +6.479000000e+01 +6.479000000e+01 -1.8720e+00 -2.1034e+00 -9.6923e-02
4474 +3.680611371e-12 +3.680611371e-12 +6.479000000e+01 +6.479000000e+01 -1.8539e+00 -2.1109e+00 -1.0226e-01
% function evaluation | noise-free fitness - Fopt (5.407000000000e+01) | best noise-free fitness - Fopt | measured fitness | best measured fitness | x1 | x2...
1 +1.144051230e+03 +1.144051230e+03 +1.198121230e+03 +1.198121230e+03 +3.1472e+00 +4.0579e+00 -3.7301e+00
2 +7.275405684e+02 +7.275405684e+02 +7.816105684e+02 +7.816105684e+02 +4.1338e+00 +1.3236e+00 -4.0246e+00
3 +1.403620852e+02 +1.403620852e+02 +1.944320852e+02 +1.944320852e+02 -2.2150e+00 +4.6882e-01 +4.5751e+00
5 +8.143462089e+01 +8.143462089e+01 +1.355046209e+02 +1.355046209e+02 +4.5717e+00 -1.4624e-01 +3.0028e+00
13 +4.725927581e+01 +4.725927581e+01 +1.013292758e+02 +1.013292758e+02 +1.9483e+00 -1.8290e+00 +4.5022e+00
29 +2.387645635e+01 +2.387645635e+01 +7.794645635e+01 +7.794645635e+01 +4.1719e+00 -2.1416e+00 +2.5720e+00
101 +1.552430385e+01 +1.552430385e+01 +6.959430385e+01 +6.959430385e+01 +4.4988e+00 -2.6114e+00 +3.3107e-01
116 +3.439333138e+00 +3.439333138e+00 +5.750933314e+01 +5.750933314e+01 +1.8171e+00 -2.4150e+00 +2.6709e+00
176 +2.448267869e+00 +2.448267869e+00 +5.651826787e+01 +5.651826787e+01 +5.6344e-01 -3.6266e+00 +3.3263e+00
364 +7.527344648e-01 +7.527344648e-01 +5.482273446e+01 +5.482273446e+01 +2.1752e+00 -3.2659e+00 +2.5591e+00
449 +2.304986001e-01 +2.304986001e-01 +5.430049860e+01 +5.430049860e+01 +1.5236e+00 -3.4226e+00 +2.9836e+00
777 +1.200245048e-01 +1.200245048e-01 +5.419002450e+01 +5.419002450e+01 +1.0961e+00 -3.3781e+00 +3.2171e+00
1137 +7.665085020e-02 +7.665085020e-02 +5.414665085e+01 +5.414665085e+01 +8.6691e-01 -3.4041e+00 +3.4724e+00
1234 +5.436369099e-02 +5.436369099e-02 +5.412436369e+01 +5.412436369e+01 +7.0687e-01 -3.4442e+00 +3.5310e+00
1308 +1.515406552e-02 +1.515406552e-02 +5.408515407e+01 +5.408515407e+01 +9.1748e-01 -3.3658e+00 +3.4188e+00
1534 +7.527344648e-03 +7.527344648e-03 +5.407752734e+01 +5.407752734e+01 +1.0672e+00 -3.3617e+00 +3.3218e+00
1746 +2.252477103e-07 +2.252477103e-07 +5.407000023e+01 +5.407000023e+01 +9.3033e-01 -3.3308e+00 +3.4009e+00
2497 +3.131752635e-09 +3.131752635e-09 +5.407000000e+01 +5.407000000e+01 +9.4581e-01 -3.3524e+00 +3.3916e+00
3090 +1.571237362e-09 +1.571237362e-09 +5.407000000e+01 +5.407000000e+01 +9.3014e-01 -3.3609e+00 +3.3929e+00
3708 +3.969944373e-10 +3.969944373e-10 +5.407000000e+01 +5.407000000e+01 +9.5912e-01 -3.3393e+00 +3.3860e+00
3989 +1.134168315e-10 +1.134168315e-10 +5.407000000e+01 +5.407000000e+01 +9.6091e-01 -3.3384e+00 +3.3858e+00
% function evaluation | noise-free fitness - Fopt (-9.152000000000e+01) | best noise-free fitness - Fopt | measured fitness | best measured fitness | x1 | x2...
1 +2.651437679e+01 +2.651437679e+01 -6.500562321e+01 -6.500562321e+01 +3.1472e+00 +4.0579e+00 -3.7301e+00
24 +3.031973726e+00 +3.031973726e+00 -8.848802627e+01 -8.848802627e+01 -2.4249e+00 +3.4072e+00 -2.4572e+00
79 +1.101765532e+00 +1.101765532e+00 -9.041823447e+01 -9.041823447e+01 -3.8344e+00 +2.6974e+00 -6.1658e-01
256 +4.696765113e-01 +4.696765113e-01 -9.105032349e+01 -9.105032349e+01 -3.1517e+00 +2.8531e+00 -9.8287e-01
279 +2.327152721e-01 +2.327152721e-01 -9.128728473e+01 -9.128728473e+01 -2.2174e+00 +2.6974e+00 -6.1658e-01
366 +1.278947447e-01 +1.278947447e-01 -9.139210526e+01 -9.139210526e+01 -2.8608e+00 +2.7286e+00 -8.4264e-01
786 +3.675651644e-02 +3.675651644e-02 -9.148324348e+01 -9.148324348e+01 -2.5850e+00 +2.7327e+00 -8.6053e-01
1217 +7.798151928e-03 +7.798151928e-03 -9.151220185e+01 -9.151220185e+01 -2.3201e+00 +2.8474e+00 -9.3839e-01
2017 +2.271527251e-07 +2.271527251e-07 -9.151999977e+01 -9.151999977e+01 -2.4114e+00 +2.7846e+00 -9.0421e-01
2425 +3.513790148e-08 +3.513790148e-08 -9.151999996e+01 -9.151999996e+01 -2.4120e+00 +2.7673e+00 -8.7868e-01
2731 +7.749036968e-09 +7.749036968e-09 -9.151999999e+01 -9.151999999e+01 -2.4132e+00 +2.7679e+00 -8.8329e-01
2737 +5.051219887e-09 +5.051219887e-09 -9.151999999e+01 -9.151999999e+01 -2.4291e+00 +2.7803e+00 -8.8867e-01
3264 +8.554223996e-10 +8.554223996e-10 -9.152000000e+01 -9.152000000e+01 -2.4278e+00 +2.7811e+00 -8.8615e-01
3276 +5.652367463e-10 +5.652367463e-10 -9.152000000e+01 -9.152000000e+01 -2.4082e+00 +2.7711e+00 -8.7794e-01
3355 +3.682742999e-10 +3.682742999e-10 -9.152000000e+01 -9.152000000e+01 -2.4111e+00 +2.7739e+00 -8.7821e-01
3479 +1.555946483e-10 +1.555946483e-10 -9.152000000e+01 -9.152000000e+01 -2.4303e+00 +2.7866e+00 -8.8419e-01
4406 +4.021671884e-11 +4.021671884e-11 -9.152000000e+01 -9.152000000e+01 -2.4205e+00 +2.7691e+00 -8.8940e-01
% function evaluation | noise-free fitness - Fopt (2.263000000000e+01) | best noise-free fitness - Fopt | measured fitness | best measured fitness | x1 | x2...
1 +2.067580102e+02 +2.067580102e+02 +2.293880102e+02 +2.293880102e+02 +3.1472e+00 +4.0579e+00 -3.7301e+00
2 +1.537221830e+01 +1.537221830e+01 +3.800221830e+01 +3.800221830e+01 +4.1338e+00 +1.3236e+00 -4.0246e+00
21 +7.813687415e+00 +7.813687415e+00 +3.044368741e+01 +3.044368741e+01 +2.5127e+00 -2.4490e+00 +5.9571e-02
70 +4.588121852e+00 +4.588121852e+00 +2.721812185e+01 +2.721812185e+01 +2.6273e+00 -2.0998e+00 +4.7838e-01
160 +1.584158866e+00 +1.584158866e+00 +2.421415887e+01 +2.421415887e+01 +2.9613e+00 -2.2325e+00 +9.4250e-01
395 +5.296346902e-01 +5.296346902e-01 +2.315963469e+01 +2.315963469e+01 +2.9719e+00 -2.6187e+00 +1.6565e+00
536 +1.746805473e-01 +1.746805473e-01 +2.280468055e+01 +2.280468055e+01 +2.9549e+00 -3.0668e+00 +2.5681e+00
786 +6.879939645e-02 +6.879939645e-02 +2.269879940e+01 +2.269879940e+01 +2.7805e+00 -3.4073e+00 +3.0260e+00
839 +4.773999352e-02 +4.773999352e-02 +2.267773999e+01 +2.267773999e+01 +2.6817e+00 -3.7364e+00 +3.5758e+00
1364 +2.782861813e-02 +2.782861813e-02 +2.265782862e+01 +2.265782862e+01 +2.7905e+00 -3.5195e+00 +3.3396e+00
1659 +2.330922586e-02 +2.330922586e-02 +2.265330923e+01 +2.265330923e+01 +2.7792e+00 -3.6739e+00 +3.5546e+00
2039 +1.120573372e-02 +1.120573372e-02 +2.264120573e+01 +2.264120573e+01 +2.7907e+00 -3.7364e+00 +3.5758e+00
2062 +6.084386426e-03 +6.084386426e-03 +2.263608439e+01 +2.263608439e+01 +2.7861e+00 -3.6982e+00 +3.4683e+00
2848 +3.752148920e-07 +3.752148920e-07 +2.263000038e+01 +2.263000038e+01 +2.8021e+00 -3.6191e+00 +3.4008e+00
2934 +1.951396342e-07 +1.951396342e-07 +2.263000020e+01 +2.263000020e+01 +2.7563e+00 -3.6598e+00 +3.4354e+00
3084 +2.817408173e-08 +2.817408173e-08 +2.263000003e+01 +2.263000003e+01 +2.7669e+00 -3.6384e+00 +3.4255e+00
3124 +2.364494733e-08 +2.364494733e-08 +2.263000002e+01 +2.263000002e+01 +2.7517e+00 -3.6384e+00 +3.4241e+00
3197 +1.330295518e-08 +1.330295518e-08 +2.263000001e+01 +2.263000001e+01 +2.7722e+00 -3.6523e+00 +3.4164e+00
3643 +5.729805963e-09 +5.729805963e-09 +2.263000001e+01 +2.263000001e+01 +2.7702e+00 -3.6382e+00 +3.4307e+00
3723 +1.131429173e-09 +1.131429173e-09 +2.263000000e+01 +2.263000000e+01 +2.7684e+00 -3.6347e+00 +3.4325e+00
3900 +8.605738344e-11 +8.605738344e-11 +2.263000000e+01 +2.263000000e+01 +2.7688e+00 -3.6415e+00 +3.4269e+00
% function evaluation | noise-free fitness - Fopt (1.554000000000e+01) | best noise-free fitness - Fopt | measured fitness | best measured fitness | x1 | x2...
1 +3.109043914e+03 +3.109043914e+03 +3.124583914e+03 +3.124583914e+03 +3.1472e+00 +4.0579e+00 -3.7301e+00
3 +2.678063474e+02 +2.678063474e+02 +2.833463474e+02 +2.833463474e+02 -2.2150e+00 +4.6882e-01 +4.5751e+00
4 +1.037619915e+02 +1.037619915e+02 +1.193019915e+02 +1.193019915e+02 +4.6489e+00 -3.4239e+00 +4.7059e+00
13 +9.986728451e+01 +9.986728451e+01 +1.154072845e+02 +1.154072845e+02 +1.9483e+00 -1.8290e+00 +4.5022e+00
14 +5.360181873e+01 +5.360181873e+01 +6.914181873e+01 +6.914181873e+01 -4.6555e+00 -6.1256e-01 -1.1844e+00
16 +3.062532795e+01 +3.062532795e+01 +4.616532795e+01 +4.616532795e+01 -1.0236e-01 -5.4414e-01 +1.4631e+00
36 +1.046712927e+01 +1.046712927e+01 +2.600712927e+01 +2.600712927e+01 +1.0198e+00 -2.3703e+00 +1.5408e+00
56 +1.124047344e+00 +1.124047344e+00 +1.666404734e+01 +1.666404734e+01 +4.0544e-01 -1.4859e+00 +2.2881e+00
259 +8.836046515e-01 +8.836046515e-01 +1.642360465e+01 +1.642360465e+01 -8.1002e-01 -1.5230e+00 +1.5974e+00
436 +5.157357876e-01 +5.157357876e-01 +1.605573579e+01 +1.605573579e+01 -6.9132e-01 -1.7255e+00 +1.7663e+00
645 +2.770661019e-01 +2.770661019e-01 +1.581706610e+01 +1.581706610e+01 -4.3202e-01 -1.5970e+00 +1.6153e+00
1301 +4.605696365e-02 +4.605696365e-02 +1.558605696e+01 +1.558605696e+01 -1.6144e+00 -2.0911e+00 +7.9323e-01
1630 +1.124047344e-02 +1.124047344e-02 +1.555124047e+01 +1.555124047e+01 -1.3798e+00 -1.9475e+00 +9.9806e-01
2101 +6.787946456e-03 +6.787946456e-03 +1.554678795e+01 +1.554678795e+01 -1.5373e+00 -1.9831e+00 +9.2093e-01
3206 +2.148478728e-08 +2.148478728e-08 +1.554000002e+01 +1.554000002e+01 -1.5986e+00 -2.0000e+00 +8.6060e-01
3236 +6.937193930e-09 +6.937193930e-09 +1.554000001e+01 +1.554000001e+01 -1.5722e+00 -2.0201e+00 +8.4307e-01
3904 +5.971321215e-09 +5.971321215e-09 +1.554000001e+01 +1.554000001e+01 -1.5751e+00 -2.0191e+00 +8.4490e-01
4079 +3.464734277e-09 +3.464734277e-09 +1.554000000e+01 +1.554000000e+01 -1.5622e+00 -2.0324e+00 +8.3682e-01
4125 +2.188706105e-09 +2.188706105e-09 +1.554000000e+01 +1.554000000e+01 -1.5852e+00 -2.0157e+00 +8.5138e-01
4159 +5.077360754e-11 +5.077360754e-11 +1.554000000e+01 +1.554000000e+01 -1.5635e+00 -2.0310e+00 +8.3794e-01
% function evaluation | noise-free fitness - Fopt (-3.765100000000e+02) | best noise-free fitness - Fopt | measured fitness | best measured fitness | x1 | x2...
1 +1.328480998e+03 +1.328480998e+03 +9.519709979e+02 +9.519709979e+02 +3.1472e+00 +4.0579e+00 -3.7301e+00
3 +7.918213374e+01 +7.918213374e+01 -2.973278663e+02 -2.973278663e+02 -2.2150e+00 +4.6882e-01 +4.5751e+00
8 +4.853979117e+01 +4.853979117e+01 -3.279702088e+02 -3.279702088e+02 -4.6429e+00 +3.4913e+00 +4.3399e+00
26 +3.097476215e+01 +3.097476215e+01 -3.455352378e+02 -3.455352378e+02 -1.5002e+00 -3.0340e+00 -2.4892e+00
39 +2.245092591e+01 +2.245092591e+01 -3.540590741e+02 -3.540590741e+02 -3.4762e+00 +3.2582e+00 +3.8342e-01
75 +1.333618504e+01 +1.333618504e+01 -3.631738150e+02 -3.631738150e+02 -2.8878e+00 +3.9448e-01 -2.3435e+00
128 +3.666842614e+00 +3.666842614e+00 -3.728431574e+02 -3.728431574e+02 -2.9183e+00 +2.0087e+00 +2.3399e+00
256 +2.389640464e+00 +2.389640464e+00 -3.741203595e+02 -3.741203595e+02 -2.1517e+00 -1.0832e-01 -4.3627e-01
368 +2.080168345e-01 +2.080168345e-01 -3.763019832e+02 -3.763019832e+02 -2.8074e+00 +1.3853e+00 +7.8267e-01
557 +9.378725899e-02 +9.378725899e-02 -3.764162127e+02 -3.764162127e+02 -2.9371e+00 +1.6578e+00 +9.9342e-01
677 +4.151987022e-02 +4.151987022e-02 -3.764684801e+02 -3.764684801e+02 -2.9371e+00 +1.8781e+00 +1.3320e+00
1492 +3.419748751e-02 +3.419748751e-02 -3.764758025e+02 -3.764758025e+02 -2.9868e+00 +1.9447e+00 +1.2568e+00
1553 +1.900374879e-02 +1.900374879e-02 -3.764909963e+02 -3.764909963e+02 -2.9598e+00 +1.7875e+00 +1.0729e+00
1803 +1.541787297e-02 +1.541787297e-02 -3.764945821e+02 -3.764945821e+02 -2.9487e+00 +1.8002e+00 +1.1787e+00
2022 +9.845747327e-03 +9.845747327e-03 -3.765001543e+02 -3.765001543e+02 -2.8770e+00 +1.6885e+00 +1.0568e+00
2197 +3.239563853e-07 +3.239563853e-07 -3.765099997e+02 -3.765099997e+02 -2.9063e+00 +1.7461e+00 +1.1030e+00
2390 +1.468129653e-07 +1.468129653e-07 -3.765099999e+02 -3.765099999e+02 -2.9202e+00 +1.7725e+00 +1.0896e+00
2425 +7.551324188e-08 +7.551324188e-08 -3.765099999e+02 -3.765099999e+02 -2.9220e+00 +1.7440e+00 +1.0807e+00
2590 +1.700402663e-08 +1.700402663e-08 -3.765100000e+02 -3.765100000e+02 -2.9352e+00 +1.7725e+00 +1.0896e+00
3177 +1.210821665e-09 +1.210821665e-09 -3.765100000e+02 -3.765100000e+02 -2.9435e+00 +1.7858e+00 +1.0997e+00
4132 +2.501110430e-11 +2.501110430e-11 -3.765100000e+02 -3.765100000e+02 -2.9388e+00 +1.7420e+00 +1.0948e+00
% function evaluation | noise-free fitness - Fopt (3.960400000000e+02) | best noise-free fitness - Fopt | measured fitness | best measured fitness | x1 | x2...
1 +7.896298287e+01 +7.896298287e+01 +4.750029829e+02 +4.750029829e+02 +3.1472e+00 +4.0579e+00 -3.7301e+00
10 +1.773638277e+01 +1.773638277e+01 +4.137763828e+02 +4.137763828e+02 -1.0777e+00 +1.5548e+00 -3.2881e+00
31 +1.341361754e+01 +1.341361754e+01 +4.094536175e+02 +4.094536175e+02 -4.2415e+00 -4.4605e+00 +3.0798e-01
75 +7.232595579e+00 +7.232595579e+00 +4.032725956e+02 +4.032725956e+02 -2.8878e+00 -7.1467e-01 -2.3435e+00
116 +5.578236653e+00 +5.578236653e+00 +4.016182367e+02 +4.016182367e+02 -7.0394e-01 -3.0775e+00 +5.6650e-03
210 +3.058034965e+00 +3.058034965e+00 +3.990980350e+02 +3.990980350e+02 -1.9045e+00 -1.4452e+00 -1.3555e+00
290 +1.976587777e+00 +1.976587777e+00 +3.980165878e+02 +3.980165878e+02 -1.8086e+00 -2.4452e+00 -3.5546e-01
301 +1.444226527e+00 +1.444226527e+00 +3.974842265e+02 +3.974842265e+02 -1.4873e+00 -2.9593e+00 -3.1846e-01
307 +5.881800519e-01 +5.881800519e-01 +3.966281801e+02 +3.966281801e+02 -2.6155e+00 -2.9126e+00 -5.6308e-01
449 +1.117854372e-01 +1.117854372e-01 +3.961517854e+02 +3.961517854e+02 -2.9367e+00 -3.4226e+00 -5.7951e-01
920 +1.574682909e-02 +1.574682909e-02 +3.960557468e+02 +3.960557468e+02 -2.7519e+00 -3.5632e+00 -3.5153e-01
1480 +4.469483201e-07 +4.469483201e-07 +3.960400004e+02 +3.960400004e+02 -2.7489e+00 -3.5362e+00 -3.8930e-01
1543 +2.159583232e-07 +2.159583232e-07 +3.960400002e+02 +3.960400002e+02 -2.7523e+00 -3.4940e+00 -4.4087e-01
1731 +4.938328857e-08 +4.938328857e-08 +3.960400000e+02 +3.960400000e+02 -2.7953e+00 -3.5058e+00 -4.0730e-01
1949 +1.787668680e-09 +1.787668680e-09 +3.960400000e+02 +3.960400000e+02 -2.7896e+00 -3.4981e+00 -4.0764e-01
3235 +1.463604349e-09 +1.463604349e-09 +3.960400000e+02 +3.960400000e+02 -2.7750e+00 -3.4949e+00 -4.0728e-01
3484 +5.246079127e-10 +5.246079127e-10 +3.960400000e+02 +3.960400000e+02 -2.7761e+00 -3.4868e+00 -3.9956e-01
3737 +3.467448551e-12 +3.467448551e-12 +3.960400000e+02 +3.960400000e+02 -2.7740e+00 -3.4880e+00 -4.0100e-01
% function evaluation | noise-free fitness - Fopt (1.281100000000e+02) | best noise-free fitness - Fopt | measured fitness | best measured fitness | x1 | x2...
1 +3.797882540e+03 +3.797882540e+03 +3.925992540e+03 +3.925992540e+03 +3.1472e+00 +4.0579e+00 -3.7301e+00
2 +2.388770933e+03 +2.388770933e+03 +2.516880933e+03 +2.516880933e+03 +4.1338e+00 +1.3236e+00 -4.0246e+00
3 +1.287438729e+02 +1.287438729e+02 +2.568538729e+02 +2.568538729e+02 -2.2150e+00 +4.6882e-01 +4.5751e+00
4 +4.802997204e+01 +4.802997204e+01 +1.761399720e+02 +1.761399720e+02 +4.6489e+00 -3.4239e+00 +4.7059e+00
13 +1.978728842e+01 +1.978728842e+01 +1.478972884e+02 +1.478972884e+02 +1.9483e+00 -1.8290e+00 +4.5022e+00
16 +1.202344423e+01 +1.202344423e+01 +1.401334442e+02 +1.401334442e+02 -1.0236e-01 -5.4414e-01 +1.4631e+00
53 +5.128846417e+00 +5.128846417e+00 +1.332388464e+02 +1.332388464e+02 +9.4829e-01 -8.2901e-01 +3.5356e+00
170 +2.199771767e+00 +2.199771767e+00 +1.303097718e+02 +1.303097718e+02 -1.0914e+00 -2.7892e-01 +6.3628e-01
250 +1.543559672e+00 +1.543559672e+00 +1.296535597e+02 +1.296535597e+02 -1.7523e+00 +1.0364e-01 +6.3628e-01
353 +4.197773216e-01 +4.197773216e-01 +1.285297773e+02 +1.285297773e+02 -2.5749e+00 +3.5197e-01 -2.1093e-01
381 +3.014078539e-01 +3.014078539e-01 +1.284114079e+02 +1.284114079e+02 -2.4873e+00 +2.1357e-01 -4.6927e-01
562 +1.822070158e-01 +1.822070158e-01 +1.282922070e+02 +1.282922070e+02 -2.8662e+00 +2.2811e-01 -9.3001e-01
581 +1.508167126e-01 +1.508167126e-01 +1.282608167e+02 +1.282608167e+02 -2.4873e+00 +2.1357e-01 -3.6326e-01
2185 +8.207415050e-02 +8.207415050e-02 +1.281920742e+02 +1.281920742e+02 -3.1238e+00 +3.6128e-01 -1.1626e+00
2227 +5.441853163e-02 +5.441853163e-02 +1.281644185e+02 +1.281644185e+02 -3.2475e+00 +4.0500e-01 -1.2079e+00
2382 +3.047201054e-02 +3.047201054e-02 +1.281404720e+02 +1.281404720e+02 -3.3043e+00 +3.9090e-01 -1.3979e+00
2573 +2.192673346e-02 +2.192673346e-02 +1.281319267e+02 +1.281319267e+02 -3.3982e+00 +4.3743e-01 -1.3357e+00
2842 +5.129634406e-03 +5.129634406e-03 +1.281151296e+02 +1.281151296e+02 -3.4558e+00 +4.3300e-01 -1.5160e+00
2862 +1.885153722e-07 +1.885153722e-07 +1.281100002e+02 +1.281100002e+02 -3.4264e+00 +4.4243e-01 -1.4484e+00
2949 +3.166832130e-08 +3.166832130e-08 +1.281100000e+02 +1.281100000e+02 -3.4154e+00 +4.3668e-01 -1.4380e+00
3009 +2.734140025e-09 +2.734140025e-09 +1.281100000e+02 +1.281100000e+02 -3.4033e+00 +4.4235e-01 -1.4443e+00
3643 +9.009681889e-12 +9.009681889e-12 +1.281100000e+02 +1.281100000e+02 -3.4036e+00 +4.2836e-01 -1.4458e+00
4469 +3.694822226e-13 +3.694822226e-13 +1.281100000e+02 +1.281100000e+02 -3.4034e+00 +4.2705e-01 -1.4461e+00
% function evaluation | noise-free fitness - Fopt (-2.923500000000e+02) | best noise-free fitness - Fopt | measured fitness | best measured fitness | x1 | x2...
1 +3.025942388e+03 +3.025942388e+03 +2.733592388e+03 +2.733592388e+03 +3.1472e+00 +4.0579e+00 -3.7301e+00
2 +1.202769574e+03 +1.202769574e+03 +9.104195744e+02 +9.104195744e+02 +4.1338e+00 +1.3236e+00 -4.0246e+00
3 +3.463565451e+02 +3.463565451e+02 +5.400654506e+01 +5.400654506e+01 -2.2150e+00 +4.6882e-01 +4.5751e+00
5 +2.355253211e+02 +2.355253211e+02 -5.682467887e+01 -5.682467887e+01 +4.5717e+00 -1.4624e-01 +3.0028e+00
11 +6.587457187e+01 +6.587457187e+01 -2.264754281e+02 -2.264754281e+02 +2.0605e+00 -4.6817e+00 -2.2308e+00
12 +1.242143686e+01 +1.242143686e+01 -2.799285631e+02 -2.799285631e+02 -4.5383e+00 -4.0287e+00 +3.2346e+00
38 +4.799773452e+00 +4.799773452e+00 -2.875502265e+02 -2.875502265e+02 -4.1618e+00 -2.7102e+00 +4.1334e+00
176 +1.443201627e+00 +1.443201627e+00 -2.909067984e+02 -2.909067984e+02 -3.5162e+00 -3.0274e+00 +3.4179e+00
238 +7.754384529e-01 +7.754384529e-01 -2.915745615e+02 -2.915745615e+02 -3.7145e+00 -3.2472e+00 +2.9786e+00
428 +4.120164123e-01 +4.120164123e-01 -2.919379836e+02 -2.919379836e+02 -2.1481e+00 -3.4949e+00 +1.2557e+00
452 +2.172836272e-02 +2.172836272e-02 -2.923282716e+02 -2.923282716e+02 -2.0114e+00 -3.3350e+00 +1.4178e+00
1390 +5.432090681e-03 +5.432090681e-03 -2.923445679e+02 -2.923445679e+02 -1.9450e+00 -3.3472e+00 +1.3447e+00
2315 +4.471088459e-07 +4.471088459e-07 -2.923499996e+02 -2.923499996e+02 -1.9318e+00 -3.3233e+00 +1.2993e+00
2474 +2.796055014e-07 +2.796055014e-07 -2.923499997e+02 -2.923499997e+02 -1.9076e+00 -3.3560e+00 +1.2356e+00
2701 +4.071125659e-08 +4.071125659e-08 -2.923500000e+02 -2.923500000e+02 -1.9109e+00 -3.3333e+00 +1.2652e+00
3028 +1.347467560e-08 +1.347467560e-08 -2.923500000e+02 -2.923500000e+02 -1.9078e+00 -3.3597e+00 +1.2734e+00
3428 +3.584602837e-09 +3.584602837e-09 -2.923500000e+02 -2.923500000e+02 -1.9192e+00 -3.3709e+00 +1.2715e+00
3832 +7.384528544e-10 +7.384528544e-10 -2.923500000e+02 -2.923500000e+02 -1.9251e+00 -3.3681e+00 +1.2662e+00
4186 +2.052615855e-10 +2.052615855e-10 -2.923500000e+02 -2.923500000e+02 -1.9239e+00 -3.3672e+00 +1.2666e+00
4340 +1.220428203e-10 +1.220428203e-10 -2.923500000e+02 -2.923500000e+02 -1.9205e+00 -3.3674e+00 +1.2693e+00
4388 +1.045918907e-11 +1.045918907e-11 -2.923500000e+02 -2.923500000e+02 -1.9204e+00 -3.3661e+00 +1.2687e+00
% function evaluation | noise-free fitness - Fopt (3.110100000000e+02) | best noise-free fitness - Fopt | measured fitness | best measured fitness | x1 | x2...
1 +3.345153498e+02 +3.345153498e+02 +6.455253498e+02 +6.455253498e+02 +3.1472e+00 +4.0579e+00 -3.7301e+00
2 +1.923346793e+02 +1.923346793e+02 +5.033446793e+02 +5.033446793e+02 +4.1338e+00 +1.3236e+00 -4.0246e+00
12 +1.523263725e+02 +1.523263725e+02 +4.633363725e+02 +4.633363725e+02 -4.5383e+00 -4.0287e+00 +3.2346e+00
23 +7.348940989e+01 +7.348940989e+01 +3.844994099e+02 +3.844994099e+02 +4.7216e-01 -3.6138e+00 -3.5071e+00
26 +5.677390726e+00 +5.677390726e+00 +3.166873907e+02 +3.166873907e+02 -1.5002e+00 -3.0340e+00 -2.4892e+00
71 +3.334107637e+00 +3.334107637e+00 +3.143441076e+02 +3.143441076e+02 -3.2415e+00 -4.8158e+00 -6.9202e-01
153 +2.398471045e+00 +2.398471045e+00 +3.134084710e+02 +3.134084710e+02 -1.3118e+00 -2.3061e+00 -2.8810e+00
273 +6.353701316e-01 +6.353701316e-01 +3.116453701e+02 +3.116453701e+02 -1.3118e+00 -2.9719e+00 -3.9618e+00
393 +6.305832591e-01 +6.305832591e-01 +3.116405833e+02 +3.116405833e+02 -1.3589e+00 -2.8724e+00 -3.9974e+00
456 +1.123891870e-01 +1.123891870e-01 +3.111223892e+02 +3.111223892e+02 -1.9812e+00 -3.4462e+00 -2.9137e+00
558 +8.071026267e-02 +8.071026267e-02 +3.110907103e+02 +3.110907103e+02 -1.8628e+00 -3.4646e+00 -2.7988e+00
598 +3.873597552e-02 +3.873597552e-02 +3.110487360e+02 +3.110487360e+02 -1.8628e+00 -3.3776e+00 -2.7988e+00
965 +2.398471045e-02 +2.398471045e-02 +3.110339847e+02 +3.110339847e+02 -1.9034e+00 -3.3973e+00 -2.6831e+00
1249 +7.797742652e-03 +7.797742652e-03 +3.110177977e+02 +3.110177977e+02 -1.9145e+00 -3.3893e+00 -2.7525e+00
3145 +3.138808324e-07 +3.138808324e-07 +3.110100003e+02 +3.110100003e+02 -2.0063e+00 -3.5393e+00 -2.6174e+00
3422 +1.625626851e-07 +1.625626851e-07 +3.110100002e+02 +3.110100002e+02 -1.9844e+00 -3.5290e+00 -2.6180e+00
3447 +2.595714932e-08 +2.595714932e-08 +3.110100000e+02 +3.110100000e+02 -1.9881e+00 -3.5097e+00 -2.6333e+00
3607 +2.335281124e-08 +2.335281124e-08 +3.110100000e+02 +3.110100000e+02 -1.9881e+00 -3.5097e+00 -2.6294e+00
3665 +8.502013316e-09 +8.502013316e-09 +3.110100000e+02 +3.110100000e+02 -1.9932e+00 -3.5101e+00 -2.6050e+00
3895 +5.019501259e-09 +5.019501259e-09 +3.110100000e+02 +3.110100000e+02 -1.9833e+00 -3.5117e+00 -2.5994e+00
3942 +3.707327778e-09 +3.707327778e-09 +3.110100000e+02 +3.110100000e+02 -1.9771e+00 -3.5139e+00 -2.6222e+00
4166 +8.021743270e-10 +8.021743270e-10 +3.110100000e+02 +3.110100000e+02 -1.9821e+00 -3.5135e+00 -2.6266e+00
4377 +3.257127901e-11 +3.257127901e-11 +3.110100000e+02 +3.110100000e+02 -1.9837e+00 -3.5128e+00 -2.6237e+00
% function evaluation | noise-free fitness - Fopt (-8.051800000000e+02) | best noise-free fitness - Fopt | measured fitness | best measured fitness | x1 | x2...
1 +1.659722654e+03 +1.659722654e+03 +8.545426544e+02 +8.545426544e+02 +3.1472e+00 +4.0579e+00 -3.7301e+00
3 +9.307119938e+02 +9.307119938e+02 +1.255319938e+02 +1.255319938e+02 -2.2150e+00 +4.6882e-01 +4.5751e+00
5 +5.352241834e+02 +5.352241834e+02 -2.699558166e+02 -2.699558166e+02 +4.5717e+00 -1.4624e-01 +3.0028e+00
7 +1.042866535e+02 +1.042866535e+02 -7.008933465e+02 -7.008933465e+02 +2.9221e+00 +4.5949e+00 +1.5574e+00
16 +1.880820575e+01 +1.880820575e+01 -7.863717943e+02 -7.863717943e+02 -1.0236e-01 -5.4414e-01 +1.4631e+00
30 +6.397101511e+00 +6.397101511e+00 -7.987828985e+02 -7.987828985e+02 +2.5373e+00 -1.1955e+00 +6.7822e-01
61 +1.932275832e+00 +1.932275832e+00 -8.032477242e+02 -8.032477242e+02 +2.6259e+00 -2.0248e+00 +5.8374e-01
76 +1.130807659e+00 +1.130807659e+00 -8.040491923e+02 -8.040491923e+02 +2.0198e+00 -2.1447e+00 +5.4079e-01
308 +6.330981110e-01 +6.330981110e-01 -8.045469019e+02 -8.045469019e+02 +1.9539e+00 -2.8292e+00 +4.9332e-01
593 +6.097072366e-01 +6.097072366e-01 -8.045702928e+02 -8.045702928e+02 +2.0217e+00 -3.4122e+00 +4.5476e-01
871 +3.746278523e-02 +3.746278523e-02 -8.051425372e+02 -8.051425372e+02 +2.3400e+00 -3.3395e+00 +4.1113e-01
1513 +1.035616982e-02 +1.035616982e-02 -8.051696438e+02 -8.051696438e+02 +2.4208e+00 -3.5557e+00 +3.5954e-01
1521 +4.990944262e-07 +4.990944262e-07 -8.051799995e+02 -8.051799995e+02 +2.5164e+00 -3.4870e+00 +3.8273e-01
1708 +1.825512754e-07 +1.825512754e-07 -8.051799998e+02 -8.051799998e+02 +2.5153e+00 -3.5547e+00 +3.7009e-01
2615 +8.121105566e-08 +8.121105566e-08 -8.051799999e+02 -8.051799999e+02 +2.5434e+00 -3.5362e+00 +3.5272e-01
2764 +5.130334557e-08 +5.130334557e-08 -8.051799999e+02 -8.051799999e+02 +2.5239e+00 -3.5374e+00 +3.6004e-01
2871 +3.559557626e-08 +3.559557626e-08 -8.051800000e+02 -8.051800000e+02 +2.5196e+00 -3.5325e+00 +3.7388e-01
2935 +1.188550414e-08 +1.188550414e-08 -8.051800000e+02 -8.051800000e+02 +2.5095e+00 -3.5340e+00 +3.6571e-01
3094 +8.307779353e-09 +8.307779353e-09 -8.051800000e+02 -8.051800000e+02 +2.5325e+00 -3.5294e+00 +3.5737e-01
3135 +3.620925781e-10 +3.620925781e-10 -8.051800000e+02 -8.051800000e+02 +2.5095e+00 -3.5360e+00 +3.6852e-01
3975 +1.512034942e-10 +1.512034942e-10 -8.051800000e+02 -8.051800000e+02 +2.5171e+00 -3.5351e+00 +3.6846e-01
4235 +9.595169104e-11 +9.595169104e-11 -8.051800000e+02 -8.051800000e+02 +2.5067e+00 -3.5363e+00 +3.6858e-01
4815 +1.125499693e-11 +1.125499693e-11 -8.051800000e+02 -8.051800000e+02 +2.5026e+00 -3.5368e+00 +3.6846e-01
