% function evaluation | noise-free fitness - Fopt (-6.211100000000e+02) | best noise-free fitness - Fopt | measured fitness | best measured fitness | x1 | x2...
1 +6.152755341e+08 +6.152755341e+08 +6.152749130e+08 +6.152749130e+08 -3.0800e-02 -2.1911e+00 +4.1148e+00 +2.7052e+00 +7.6310e-02
3 +9.710920725e+07 +9.710920725e+07 +9.710858614e+07 +9.710858614e+07 +1.9030e+00 -4.5357e+00 +3.5658e-01 -2.9168e+00 +3.0408e+00
4 +4.544544213e+07 +4.544544213e+07 +4.544482102e+07 +4.544482102e+07 +4.6080e+00 +4.1401e-01 +3.6413e+00 -3.6606e+00 +2.4681e+00
14 +2.138337220e+07 +2.138337220e+07 +2.138275109e+07 +2.138275109e+07 +1.4164e+00 +2.6075e-02 -9.8406e-02 -4.2444e+00 -9.4388e-01
49 +1.427314254e+07 +1.427314254e+07 +1.427252143e+07 +1.427252143e+07 +1.5516e+00 +2.7128e+00 -3.7325e+00 -3.1717e+00 -4.2485e+00
55 +3.329843060e+06 +3.329843060e+06 +3.329221950e+06 +3.329221950e+06 -1.4602e+00 +2.5992e+00 +1.7184e+00 -4.4999e+00 -7.1579e-01
174 +1.729455525e+06 +1.729455525e+06 +1.728834415e+06 +1.728834415e+06 -9.9488e-01 +2.8127e+00 +2.3521e+00 -4.7728e+00 +1.6215e+00
1970 +8.656186183e+05 +8.656186183e+05 +8.649975083e+05 +8.649975083e+05 -1.4415e+00 +4.4944e+00 -3.8511e+00 -1.8728e+00 -3.3729e+00
% function evaluation | noise-free fitness - Fopt (-2.548200000000e+02) | best noise-free fitness - Fopt | measured fitness | best measured fitness | x1 | x2...
1 +1.884116263e+08 +1.884116263e+08 +1.884113715e+08 +1.884113715e+08 +1.1698e+00 +1.1432e-01 +8.9508e-01 -2.0103e+00 +1.6303e+00
4 +5.610684450e+07 +5.610684450e+07 +5.610658968e+07 +5.610658968e+07 -1.8510e+00 +7.5596e-01 +4.3784e+00 -4.2177e+00 -4.8115e+00
8 +2.765230276e+07 +2.765230276e+07 +2.765204794e+07 +2.765204794e+07 +1.1228e+00 -2.2076e+00 -1.9201e-01 -6.1347e-01 -4.9504e+00
30 +1.473522497e+07 +1.473522497e+07 +1.473497015e+07 +1.473497015e+07 -3.1601e-01 +9.6824e-01 -1.8490e+00 +1.7067e+00 -4.7299e+00
41 +5.218182745e+06 +5.218182745e+06 +5.217927925e+06 +5.217927925e+06 +7.9399e-01 +4.5841e+00 +3.3976e-01 +1.0241e+00 -4.3737e+00
159 +3.365985500e+06 +3.365985500e+06 +3.365730680e+06 +3.365730680e+06 +2.2998e+00 +4.1287e+00 -1.5736e-01 -1.7936e+00 -3.8848e+00
528 +1.492248055e+06 +1.492248055e+06 +1.491993235e+06 +1.491993235e+06 +3.4995e+00 +2.9212e+00 +2.3496e-01 -3.9805e-01 -4.9047e+00
% function evaluation | noise-free fitness - Fopt (5.661000000000e+01) | best noise-free fitness - Fopt | measured fitness | best measured fitness | x1 | x2...
1 +6.657829467e+08 +6.657829467e+08 +6.657830034e+08 +6.657830034e+08 +4.6569e+00 -4.6463e+00 -4.2410e+00 +2.3852e+00 -1.0125e-01
2 +9.044081694e+07 +9.044081694e+07 +9.044087355e+07 +9.044087355e+07 -3.6323e+00 -1.3159e+00 +1.0319e+00 +4.9447e+00 +4.6350e+00
3 +2.070841223e+07 +2.070841223e+07 +2.070846884e+07 +2.070846884e+07 -2.4807e+00 +4.8373e-01 -1.4491e+00 +2.0743e+00 -2.6423e+00
47 +6.416314962e+06 +6.416314962e+06 +6.416371572e+06 +6.416371572e+06 -2.1938e+00 -4.7060e+00 -3.3246e+00 +3.2629e+00 -2.6011e+00
244 +2.508254543e+06 +2.508254543e+06 +2.508311153e+06 +2.508311153e+06 -4.9659e+00 +2.4236e-01 -2.4989e+00 -1.2053e-01 -4.7440e+00
359 +5.507909361e+05 +5.507909361e+05 +5.508475461e+05 +5.508475461e+05 -4.0778e+00 -2.1926e+00 -4.6868e+00 +8.3023e-01 -3.1668e+00
4341 +3.744836899e+05 +3.744836899e+05 +3.745402999e+05 +3.745402999e+05 -2.2626e+00 -4.2226e+00 -3.6053e+00 +1.2951e+00 -2.0930e+00
% function evaluation | noise-free fitness - Fopt (-1.810000000000e+01) | best noise-free fitness - Fopt | measured fitness | best measured fitness | x1 | x2...
1 +1.665260042e+08 +1.665260042e+08 +1.665259861e+08 +1.665259861e+08 +4.2994e+00 -6.4423e-01 +2.1328e+00 +1.0215e+00 -4.5174e+00
8 +1.038967577e+08 +1.038967577e+08 +1.038967396e+08 +1.038967396e+08 +5.3217e-01 -4.8679e+00 +1.3619e+00 +1.7985e+00 +5.8165e-02
10 +7.349903988e+07 +7.349903988e+07 +7.349902178e+07 +7.349902178e+07 -3.8695e+00 -2.9718e+00 +4.1306e+00 -1.9896e+00 +3.6065e+00
12 +4.573457179e+07 +4.573457179e+07 +4.573455369e+07 +4.573455369e+07 +4.5190e+00 +3.6386e+00 +1.3036e+00 +3.4117e+00 -1.0748e+00
24 +2.064373070e+07 +2.064373070e+07 +2.064371260e+07 +2.064371260e+07 -4.4389e+00 +2.2716e+00 +2.3706e+00 -1.1782e-02 +1.3781e+00
55 +6.383171901e+06 +6.383171901e+06 +6.383153801e+06 +6.383153801e+06 +1.0992e+00 +1.2481e+00 +2.1467e+00 +2.6941e+00 +5.7811e-01
188 +2.494580238e+06 +2.494580238e+06 +2.494562138e+06 +2.494562138e+06 -1.9743e-01 +1.4262e+00 +4.8430e+00 +1.9673e+00 +2.3555e+00
1978 +7.490446887e+05 +7.490446887e+05 +7.490265887e+05 +7.490265887e+05 +2.5941e-01 +1.1788e+00 +1.5840e+00 +4.5121e+00 +2.7180e+00
3621 +4.090163389e+05 +4.090163389e+05 +4.089982389e+05 +4.089982389e+05 -8.5094e-01 +8.5746e-01 +2.7309e+00 +2.9221e+00 +1.7029e+00
% function evaluation | noise-free fitness - Fopt (3.777000000000e+01) | best noise-free fitness - Fopt | measured fitness | best measured fitness | x1 | x2...
1 +1.315619270e+08 +1.315619270e+08 +1.315619648e+08 +1.315619648e+08 +4.5428e+00 -1.3062e+00 +1.2060e+00 +4.3209e+00 +6.6509e-01
3 +7.598889223e+07 +7.598889223e+07 +7.598893000e+07 +7.598893000e+07 +4.4844e+00 -3.3121e-01 -3.5645e+00 -4.0245e+00 -1.1197e+00
6 +1.054328295e+07 +1.054328295e+07 +1.054332072e+07 +1.054332072e+07 +3.7491e+00 +1.3899e+00 +1.6367e+00 -1.9877e+00 -1.3848e+00
14 +5.434717526e+06 +5.434717526e+06 +5.434755296e+06 +5.434755296e+06 +1.5911e+00 +1.2075e+00 +1.4396e+00 -3.2407e+00 +1.2250e+00
233 +2.526571641e+06 +2.526571641e+06 +2.526609411e+06 +2.526609411e+06 +3.7823e-02 +1.0180e+00 -1.6161e-01 +6.1799e-01 +1.1163e+00
1324 +2.309928241e+06 +2.309928241e+06 +2.309966011e+06 +2.309966011e+06 -2.6065e+00 +1.8349e+00 -4.3188e-01 +2.6276e-01 +2.2817e+00
1576 +1.098335528e+06 +1.098335528e+06 +1.098373298e+06 +1.098373298e+06 -3.9202e+00 +4.0524e+00 -3.5405e+00 +4.2114e+00 +3.9983e+00
3058 +8.364119961e+05 +8.364119961e+05 +8.364497661e+05 +8.364497661e+05 -3.7617e-01 +2.5391e+00 +1.5165e+00 -9.6824e-01 +1.0263e-01
3180 +2.605828792e+05 +2.605828792e+05 +2.606206492e+05 +2.606206492e+05 +1.8416e+00 +1.6736e+00 +4.0560e+00 -3.9071e+00 -8.2601e-01
% function evaluation | noise-free fitness - Fopt (-1.523000000000e+01) | best noise-free fitness - Fopt | measured fitness | best measured fitness | x1 | x2...
1 +1.119872180e+08 +1.119872180e+08 +1.119872027e+08 +1.119872027e+08 +2.5938e+00 -4.4386e+00 +4.0254e+00 +3.3612e+00 +2.8629e+00
2 +8.135662804e+07 +8.135662804e+07 +8.135661281e+07 +8.135661281e+07 +4.5211e+00 -4.7729e+00 +3.0124e+00 +1.9646e+00 +6.6036e-01
19 +5.149490316e+06 +5.149490316e+06 +5.149475086e+06 +5.149475086e+06 +2.0571e+00 -3.2236e+00 -4.4584e+00 +2.8661e+00 -2.9458e+00
857 +2.133293577e+06 +2.133293577e+06 +2.133278347e+06 +2.133278347e+06 +3.7516e+00 +2.5951e+00 -1.0631e-01 +3.9592e+00 -4.0477e+00
1946 +1.479853595e+06 +1.479853595e+06 +1.479838365e+06 +1.479838365e+06 +4.0773e+00 +4.9160e-01 -1.9995e+00 +3.6007e+00 -3.4898e+00
% function evaluation | noise-free fitness - Fopt (-1.614300000000e+02) | best noise-free fitness - Fopt | measured fitness | best measured fitness | x1 | x2...
1 +3.124677869e+10 +3.124677869e+10 +3.124677853e+10 +3.124677853e+10 +7.2290e-01 +2.4019e+00 +3.4811e-01 -4.9444e+00 +3.7032e+00
2 +1.680598629e+08 +1.680598629e+08 +1.680597015e+08 +1.680597015e+08 -4.4340e+00 -4.4252e+00 -3.6427e+00 +3.7755e+00 +1.9530e+00
4 +2.443627895e+07 +2.443627895e+07 +2.443611752e+07 +2.443611752e+07 +5.6746e-02 -4.6560e+00 +5.5968e-01 +3.7649e+00 +1.7545e+00
27 +8.778193599e+06 +8.778193599e+06 +8.778032169e+06 +8.778032169e+06 -1.9042e-03 -8.2961e-01 +3.0406e+00 +2.3131e+00 +1.4592e+00
28 +4.278021682e+06 +4.278021682e+06 +4.277860252e+06 +4.277860252e+06 -1.1008e+00 -2.9486e+00 +3.4847e+00 +4.5732e+00 -2.2757e+00
84 +1.260721090e+06 +1.260721090e+06 +1.260559660e+06 +1.260559660e+06 -2.1345e-01 -3.2729e+00 +4.3057e+00 +2.2376e+00 +6.6527e-01
1952 +8.974190421e+05 +8.974190421e+05 +8.972576121e+05 +8.972576121e+05 +3.1915e-01 -3.5178e+00 +3.1350e+00 +1.0222e+00 +4.6575e-01
% function evaluation | noise-free fitness - Fopt (3.280300000000e+02) | best noise-free fitness - Fopt | measured fitness | best measured fitness | x1 | x2...
1 +3.943584714e+07 +3.943584714e+07 +3.943617517e+07 +3.943617517e+07 -1.0054e+00 +4.7319e+00 +1.9999e+00 +1.0770e+00 +1.7217e+00
7 +1.470322938e+07 +1.470322938e+07 +1.470355741e+07 +1.470355741e+07 +1.4389e+00 +4.7461e+00 +4.6064e+00 -7.0870e-01 +4.7983e+00
47 +2.946167166e+06 +2.946167166e+06 +2.946495196e+06 +2.946495196e+06 +3.8705e+00 +4.7937e+00 +3.6353e-01 -7.4415e-01 +3.1006e+00
1375 +2.386576579e+06 +2.386576579e+06 +2.386904609e+06 +2.386904609e+06 +2.8072e+00 +1.3375e+00 +3.8860e+00 +4.2771e-01 +1.4695e+00
2552 +9.749406544e+05 +9.749406544e+05 +9.752686844e+05 +9.752686844e+05 +2.4018e+00 -2.6790e-01 +4.1904e+00 +2.5942e+00 +1.3130e+00
% function evaluation | noise-free fitness - Fopt (-3.213000000000e+01) | best noise-free fitness - Fopt | measured fitness | best measured fitness | x1 | x2...
1 +4.938077111e+06 +4.938077111e+06 +4.938044981e+06 +4.938044981e+06 -6.0706e-02 +3.4260e+00 +4.0326e+00 -3.5993e+00 +2.3420e-01
1086 +3.857199038e+06 +3.857199038e+06 +3.857166908e+06 +3.857166908e+06 +5.3978e-01 +3.1600e+00 +2.6181e+00 -2.4472e+00 -8.2518e-01
1514 +1.806255160e+06 +1.806255160e+06 +1.806223030e+06 +1.806223030e+06 -9.6057e-01 +9.8515e-01 +1.6001e+00 -3.2571e+00 -1.4338e+00
3140 +1.414528342e+06 +1.414528342e+06 +1.414496212e+06 +1.414496212e+06 +4.3908e+00 +2.8184e+00 +3.7441e+00 -3.8184e+00 +9.9653e-01
3832 +6.067406563e+05 +6.067406563e+05 +6.067085263e+05 +6.067085263e+05 +3.2298e+00 +2.6916e+00 +4.0831e+00 -2.8259e+00 +4.6120e-01
% function evaluation | noise-free fitness - Fopt (1.576000000000e+01) | best noise-free fitness - Fopt | measured fitness | best measured fitness | x1 | x2...
1 +3.686791258e+08 +3.686791258e+08 +3.686791415e+08 +3.686791415e+08 +3.4402e+00 -8.0032e-01 -2.7897e+00 -2.9772e+00 +3.1974e+00
2 +3.443571047e+07 +3.443571047e+07 +3.443572623e+07 +3.443572623e+07 -3.7548e+00 -1.3573e+00 +3.9498e+00 +3.1821e+00 -4.0827e-01
7 +2.442014421e+07 +2.442014421e+07 +2.442015997e+07 +2.442015997e+07 +5.6256e-02 +1.4681e+00 -1.0523e+00 +4.9549e+00 -3.6048e+00
15 +1.420479645e+07 +1.420479645e+07 +1.420481221e+07 +1.420481221e+07 -2.8845e-01 -2.9315e+00 -2.5712e+00 +2.5216e+00 -4.1241e+00
30 +8.323478529e+06 +8.323478529e+06 +8.323494289e+06 +8.323494289e+06 +1.4530e-01 -5.6929e-01 -1.0708e+00 +2.9873e+00 -2.9219e+00
244 +2.959102620e+06 +2.959102620e+06 +2.959118380e+06 +2.959118380e+06 +3.3608e+00 -5.1196e-01 -7.5949e-01 +3.0657e+00 -2.8637e+00
566 +2.193184644e+06 +2.193184644e+06 +2.193200404e+06 +2.193200404e+06 +1.6434e+00 -2.5910e+00 -1.4270e-01 +4.8536e+00 -6.7789e-01
724 +9.047533814e+05 +9.047533814e+05 +9.047691414e+05 +9.047691414e+05 -1.4224e+00 -4.0823e+00 -9.9543e-01 +4.7938e+00 -6.8073e-01
2307 +2.043445923e+05 +2.043445923e+05 +2.043603523e+05 +2.043603523e+05 +1.4559e+00 -2.6210e+00 -3.2135e-01 +4.6361e+00 -1.8180e+00
% function evaluation | noise-free fitness - Fopt (3.735000000000e+01) | best noise-free fitness - Fopt | measured fitness | best measured fitness | x1 | x2...
1 +5.426388299e+08 +5.426388299e+08 +5.426388672e+08 +5.426388672e+08 +9.7197e-01 +4.6315e+00 +2.4698e+00 +4.3570e+00 -1.9699e+00
3 +1.232332654e+07 +1.232332654e+07 +1.232336389e+07 +1.232336389e+07 -1.4712e+00 -3.8761e+00 +2.5169e+00 +1.4561e+00 +3.0045e+00
51 +8.642786377e+06 +8.642786377e+06 +8.642823727e+06 +8.642823727e+06 -1.8719e+00 -2.8098e+00 +2.5413e+00 -1.0888e+00 +3.5225e+00
106 +9.985218678e+05 +9.985218678e+05 +9.985592178e+05 +9.985592178e+05 -3.7909e+00 -8.1254e-01 +3.9887e+00 -1.6929e+00 +2.6707e+00
% function evaluation | noise-free fitness - Fopt (-3.096300000000e+02) | best noise-free fitness - Fopt | measured fitness | best measured fitness | x1 | x2...
1 +6.045721214e+07 +6.045721214e+07 +6.045690251e+07 +6.045690251e+07 +2.3148e+00 +8.9167e-01 -4.3233e+00 +3.9224e+00 +7.4088e-01
5 +1.728759183e+07 +1.728759183e+07 +1.728728220e+07 +1.728728220e+07 +1.6129e+00 -9.1897e-01 -4.7502e+00 +1.1707e+00 -3.1689e-01
24 +1.308359961e+07 +1.308359961e+07 +1.308328998e+07 +1.308328998e+07 -2.7089e+00 +3.6957e+00 +7.8064e-03 -8.5086e-01 -1.8919e+00
45 +7.481365849e+06 +7.481365849e+06 +7.481056219e+06 +7.481056219e+06 -2.0371e+00 -6.7909e-01 +4.6452e-01 +2.9520e+00 -1.7936e+00
68 +1.995712712e+06 +1.995712712e+06 +1.995403082e+06 +1.995403082e+06 -1.4167e+00 -1.1511e+00 -3.5263e+00 +2.7890e-01 +1.2951e+00
1157 +5.127031525e+05 +5.127031525e+05 +5.123935225e+05 +5.123935225e+05 -2.4373e+00 +8.8220e-01 -1.3033e+00 +1.1622e+00 -1.2494e+00
2279 +1.706809372e+05 +1.706809372e+05 +1.703713072e+05 +1.703713072e+05 -1.5867e+00 -2.4633e+00 -3.9912e+00 +1.1814e+00 +1.1048e+00
% function evaluation | noise-free fitness - Fopt (-1.000000000000e+03) | best noise-free fitness - Fopt | measured fitness | best measured fitness | x1 | x2...
1 +3.280642262e+07 +3.280642262e+07 +3.280542262e+07 +3.280542262e+07 -5.6241e-01 -4.2483e-01 -3.3853e+00 -2.9389e-01 -1.3118e+00
6 +2.065862736e+07 +2.065862736e+07 +2.065762736e+07 +2.065762736e+07 +3.8032e+00 +4.6141e+00 +2.0416e+00 -3.0315e-01 +7.5709e-01
26 +7.223806615e+06 +7.223806615e+06 +7.222806615e+06 +7.222806615e+06 +1.3156e+00 +1.8385e+00 -3.7636e+00 -1.3910e+00 +9.2489e-01
109 +4.390117249e+06 +4.390117249e+06 +4.389117249e+06 +4.389117249e+06 -7.2262e-01 +4.5449e+00 -2.8688e+00 -4.2544e-01 +9.0794e-01
262 +3.330707079e+06 +3.330707079e+06 +3.329707079e+06 +3.329707079e+06 +1.3144e+00 +4.5517e+00 -4.2994e+00 -5.8493e-01 +2.9204e+00
298 +5.628162777e+05 +5.628162777e+05 +5.618162777e+05 +5.618162777e+05 -1.3378e-01 +3.9889e+00 -4.4329e+00 +1.0856e+00 +6.8469e-01
% function evaluation | noise-free fitness - Fopt (5.800000000000e+01) | best noise-free fitness - Fopt | measured fitness | best measured fitness | x1 | x2...
1 +8.221860882e+07 +8.221860882e+07 +8.221866682e+07 +8.221866682e+07 -4.6427e+00 +6.0051e-01 +4.2740e+00 -1.8224e+00 -4.4578e+00
3 +2.037110898e+07 +2.037110898e+07 +2.037116698e+07 +2.037116698e+07 -3.9324e+00 +2.4523e+00 -2.0844e+00 -2.6613e+00 +2.3248e+00
27 +5.379950703e+06 +5.379950703e+06 +5.380008703e+06 +5.380008703e+06 -2.0476e-02 +4.9735e+00 -1.1276e+00 -1.6054e+00 -3.8572e-01
121 +3.645801574e+06 +3.645801574e+06 +3.645859574e+06 +3.645859574e+06 -1.4047e+00 +3.3998e+00 -3.1479e+00 +4.5844e-01 -1.5234e+00
445 +2.132655291e+06 +2.132655291e+06 +2.132713291e+06 +2.132713291e+06 -3.1606e+00 +3.4076e+00 -2.8374e+00 +4.8236e-01 +9.7601e-01
903 +3.730043150e+05 +3.730043150e+05 +3.730623150e+05 +3.730623150e+05 -8.6991e-01 +4.1635e+00 -1.6878e+00 -3.8000e-01 -3.2269e-01
2947 +2.293940975e+05 +2.293940975e+05 +2.294520975e+05 +2.294520975e+05 -4.0809e+00 +3.3510e+00 -4.0018e+00 +4.9412e-01 -3.9385e-01
% function evaluation | noise-free fitness - Fopt (9.438000000000e+01) | best noise-free fitness - Fopt | measured fitness | best measured fitness | x1 | x2...
1 +6.312350488e+07 +6.312350488e+07 +6.312359926e+07 +6.312359926e+07 -8.5716e-01 -4.6259e+00 -2.6955e+00 -6.8087e-01 -1.8241e+00
12 +4.230477268e+07 +4.230477268e+07 +4.230486706e+07 +4.230486706e+07 -2.6931e+00 -1.1696e+00 +2.6333e-01 -3.8506e+00 +3.3662e+00
17 +1.402101811e+07 +1.402101811e+07 +1.402111249e+07 +1.402111249e+07 -1.5463e-01 +2.8326e+00 -3.6618e+00 +3.6354e+00 -1.2713e+00
117 +7.625921382e+06 +7.625921382e+06 +7.626015762e+06 +7.626015762e+06 -3.9964e+00 +4.1609e+00 -3.6291e+00 -8.7132e-01 -3.9661e+00
284 +2.699354824e+06 +2.699354824e+06 +2.699449204e+06 +2.699449204e+06 -3.6008e+00 +4.3343e+00 -3.4150e+00 +4.7565e+00 -4.5702e+00
2564 +2.355187749e+06 +2.355187749e+06 +2.355282129e+06 +2.355282129e+06 -1.7126e+00 +4.0864e+00 -4.6075e+00 +3.0622e+00 -3.4194e+00
3900 +1.226766182e+06 +1.226766182e+06 +1.226860562e+06 +1.226860562e+06 -3.9677e+00 +4.1420e+00 -3.2588e+00 +1.9311e+00 -2.9685e+00
