% function evaluation | noise-free fitness - Fopt (-4.620900000000e+02) | best noise-free fitness - Fopt | measured fitness | best measured fitness | x1 | x2...
1 +1.153156303e+02 +1.153156303e+02 -3.467743697e+02 -3.467743697e+02 +4.2242e-01 +7.7571e-01 +2.2977e-01 +1.9869e+00 +1.4632e+00
3 +7.697978997e+01 +7.697978997e+01 -3.851102100e+02 -3.851102100e+02 +7.5323e-01 +8.6855e-01 +5.7390e-01 +1.3361e+00 +1.0575e+00
18 +5.984020302e+01 +5.984020302e+01 -4.022497970e+02 -4.022497970e+02 +4.6802e-01 +3.4664e-02 +6.9575e-01 +1.3366e+00 +1.5754e+00
67 +2.867591424e+01 +2.867591424e+01 -4.334140858e+02 -4.334140858e+02 -1.2818e+00 -6.7333e-02 +2.1212e+00 +8.1028e-01 +2.8963e+00
259 +1.553740765e+01 +1.553740765e+01 -4.465525923e+02 -4.465525923e+02 -1.3130e+00 +1.0099e-02 +1.6225e+00 +7.7927e-01 +2.6435e+00
500 +9.664717377e+00 +9.664717377e+00 -4.524252826e+02 -4.524252826e+02 -1.3296e+00 +9.0416e-01 +1.6507e+00 +1.1842e+00 +2.6892e+00
% function evaluation | noise-free fitness - Fopt (7.766000000000e+01) | best noise-free fitness - Fopt | measured fitness | best measured fitness | x1 | x2...
1 +5.195770071e+02 +5.195770071e+02 +5.972370071e+02 +5.972370071e+02 +4.2242e-01 +7.7571e-01 +2.2977e-01 +1.9869e+00 +1.4632e+00
2 +3.437057423e+02 +3.437057423e+02 +4.213657423e+02 +4.213657423e+02 +4.0976e-01 +1.8163e+00 +3.4461e-01 +8.9446e-01 +8.4678e-01
6 +1.796519976e+02 +1.796519976e+02 +2.573119976e+02 +2.573119976e+02 +1.0812e+00 +5.6167e-01 -1.9367e-01 +6.7053e-01 -2.5093e-01
17 +1.411069525e+02 +1.411069525e+02 +2.187669525e+02 +2.187669525e+02 +8.1020e-01 +8.3841e-01 -6.3864e-01 +8.9106e-01 -6.0702e-01
25 +8.498648638e+01 +8.498648638e+01 +1.626464864e+02 +1.626464864e+02 +3.9964e-01 -9.4717e-02 -3.3118e-01 +1.0371e+00 -1.5225e+00
49 +5.376621072e+01 +5.376621072e+01 +1.314262107e+02 +1.314262107e+02 +1.3548e+00 -1.0329e-01 +4.6418e-01 +1.5960e+00 -1.8834e+00
66 +2.813899233e+01 +2.813899233e+01 +1.057989923e+02 +1.057989923e+02 +3.7025e-01 -7.7063e-01 -2.5624e-01 +2.9402e+00 -2.2005e+00
185 +1.855210816e+01 +1.855210816e+01 +9.621210816e+01 +9.621210816e+01 +5.3921e-01 -2.1549e+00 -2.3807e+00 +2.9100e+00 -2.1352e+00
217 +1.321518320e+01 +1.321518320e+01 +9.087518320e+01 +9.087518320e+01 +5.6944e-01 -1.6877e+00 -1.2558e+00 +3.3405e+00 -1.7720e+00
372 +9.331304864e+00 +9.331304864e+00 +8.699130486e+01 +8.699130486e+01 +4.5221e-01 -1.6901e+00 -1.8654e+00 +3.8098e+00 -2.0838e+00
% function evaluation | noise-free fitness - Fopt (1.156800000000e+02) | best noise-free fitness - Fopt | measured fitness | best measured fitness | x1 | x2...
1 +1.133462903e+03 +1.133462903e+03 +1.249142903e+03 +1.249142903e+03 +4.2242e-01 +7.7571e-01 +2.2977e-01 +1.9869e+00 +1.4632e+00
2 +7.937294205e+02 +7.937294205e+02 +9.094094205e+02 +9.094094205e+02 +4.0976e-01 +1.8163e+00 +3.4461e-01 +8.9446e-01 +8.4678e-01
5 +5.527244595e+02 +5.527244595e+02 +6.684044595e+02 +6.684044595e+02 +1.1251e+00 +1.1239e+00 +3.5955e-02 +1.0015e+00 +3.9617e-01
6 +3.336482896e+02 +3.336482896e+02 +4.493282896e+02 +4.493282896e+02 +1.0812e+00 +5.6167e-01 -1.9367e-01 +6.7053e-01 -2.5093e-01
17 +2.284337666e+02 +2.284337666e+02 +3.441137666e+02 +3.441137666e+02 +9.1533e-01 +4.0049e-01 -1.5817e-01 +1.1400e+00 -7.5061e-01
25 +1.018771624e+02 +1.018771624e+02 +2.175571624e+02 +2.175571624e+02 +3.6415e-01 -9.9807e-02 -3.1548e-01 +2.0343e+00 -1.6962e+00
42 +7.768846239e+01 +7.768846239e+01 +1.933684624e+02 +1.933684624e+02 +9.6582e-01 +9.6294e-01 -4.0949e-01 +2.4898e+00 -2.1572e+00
50 +5.463110593e+01 +5.463110593e+01 +1.703111059e+02 +1.703111059e+02 +8.5175e-01 +2.8130e-01 +6.2856e-02 +2.1296e+00 -2.8269e+00
118 +2.856380716e+01 +2.856380716e+01 +1.442438072e+02 +1.442438072e+02 -2.1191e+00 -4.2090e-01 -8.8972e-01 +2.1882e+00 -3.0262e+00
228 +2.508355653e+01 +2.508355653e+01 +1.407635565e+02 +1.407635565e+02 -2.0518e+00 +2.2045e-01 +1.5883e-01 +3.1477e+00 -3.5446e+00
351 +1.143142062e+01 +1.143142062e+01 +1.271114206e+02 +1.271114206e+02 -2.1817e+00 -3.1010e-01 +2.8983e-01 +3.0399e+00 -2.9354e+00
394 +8.541755749e+00 +8.541755749e+00 +1.242217557e+02 +1.242217557e+02 -2.1480e+00 -1.8537e-01 +2.2288e-01 +3.0381e+00 -2.9887e+00
% function evaluation | noise-free fitness - Fopt (-3.710000000000e+00) | best noise-free fitness - Fopt | measured fitness | best measured fitness | x1 | x2...
1 +1.546178118e+02 +1.546178118e+02 +1.509078118e+02 +1.509078118e+02 +4.2242e-01 +7.7571e-01 +2.2977e-01 +1.9869e+00 +1.4632e+00
32 +7.426146988e+01 +7.426146988e+01 +7.055146988e+01 +7.055146988e+01 +1.1251e+00 -5.1864e-01 +7.2692e-01 +2.3962e+00 +2.0614e+00
53 +4.918065308e+01 +4.918065308e+01 +4.547065308e+01 +4.547065308e+01 +1.0409e+00 -1.0409e+00 +9.9645e-01 +2.3716e+00 +3.8535e+00
83 +3.100027661e+01 +3.100027661e+01 +2.729027661e+01 +2.729027661e+01 +8.9733e-01 -6.1829e-01 +6.7822e-01 +3.0267e+00 +3.1044e+00
206 +1.707322503e+01 +1.707322503e+01 +1.336322503e+01 +1.336322503e+01 +2.2728e+00 -9.1210e-01 +1.2273e+00 +3.5201e+00 +3.5482e+00
409 +1.518948439e+01 +1.518948439e+01 +1.147948439e+01 +1.147948439e+01 +2.1007e+00 -1.0456e+00 +1.2445e+00 +3.8613e+00 +2.8611e+00
455 +9.705421743e+00 +9.705421743e+00 +5.995421743e+00 +5.995421743e+00 +2.1278e+00 -9.9141e-01 +1.2225e+00 +3.8998e+00 +2.8295e+00
% function evaluation | noise-free fitness - Fopt (1.321800000000e+02) | best noise-free fitness - Fopt | measured fitness | best measured fitness | x1 | x2...
1 +7.558008622e+02 +7.558008622e+02 +8.879808622e+02 +8.879808622e+02 +4.2242e-01 +7.7571e-01 +2.2977e-01 +1.9869e+00 +1.4632e+00
2 +4.336041639e+02 +4.336041639e+02 +5.657841639e+02 +5.657841639e+02 +4.0976e-01 +1.8163e+00 +3.4461e-01 +8.9446e-01 +8.4678e-01
5 +3.439100226e+02 +3.439100226e+02 +4.760900226e+02 +4.760900226e+02 +1.1251e+00 +1.1239e+00 +3.5955e-02 +1.0015e+00 +3.9617e-01
17 +2.269894375e+02 +2.269894375e+02 +3.591694375e+02 +3.591694375e+02 +1.3991e+00 +3.8219e-01 -3.0794e-01 +1.8663e-01 -4.5812e-01
19 +1.490842568e+02 +1.490842568e+02 +2.812642568e+02 +2.812642568e+02 +9.1692e-01 +5.3837e-01 -3.8414e-01 -3.6982e-02 -9.7779e-01
82 +7.731104465e+01 +7.731104465e+01 +2.094910446e+02 +2.094910446e+02 +4.2054e-01 +1.4185e+00 +3.7669e-01 -1.4921e+00 -1.8216e+00
117 +5.909033077e+01 +5.909033077e+01 +1.912703308e+02 +1.912703308e+02 +5.5266e-01 +2.3386e+00 +1.1818e+00 -2.2940e+00 -2.1373e+00
188 +3.114447745e+01 +3.114447745e+01 +1.633244775e+02 +1.633244775e+02 -5.2765e-01 +2.2847e+00 +1.9455e+00 -2.3427e+00 -2.5420e+00
336 +2.320304066e+01 +2.320304066e+01 +1.553830407e+02 +1.553830407e+02 -1.7237e+00 +1.4297e+00 +3.6623e+00 -2.3695e+00 -2.7940e+00
428 +1.573121056e+01 +1.573121056e+01 +1.479112106e+02 +1.479112106e+02 -1.7315e+00 +7.4353e-01 +3.3953e+00 -1.8947e+00 -2.5276e+00
530 +7.339357915e+00 +7.339357915e+00 +1.395193579e+02 +1.395193579e+02 -1.7078e+00 +6.4759e-01 +3.4508e+00 -1.9723e+00 -2.5029e+00
556 +6.163384739e+00 +6.163384739e+00 +1.383433847e+02 +1.383433847e+02 -1.7612e+00 +6.7322e-01 +3.4945e+00 -1.9669e+00 -2.4714e+00
% function evaluation | noise-free fitness - Fopt (-5.847300000000e+02) | best noise-free fitness - Fopt | measured fitness | best measured fitness | x1 | x2...
1 +9.130953184e+02 +9.130953184e+02 +3.283653184e+02 +3.283653184e+02 +4.2242e-01 +7.7571e-01 +2.2977e-01 +1.9869e+00 +1.4632e+00
2 +5.133156954e+02 +5.133156954e+02 -7.141430456e+01 -7.141430456e+01 +4.0976e-01 +1.8163e+00 +3.4461e-01 +8.9446e-01 +8.4678e-01
16 +3.945488799e+02 +3.945488799e+02 -1.901811201e+02 -1.901811201e+02 +1.3005e+00 +5.3484e-01 +1.2815e-01 +5.3300e-01 +1.0745e-01
44 +2.094521330e+02 +2.094521330e+02 -3.752778670e+02 -3.752778670e+02 +1.2969e+00 +8.1639e-01 -6.8204e-01 -4.2872e-01 -3.7347e-01
68 +1.555441889e+02 +1.555441889e+02 -4.291858111e+02 -4.291858111e+02 +1.7488e+00 +3.6041e-01 -6.8940e-01 -1.5626e+00 -5.6910e-01
88 +9.847679846e+01 +9.847679846e+01 -4.862532015e+02 -4.862532015e+02 +2.5338e+00 -3.4317e-01 -5.6661e-01 -3.2729e+00 -1.1528e+00
116 +4.431075617e+01 +4.431075617e+01 -5.404192438e+02 -5.404192438e+02 +6.5388e-01 -2.6298e+00 -2.9576e+00 -3.8476e+00 -1.0030e+00
169 +3.185757905e+01 +3.185757905e+01 -5.528724210e+02 -5.528724210e+02 -1.4991e+00 -3.6990e+00 -2.8767e+00 -5.0463e+00 -3.3745e-01
274 +1.941289614e+01 +1.941289614e+01 -5.653171039e+02 -5.653171039e+02 -2.7292e+00 -3.0213e+00 -3.3033e+00 -3.9086e+00 -3.8177e-01
463 +1.550270137e+01 +1.550270137e+01 -5.692272986e+02 -5.692272986e+02 -2.5057e+00 -2.2692e+00 -2.8902e+00 -4.4018e+00 -1.0012e+00
568 +5.115269563e+00 +5.115269563e+00 -5.796147304e+02 -5.796147304e+02 -2.5280e+00 -2.1843e+00 -2.9015e+00 -3.9103e+00 -6.6419e-01
649 +3.192989692e+00 +3.192989692e+00 -5.815370103e+02 -5.815370103e+02 -2.6320e+00 -2.2892e+00 -2.9105e+00 -3.8745e+00 -6.7617e-01
713 +2.315756570e+00 +2.315756570e+00 -5.824142434e+02 -5.824142434e+02 -2.6211e+00 -2.2029e+00 -2.9184e+00 -3.8852e+00 -6.6882e-01
% function evaluation | noise-free fitness - Fopt (-3.654000000000e+01) | best noise-free fitness - Fopt | measured fitness | best measured fitness | x1 | x2...
1 +1.250627970e+02 +1.250627970e+02 +8.852279700e+01 +8.852279700e+01 +4.2242e-01 +7.7571e-01 +2.2977e-01 +1.9869e+00 +1.4632e+00
3 +7.326546994e+01 +7.326546994e+01 +3.672546994e+01 +3.672546994e+01 +7.5323e-01 +8.6855e-01 +5.7390e-01 +1.3361e+00 +1.0575e+00
14 +6.004826197e+01 +6.004826197e+01 +2.350826197e+01 +2.350826197e+01 +7.7835e-01 +8.2910e-01 +4.9520e-01 +9.1934e-01 +7.8476e-01
52 +3.767040594e+01 +3.767040594e+01 +1.130405939e+00 +1.130405939e+00 +7.7699e-01 +2.4690e-01 +3.7522e-02 +6.8814e-01 +1.1904e+00
136 +2.236797023e+01 +2.236797023e+01 -1.417202977e+01 -1.417202977e+01 +7.3660e-01 -5.5713e-01 +4.8656e-02 -3.2354e-01 +1.0509e+00
165 +1.483652671e+01 +1.483652671e+01 -2.170347329e+01 -2.170347329e+01 +8.3939e-01 -1.6067e+00 -1.2443e-01 -6.2268e-01 +1.1241e+00
259 +9.494554610e+00 +9.494554610e+00 -2.704544539e+01 -2.704544539e+01 +7.9998e-01 -1.4776e+00 -1.1506e-01 -2.8155e-01 +8.0226e-01
328 +4.771282930e+00 +4.771282930e+00 -3.176871707e+01 -3.176871707e+01 +8.0420e-01 -1.5012e+00 -2.9539e-02 -2.6128e-01 +4.7109e-01
495 +3.957502556e+00 +3.957502556e+00 -3.258249744e+01 -3.258249744e+01 +8.1428e-01 -1.4345e+00 -6.6466e-04 -2.7035e-01 +4.5601e-01
% function evaluation | noise-free fitness - Fopt (1.000000000000e+03) | best noise-free fitness - Fopt | measured fitness | best measured fitness | x1 | x2...
1 +6.735326870e+01 +6.735326870e+01 +1.067353269e+03 +1.067353269e+03 +4.2242e-01 +7.7571e-01 +2.2977e-01 +1.9869e+00 +1.4632e+00
21 +6.010944579e+01 +6.010944579e+01 +1.060109446e+03 +1.060109446e+03 -8.1658e-02 +1.2016e+00 -1.1293e-01 +1.9901e+00 +1.9985e+00
22 +3.501240682e+01 +3.501240682e+01 +1.035012407e+03 +1.035012407e+03 +1.2838e+00 +1.4659e-01 +3.7365e-01 +2.5888e+00 +2.6387e+00
188 +2.064396768e+01 +2.064396768e+01 +1.020643968e+03 +1.020643968e+03 +3.6057e-01 +7.0069e-02 -6.6647e-01 +3.5802e+00 +3.6780e+00
204 +1.232406649e+01 +1.232406649e+01 +1.012324066e+03 +1.012324066e+03 +4.0437e-01 +3.3572e-02 -7.9457e-01 +3.1252e+00 +3.6224e+00
% function evaluation | noise-free fitness - Fopt (4.661000000000e+01) | best noise-free fitness - Fopt | measured fitness | best measured fitness | x1 | x2...
1 +1.915361203e+02 +1.915361203e+02 +2.381461203e+02 +2.381461203e+02 +4.2242e-01 +7.7571e-01 +2.2977e-01 +1.9869e+00 +1.4632e+00
2 +1.496370840e+02 +1.496370840e+02 +1.962470840e+02 +1.962470840e+02 +4.0976e-01 +1.8163e+00 +3.4461e-01 +8.9446e-01 +8.4678e-01
8 +9.492597710e+01 +9.492597710e+01 +1.415359771e+02 +1.415359771e+02 +7.8405e-01 +8.3336e-01 +2.2275e-01 +1.0072e+00 +3.7290e-01
59 +3.874857149e+01 +3.874857149e+01 +8.535857149e+01 +8.535857149e+01 +2.8133e+00 +3.1659e+00 +5.3468e-01 +3.1996e+00 -3.3594e-01
222 +2.223881843e+01 +2.223881843e+01 +6.884881843e+01 +6.884881843e+01 +2.8413e+00 +2.9376e+00 +1.6780e+00 +3.3417e+00 -9.8007e-01
465 +1.508140605e+01 +1.508140605e+01 +6.169140605e+01 +6.169140605e+01 +1.7798e+00 +2.5715e+00 +1.7378e+00 +2.8145e+00 -3.7028e-01
532 +9.722157192e+00 +9.722157192e+00 +5.633215719e+01 +5.633215719e+01 +1.8217e+00 +2.5673e+00 +1.7173e+00 +2.8547e+00 -3.8808e-01
% function evaluation | noise-free fitness - Fopt (-2.643100000000e+02) | best noise-free fitness - Fopt | measured fitness | best measured fitness | x1 | x2...
1 +2.169795115e+02 +2.169795115e+02 -4.733048845e+01 -4.733048845e+01 +4.2242e-01 +7.7571e-01 +2.2977e-01 +1.9869e+00 +1.4632e+00
37 +1.432932630e+02 +1.432932630e+02 -1.210167370e+02 -1.210167370e+02 +8.1608e-01 +1.3915e+00 -6.5556e-01 +1.1165e+00 +8.7212e-01
91 +9.859079424e+01 +9.859079424e+01 -1.657192058e+02 -1.657192058e+02 -2.4946e-02 +9.9961e-01 -2.2635e+00 +1.1677e-01 +1.5529e+00
103 +6.168768548e+01 +6.168768548e+01 -2.026223145e+02 -2.026223145e+02 -1.4211e+00 +1.1317e+00 -2.2159e+00 +9.0110e-01 +2.5316e+00
144 +3.327628409e+01 +3.327628409e+01 -2.310337159e+02 -2.310337159e+02 -1.3812e+00 +6.0719e-01 -2.7843e+00 -4.4465e-01 +3.2407e+00
265 +2.027077675e+01 +2.027077675e+01 -2.440392233e+02 -2.440392233e+02 -1.8459e-01 -1.3409e-02 -3.2472e+00 -8.7054e-01 +2.8265e+00
485 +1.509540709e+01 +1.509540709e+01 -2.492145929e+02 -2.492145929e+02 -2.2532e-01 -1.0099e-01 -3.3059e+00 -8.2451e-01 +2.8668e+00
% function evaluation | noise-free fitness - Fopt (7.273000000000e+01) | best noise-free fitness - Fopt | measured fitness | best measured fitness | x1 | x2...
1 +1.087648144e+02 +1.087648144e+02 +1.814948144e+02 +1.814948144e+02 +4.2242e-01 +7.7571e-01 +2.2977e-01 +1.9869e+00 +1.4632e+00
11 +9.888580928e+01 +9.888580928e+01 +1.716158093e+02 +1.716158093e+02 +9.3430e-01 +4.9332e-01 +2.0952e-01 +1.8751e+00 +1.8897e+00
26 +5.499087570e+01 +5.499087570e+01 +1.277208757e+02 +1.277208757e+02 +1.1539e-01 -7.3764e-01 -2.7483e-01 +1.7942e+00 +1.3297e+00
118 +3.504006644e+01 +3.504006644e+01 +1.077700664e+02 +1.077700664e+02 -6.6602e-01 -2.2522e+00 -9.6442e-01 +2.0773e+00 +2.0914e+00
364 +2.360136843e+01 +2.360136843e+01 +9.633136843e+01 +9.633136843e+01 +3.1765e-01 -3.1308e+00 -1.9720e+00 +9.8222e-01 +2.0607e+00
472 +1.450356771e+01 +1.450356771e+01 +8.723356771e+01 +8.723356771e+01 +3.6402e-01 -3.0413e+00 -2.0632e+00 +9.5687e-01 +2.0774e+00
% function evaluation | noise-free fitness - Fopt (1.368700000000e+02) | best noise-free fitness - Fopt | measured fitness | best measured fitness | x1 | x2...
1 +1.331517754e+02 +1.331517754e+02 +2.700217754e+02 +2.700217754e+02 +4.2242e-01 +7.7571e-01 +2.2977e-01 +1.9869e+00 +1.4632e+00
2 +8.952285366e+01 +8.952285366e+01 +2.263928537e+02 +2.263928537e+02 +4.0976e-01 +1.8163e+00 +3.4461e-01 +8.9446e-01 +8.4678e-01
41 +5.994297615e+01 +5.994297615e+01 +1.968129761e+02 +1.968129761e+02 +5.3939e-01 +1.2777e+00 +9.6220e-01 +1.3025e+00 +1.1113e+00
% function evaluation | noise-free fitness - Fopt (2.196000000000e+01) | best noise-free fitness - Fopt | measured fitness | best measured fitness | x1 | x2...
1 +5.703146856e+02 +5.703146856e+02 +5.922746856e+02 +5.922746856e+02 +4.2242e-01 +7.7571e-01 +2.2977e-01 +1.9869e+00 +1.4632e+00
2 +3.852898722e+02 +3.852898722e+02 +4.072498722e+02 +4.072498722e+02 +4.0976e-01 +1.8163e+00 +3.4461e-01 +8.9446e-01 +8.4678e-01
6 +2.033982380e+02 +2.033982380e+02 +2.253582380e+02 +2.253582380e+02 +1.0812e+00 +5.6167e-01 -1.9367e-01 +6.7053e-01 -2.5093e-01
17 +1.207843042e+02 +1.207843042e+02 +1.427443042e+02 +1.427443042e+02 +1.0374e+00 +5.8182e-01 -1.4678e-01 +6.9013e-01 -7.8856e-01
27 +7.725631398e+01 +7.725631398e+01 +9.921631398e+01 +9.921631398e+01 +1.1296e+00 +6.0033e-01 +3.4445e-01 +1.1413e+00 -1.1952e+00
46 +5.566640936e+01 +5.566640936e+01 +7.762640936e+01 +7.762640936e+01 +7.2832e-01 +1.9453e-01 +1.0827e+00 +1.7520e+00 -1.5072e+00
114 +3.288636046e+01 +3.288636046e+01 +5.484636046e+01 +5.484636046e+01 +1.6663e+00 -5.5270e-02 +1.5742e+00 +2.2849e+00 -2.1847e+00
167 +2.472737034e+01 +2.472737034e+01 +4.668737034e+01 +4.668737034e+01 +1.1733e+00 +1.5072e-01 +2.4857e+00 +2.2834e+00 -3.2964e+00
492 +1.167177308e+01 +1.167177308e+01 +3.363177308e+01 +3.363177308e+01 +3.2160e+00 -1.3206e+00 +1.1482e+00 +2.3542e+00 -2.6305e+00
518 +5.052062105e+00 +5.052062105e+00 +2.701206211e+01 +2.701206211e+01 +3.2623e+00 -1.3948e+00 +1.0904e+00 +2.3123e+00 -2.5792e+00
549 +3.853076712e+00 +3.853076712e+00 +2.581307671e+01 +2.581307671e+01 +3.2852e+00 -1.4493e+00 +1.0954e+00 +2.3251e+00 -2.5922e+00
556 +2.503666801e+00 +2.503666801e+00 +2.446366680e+01 +2.446366680e+01 +3.2878e+00 -1.4697e+00 +1.0891e+00 +2.3064e+00 -2.6207e+00
% function evaluation | noise-free fitness - Fopt (-2.139000000000e+01) | best noise-free fitness - Fopt | measured fitness | best measured fitness | x1 | x2...
1 +6.951994805e+02 +6.951994805e+02 +6.738094805e+02 +6.738094805e+02 +4.2242e-01 +7.7571e-01 +2.2977e-01 +1.9869e+00 +1.4632e+00
2 +3.981490418e+02 +3.981490418e+02 +3.767590418e+02 +3.767590418e+02 +4.0976e-01 +1.8163e+00 +3.4461e-01 +8.9446e-01 +8.4678e-01
5 +3.253957536e+02 +3.253957536e+02 +3.040057536e+02 +3.040057536e+02 +1.1251e+00 +1.1239e+00 +3.5955e-02 +1.0015e+00 +3.9617e-01
6 +2.383190175e+02 +2.383190175e+02 +2.169290175e+02 +2.169290175e+02 +1.0812e+00 +5.6167e-01 -1.9367e-01 +6.7053e-01 -2.5093e-01
19 +1.365586224e+02 +1.365586224e+02 +1.151686224e+02 +1.151686224e+02 +9.5811e-01 +5.3461e-01 -3.5414e-01 -8.0600e-02 -9.3685e-01
43 +8.909372994e+01 +8.909372994e+01 +6.770372994e+01 +6.770372994e+01 +1.2083e+00 +1.1227e+00 -5.6994e-01 -9.8587e-01 -1.1836e+00
73 +5.942854135e+01 +5.942854135e+01 +3.803854135e+01 +3.803854135e+01 +1.6224e+00 -2.5374e-01 +9.2636e-01 -2.6392e+00 -2.5699e+00
154 +2.727148692e+01 +2.727148692e+01 +5.881486923e+00 +5.881486923e+00 +1.2962e+00 +5.6239e-01 +6.5137e-01 -3.5891e+00 -1.9533e+00
251 +2.415394564e+01 +2.415394564e+01 +2.763945638e+00 +2.763945638e+00 +1.3104e+00 +6.0258e-01 +1.0483e+00 -3.5523e+00 -1.9058e+00
385 +1.547476848e+01 +1.547476848e+01 -5.915231519e+00 -5.915231519e+00 +1.1316e+00 +5.5416e-01 +1.1092e+00 -3.0972e+00 -1.6021e+00
% function evaluation | noise-free fitness - Fopt (5.176600000000e+02) | best noise-free fitness - Fopt | measured fitness | best measured fitness | x1 | x2...
1 +1.172519035e+02 +1.172519035e+02 +6.349119035e+02 +6.349119035e+02 +4.2242e-01 +7.7571e-01 +2.2977e-01 +1.9869e+00 +1.4632e+00
9 +9.222450409e+01 +9.222450409e+01 +6.098845041e+02 +6.098845041e+02 +2.4491e-01 +6.7688e-01 +3.2219e-01 +1.7474e+00 +1.6110e+00
33 +3.981648213e+01 +3.981648213e+01 +5.574764821e+02 +5.574764821e+02 +1.8481e-01 +7.9517e-01 +1.1138e+00 +3.3206e+00 +2.6653e+00
94 +3.446379305e+01 +3.446379305e+01 +5.521237931e+02 +5.521237931e+02 -1.0197e+00 +3.1394e+00 +2.3904e+00 +3.7575e+00 +2.5023e+00
171 +2.358913615e+01 +2.358913615e+01 +5.412491362e+02 +5.412491362e+02 -8.9936e-01 +1.8792e+00 +6.5929e-01 +3.2576e+00 +2.2657e+00
303 +1.376567606e+01 +1.376567606e+01 +5.314256761e+02 +5.314256761e+02 -1.8028e+00 +2.4035e+00 +1.1185e+00 +3.7763e+00 +1.9436e+00
305 +9.868168369e+00 +9.868168369e+00 +5.275281684e+02 +5.275281684e+02 -1.9142e+00 +2.3740e+00 +1.1730e+00 +3.7815e+00 +1.9008e+00
420 +6.259735598e+00 +6.259735598e+00 +5.239197356e+02 +5.239197356e+02 -1.8847e+00 +2.3861e+00 +1.1305e+00 +3.7385e+00 +1.9101e+00
% function evaluation | noise-free fitness - Fopt (-1.375500000000e+02) | best noise-free fitness - Fopt | measured fitness | best measured fitness | x1 | x2...
1 +1.227458199e+02 +1.227458199e+02 -1.480418014e+01 -1.480418014e+01 +4.2242e-01 +7.7571e-01 +2.2977e-01 +1.9869e+00 +1.4632e+00
20 +8.332060952e+01 +8.332060952e+01 -5.422939048e+01 -5.422939048e+01 -3.9477e-01 +1.0742e+00 +9.1746e-01 +1.7202e+00 +1.9567e+00
24 +6.226988980e+01 +6.226988980e+01 -7.528011020e+01 -7.528011020e+01 +4.7826e-01 +1.8765e+00 +6.9584e-01 +9.2269e-01 +2.6916e+00
97 +3.795679100e+01 +3.795679100e+01 -9.959320900e+01 -9.959320900e+01 -5.3296e-01 +1.1649e+00 +1.3073e+00 +1.3874e+00 +3.6452e+00
327 +2.264517217e+01 +2.264517217e+01 -1.149048278e+02 -1.149048278e+02 -4.5835e-01 +1.3500e+00 +1.3115e+00 +1.2418e+00 +3.3893e+00
% function evaluation | noise-free fitness - Fopt (-1.009800000000e+02) | best noise-free fitness - Fopt | measured fitness | best measured fitness | x1 | x2...
1 +1.055994049e+03 +1.055994049e+03 +9.550140492e+02 +9.550140492e+02 +4.2242e-01 +7.7571e-01 +2.2977e-01 +1.9869e+00 +1.4632e+00
2 +5.585681223e+02 +5.585681223e+02 +4.575881223e+02 +4.575881223e+02 +4.0976e-01 +1.8163e+00 +3.4461e-01 +8.9446e-01 +8.4678e-01
6 +3.157926471e+02 +3.157926471e+02 +2.148126471e+02 +2.148126471e+02 +1.0812e+00 +5.6167e-01 -1.9367e-01 +6.7053e-01 -2.5093e-01
19 +1.635315909e+02 +1.635315909e+02 +6.255159086e+01 +6.255159086e+01 +9.0381e-01 +6.9950e-01 -2.4844e-01 +6.0094e-02 -1.0484e+00
25 +7.283814131e+01 +7.283814131e+01 -2.814185869e+01 -2.814185869e+01 +7.4654e-01 +1.9390e-01 -4.5606e-01 -7.7217e-01 -1.6182e+00
44 +4.707825706e+01 +4.707825706e+01 -5.390174294e+01 -5.390174294e+01 +9.7098e-01 +1.7573e+00 -1.5636e-01 -1.5554e+00 -2.5644e+00
84 +3.869206312e+01 +3.869206312e+01 -6.228793688e+01 -6.228793688e+01 +1.2571e+00 +1.2356e+00 -1.0775e+00 -1.6142e+00 -3.0179e+00
106 +2.504517700e+01 +2.504517700e+01 -7.593482300e+01 -7.593482300e+01 +4.5220e+00 +2.8021e+00 -3.7823e-01 -2.1415e+00 -2.5692e+00
245 +1.322755502e+01 +1.322755502e+01 -8.775244498e+01 -8.775244498e+01 +2.6099e+00 +1.8938e+00 -1.0150e+00 -2.9320e+00 -2.2794e+00
273 +5.908247652e+00 +5.908247652e+00 -9.507175235e+01 -9.507175235e+01 +2.4774e+00 +1.9618e+00 -9.6536e-01 -2.9720e+00 -2.5748e+00
478 +3.976051761e+00 +3.976051761e+00 -9.700394824e+01 -9.700394824e+01 +2.4929e+00 +1.8199e+00 -9.5693e-01 -2.9324e+00 -2.6041e+00
% function evaluation | noise-free fitness - Fopt (3.234000000000e+01) | best noise-free fitness - Fopt | measured fitness | best measured fitness | x1 | x2...
1 +2.890784829e+02 +2.890784829e+02 +3.214184829e+02 +3.214184829e+02 +4.2242e-01 +7.7571e-01 +2.2977e-01 +1.9869e+00 +1.4632e+00
2 +1.796831183e+02 +1.796831183e+02 +2.120231183e+02 +2.120231183e+02 +4.0976e-01 +1.8163e+00 +3.4461e-01 +8.9446e-01 +8.4678e-01
5 +1.477165780e+02 +1.477165780e+02 +1.800565780e+02 +1.800565780e+02 +1.1251e+00 +1.1239e+00 +3.5955e-02 +1.0015e+00 +3.9617e-01
37 +9.800014650e+01 +9.800014650e+01 +1.303401465e+02 +1.303401465e+02 +8.0127e-01 +5.3331e-01 +2.5687e-02 +2.6696e-01 -7.1198e-01
90 +4.963086169e+01 +4.963086169e+01 +8.197086169e+01 +8.197086169e+01 +1.7381e+00 +6.2788e-01 +1.7223e+00 -1.0417e-01 -9.7330e-01
162 +3.024313918e+01 +3.024313918e+01 +6.258313918e+01 +6.258313918e+01 +1.8041e+00 +1.5978e+00 +3.2318e+00 -4.2041e-01 -1.3817e+00
184 +2.430565696e+01 +2.430565696e+01 +5.664565696e+01 +5.664565696e+01 +1.4673e+00 +6.9122e-01 +2.9157e+00 -3.9689e-01 -9.1029e-01
239 +8.566799825e+00 +8.566799825e+00 +4.090679983e+01 +4.090679983e+01 +1.4774e+00 +1.4778e+00 +3.4234e+00 -8.9146e-01 -1.0066e+00
371 +5.599809544e+00 +5.599809544e+00 +3.793980954e+01 +3.793980954e+01 +1.6048e+00 +1.5557e+00 +3.3358e+00 -8.6382e-01 -6.8991e-01
459 +3.039771982e+00 +3.039771982e+00 +3.537977198e+01 +3.537977198e+01 +1.6757e+00 +1.5603e+00 +3.4071e+00 -8.7171e-01 -6.1785e-01
556 +2.461501351e+00 +2.461501351e+00 +3.480150135e+01 +3.480150135e+01 +1.6356e+00 +1.5410e+00 +3.4046e+00 -8.6848e-01 -6.4030e-01
% function evaluation | noise-free fitness - Fopt (6.109800000000e+02) | best noise-free fitness - Fopt | measured fitness | best measured fitness | x1 | x2...
1 +1.635941335e+02 +1.635941335e+02 +7.745741335e+02 +7.745741335e+02 +4.2242e-01 +7.7571e-01 +2.2977e-01 +1.9869e+00 +1.4632e+00
4 +1.447557971e+02 +1.447557971e+02 +7.557357971e+02 +7.557357971e+02 +1.0162e+00 +5.4355e-01 +3.4216e-01 +1.4024e+00 +7.7903e-01
51 +9.675610625e+01 +9.675610625e+01 +7.077361062e+02 +7.077361062e+02 +8.9607e-01 -5.3107e-01 -5.3598e-01 +2.4028e+00 +6.6487e-01
86 +5.845475582e+01 +5.845475582e+01 +6.694347558e+02 +6.694347558e+02 -7.1598e-01 -1.9082e+00 -1.5851e+00 +4.4885e+00 +3.0050e-01
102 +2.973398741e+01 +2.973398741e+01 +6.407139874e+02 +6.407139874e+02 -7.9145e-01 -1.9346e+00 -2.5746e+00 +4.1840e+00 +3.8907e-01
371 +2.472622658e+01 +2.472622658e+01 +6.357062266e+02 +6.357062266e+02 -2.5069e+00 -3.4262e+00 -2.3078e+00 +3.3698e+00 +6.8386e-02
434 +1.470873556e+01 +1.470873556e+01 +6.256887356e+02 +6.256887356e+02 -2.5925e+00 -4.1791e+00 -2.5572e+00 +4.2201e+00 +3.0002e-01
517 +8.906223254e+00 +8.906223254e+00 +6.198862233e+02 +6.198862233e+02 -2.6438e+00 -4.1557e+00 -2.4863e+00 +4.2175e+00 +3.7255e-01
% function evaluation | noise-free fitness - Fopt (6.117000000000e+01) | best noise-free fitness - Fopt | measured fitness | best measured fitness | x1 | x2...
1 +5.023995552e+02 +5.023995552e+02 +5.635695552e+02 +5.635695552e+02 +4.2242e-01 +7.7571e-01 +2.2977e-01 +1.9869e+00 +1.4632e+00
2 +2.956265745e+02 +2.956265745e+02 +3.567965745e+02 +3.567965745e+02 +4.0976e-01 +1.8163e+00 +3.4461e-01 +8.9446e-01 +8.4678e-01
16 +2.379071529e+02 +2.379071529e+02 +2.990771529e+02 +2.990771529e+02 +1.3005e+00 +5.3484e-01 +1.2815e-01 +5.3300e-01 +1.0745e-01
46 +1.190736850e+02 +1.190736850e+02 +1.802436850e+02 +1.802436850e+02 +1.0941e+00 +2.5661e-01 -2.9129e-01 -5.2225e-01 +8.3906e-01
65 +6.920225789e+01 +6.920225789e+01 +1.303722579e+02 +1.303722579e+02 +4.8092e-01 -1.2494e+00 -1.7905e+00 -1.8393e+00 +3.1333e-01
70 +6.109554788e+01 +6.109554788e+01 +1.222655479e+02 +1.222655479e+02 +2.3591e-01 -8.6243e-01 -1.6469e+00 -2.6580e+00 +2.3213e-02
109 +3.346395935e+01 +3.346395935e+01 +9.463395935e+01 +9.463395935e+01 +1.0734e+00 -2.7043e+00 -2.2214e+00 -3.4152e+00 +1.6492e-01
144 +1.484115639e+01 +1.484115639e+01 +7.601115639e+01 +7.601115639e+01 +2.2138e+00 -2.6926e+00 -1.6339e+00 -2.5972e+00 +8.5973e-01
862 +9.998016817e+00 +9.998016817e+00 +7.116801682e+01 +7.116801682e+01 +1.9280e-01 -1.7325e+00 -1.6610e+00 -2.5764e+00 +1.5142e+00
% function evaluation | noise-free fitness - Fopt (2.169000000000e+01) | best noise-free fitness - Fopt | measured fitness | best measured fitness | x1 | x2...
1 +1.658197927e+02 +1.658197927e+02 +1.875097927e+02 +1.875097927e+02 +4.2242e-01 +7.7571e-01 +2.2977e-01 +1.9869e+00 +1.4632e+00
2 +1.288213784e+02 +1.288213784e+02 +1.505113784e+02 +1.505113784e+02 +4.0976e-01 +1.8163e+00 +3.4461e-01 +8.9446e-01 +8.4678e-01
6 +9.797053906e+01 +9.797053906e+01 +1.196605391e+02 +1.196605391e+02 +1.0812e+00 +5.6167e-01 -1.9367e-01 +6.7053e-01 -2.5093e-01
45 +6.201295321e+01 +6.201295321e+01 +8.370295321e+01 +8.370295321e+01 +5.0371e-01 +3.7958e-01 -4.8230e-01 +2.6433e-01 +4.3171e-01
100 +3.358115669e+01 +3.358115669e+01 +5.527115669e+01 +5.527115669e+01 -1.7444e-01 +4.3904e-01 -1.7331e+00 -2.6611e-01 +1.4395e+00
268 +2.316994352e+01 +2.316994352e+01 +4.485994352e+01 +4.485994352e+01 -3.2181e-01 +3.4430e-01 -2.9279e+00 -6.4862e-01 +7.8126e-01
281 +1.074363719e+01 +1.074363719e+01 +3.243363719e+01 +3.243363719e+01 -4.5224e-01 +2.8640e-01 -2.8811e+00 -6.8130e-01 +1.0358e+00
358 +9.785525177e+00 +9.785525177e+00 +3.147552518e+01 +3.147552518e+01 -4.4177e-01 +3.3242e-01 -2.8577e+00 -6.3309e-01 +1.0744e+00
% function evaluation | noise-free fitness - Fopt (8.232000000000e+01) | best noise-free fitness - Fopt | measured fitness | best measured fitness | x1 | x2...
1 +8.290679893e+01 +8.290679893e+01 +1.652267989e+02 +1.652267989e+02 +4.2242e-01 +7.7571e-01 +2.2977e-01 +1.9869e+00 +1.4632e+00
26 +5.850445946e+01 +5.850445946e+01 +1.408244595e+02 +1.408244595e+02 +5.2705e-02 +2.3919e-01 -4.8173e-01 +2.3243e+00 +8.6984e-01
41 +3.044597107e+01 +3.044597107e+01 +1.127659711e+02 +1.127659711e+02 +3.0388e-01 -6.9756e-02 -4.4385e-01 +2.7997e+00 +8.7811e-01
84 +2.505544379e+01 +2.505544379e+01 +1.073754438e+02 +1.073754438e+02 +2.7765e-01 -5.0608e-01 -4.6878e-01 +3.3414e+00 +5.2566e-01
234 +1.222525250e+01 +1.222525250e+01 +9.454525250e+01 +9.454525250e+01 -6.5973e-01 -6.1543e-01 -9.7946e-01 +3.3240e+00 +5.3673e-01
427 +9.967977772e+00 +9.967977772e+00 +9.228797777e+01 +9.228797777e+01 -6.6644e-01 -6.5930e-01 -1.0232e+00 +3.2946e+00 +5.4874e-01
% function evaluation | noise-free fitness - Fopt (2.034600000000e+02) | best noise-free fitness - Fopt | measured fitness | best measured fitness | x1 | x2...
1 +2.008983535e+02 +2.008983535e+02 +4.043583535e+02 +4.043583535e+02 +4.2242e-01 +7.7571e-01 +2.2977e-01 +1.9869e+00 +1.4632e+00
2 +1.227868199e+02 +1.227868199e+02 +3.262468199e+02 +3.262468199e+02 +4.0976e-01 +1.8163e+00 +3.4461e-01 +8.9446e-01 +8.4678e-01
8 +9.835308815e+01 +9.835308815e+01 +3.018130881e+02 +3.018130881e+02 +7.8405e-01 +8.3336e-01 +2.2275e-01 +1.0072e+00 +3.7290e-01
20 +6.229656199e+01 +6.229656199e+01 +2.657565620e+02 +2.657565620e+02 +8.5647e-01 +7.8027e-01 +3.4762e-01 +8.4215e-01 -1.8395e-02
112 +3.044479344e+01 +3.044479344e+01 +2.339047934e+02 +2.339047934e+02 +8.1921e-01 +1.6497e+00 +9.9424e-01 +1.1123e+00 -6.9178e-01
% function evaluation | noise-free fitness - Fopt (-1.000000000000e+03) | best noise-free fitness - Fopt | measured fitness | best measured fitness | x1 | x2...
1 +6.133312347e+02 +6.133312347e+02 -3.866687653e+02 -3.866687653e+02 +4.2242e-01 +7.7571e-01 +2.2977e-01 +1.9869e+00 +1.4632e+00
4 +3.451493689e+02 +3.451493689e+02 -6.548506311e+02 -6.548506311e+02 +1.0162e+00 +5.4355e-01 +3.4216e-01 +1.4024e+00 +7.7903e-01
6 +2.202432976e+02 +2.202432976e+02 -7.797567024e+02 -7.797567024e+02 +1.0812e+00 +5.6167e-01 -1.9367e-01 +6.7053e-01 -2.5093e-01
17 +1.389813336e+02 +1.389813336e+02 -8.610186664e+02 -8.610186664e+02 +9.6347e-01 +9.3400e-01 -7.0327e-01 +9.5037e-01 -6.3181e-01
19 +8.514761138e+01 +8.514761138e+01 -9.148523886e+02 -9.148523886e+02 +1.2413e+00 +1.3401e+00 -4.0859e-01 +1.3309e+00 -1.0488e+00
44 +5.909002373e+01 +5.909002373e+01 -9.409099763e+02 -9.409099763e+02 +3.0402e+00 +1.2310e+00 -1.2694e+00 +2.1331e+00 -1.9182e+00
76 +3.285472878e+01 +3.285472878e+01 -9.671452712e+02 -9.671452712e+02 +2.0799e+00 +1.6479e+00 -3.3763e+00 +3.0251e+00 -3.3161e+00
245 +2.212171999e+01 +2.212171999e+01 -9.778782800e+02 -9.778782800e+02 +3.3144e+00 +1.1959e+00 -3.4252e+00 +2.8893e+00 -2.2711e+00
451 +1.456123009e+01 +1.456123009e+01 -9.854387699e+02 -9.854387699e+02 +3.2149e+00 +1.2605e+00 -3.3255e+00 +3.3421e+00 -2.2054e+00
