% function evaluation | noise-free fitness - Fopt (4.078000000000e+01) | best noise-free fitness - Fopt | measured fitness | best measured fitness | x1 | x2...
1 +7.050460627e+01 +7.050460627e+01 +1.112846063e+02 +1.112846063e+02 +4.2242e-01 +7.7571e-01 +2.2977e-01 +1.9869e+00 +1.4632e+00
2 +5.377055534e+01 +5.377055534e+01 +9.455055534e+01 +9.455055534e+01 +4.0976e-01 +1.8163e+00 +3.4461e-01 +8.9446e-01 +8.4678e-01
26 +2.848886114e+01 +2.848886114e+01 +6.926886114e+01 +6.926886114e+01 +6.5693e-02 +9.1187e-01 +7.7264e-02 +1.3372e-01 +9.0910e-01
32 +2.116126482e+01 +2.116126482e+01 +6.194126482e+01 +6.194126482e+01 -1.4855e-01 +1.2114e+00 +1.9777e-01 -3.7193e-01 +1.5112e+00
47 +1.258281658e+01 +1.258281658e+01 +5.336281658e+01 +5.336281658e+01 -1.5050e+00 -1.5571e-01 +1.2252e-01 -7.0827e-01 +1.1416e+00
52 +7.441880453e+00 +7.441880453e+00 +4.822188045e+01 +4.822188045e+01 -1.2045e+00 +5.1093e-02 +7.3659e-01 -1.2730e+00 +5.2017e-01
63 +3.333393492e+00 +3.333393492e+00 +4.411339349e+01 +4.411339349e+01 -1.7276e+00 +1.1052e+00 +3.1760e-01 -2.3206e+00 +1.0738e+00
97 +2.214453437e+00 +2.214453437e+00 +4.299445344e+01 +4.299445344e+01 -1.6037e+00 +1.5625e+00 +3.7431e-01 -2.1317e+00 +8.8754e-01
125 +1.465785327e+00 +1.465785327e+00 +4.224578533e+01 +4.224578533e+01 -1.7509e+00 +1.2526e+00 +5.8792e-01 -1.2786e+00 +4.9812e-01
% function evaluation | noise-free fitness - Fopt (-1.600000000000e+00) | best noise-free fitness - Fopt | measured fitness | best measured fitness | x1 | x2...
1 +4.401117530e+01 +4.401117530e+01 +4.241117530e+01 +4.241117530e+01 +4.2242e-01 +7.7571e-01 +2.2977e-01 +1.9869e+00 +1.4632e+00
2 +3.530832960e+01 +3.530832960e+01 +3.370832960e+01 +3.370832960e+01 +4.0976e-01 +1.8163e+00 +3.4461e-01 +8.9446e-01 +8.4678e-01
22 +2.372126105e+01 +2.372126105e+01 +2.212126105e+01 +2.212126105e+01 +9.9846e-01 +3.9780e-01 +1.3949e+00 +1.2437e+00 +1.0481e+00
44 +1.285400327e+01 +1.285400327e+01 +1.125400327e+01 +1.125400327e+01 +1.7626e+00 +5.3262e-01 +1.1645e+00 +2.8636e-01 +5.7990e-01
56 +8.868687102e+00 +8.868687102e+00 +7.268687102e+00 +7.268687102e+00 +1.9077e+00 -5.5174e-01 +2.0663e+00 +4.4351e-01 +1.2925e+00
% function evaluation | noise-free fitness - Fopt (-3.708400000000e+02) | best noise-free fitness - Fopt | measured fitness | best measured fitness | x1 | x2...
1 +6.825593318e+01 +6.825593318e+01 -3.025840668e+02 -3.025840668e+02 +4.2242e-01 +7.7571e-01 +2.2977e-01 +1.9869e+00 +1.4632e+00
25 +5.604769273e+01 +5.604769273e+01 -3.147923073e+02 -3.147923073e+02 -3.0817e-01 +1.3730e+00 -1.2514e+00 +1.0636e+00 -6.9711e-02
46 +3.708322365e+01 +3.708322365e+01 -3.337567764e+02 -3.337567764e+02 -6.2422e-01 +1.7374e+00 +4.5069e-01 +3.0965e-01 +3.6184e-01
59 +1.635379122e+01 +1.635379122e+01 -3.544862088e+02 -3.544862088e+02 -1.8214e-01 +3.1699e+00 +1.8836e-01 -8.9312e-01 -2.7713e-01
109 +1.569835282e+01 +1.569835282e+01 -3.551416472e+02 -3.551416472e+02 -4.7880e-01 +3.4181e+00 -2.0006e-01 -6.9734e-01 -5.0609e-01
143 +9.791031171e+00 +9.791031171e+00 -3.610489688e+02 -3.610489688e+02 +9.6038e-02 +4.8753e+00 +1.2210e+00 -9.7532e-01 -5.7422e-01
% function evaluation | noise-free fitness - Fopt (-3.256000000000e+01) | best noise-free fitness - Fopt | measured fitness | best measured fitness | x1 | x2...
1 +6.278084128e+01 +6.278084128e+01 +3.022084128e+01 +3.022084128e+01 +4.2242e-01 +7.7571e-01 +2.2977e-01 +1.9869e+00 +1.4632e+00
10 +3.539547642e+01 +3.539547642e+01 +2.835476422e+00 +2.835476422e+00 +8.5432e-01 +9.4161e-01 -2.8091e-02 +1.4146e+00 -2.5641e-01
19 +2.409584166e+01 +2.409584166e+01 -8.464158339e+00 -8.464158339e+00 +3.3265e-01 +6.2278e-01 -4.1676e-01 +9.0319e-01 -9.8080e-01
37 +1.481310854e+01 +1.481310854e+01 -1.774689146e+01 -1.774689146e+01 -1.4810e-01 +1.4632e+00 -9.1490e-02 +1.0721e+00 -1.3785e+00
62 +9.261497616e+00 +9.261497616e+00 -2.329850238e+01 -2.329850238e+01 -7.6085e-01 +1.3915e+00 -7.5690e-01 +1.7562e+00 -2.4345e+00
76 +6.243214002e+00 +6.243214002e+00 -2.631678600e+01 -2.631678600e+01 -4.7410e-02 +2.3872e+00 -6.4692e-01 +2.3708e+00 -2.6688e+00
92 +2.065406779e+00 +2.065406779e+00 -3.049459322e+01 -3.049459322e+01 +9.4957e-01 +1.6541e+00 -1.2193e+00 +2.8029e+00 -3.7511e+00
153 +1.526543290e+00 +1.526543290e+00 -3.103345671e+01 -3.103345671e+01 +8.4111e-01 +1.7205e+00 -1.7540e+00 +2.0205e+00 -3.7158e+00
% function evaluation | noise-free fitness - Fopt (5.154000000000e+02) | best noise-free fitness - Fopt | measured fitness | best measured fitness | x1 | x2...
1 +2.851787659e+01 +2.851787659e+01 +5.439178766e+02 +5.439178766e+02 +4.2242e-01 +7.7571e-01 +2.2977e-01 +1.9869e+00 +1.4632e+00
2 +1.260729840e+01 +1.260729840e+01 +5.280072984e+02 +5.280072984e+02 +4.0976e-01 +1.8163e+00 +3.4461e-01 +8.9446e-01 +8.4678e-01
9 +6.841868028e+00 +6.841868028e+00 +5.222418680e+02 +5.222418680e+02 +6.1099e-01 +1.0023e+00 +8.4410e-01 +1.5149e+00 +9.8937e-01
11 +5.723736687e+00 +5.723736687e+00 +5.211237367e+02 +5.211237367e+02 +7.7816e-02 +1.1660e+00 +5.6428e-01 +1.3691e+00 +1.0211e+00
116 +3.611262299e+00 +3.611262299e+00 +5.190112623e+02 +5.190112623e+02 +9.7224e-02 +1.2358e+00 +6.7401e-01 +1.9339e+00 +7.6166e-01
% function evaluation | noise-free fitness - Fopt (9.862300000000e+02) | best noise-free fitness - Fopt | measured fitness | best measured fitness | x1 | x2...
1 +5.794999842e+01 +5.794999842e+01 +1.044179998e+03 +1.044179998e+03 +4.2242e-01 +7.7571e-01 +2.2977e-01 +1.9869e+00 +1.4632e+00
6 +2.929380654e+01 +2.929380654e+01 +1.015523807e+03 +1.015523807e+03 +1.0812e+00 +5.6167e-01 -1.9367e-01 +6.7053e-01 -2.5093e-01
10 +2.147347306e+01 +2.147347306e+01 +1.007703473e+03 +1.007703473e+03 +1.0470e+00 +4.8840e-01 -7.9470e-02 +1.5106e+00 -2.5339e-02
18 +1.278672474e+01 +1.278672474e+01 +9.990167247e+02 +9.990167247e+02 +8.4175e-01 +5.5910e-01 -4.0029e-01 +2.2364e+00 -3.1338e-01
25 +8.256765873e+00 +8.256765873e+00 +9.944867659e+02 +9.944867659e+02 +7.4043e-01 +5.2414e-01 -1.2006e-01 +2.8885e+00 -8.1435e-01
84 +4.524251912e+00 +4.524251912e+00 +9.907542519e+02 +9.907542519e+02 +2.8031e-01 -3.6475e-02 +1.8840e-01 +2.2261e+00 -1.2752e+00
135 +3.722895221e+00 +3.722895221e+00 +9.899528952e+02 +9.899528952e+02 +5.8535e-01 -8.6269e-02 +6.6696e-02 +2.5177e+00 -1.7137e+00
% function evaluation | noise-free fitness - Fopt (1.240800000000e+02) | best noise-free fitness - Fopt | measured fitness | best measured fitness | x1 | x2...
1 +6.027576820e+01 +6.027576820e+01 +1.843557682e+02 +1.843557682e+02 +4.2242e-01 +7.7571e-01 +2.2977e-01 +1.9869e+00 +1.4632e+00
4 +3.514420335e+01 +3.514420335e+01 +1.592242034e+02 +1.592242034e+02 +1.0162e+00 +5.4355e-01 +3.4216e-01 +1.4024e+00 +7.7903e-01
17 +1.875104604e+01 +1.875104604e+01 +1.428310460e+02 +1.428310460e+02 +1.1565e+00 +1.0312e+00 -2.4156e-01 +1.8755e+00 +8.0385e-02
19 +1.215665099e+01 +1.215665099e+01 +1.362366510e+02 +1.362366510e+02 +9.5383e-01 +1.0241e+00 -4.7519e-01 +1.7614e+00 -5.0943e-01
25 +5.842211604e+00 +5.842211604e+00 +1.299222116e+02 +1.299222116e+02 +1.0435e+00 +9.1116e-01 -7.8326e-01 +2.1917e+00 -1.2141e+00
83 +3.500356350e+00 +3.500356350e+00 +1.275803563e+02 +1.275803563e+02 +8.9225e-01 +1.5733e+00 -1.9499e-01 +2.1827e+00 -2.1248e+00
95 +2.275391709e+00 +2.275391709e+00 +1.263553917e+02 +1.263553917e+02 +1.0071e+00 +1.7707e+00 -9.6178e-01 +2.5823e+00 -2.3301e+00
% function evaluation | noise-free fitness - Fopt (-4.683100000000e+02) | best noise-free fitness - Fopt | measured fitness | best measured fitness | x1 | x2...
1 +6.262215293e+01 +6.262215293e+01 -4.056878471e+02 -4.056878471e+02 +4.2242e-01 +7.7571e-01 +2.2977e-01 +1.9869e+00 +1.4632e+00
2 +3.542138871e+01 +3.542138871e+01 -4.328886113e+02 -4.328886113e+02 +4.0976e-01 +1.8163e+00 +3.4461e-01 +8.9446e-01 +8.4678e-01
11 +2.387109501e+01 +2.387109501e+01 -4.444389050e+02 -4.444389050e+02 +7.7837e-01 +1.8696e+00 +5.3916e-01 +5.9200e-01 +9.3313e-01
27 +1.402829324e+01 +1.402829324e+01 -4.542817068e+02 -4.542817068e+02 +1.3296e+00 +1.3115e+00 +4.8884e-01 -3.7961e-02 +1.3607e+00
37 +7.686052423e+00 +7.686052423e+00 -4.606239476e+02 -4.606239476e+02 +1.1796e+00 +1.8209e+00 +7.7667e-01 -4.2358e-01 +2.2858e+00
48 +5.340130009e+00 +5.340130009e+00 -4.629698700e+02 -4.629698700e+02 +1.5618e+00 +2.2542e+00 +1.0233e+00 -5.0869e-01 +1.5751e+00
50 +3.311937313e+00 +3.311937313e+00 -4.649980627e+02 -4.649980627e+02 +1.4356e+00 +1.9935e+00 +8.3727e-01 -1.1821e+00 +1.8711e+00
% function evaluation | noise-free fitness - Fopt (-6.062000000000e+01) | best noise-free fitness - Fopt | measured fitness | best measured fitness | x1 | x2...
1 +6.389919593e+01 +6.389919593e+01 +3.279195933e+00 +3.279195933e+00 +4.2242e-01 +7.7571e-01 +2.2977e-01 +1.9869e+00 +1.4632e+00
5 +6.046088753e+01 +6.046088753e+01 -1.591124663e-01 -1.591124663e-01 +1.1251e+00 +1.1239e+00 +3.5955e-02 +1.0015e+00 +3.9617e-01
37 +3.524011080e+01 +3.524011080e+01 -2.537988920e+01 -2.537988920e+01 +2.3599e+00 +1.6470e+00 -1.7839e-02 +1.4479e+00 +2.0061e-01
71 +1.848231836e+01 +1.848231836e+01 -4.213768164e+01 -4.213768164e+01 +3.7374e+00 +2.3087e+00 -1.2712e+00 +1.0016e+00 -8.1744e-01
93 +1.464365154e+01 +1.464365154e+01 -4.597634846e+01 -4.597634846e+01 +3.6318e+00 +2.6056e+00 -1.1603e+00 +6.0020e-01 -1.6055e+00
% function evaluation | noise-free fitness - Fopt (2.864600000000e+02) | best noise-free fitness - Fopt | measured fitness | best measured fitness | x1 | x2...
1 +4.763200132e+01 +4.763200132e+01 +3.340920013e+02 +3.340920013e+02 +4.2242e-01 +7.7571e-01 +2.2977e-01 +1.9869e+00 +1.4632e+00
7 +3.805707097e+01 +3.805707097e+01 +3.245170710e+02 +3.245170710e+02 +1.2462e+00 +1.0033e+00 -9.9492e-02 +1.3245e+00 +1.1890e-01
25 +2.498472459e+01 +2.498472459e+01 +3.114447246e+02 +3.114447246e+02 +2.5910e+00 +7.5604e-01 +4.1008e-01 +3.1589e+00 +4.8657e-01
54 +1.519688367e+01 +1.519688367e+01 +3.016568837e+02 +3.016568837e+02 +1.6307e+00 +1.9202e+00 +4.5085e-01 +2.6924e+00 +5.0949e-01
% function evaluation | noise-free fitness - Fopt (1.134200000000e+02) | best noise-free fitness - Fopt | measured fitness | best measured fitness | x1 | x2...
1 +7.228672370e+01 +7.228672370e+01 +1.857067237e+02 +1.857067237e+02 +4.2242e-01 +7.7571e-01 +2.2977e-01 +1.9869e+00 +1.4632e+00
6 +6.302850628e+01 +6.302850628e+01 +1.764485063e+02 +1.764485063e+02 +1.0812e+00 +5.6167e-01 -1.9367e-01 +6.7053e-01 -2.5093e-01
25 +2.577145891e+01 +2.577145891e+01 +1.391914589e+02 +1.391914589e+02 +1.4244e+00 +1.3094e+00 -9.2831e-01 +1.0187e+00 -1.2026e+00
43 +2.490999564e+01 +2.490999564e+01 +1.383299956e+02 +1.383299956e+02 +5.6120e-01 +1.3658e+00 -1.4294e+00 +1.3758e+00 -7.7853e-01
201 +1.494782005e+01 +1.494782005e+01 +1.283678200e+02 +1.283678200e+02 -2.7965e-01 +5.1333e-01 -2.5259e+00 +8.3947e-01 +4.8930e-02
% function evaluation | noise-free fitness - Fopt (-1.958600000000e+02) | best noise-free fitness - Fopt | measured fitness | best measured fitness | x1 | x2...
1 +5.641725529e+01 +5.641725529e+01 -1.394427447e+02 -1.394427447e+02 +4.2242e-01 +7.7571e-01 +2.2977e-01 +1.9869e+00 +1.4632e+00
7 +2.899749371e+01 +2.899749371e+01 -1.668625063e+02 -1.668625063e+02 +1.2462e+00 +1.0033e+00 -9.9492e-02 +1.3245e+00 +1.1890e-01
28 +1.752769062e+01 +1.752769062e+01 -1.783323094e+02 -1.783323094e+02 +9.0899e-01 +1.1993e+00 -1.8680e-01 +1.9868e+00 +5.3481e-01
42 +1.465338392e+01 +1.465338392e+01 -1.812066161e+02 -1.812066161e+02 +1.1721e+00 +1.2758e+00 -2.6112e-01 +1.8213e+00 +1.7419e-01
69 +9.424208480e+00 +9.424208480e+00 -1.864357915e+02 -1.864357915e+02 +5.3151e-01 +1.3749e+00 -6.2052e-02 +2.3578e+00 +3.4617e-01
95 +4.744962201e+00 +4.744962201e+00 -1.911150378e+02 -1.911150378e+02 +3.9514e-01 +1.5105e+00 +5.1554e-02 +2.4589e+00 -1.3716e-01
101 +2.284464932e+00 +2.284464932e+00 -1.935755351e+02 -1.935755351e+02 +7.3899e-02 +1.6369e+00 +3.9659e-02 +2.5420e+00 -7.7590e-01
231 +1.473471492e+00 +1.473471492e+00 -1.943865285e+02 -1.943865285e+02 -6.9067e-01 +1.7372e+00 -4.7358e-02 +2.6609e+00 -9.9509e-01
% function evaluation | noise-free fitness - Fopt (-5.760000000000e+00) | best noise-free fitness - Fopt | measured fitness | best measured fitness | x1 | x2...
1 +5.181116554e+01 +5.181116554e+01 +4.605116554e+01 +4.605116554e+01 +4.2242e-01 +7.7571e-01 +2.2977e-01 +1.9869e+00 +1.4632e+00
20 +3.974459425e+01 +3.974459425e+01 +3.398459425e+01 +3.398459425e+01 +1.1257e+00 +5.5323e-01 +6.2636e-01 +2.0363e+00 +1.4033e+00
27 +2.509953121e+01 +2.509953121e+01 +1.933953121e+01 +1.933953121e+01 +6.4963e-01 +6.5303e-01 +1.4995e+00 +2.0585e+00 +3.0654e-01
% function evaluation | noise-free fitness - Fopt (-4.986500000000e+02) | best noise-free fitness - Fopt | measured fitness | best measured fitness | x1 | x2...
1 +5.242549567e+01 +5.242549567e+01 -4.462245043e+02 -4.462245043e+02 +4.2242e-01 +7.7571e-01 +2.2977e-01 +1.9869e+00 +1.4632e+00
11 +3.600508218e+01 +3.600508218e+01 -4.626449178e+02 -4.626449178e+02 +7.8537e-01 +1.7421e+00 +3.1514e-01 +1.4376e+00 +1.5043e+00
22 +2.504424160e+01 +2.504424160e+01 -4.736057584e+02 -4.736057584e+02 +8.0979e-01 +2.6952e+00 -4.3050e-01 +1.8001e+00 +1.5747e+00
73 +1.340218387e+01 +1.340218387e+01 -4.852478161e+02 -4.852478161e+02 +8.8686e-01 +3.1180e+00 -6.6161e-01 +2.4557e+00 +1.4445e+00
100 +8.578169932e+00 +8.578169932e+00 -4.900718301e+02 -4.900718301e+02 +1.2956e+00 +3.1631e+00 -1.0345e+00 +2.6244e+00 +2.0067e+00
237 +5.972514241e+00 +5.972514241e+00 -4.926774858e+02 -4.926774858e+02 +1.2147e+00 +2.7797e+00 -1.7455e+00 +3.2082e+00 +2.8819e+00
% function evaluation | noise-free fitness - Fopt (-4.286000000000e+01) | best noise-free fitness - Fopt | measured fitness | best measured fitness | x1 | x2...
1 +4.888443847e+01 +4.888443847e+01 +6.024438470e+00 +6.024438470e+00 +4.2242e-01 +7.7571e-01 +2.2977e-01 +1.9869e+00 +1.4632e+00
4 +2.866201242e+01 +2.866201242e+01 -1.419798758e+01 -1.419798758e+01 +1.0162e+00 +5.4355e-01 +3.4216e-01 +1.4024e+00 +7.7903e-01
10 +1.960692239e+01 +1.960692239e+01 -2.325307761e+01 -2.325307761e+01 +1.3019e+00 +5.6017e-01 +5.4566e-03 +1.7653e+00 +8.6512e-01
20 +8.317361694e+00 +8.317361694e+00 -3.454263831e+01 -3.454263831e+01 +1.4635e+00 +5.3179e-01 +3.2334e-01 +1.6071e+00 +1.4346e+00
30 +5.618819570e+00 +5.618819570e+00 -3.724118043e+01 -3.724118043e+01 +1.7864e+00 +3.7602e-01 -2.9950e-02 +9.1352e-01 +1.2843e+00
39 +1.923274388e+00 +1.923274388e+00 -4.093672561e+01 -4.093672561e+01 +1.9602e+00 -1.5162e-03 +3.3910e-01 +9.5303e-01 +1.2683e+00
55 +5.126485931e-01 +5.126485931e-01 -4.234735141e+01 -4.234735141e+01 +2.2113e+00 -8.2622e-02 +7.0562e-01 +1.3739e+00 +8.3905e-01
101 +1.953065685e-02 +1.953065685e-02 -4.284046934e+01 -4.284046934e+01 +2.2675e+00 -8.2648e-01 +1.1290e+00 +1.7114e+00 +4.1479e-01
145 +1.522308611e-02 +1.522308611e-02 -4.284477691e+01 -4.284477691e+01 +2.1998e+00 -1.1044e+00 +1.2333e+00 +2.0778e+00 +2.3177e-01
163 +5.292044938e-04 +5.292044938e-04 -4.285947080e+01 -4.285947080e+01 +2.3967e+00 -1.1394e+00 +1.1167e+00 +1.9151e+00 -1.2219e-01
245 +1.888637710e-04 +1.888637710e-04 -4.285981114e+01 -4.285981114e+01 +2.2847e+00 -1.1656e+00 +1.0846e+00 +1.9801e+00 +7.5329e-02
259 +1.488009899e-04 +1.488009899e-04 -4.285985120e+01 -4.285985120e+01 +2.3095e+00 -1.1396e+00 +1.1048e+00 +1.9269e+00 +7.4469e-02
284 +4.788648657e-05 +4.788648657e-05 -4.285995211e+01 -4.285995211e+01 +2.3461e+00 -1.0751e+00 +1.0590e+00 +1.9487e+00 +1.0675e-01
287 +3.746861267e-05 +3.746861267e-05 -4.285996253e+01 -4.285996253e+01 +2.3732e+00 -1.0896e+00 +1.1296e+00 +1.9754e+00 +8.4016e-02
315 +2.483998266e-05 +2.483998266e-05 -4.285997516e+01 -4.285997516e+01 +2.3816e+00 -1.1088e+00 +1.1189e+00 +1.9439e+00 +6.9037e-02
321 +6.067907698e-06 +6.067907698e-06 -4.285999393e+01 -4.285999393e+01 +2.3858e+00 -1.1033e+00 +1.1105e+00 +1.9563e+00 +2.1869e-02
348 +1.517931921e-06 +1.517931921e-06 -4.285999848e+01 -4.285999848e+01 +2.4021e+00 -1.0611e+00 +1.1221e+00 +1.9294e+00 +5.4540e-02
360 +5.514095349e-07 +5.514095349e-07 -4.285999945e+01 -4.285999945e+01 +2.4041e+00 -1.0482e+00 +1.0889e+00 +1.9027e+00 +3.0610e-02
398 +1.452451457e-07 +1.452451457e-07 -4.285999985e+01 -4.285999985e+01 +2.4253e+00 -1.0751e+00 +1.1136e+00 +1.9145e+00 +1.2312e-03
434 +7.468594987e-08 +7.468594987e-08 -4.285999993e+01 -4.285999993e+01 +2.4038e+00 -1.0642e+00 +1.1071e+00 +1.9085e+00 +3.2406e-02
435 +5.489128796e-08 +5.489128796e-08 -4.285999995e+01 -4.285999995e+01 +2.4080e+00 -1.0641e+00 +1.1066e+00 +1.9065e+00 +2.4990e-02
446 +9.751751406e-09 +9.751751406e-09 -4.285999999e+01 -4.285999999e+01 +2.4175e+00 -1.0655e+00 +1.1176e+00 +1.9216e+00 +1.7481e-02
465 +5.957168980e-09 +5.957168980e-09 -4.285999999e+01 -4.285999999e+01 +2.4171e+00 -1.0638e+00 +1.1104e+00 +1.9129e+00 +1.7981e-02
475 +3.141117588e-09 +3.141117588e-09 -4.286000000e+01 -4.286000000e+01 +2.4215e+00 -1.0553e+00 +1.1095e+00 +1.9120e+00 +1.9215e-02
484 +1.619767431e-09 +1.619767431e-09 -4.286000000e+01 -4.286000000e+01 +2.4187e+00 -1.0596e+00 +1.1150e+00 +1.9188e+00 +2.0887e-02
488 +1.342215228e-09 +1.342215228e-09 -4.286000000e+01 -4.286000000e+01 +2.4169e+00 -1.0580e+00 +1.1121e+00 +1.9162e+00 +2.3292e-02
496 +1.331699195e-10 +1.331699195e-10 -4.286000000e+01 -4.286000000e+01 +2.4231e+00 -1.0568e+00 +1.1143e+00 +1.9146e+00 +1.7644e-02
505 +9.059419881e-11 +9.059419881e-11 -4.286000000e+01 -4.286000000e+01 +2.4210e+00 -1.0567e+00 +1.1139e+00 +1.9146e+00 +1.9222e-02
544 +2.334132887e-11 +2.334132887e-11 -4.286000000e+01 -4.286000000e+01 +2.4252e+00 -1.0554e+00 +1.1169e+00 +1.9135e+00 +1.5694e-02
609 +6.494360605e-12 +6.494360605e-12 -4.286000000e+01 -4.286000000e+01 +2.4250e+00 -1.0576e+00 +1.1173e+00 +1.9156e+00 +1.3504e-02
621 +6.089351245e-12 +6.089351245e-12 -4.286000000e+01 -4.286000000e+01 +2.4236e+00 -1.0564e+00 +1.1154e+00 +1.9153e+00 +1.5699e-02
630 +2.458477866e-12 +2.458477866e-12 -4.286000000e+01 -4.286000000e+01 +2.4258e+00 -1.0559e+00 +1.1164e+00 +1.9140e+00 +1.2276e-02
633 +1.065814104e-13 +1.065814104e-13 -4.286000000e+01 -4.286000000e+01 +2.4244e+00 -1.0565e+00 +1.1160e+00 +1.9149e+00 +1.3833e-02
681 +4.263256415e-14 +4.263256415e-14 -4.286000000e+01 -4.286000000e+01 +2.4244e+00 -1.0562e+00 +1.1162e+00 +1.9145e+00 +1.4623e-02
697 +3.552713679e-14 +3.552713679e-14 -4.286000000e+01 -4.286000000e+01 +2.4245e+00 -1.0563e+00 +1.1162e+00 +1.9147e+00 +1.4010e-02
707 +0.000000000e+00 +0.000000000e+00 -4.286000000e+01 -4.286000000e+01 +2.4248e+00 -1.0563e+00 +1.1163e+00 +1.9146e+00 +1.3925e-02
% function evaluation | noise-free fitness - Fopt (2.757000000000e+01) | best noise-free fitness - Fopt | measured fitness | best measured fitness | x1 | x2...
1 +2.428519036e+01 +2.428519036e+01 +5.185519036e+01 +5.185519036e+01 +4.2242e-01 +7.7571e-01 +2.2977e-01 +1.9869e+00 +1.4632e+00
12 +1.422287148e+01 +1.422287148e+01 +4.179287148e+01 +4.179287148e+01 +4.3260e-01 +4.3979e-01 +5.9228e-01 +1.6408e+00 +6.9898e-01
22 +8.082378502e+00 +8.082378502e+00 +3.565237850e+01 +3.565237850e+01 -6.3012e-02 +5.2286e-01 +2.3389e-01 +1.8909e+00 +1.6482e-01
42 +2.434726802e+00 +2.434726802e+00 +3.000472680e+01 +3.000472680e+01 -5.2441e-01 +4.7221e-01 +2.7105e-01 +1.2641e+00 +1.3297e-01
80 +1.559788322e+00 +1.559788322e+00 +2.912978832e+01 +2.912978832e+01 -1.1757e+00 +5.5216e-01 +8.1043e-02 +1.3208e+00 -5.4302e-01
% function evaluation | noise-free fitness - Fopt (1.277000000000e+01) | best noise-free fitness - Fopt | measured fitness | best measured fitness | x1 | x2...
1 +6.196033625e+01 +6.196033625e+01 +7.473033625e+01 +7.473033625e+01 +4.2242e-01 +7.7571e-01 +2.2977e-01 +1.9869e+00 +1.4632e+00
5 +3.626600034e+01 +3.626600034e+01 +4.903600034e+01 +4.903600034e+01 +1.1251e+00 +1.1239e+00 +3.5955e-02 +1.0015e+00 +3.9617e-01
20 +2.355789603e+01 +2.355789603e+01 +3.632789603e+01 +3.632789603e+01 +6.4092e-01 +9.7715e-01 +2.7146e-01 +7.9600e-01 +1.7090e-01
94 +1.402416124e+01 +1.402416124e+01 +2.679416124e+01 +2.679416124e+01 -1.9522e-02 +6.3867e-01 -1.8813e-01 +2.3896e-01 +2.8341e-01
% function evaluation | noise-free fitness - Fopt (-8.250700000000e+02) | best noise-free fitness - Fopt | measured fitness | best measured fitness | x1 | x2...
1 +3.472061512e+01 +3.472061512e+01 -7.903493849e+02 -7.903493849e+02 +4.2242e-01 +7.7571e-01 +2.2977e-01 +1.9869e+00 +1.4632e+00
2 +2.104466283e+01 +2.104466283e+01 -8.040253372e+02 -8.040253372e+02 +4.0976e-01 +1.8163e+00 +3.4461e-01 +8.9446e-01 +8.4678e-01
24 +1.449782726e+01 +1.449782726e+01 -8.105721727e+02 -8.105721727e+02 +1.2286e+00 +1.8363e+00 +4.8856e-01 +5.0834e-01 +2.9516e-01
39 +9.943583545e+00 +9.943583545e+00 -8.151264165e+02 -8.151264165e+02 +1.4422e+00 +1.7742e+00 +5.5043e-01 +8.7259e-01 +6.6369e-01
97 +5.998816330e+00 +5.998816330e+00 -8.190711837e+02 -8.190711837e+02 +3.3084e+00 +2.8958e+00 +1.0660e-01 +2.0099e+00 +9.8645e-01
% function evaluation | noise-free fitness - Fopt (1.000000000000e+03) | best noise-free fitness - Fopt | measured fitness | best measured fitness | x1 | x2...
1 +4.200107318e+01 +4.200107318e+01 +1.042001073e+03 +1.042001073e+03 +4.2242e-01 +7.7571e-01 +2.2977e-01 +1.9869e+00 +1.4632e+00
6 +2.506013535e+01 +2.506013535e+01 +1.025060135e+03 +1.025060135e+03 +1.0812e+00 +5.6167e-01 -1.9367e-01 +6.7053e-01 -2.5093e-01
50 +1.383207233e+01 +1.383207233e+01 +1.013832072e+03 +1.013832072e+03 +1.6083e+00 +5.1475e-01 -6.8657e-01 -3.6185e-01 +8.4106e-02
67 +9.211907305e+00 +9.211907305e+00 +1.009211907e+03 +1.009211907e+03 +2.2560e+00 +6.7197e-01 -1.0165e-01 -3.1750e-02 -2.0942e+00
161 +5.613806173e+00 +5.613806173e+00 +1.005613806e+03 +1.005613806e+03 +2.3032e+00 +2.8396e-01 +2.5815e-01 -8.3478e-01 -1.5070e+00
% function evaluation | noise-free fitness - Fopt (-1.431200000000e+02) | best noise-free fitness - Fopt | measured fitness | best measured fitness | x1 | x2...
1 +2.936077756e+01 +2.936077756e+01 -1.137592224e+02 -1.137592224e+02 +4.2242e-01 +7.7571e-01 +2.2977e-01 +1.9869e+00 +1.4632e+00
4 +2.173017088e+01 +2.173017088e+01 -1.213898291e+02 -1.213898291e+02 +1.0162e+00 +5.4355e-01 +3.4216e-01 +1.4024e+00 +7.7903e-01
20 +1.130288164e+01 +1.130288164e+01 -1.318171184e+02 -1.318171184e+02 +5.5432e-01 +3.2962e-03 +5.1714e-01 +1.2664e+00 +7.1943e-01
34 +9.566494371e+00 +9.566494371e+00 -1.335535056e+02 -1.335535056e+02 +4.6464e-02 -4.7268e-01 +1.2697e-01 +1.6459e+00 +2.0129e-01
% function evaluation | noise-free fitness - Fopt (-2.145900000000e+02) | best noise-free fitness - Fopt | measured fitness | best measured fitness | x1 | x2...
1 +5.344055237e+01 +5.344055237e+01 -1.611494476e+02 -1.611494476e+02 +4.2242e-01 +7.7571e-01 +2.2977e-01 +1.9869e+00 +1.4632e+00
32 +3.842385992e+01 +3.842385992e+01 -1.761661401e+02 -1.761661401e+02 -5.2601e-01 +1.2215e-01 +1.5985e+00 +2.0555e+00 +1.0393e+00
105 +2.426492101e+01 +2.426492101e+01 -1.903250790e+02 -1.903250790e+02 -5.7099e-01 +8.8324e-01 +2.8903e+00 +2.2951e+00 +2.7382e+00
% function evaluation | noise-free fitness - Fopt (2.727100000000e+02) | best noise-free fitness - Fopt | measured fitness | best measured fitness | x1 | x2...
1 +5.991054025e+01 +5.991054025e+01 +3.326205402e+02 +3.326205402e+02 +4.2242e-01 +7.7571e-01 +2.2977e-01 +1.9869e+00 +1.4632e+00
11 +3.567430890e+01 +3.567430890e+01 +3.083843089e+02 +3.083843089e+02 +8.7415e-02 +1.6835e+00 +1.0302e-01 +1.1416e+00 +5.2932e-01
39 +2.356389375e+01 +2.356389375e+01 +2.962738937e+02 +2.962738937e+02 -3.3145e-01 +2.5304e+00 +6.0445e-01 +1.2907e+00 +2.9604e-01
93 +1.433935343e+01 +1.433935343e+01 +2.870493534e+02 +2.870493534e+02 -2.1196e+00 +4.0612e+00 +2.2602e-01 +1.1651e+00 +9.1930e-01
% function evaluation | noise-free fitness - Fopt (-6.026000000000e+01) | best noise-free fitness - Fopt | measured fitness | best measured fitness | x1 | x2...
1 +7.376707791e+01 +7.376707791e+01 +1.350707791e+01 +1.350707791e+01 +4.2242e-01 +7.7571e-01 +2.2977e-01 +1.9869e+00 +1.4632e+00
2 +4.965907419e+01 +4.965907419e+01 -1.060092581e+01 -1.060092581e+01 +4.0976e-01 +1.8163e+00 +3.4461e-01 +8.9446e-01 +8.4678e-01
10 +3.421398810e+01 +3.421398810e+01 -2.604601190e+01 -2.604601190e+01 +5.9628e-01 +1.2236e+00 +2.8070e-01 +5.7830e-01 -1.3059e-02
25 +2.387302916e+01 +2.387302916e+01 -3.638697084e+01 -3.638697084e+01 +1.2024e+00 +1.4197e+00 +2.1637e-01 +2.7631e-01 -1.0127e+00
44 +8.303685546e+00 +8.303685546e+00 -5.195631445e+01 -5.195631445e+01 +2.4285e+00 +1.0502e+00 +4.5489e-01 -9.8165e-02 -7.8142e-01
57 +1.596496471e+00 +1.596496471e+00 -5.866350353e+01 -5.866350353e+01 +3.0754e+00 +1.0601e+00 +3.2536e-01 -1.3220e+00 -5.1889e-01
152 +1.570370494e+00 +1.570370494e+00 -5.868962951e+01 -5.868962951e+01 +3.2125e+00 +8.1102e-01 +2.6688e-01 -7.4883e-01 -2.7402e-01
204 +9.403668562e-01 +9.403668562e-01 -5.931963314e+01 -5.931963314e+01 +3.1420e+00 +9.5680e-01 +1.5108e-01 -1.1412e+00 -1.7523e-01
% function evaluation | noise-free fitness - Fopt (-3.525000000000e+01) | best noise-free fitness - Fopt | measured fitness | best measured fitness | x1 | x2...
1 +2.620049231e+01 +2.620049231e+01 -9.049507693e+00 -9.049507693e+00 +4.2242e-01 +7.7571e-01 +2.2977e-01 +1.9869e+00 +1.4632e+00
20 +2.021524417e+01 +2.021524417e+01 -1.503475583e+01 -1.503475583e+01 +2.3709e-01 +8.3096e-01 -4.6485e-01 +2.1718e+00 +1.2738e+00
39 +1.481953939e+01 +1.481953939e+01 -2.043046061e+01 -2.043046061e+01 +4.0131e-01 +9.5315e-02 -2.4574e-01 +2.4598e+00 +1.5511e+00
65 +9.873195243e+00 +9.873195243e+00 -2.537680476e+01 -2.537680476e+01 +5.8319e-01 -7.1679e-01 -3.6702e-01 +1.0900e+00 +1.6794e+00
119 +6.063481275e+00 +6.063481275e+00 -2.918651872e+01 -2.918651872e+01 +1.1559e+00 -2.2937e+00 +3.5121e-01 -8.0364e-01 +2.8543e+00
161 +2.364564466e+00 +2.364564466e+00 -3.288543553e+01 -3.288543553e+01 +1.0150e+00 -2.6998e+00 +2.6338e-01 -1.8096e+00 +3.1173e+00
275 +1.580804005e+00 +1.580804005e+00 -3.366919600e+01 -3.366919600e+01 +1.4070e+00 -3.9511e+00 -2.6963e-01 -3.1547e+00 +3.1804e+00
