% function evaluation | noise-free fitness - Fopt (3.590000000000e+01) | best noise-free fitness - Fopt | measured fitness | best measured fitness | x1 | x2...
1 +6.335813823e+04 +6.335813823e+04 +6.339403823e+04 +6.339403823e+04 +8.1266e-01 +2.8953e+00
12 +1.284694517e+01 +1.284694517e+01 +4.874694517e+01 +4.874694517e+01 +4.6952e+00 -1.6515e+00
88 +8.558472907e+00 +8.558472907e+00 +4.445847291e+01 +4.445847291e+01 +4.1491e+00 -1.7609e+00
159 +3.606258864e+00 +3.606258864e+00 +3.950625886e+01 +3.950625886e+01 +3.4056e+00 +1.2810e+00
397 +9.200357853e-01 +9.200357853e-01 +3.682003579e+01 +3.682003579e+01 +3.1023e+00 +1.1264e+00
734 +2.895559876e-01 +2.895559876e-01 +3.618955599e+01 +3.618955599e+01 +2.9857e+00 +6.8044e-01
1039 +1.992190264e-01 +1.992190264e-01 +3.609921903e+01 +3.609921903e+01 +2.8895e+00 +1.1956e+00
1075 +3.740958991e-02 +3.740958991e-02 +3.593740959e+01 +3.593740959e+01 +2.8464e+00 +9.8259e-01
% function evaluation | noise-free fitness - Fopt (3.137000000000e+01) | best noise-free fitness - Fopt | measured fitness | best measured fitness | x1 | x2...
1 +6.688480410e+01 +6.688480410e+01 +9.825480410e+01 +9.825480410e+01 +3.1078e+00 +1.0169e+00
12 +4.159821846e+00 +4.159821846e+00 +3.552982185e+01 +3.552982185e+01 +2.1016e-01 +3.0984e+00
160 +1.173698362e-01 +1.173698362e-01 +3.148736984e+01 +3.148736984e+01 -2.1689e-01 +2.0893e+00
1235 +6.521362067e-03 +6.521362067e-03 +3.137652136e+01 +3.137652136e+01 -2.5573e-01 +1.9174e+00
% function evaluation | noise-free fitness - Fopt (-1.000000000000e+03) | best noise-free fitness - Fopt | measured fitness | best measured fitness | x1 | x2...
1 +1.622412346e+05 +1.622412346e+05 +1.612412346e+05 +1.612412346e+05 +1.2723e+00 +4.7100e+00
2 +4.930262299e+04 +4.930262299e+04 +4.830262299e+04 +4.830262299e+04 -9.6702e-01 -2.0414e+00
3 +4.200846886e+01 +4.200846886e+01 -9.579915311e+02 -9.579915311e+02 +2.0653e+00 -4.4010e+00
5 +2.307793484e+01 +2.307793484e+01 -9.769220652e+02 -9.769220652e+02 +2.2525e+00 -1.6330e+00
33 +1.586115094e+00 +1.586115094e+00 -9.984138849e+02 -9.984138849e+02 +2.1465e-01 -3.4689e+00
145 +3.672203718e-01 +3.672203718e-01 -9.996327796e+02 -9.996327796e+02 +9.1967e-02 -2.9536e+00
2646 +2.179708405e-01 +2.179708405e-01 -9.997820292e+02 -9.997820292e+02 +8.5582e-04 -3.2006e+00
2797 +1.095447989e-01 +1.095447989e-01 -9.998904552e+02 -9.998904552e+02 -4.8055e-02 -3.0909e+00
% function evaluation | noise-free fitness - Fopt (1.319200000000e+02) | best noise-free fitness - Fopt | measured fitness | best measured fitness | x1 | x2...
1 +2.081858804e+05 +2.081858804e+05 +2.083178004e+05 +2.083178004e+05 +2.8674e+00 +2.6108e+00
3 +9.986075262e+01 +9.986075262e+01 +2.317807526e+02 +2.317807526e+02 +2.9617e+00 -3.2155e+00
4 +5.954863756e+01 +5.954863756e+01 +1.914686376e+02 +1.914686376e+02 -9.6213e-01 -1.8502e+00
11 +1.226697962e+01 +1.226697962e+01 +1.441869796e+02 +1.441869796e+02 -3.9488e+00 +6.2850e-01
50 +1.217645688e+00 +1.217645688e+00 +1.331376457e+02 +1.331376457e+02 -3.3402e+00 +1.4751e+00
336 +2.165886520e-01 +2.165886520e-01 +1.321365887e+02 +1.321365887e+02 -3.9591e+00 +1.7654e+00
1507 +8.373772704e-02 +8.373772704e-02 +1.320037377e+02 +1.320037377e+02 -3.7994e+00 +1.8043e+00
2753 +2.488166252e-02 +2.488166252e-02 +1.319448817e+02 +1.319448817e+02 -3.8787e+00 +1.8596e+00
% function evaluation | noise-free fitness - Fopt (5.908400000000e+02) | best noise-free fitness - Fopt | measured fitness | best measured fitness | x1 | x2...
1 +9.874495558e+00 +9.874495558e+00 +6.007144956e+02 +6.007144956e+02 +1.0912e+00 -4.9790e+00
69 +5.100947796e+00 +5.100947796e+00 +5.959409478e+02 +5.959409478e+02 +5.6355e-01 -3.2601e+00
242 +2.918349604e+00 +2.918349604e+00 +5.937583496e+02 +5.937583496e+02 +1.1074e+00 -3.9460e+00
382 +7.408193283e-01 +7.408193283e-01 +5.915808193e+02 +5.915808193e+02 +1.1236e+00 -3.2869e+00
1145 +9.975305045e-02 +9.975305045e-02 +5.909397531e+02 +5.909397531e+02 +1.4009e+00 -3.4434e+00
2426 +1.280817533e-02 +1.280817533e-02 +5.908528082e+02 +5.908528082e+02 +1.4059e+00 -3.3102e+00
% function evaluation | noise-free fitness - Fopt (3.098000000000e+01) | best noise-free fitness - Fopt | measured fitness | best measured fitness | x1 | x2...
1 +8.245339173e+04 +8.245339173e+04 +8.248437173e+04 +8.248437173e+04 +2.7040e+00 -4.3647e+00
2 +2.180030321e+04 +2.180030321e+04 +2.183128321e+04 +2.183128321e+04 -3.6353e+00 +1.0745e+00
3 +1.162241843e+02 +1.162241843e+02 +1.472041843e+02 +1.472041843e+02 +1.7859e+00 +3.3179e+00
9 +5.019931434e+01 +5.019931434e+01 +8.117931434e+01 +8.117931434e+01 +3.9318e+00 +2.6346e+00
10 +7.380337303e-01 +7.380337303e-01 +3.171803373e+01 +3.171803373e+01 +2.1693e+00 -2.1173e+00
410 +1.637155278e-01 +1.637155278e-01 +3.114371553e+01 +3.114371553e+01 +2.2162e+00 -2.2913e+00
1165 +9.911557606e-02 +9.911557606e-02 +3.107911558e+01 +3.107911558e+01 +2.2905e+00 -2.2861e+00
1460 +2.053247673e-02 +2.053247673e-02 +3.100053248e+01 +3.100053248e+01 +2.2537e+00 -2.3969e+00
% function evaluation | noise-free fitness - Fopt (-1.445400000000e+02) | best noise-free fitness - Fopt | measured fitness | best measured fitness | x1 | x2...
1 +2.208095097e+04 +2.208095097e+04 +2.193641097e+04 +2.193641097e+04 +7.0449e-01 -4.3501e+00
6 +3.702800501e+03 +3.702800501e+03 +3.558260501e+03 +3.558260501e+03 -8.6717e-01 -2.1884e+00
9 +1.695136939e+01 +1.695136939e+01 -1.275886306e+02 -1.275886306e+02 -2.1225e+00 -4.8975e+00
102 +9.145785731e-01 +9.145785731e-01 -1.436254214e+02 -1.436254214e+02 -1.9976e+00 -1.4401e+00
679 +3.826127199e-01 +3.826127199e-01 -1.441573873e+02 -1.441573873e+02 -2.0092e+00 -1.0857e+00
976 +7.996427665e-02 +7.996427665e-02 -1.444600357e+02 -1.444600357e+02 -1.8868e+00 -7.0397e-01
1936 +4.162858033e-02 +4.162858033e-02 -1.444983714e+02 -1.444983714e+02 -1.8936e+00 -6.4634e-01
2077 +3.773035562e-02 +3.773035562e-02 -1.445022696e+02 -1.445022696e+02 -1.8962e+00 -6.4107e-01
12874 +8.818458030e-03 +8.818458030e-03 -1.445311815e+02 -1.445311815e+02 -1.8912e+00 -5.5999e-01
15692 +2.818956262e-04 +2.818956262e-04 -1.445397181e+02 -1.445397181e+02 -1.8987e+00 -5.2024e-01
% function evaluation | noise-free fitness - Fopt (-9.649000000000e+01) | best noise-free fitness - Fopt | measured fitness | best measured fitness | x1 | x2...
1 +2.796638432e+03 +2.796638432e+03 +2.700148432e+03 +2.700148432e+03 -2.8004e+00 +5.1414e-01
4 +3.436292477e+02 +3.436292477e+02 +2.471392477e+02 +2.471392477e+02 +4.9283e+00 +1.3601e+00
5 +2.175893050e+02 +2.175893050e+02 +1.210993050e+02 +1.210993050e+02 +3.8134e+00 -2.8537e+00
6 +6.397068991e+01 +6.397068991e+01 -3.251931009e+01 -3.251931009e+01 +3.6755e-01 -2.2378e+00
7 +3.709838473e+01 +3.709838473e+01 -5.939161527e+01 -5.939161527e+01 -5.9476e-01 -1.6812e+00
8 +1.247430444e+01 +1.247430444e+01 -8.401569556e+01 -8.401569556e+01 -2.3843e+00 +4.5815e+00
153 +6.702632903e+00 +6.702632903e+00 -8.978736710e+01 -8.978736710e+01 -2.0177e+00 +5.8300e-01
159 +2.665121044e+00 +2.665121044e+00 -9.382487896e+01 -9.382487896e+01 -2.4062e+00 +8.5623e-01
475 +2.508080575e+00 +2.508080575e+00 -9.398191943e+01 -9.398191943e+01 -2.4494e+00 +7.5525e-01
550 +2.891953781e-01 +2.891953781e-01 -9.620080462e+01 -9.620080462e+01 -2.8882e+00 +1.9949e+00
2119 +1.509087499e-01 +1.509087499e-01 -9.633909125e+01 -9.633909125e+01 -2.8615e+00 +1.6519e+00
2486 +1.465151979e-02 +1.465151979e-02 -9.647534848e+01 -9.647534848e+01 -2.9422e+00 +1.6292e+00
% function evaluation | noise-free fitness - Fopt (1.000000000000e+03) | best noise-free fitness - Fopt | measured fitness | best measured fitness | x1 | x2...
1 +1.029052078e+06 +1.029052078e+06 +1.030052078e+06 +1.030052078e+06 +7.8968e-01 -3.5413e+00
2 +7.577037503e+05 +7.577037503e+05 +7.587037503e+05 +7.587037503e+05 +2.5504e+00 -2.8470e+00
4 +1.086723182e+05 +1.086723182e+05 +1.096723182e+05 +1.096723182e+05 -4.3121e+00 +2.7519e+00
12 +2.801627210e+01 +2.801627210e+01 +1.028016272e+03 +1.028016272e+03 +2.3027e+00 +3.0684e+00
26 +1.812119676e+01 +1.812119676e+01 +1.018121197e+03 +1.018121197e+03 +4.5996e+00 +4.2953e+00
65 +1.244542717e+01 +1.244542717e+01 +1.012445427e+03 +1.012445427e+03 +2.8635e+00 +4.2583e+00
96 +6.681863218e+00 +6.681863218e+00 +1.006681863e+03 +1.006681863e+03 +3.7861e+00 +3.6648e+00
112 +5.521579157e+00 +5.521579157e+00 +1.005521579e+03 +1.005521579e+03 +3.5683e+00 +3.5843e+00
113 +1.365910760e+00 +1.365910760e+00 +1.001365911e+03 +1.001365911e+03 +2.7517e+00 +3.2028e+00
216 +3.822148282e-01 +3.822148282e-01 +1.000382215e+03 +1.000382215e+03 +2.0700e+00 +3.1950e+00
1328 +2.293231131e-01 +2.293231131e-01 +1.000229323e+03 +1.000229323e+03 +1.7091e+00 +3.2011e+00
20892 +6.267897626e-02 +6.267897626e-02 +1.000062679e+03 +1.000062679e+03 +1.6547e+00 +3.1297e+00
% function evaluation | noise-free fitness - Fopt (-1.547600000000e+02) | best noise-free fitness - Fopt | measured fitness | best measured fitness | x1 | x2...
1 +6.227831717e+04 +6.227831717e+04 +6.212355717e+04 +6.212355717e+04 -3.9863e+00 +1.1690e-03
2 +4.863400758e+01 +4.863400758e+01 -1.061259924e+02 -1.061259924e+02 -3.6170e+00 +3.3339e+00
12 +6.301991169e+00 +6.301991169e+00 -1.484580088e+02 -1.484580088e+02 -7.1840e-01 +4.4756e+00
183 +4.703691797e-01 +4.703691797e-01 -1.542896308e+02 -1.542896308e+02 +9.2024e-01 +3.1548e+00
404 +1.664417560e-01 +1.664417560e-01 -1.545935582e+02 -1.545935582e+02 +1.1836e+00 +3.0233e+00
1171 +5.053976733e-02 +5.053976733e-02 -1.547094602e+02 -1.547094602e+02 +1.3237e+00 +3.0382e+00
% function evaluation | noise-free fitness - Fopt (3.914000000000e+01) | best noise-free fitness - Fopt | measured fitness | best measured fitness | x1 | x2...
1 +1.462348797e+05 +1.462348797e+05 +1.462740197e+05 +1.462740197e+05 +2.8010e+00 -1.3460e+00
2 +1.369113978e+00 +1.369113978e+00 +4.050911398e+01 +4.050911398e+01 -1.1266e+00 -1.9226e+00
260 +7.009252108e-01 +7.009252108e-01 +3.984092521e+01 +3.984092521e+01 -1.0192e+00 -2.0548e+00
270 +2.519423720e-01 +2.519423720e-01 +3.939194237e+01 +3.939194237e+01 -1.2607e+00 -2.3332e+00
1224 +1.297853184e-01 +1.297853184e-01 +3.926978532e+01 +3.926978532e+01 -1.2165e+00 -2.3907e+00
3352 +8.124637541e-02 +8.124637541e-02 +3.922124638e+01 +3.922124638e+01 -1.3627e+00 -2.4941e+00
16419 +2.270810418e-03 +2.270810418e-03 +3.914227081e+01 +3.914227081e+01 -1.3768e+00 -2.6011e+00
% function evaluation | noise-free fitness - Fopt (-1.186000000000e+01) | best noise-free fitness - Fopt | measured fitness | best measured fitness | x1 | x2...
1 +2.527331273e+02 +2.527331273e+02 +2.408731273e+02 +2.408731273e+02 -4.8593e+00 -9.6114e-02
2 +5.820606528e+00 +5.820606528e+00 -6.039393472e+00 -6.039393472e+00 +1.7787e+00 +2.4970e+00
81 +2.665973679e+00 +2.665973679e+00 -9.194026321e+00 -9.194026321e+00 +2.8547e+00 +1.9560e+00
366 +1.257826474e+00 +1.257826474e+00 -1.060217353e+01 -1.060217353e+01 +3.3198e+00 +1.9558e+00
459 +6.991044633e-01 +6.991044633e-01 -1.116089554e+01 -1.116089554e+01 +2.7543e+00 +2.4036e+00
852 +9.637746087e-02 +9.637746087e-02 -1.176362254e+01 -1.176362254e+01 +2.7208e+00 +2.6534e+00
2835 +8.369655650e-03 +8.369655650e-03 -1.185163034e+01 -1.185163034e+01 +2.8537e+00 +2.6176e+00
12677 +2.388003781e-03 +2.388003781e-03 -1.185761200e+01 -1.185761200e+01 +2.8796e+00 +2.6087e+00
23616 +6.600828580e-04 +6.600828580e-04 -1.185933992e+01 -1.185933992e+01 +2.8755e+00 +2.6196e+00
24169 +5.404024382e-04 +5.404024382e-04 -1.185945960e+01 -1.185945960e+01 +2.8885e+00 +2.6100e+00
30250 +1.771422285e-04 +1.771422285e-04 -1.185982286e+01 -1.185982286e+01 +2.8803e+00 +2.6189e+00
48313 +2.959521436e-05 +2.959521436e-05 -1.185997040e+01 -1.185997040e+01 +2.8836e+00 +2.6182e+00
% function evaluation | noise-free fitness - Fopt (7.068000000000e+01) | best noise-free fitness - Fopt | measured fitness | best measured fitness | x1 | x2...
1 +1.439745720e+06 +1.439745720e+06 +1.439816400e+06 +1.439816400e+06 +4.4822e+00 -4.8321e+00
2 +2.603642151e+05 +2.603642151e+05 +2.604348951e+05 +2.604348951e+05 +4.8680e+00 +6.0696e-01
3 +1.780873802e+04 +1.780873802e+04 +1.787941802e+04 +1.787941802e+04 -2.4812e+00 +2.9059e+00
10 +8.662415230e+03 +8.662415230e+03 +8.733095230e+03 +8.733095230e+03 +2.8066e+00 +3.1126e+00
13 +3.061072941e+02 +3.061072941e+02 +3.767872941e+02 +3.767872941e+02 +4.3375e+00 +3.7452e+00
15 +1.225817340e+01 +1.225817340e+01 +8.293817340e+01 +8.293817340e+01 -2.7982e-01 +3.2093e+00
42 +7.040572002e+00 +7.040572002e+00 +7.772057200e+01 +7.772057200e+01 +4.5088e-01 +4.1918e+00
197 +6.268460885e+00 +6.268460885e+00 +7.694846088e+01 +7.694846088e+01 +1.5293e+00 +3.9444e+00
351 +2.106933252e+00 +2.106933252e+00 +7.278693325e+01 +7.278693325e+01 +7.4432e-01 +3.6040e+00
450 +8.064080403e-01 +8.064080403e-01 +7.148640804e+01 +7.148640804e+01 +5.8269e-01 +3.3626e+00
682 +5.415135178e-01 +5.415135178e-01 +7.122151352e+01 +7.122151352e+01 +1.6299e-01 +3.4144e+00
769 +2.839385625e-01 +2.839385625e-01 +7.096393856e+01 +7.096393856e+01 +7.7015e-02 +3.3439e+00
2373 +1.756786861e-01 +1.756786861e-01 +7.085567869e+01 +7.085567869e+01 -2.2378e-01 +3.3449e+00
2520 +1.438641111e-01 +1.438641111e-01 +7.082386411e+01 +7.082386411e+01 -3.7589e-02 +3.3008e+00
2658 +8.578428419e-02 +8.578428419e-02 +7.076578428e+01 +7.076578428e+01 -2.1156e-01 +3.3054e+00
7939 +3.545728076e-02 +3.545728076e-02 +7.071545728e+01 +7.071545728e+01 -2.2016e-01 +3.2670e+00
20023 +1.518344002e-02 +1.518344002e-02 +7.069518344e+01 +7.069518344e+01 -2.5132e-01 +3.2508e+00
% function evaluation | noise-free fitness - Fopt (-6.260000000000e+00) | best noise-free fitness - Fopt | measured fitness | best measured fitness | x1 | x2...
1 +2.318211561e+05 +2.318211561e+05 +2.318148961e+05 +2.318148961e+05 +2.1747e+00 -4.3228e+00
2 +2.308948939e+01 +2.308948939e+01 +1.682948939e+01 +1.682948939e+01 +1.0140e+00 +3.5921e-01
3 +1.426775993e+01 +1.426775993e+01 +8.007759929e+00 +8.007759929e+00 -1.7717e+00 -1.4664e+00
17 +5.312579468e+00 +5.312579468e+00 -9.474205325e-01 -9.474205325e-01 +6.4994e-01 -8.7312e-01
255 +7.016557634e-01 +7.016557634e-01 -5.558344237e+00 -5.558344237e+00 +4.3875e-01 -1.5652e+00
582 +2.305702591e-01 +2.305702591e-01 -6.029429741e+00 -6.029429741e+00 +2.1534e-01 -1.7941e+00
1208 +8.532556315e-02 +8.532556315e-02 -6.174674437e+00 -6.174674437e+00 +4.6687e-01 -1.7503e+00
1317 +4.266506051e-02 +4.266506051e-02 -6.217334939e+00 -6.217334939e+00 +2.5767e-01 -1.8683e+00
7302 +3.316371726e-02 +3.316371726e-02 -6.226836283e+00 -6.226836283e+00 +2.9229e-01 -1.8568e+00
7440 +1.704518742e-02 +1.704518742e-02 -6.242954813e+00 -6.242954813e+00 +2.6709e-01 -1.8914e+00
8743 +1.328916644e-02 +1.328916644e-02 -6.246710834e+00 -6.246710834e+00 +3.4949e-01 -1.8503e+00
9811 +8.727561265e-03 +8.727561265e-03 -6.251272439e+00 -6.251272439e+00 +3.0117e-01 -1.8805e+00
13580 +6.928436249e-04 +6.928436249e-04 -6.259307156e+00 -6.259307156e+00 +3.2910e-01 -1.8840e+00
% function evaluation | noise-free fitness - Fopt (1.838600000000e+02) | best noise-free fitness - Fopt | measured fitness | best measured fitness | x1 | x2...
1 +1.985777474e+05 +1.985777474e+05 +1.987616074e+05 +1.987616074e+05 -2.6976e+00 -1.2296e+00
3 +7.717899955e+03 +7.717899955e+03 +7.901759955e+03 +7.901759955e+03 +6.0280e-02 -2.3028e+00
44 +4.506710601e+03 +4.506710601e+03 +4.690570601e+03 +4.690570601e+03 +1.5040e+00 -3.1992e+00
49 +1.401898976e+03 +1.401898976e+03 +1.585758976e+03 +1.585758976e+03 +1.5216e-01 -4.2938e+00
73 +4.575052840e+02 +4.575052840e+02 +6.413652840e+02 +6.413652840e+02 +1.3665e+00 -3.8992e+00
96 +3.455788193e+01 +3.455788193e+01 +2.184178819e+02 +2.184178819e+02 +2.6535e+00 -4.9270e+00
197 +6.917620998e+00 +6.917620998e+00 +1.907776210e+02 +1.907776210e+02 +1.3116e+00 -4.7178e+00
272 +3.974832142e-01 +3.974832142e-01 +1.842574832e+02 +1.842574832e+02 +4.2238e-01 -4.3268e+00
1073 +1.146172465e-01 +1.146172465e-01 +1.839746172e+02 +1.839746172e+02 +3.6653e-01 -4.0219e+00
24540 +4.126752967e-02 +4.126752967e-02 +1.839012675e+02 +1.839012675e+02 +3.1976e-01 -3.9209e+00
