% function evaluation | noise-free fitness - Fopt (3.590000000000e+01) | best noise-free fitness - Fopt | measured fitness | best measured fitness | x1 | x2...
1 +4.731243336e+05 +4.731243336e+05 +4.731602336e+05 +4.731602336e+05 +4.2418e+00 -3.6653e-02 +8.6194e-01 -2.8152e+00 +1.7441e+00
6 +3.863082258e+05 +3.863082258e+05 +3.863441258e+05 +3.863441258e+05 +3.5274e+00 -1.2015e-01 +2.0701e-01 -2.5390e+00 +2.6432e+00
13 +2.321212913e+05 +2.321212913e+05 +2.321571913e+05 +2.321571913e+05 +1.4147e+00 -1.3266e+00 -1.3877e+00 +1.2467e+00 +3.0955e+00
18 +1.424549157e+05 +1.424549157e+05 +1.424908157e+05 +1.424908157e+05 +1.4628e+00 -1.3704e+00 -1.7216e-01 +4.5595e-01 +1.8659e+00
22 +8.918282298e+04 +8.918282298e+04 +8.921872298e+04 +8.921872298e+04 +3.3838e-01 -2.0016e-01 -1.4002e+00 +1.1855e+00 +1.0391e+00
25 +6.147814201e+04 +6.147814201e+04 +6.151404201e+04 +6.151404201e+04 -1.3143e-01 +6.0348e-01 -8.2568e-01 +2.1205e+00 +3.7066e-01
28 +3.351959040e+04 +3.351959040e+04 +3.355549040e+04 +3.355549040e+04 +6.4650e-01 +9.1881e-01 -7.8388e-02 +1.9464e+00 -1.6731e-02
29 +1.978710209e+04 +1.978710209e+04 +1.982300209e+04 +1.982300209e+04 -2.3673e-02 +4.4680e-01 +7.3688e-01 +1.7820e+00 -6.7357e-01
39 +9.736755623e+03 +9.736755623e+03 +9.772655623e+03 +9.772655623e+03 -9.5956e-01 +7.8969e-01 +1.0597e+00 +1.7806e+00 -1.5581e+00
41 +3.684518241e+03 +3.684518241e+03 +3.720418241e+03 +3.720418241e+03 -5.4565e-01 +1.2708e+00 +5.2956e-01 +4.7073e-01 -2.0460e+00
46 +4.535658162e+01 +4.535658162e+01 +8.125658162e+01 +8.125658162e+01 -6.5447e-01 +1.0400e+00 +8.4112e-01 +3.9126e-01 -2.9588e+00
61 +2.725015210e+01 +2.725015210e+01 +6.315015210e+01 +6.315015210e+01 +4.0711e-01 +1.5775e+00 +3.1476e+00 +2.1786e+00 -4.0937e+00
63 +2.276918462e+01 +2.276918462e+01 +5.866918462e+01 +5.866918462e+01 +7.8241e-01 +6.5946e-01 +3.7549e+00 +2.9026e+00 -3.5726e+00
109 +1.267917047e+01 +1.267917047e+01 +4.857917047e+01 +4.857917047e+01 +1.5110e+00 +1.1404e+00 +2.7737e+00 +2.9304e+00 -3.4278e+00
114 +8.282710862e+00 +8.282710862e+00 +4.418271086e+01 +4.418271086e+01 +1.7266e+00 +6.6256e-01 +2.6797e+00 +3.4417e+00 -2.6214e+00
179 +4.275477902e+00 +4.275477902e+00 +4.017547790e+01 +4.017547790e+01 +1.9644e+00 +1.5883e+00 +2.8845e+00 +3.0378e+00 -2.1838e+00
239 +3.481390748e+00 +3.481390748e+00 +3.938139075e+01 +3.938139075e+01 +2.3388e+00 +1.2089e+00 +2.4967e+00 +3.1542e+00 -2.3850e+00
1005 +1.989911038e+00 +1.989911038e+00 +3.788991104e+01 +3.788991104e+01 +2.2702e+00 +1.1952e+00 +2.4563e+00 +3.5193e+00 -1.7514e+00
1054 +6.177169723e-01 +6.177169723e-01 +3.651771697e+01 +3.651771697e+01 +2.4628e+00 +1.2276e+00 +2.6021e+00 +3.4304e+00 -1.5581e+00
42636 +2.758557937e-01 +2.758557937e-01 +3.617585579e+01 +3.617585579e+01 +2.7383e+00 +1.2310e+00 +2.5236e+00 +3.5263e+00 -1.6442e+00
% function evaluation | noise-free fitness - Fopt (3.137000000000e+01) | best noise-free fitness - Fopt | measured fitness | best measured fitness | x1 | x2...
1 +3.942891961e+04 +3.942891961e+04 +3.946028961e+04 +3.946028961e+04 +4.8058e-01 -3.6161e+00 +2.7161e-01 -1.6939e+00 -4.8903e+00
4 +1.870649476e+04 +1.870649476e+04 +1.873786476e+04 +1.873786476e+04 +8.1770e-01 -2.6937e+00 -1.1237e+00 -1.1761e+00 -4.3335e+00
8 +8.713622791e+03 +8.713622791e+03 +8.744992791e+03 +8.744992791e+03 +1.5724e+00 -3.1290e+00 -1.6813e+00 -1.0098e+00 -3.8025e+00
9 +1.018829430e+02 +1.018829430e+02 +1.332529430e+02 +1.332529430e+02 +1.1130e+00 -3.9093e+00 -1.8672e+00 -5.7156e-02 -3.9914e+00
60 +7.704606602e+01 +7.704606602e+01 +1.084160660e+02 +1.084160660e+02 +1.9887e+00 -1.8284e+00 -3.7787e+00 -1.2166e+00 -3.5063e+00
62 +6.120999871e+01 +6.120999871e+01 +9.257999871e+01 +9.257999871e+01 +8.1238e-01 -2.4557e+00 -4.3013e+00 +5.5275e-02 -4.2332e+00
70 +3.893123613e+01 +3.893123613e+01 +7.030123613e+01 +7.030123613e+01 +3.8996e-01 -2.5123e+00 -3.8418e+00 +2.0805e+00 -3.9310e+00
81 +2.008885677e+01 +2.008885677e+01 +5.145885677e+01 +5.145885677e+01 +2.6918e-01 -8.5134e-01 -4.3439e+00 +2.2055e+00 -2.8409e+00
107 +1.566634622e+01 +1.566634622e+01 +4.703634622e+01 +4.703634622e+01 +8.0057e-02 -1.0309e-01 -3.9436e+00 +1.8602e+00 -2.9601e+00
151 +8.234886648e+00 +8.234886648e+00 +3.960488665e+01 +3.960488665e+01 +5.7101e-01 -2.1918e-02 -4.5884e+00 +3.2184e+00 -2.6188e+00
214 +4.089131558e+00 +4.089131558e+00 +3.545913156e+01 +3.545913156e+01 +4.6303e-01 +9.1839e-01 -4.0867e+00 +3.1521e+00 -2.3466e+00
378 +2.921827617e+00 +2.921827617e+00 +3.429182762e+01 +3.429182762e+01 -4.6955e-01 +1.5085e+00 -4.1313e+00 +3.1329e+00 -2.2067e+00
800 +1.339176528e+00 +1.339176528e+00 +3.270917653e+01 +3.270917653e+01 +1.1719e-01 +2.0220e+00 -4.2374e+00 +3.1670e+00 -1.9404e+00
6957 +7.872768712e-01 +7.872768712e-01 +3.215727687e+01 +3.215727687e+01 -4.0763e-01 +1.5809e+00 -3.6555e+00 +3.3240e+00 -1.9921e+00
% function evaluation | noise-free fitness - Fopt (-1.000000000000e+03) | best noise-free fitness - Fopt | measured fitness | best measured fitness | x1 | x2...
1 +6.450958507e+04 +6.450958507e+04 +6.350958507e+04 +6.350958507e+04 -1.4249e+00 +1.9154e+00 +3.5495e+00 -3.2244e+00 +3.8104e+00
6 +4.467653884e+04 +4.467653884e+04 +4.367653884e+04 +4.367653884e+04 -2.6523e+00 +9.8292e-01 +3.9411e+00 -3.9685e+00 +3.9974e+00
7 +3.796087657e+04 +3.796087657e+04 +3.696087657e+04 +3.696087657e+04 -3.1371e+00 +1.2538e+00 +4.9330e+00 -4.0593e+00 +3.7504e+00
12 +1.412395175e+04 +1.412395175e+04 +1.312395175e+04 +1.312395175e+04 -3.8441e+00 +2.0566e+00 +5.0000e+00 -3.6722e+00 +4.5156e+00
13 +1.674694971e+03 +1.674694971e+03 +6.746949715e+02 +6.746949715e+02 -4.7774e+00 +1.7243e+00 +4.7271e+00 -3.2114e+00 +4.7352e+00
14 +2.144512890e+02 +2.144512890e+02 -7.855487110e+02 -7.855487110e+02 -4.9593e+00 +7.5633e-01 +4.1579e+00 -3.0717e+00 +5.0000e+00
20 +1.554156542e+02 +1.554156542e+02 -8.445843458e+02 -8.445843458e+02 -4.3918e+00 -2.3205e-01 +5.0000e+00 -2.5322e+00 +4.1634e+00
49 +7.780157627e+01 +7.780157627e+01 -9.221984237e+02 -9.221984237e+02 -3.2896e+00 -2.8631e+00 +5.0000e+00 -9.1016e-01 +3.2252e+00
65 +4.851857358e+01 +4.851857358e+01 -9.514814264e+02 -9.514814264e+02 -3.1514e+00 -2.8358e+00 +4.1875e+00 +1.3038e-02 +2.0666e+00
107 +3.887293592e+01 +3.887293592e+01 -9.611270641e+02 -9.611270641e+02 -3.8331e+00 -2.6138e+00 +4.3539e+00 +8.3867e-01 +8.4356e-01
122 +2.477783921e+01 +2.477783921e+01 -9.752221608e+02 -9.752221608e+02 -3.6681e+00 -2.6866e+00 +4.5658e+00 +8.2719e-01 +4.7376e-02
162 +1.553791394e+01 +1.553791394e+01 -9.844620861e+02 -9.844620861e+02 -2.8370e+00 -2.8873e+00 +4.3183e+00 +1.3198e+00 -2.3215e-01
186 +6.059583598e+00 +6.059583598e+00 -9.939404164e+02 -9.939404164e+02 -1.9487e+00 -3.0216e+00 +3.8633e+00 +3.0922e+00 -1.1988e+00
196 +2.764318759e+00 +2.764318759e+00 -9.972356812e+02 -9.972356812e+02 -8.4992e-01 -2.9850e+00 +3.3390e+00 +3.2788e+00 -4.7086e-01
363 +2.398316046e+00 +2.398316046e+00 -9.976016840e+02 -9.976016840e+02 -8.4072e-01 -3.1218e+00 +3.5752e+00 +3.8871e+00 -9.8898e-01
571 +1.382003320e+00 +1.382003320e+00 -9.986179967e+02 -9.986179967e+02 -8.4091e-01 -3.3142e+00 +3.1640e+00 +3.6052e+00 -7.7696e-01
13286 +7.380923329e-01 +7.380923329e-01 -9.992619077e+02 -9.992619077e+02 -4.8628e-01 -3.3334e+00 +3.0847e+00 +3.7191e+00 -7.0328e-01
31682 +6.254787998e-01 +6.254787998e-01 -9.993745212e+02 -9.993745212e+02 -5.7061e-01 -3.2654e+00 +3.0388e+00 +3.6736e+00 -8.5467e-01
% function evaluation | noise-free fitness - Fopt (1.319200000000e+02) | best noise-free fitness - Fopt | measured fitness | best measured fitness | x1 | x2...
1 +2.042269940e+05 +2.042269940e+05 +2.043589140e+05 +2.043589140e+05 -4.6154e+00 +1.4439e+00 +1.5320e+00 -3.0899e+00 +3.4706e+00
8 +1.315724868e+05 +1.315724868e+05 +1.317044068e+05 +1.317044068e+05 -4.8479e+00 +2.1823e+00 +7.5406e-01 -2.6918e+00 +2.6551e+00
16 +8.929591953e+04 +8.929591953e+04 +8.942783953e+04 +8.942783953e+04 -3.4116e+00 +2.0479e+00 -1.6423e+00 -1.8661e+00 +1.9070e+00
19 +4.851631824e+04 +4.851631824e+04 +4.864823824e+04 +4.864823824e+04 -4.2878e+00 +2.1302e+00 -2.4215e+00 -2.2270e+00 +1.0291e+00
20 +1.876225398e+04 +1.876225398e+04 +1.889417398e+04 +1.889417398e+04 -4.8337e+00 +2.6580e+00 -1.9489e+00 -1.5669e+00 +3.5533e-01
21 +6.323001455e+03 +6.323001455e+03 +6.454921455e+03 +6.454921455e+03 -4.5945e+00 +1.9611e+00 -2.8962e+00 -1.2374e+00 -4.0756e-01
26 +2.092173506e+03 +2.092173506e+03 +2.224093506e+03 +2.224093506e+03 -4.1486e+00 +2.6274e+00 -3.4094e+00 -7.1806e-01 -1.0328e+00
43 +2.500080057e+00 +2.500080057e+00 +1.344200801e+02 +1.344200801e+02 -4.9447e+00 +1.9629e+00 -3.1726e+00 -6.4438e-01 -9.0881e-01
708 +1.064169132e+00 +1.064169132e+00 +1.329841691e+02 +1.329841691e+02 -4.4315e+00 +2.2600e+00 -3.3975e+00 -3.7698e-01 -1.0923e+00
9911 +8.954447239e-01 +8.954447239e-01 +1.328154447e+02 +1.328154447e+02 -4.4997e+00 +1.8316e+00 -3.3210e+00 -5.8027e-01 -1.1211e+00
13523 +3.789596620e-01 +3.789596620e-01 +1.322989597e+02 +1.322989597e+02 -4.2613e+00 +2.0830e+00 -3.4601e+00 -4.1997e-01 -1.2663e+00
46574 +2.034386179e-01 +2.034386179e-01 +1.321234386e+02 +1.321234386e+02 -4.1597e+00 +2.0414e+00 -3.6065e+00 -3.3498e-01 -1.5280e+00
% function evaluation | noise-free fitness - Fopt (5.908400000000e+02) | best noise-free fitness - Fopt | measured fitness | best measured fitness | x1 | x2...
1 +9.942659593e+05 +9.942659593e+05 +9.948567993e+05 +9.948567993e+05 +1.5680e+00 +1.7100e+00 +2.0214e+00 +1.8918e+00 -3.5983e+00
8 +6.253762468e+05 +6.253762468e+05 +6.259670868e+05 +6.259670868e+05 +2.7544e+00 +5.4232e-02 +6.9868e-01 +2.4922e+00 -5.0000e+00
14 +3.223003606e+05 +3.223003606e+05 +3.228912006e+05 +3.228912006e+05 +1.7759e+00 -2.4390e+00 +2.0028e-01 +1.4278e+00 -4.3061e+00
18 +2.200326175e+05 +2.200326175e+05 +2.206234575e+05 +2.206234575e+05 +1.2359e+00 -2.6055e+00 -7.2705e-01 +1.1613e+00 -3.6268e+00
24 +1.125013854e+05 +1.125013854e+05 +1.130922254e+05 +1.130922254e+05 +7.2690e-01 -2.7884e+00 -1.5669e+00 +3.6892e-01 -3.2652e+00
28 +7.062628298e+04 +7.062628298e+04 +7.121712298e+04 +7.121712298e+04 +1.2743e-01 -3.0736e+00 -2.3708e+00 +3.5627e-01 -4.0490e+00
30 +5.607952534e+04 +5.607952534e+04 +5.667036534e+04 +5.667036534e+04 -2.9360e-01 -2.6542e+00 -1.6169e+00 -5.7881e-01 -3.2106e+00
31 +2.892989487e+04 +2.892989487e+04 +2.952073487e+04 +2.952073487e+04 -8.1276e-01 -3.6228e+00 -1.1365e+00 -1.5279e+00 -3.6966e+00
35 +1.939045743e+04 +1.939045743e+04 +1.998129743e+04 +1.998129743e+04 -4.9113e-01 -3.6348e+00 -1.2958e+00 -1.7968e+00 -2.7397e+00
39 +1.485829982e+04 +1.485829982e+04 +1.544913982e+04 +1.544913982e+04 -1.0139e+00 -2.3536e+00 -2.1166e+00 -2.7376e+00 -2.9580e+00
46 +3.710682101e+02 +3.710682101e+02 +9.619082101e+02 +9.619082101e+02 -2.0134e+00 -2.7622e+00 -2.8325e+00 -2.0881e+00 -4.4772e+00
48 +5.620826328e+01 +5.620826328e+01 +6.470482633e+02 +6.470482633e+02 -1.4428e+00 -2.8982e+00 -3.6690e+00 -1.9374e+00 -5.0000e+00
136 +3.108769962e+01 +3.108769962e+01 +6.219276996e+02 +6.219276996e+02 -1.1283e+00 -3.2850e+00 -3.8912e+00 -1.2952e+00 -3.0256e+00
156 +2.222900427e+01 +2.222900427e+01 +6.130690043e+02 +6.130690043e+02 -5.0384e-01 -2.8704e+00 -3.3761e+00 -2.2934e+00 -2.8218e+00
162 +1.247237946e+01 +1.247237946e+01 +6.033123795e+02 +6.033123795e+02 +6.8808e-01 -2.5727e+00 -3.7154e+00 -2.6152e+00 -2.2993e+00
173 +6.961792383e+00 +6.961792383e+00 +5.978017924e+02 +5.978017924e+02 +1.6783e+00 -2.9888e+00 -3.6490e+00 -2.7732e+00 -1.4613e+00
261 +1.953066772e+00 +1.953066772e+00 +5.927930668e+02 +5.927930668e+02 +1.5533e+00 -3.4119e+00 -3.8113e+00 -1.6110e+00 -5.9961e-01
274 +9.106345389e-01 +9.106345389e-01 +5.917506345e+02 +5.917506345e+02 +1.4565e+00 -3.3847e+00 -3.6399e+00 -1.5802e+00 -1.6578e-01
5695 +6.246989969e-01 +6.246989969e-01 +5.914646990e+02 +5.914646990e+02 +1.3856e+00 -3.2980e+00 -3.5891e+00 -1.3790e+00 -6.1059e-01
8339 +3.941878034e-01 +3.941878034e-01 +5.912341878e+02 +5.912341878e+02 +1.5371e+00 -3.2760e+00 -3.3746e+00 -1.5920e+00 -5.0712e-01
% function evaluation | noise-free fitness - Fopt (3.098000000000e+01) | best noise-free fitness - Fopt | measured fitness | best measured fitness | x1 | x2...
1 +1.581857981e+05 +1.581857981e+05 +1.582167781e+05 +1.582167781e+05 +3.8601e-01 +6.1632e-01 -2.0854e+00 -1.7787e+00 +4.0820e+00
5 +8.006107139e+04 +8.006107139e+04 +8.009205139e+04 +8.009205139e+04 +2.2878e+00 -3.2723e-01 -1.5961e+00 -1.5825e+00 +3.6969e+00
15 +5.329958097e+04 +5.329958097e+04 +5.333056097e+04 +5.333056097e+04 +2.4831e+00 -9.8835e-02 +7.7979e-01 -2.6428e+00 +3.5798e+00
16 +2.902291037e+04 +2.902291037e+04 +2.905389037e+04 +2.905389037e+04 +2.8588e+00 -8.1866e-01 +1.2981e+00 -3.0347e+00 +3.5856e+00
17 +1.599627549e+04 +1.599627549e+04 +1.602725549e+04 +1.602725549e+04 +3.0178e+00 -1.2967e+00 +3.0028e-01 -4.0205e+00 +3.4311e+00
18 +1.534303336e+04 +1.534303336e+04 +1.537401336e+04 +1.537401336e+04 +2.0491e+00 -2.1899e+00 -5.5562e-01 -4.8676e+00 +3.3391e+00
22 +7.866854899e+03 +7.866854899e+03 +7.897834899e+03 +7.897834899e+03 +3.3503e+00 -2.6960e+00 -7.6662e-01 -4.6507e+00 +2.2482e+00
25 +3.608480041e+03 +3.608480041e+03 +3.639460041e+03 +3.639460041e+03 +3.5375e+00 -1.5563e+00 +2.6106e-01 -5.0000e+00 +1.4229e+00
33 +2.964289862e+02 +2.964289862e+02 +3.274089862e+02 +3.274089862e+02 +2.8307e+00 -1.5535e+00 -3.9795e-01 -5.0000e+00 +1.2684e+00
42 +1.409871030e+01 +1.409871030e+01 +4.507871030e+01 +4.507871030e+01 +2.5301e+00 -2.1321e+00 -3.6007e-01 -5.0000e+00 +3.8348e-01
96 +6.919443611e+00 +6.919443611e+00 +3.789944361e+01 +3.789944361e+01 +1.9018e+00 -2.5921e+00 -1.4969e+00 -4.6326e+00 +2.6319e-01
146 +6.066287689e+00 +6.066287689e+00 +3.704628769e+01 +3.704628769e+01 +1.2359e+00 -2.6291e+00 -1.9002e+00 -4.3915e+00 -5.8984e-01
169 +3.557376870e+00 +3.557376870e+00 +3.453737687e+01 +3.453737687e+01 +1.5877e+00 -3.1895e+00 -2.1716e+00 -4.2689e+00 -8.6045e-02
191 +2.443177425e+00 +2.443177425e+00 +3.342317742e+01 +3.342317742e+01 +1.7940e+00 -3.0616e+00 -2.1739e+00 -3.8355e+00 +3.2508e-02
1910 +8.879174964e-01 +8.879174964e-01 +3.186791750e+01 +3.186791750e+01 +2.0969e+00 -2.8121e+00 -2.2794e+00 -4.1093e+00 -8.0401e-03
5601 +2.847937852e-01 +2.847937852e-01 +3.126479379e+01 +3.126479379e+01 +2.0161e+00 -2.6074e+00 -2.5662e+00 -3.9488e+00 -7.6465e-02
% function evaluation | noise-free fitness - Fopt (-1.445400000000e+02) | best noise-free fitness - Fopt | measured fitness | best measured fitness | x1 | x2...
1 +5.683953200e+05 +5.683953200e+05 +5.682507800e+05 +5.682507800e+05 -4.0038e-01 +4.7624e+00 -2.1633e+00 +2.4501e+00 -1.4209e+00
10 +3.073878195e+05 +3.073878195e+05 +3.072432795e+05 +3.072432795e+05 +1.4352e-01 +5.0000e+00 -4.6692e+00 +2.2142e+00 -8.0392e-01
12 +1.171770744e+05 +1.171770744e+05 +1.170325344e+05 +1.170325344e+05 -7.6199e-01 +4.0912e+00 -4.6392e+00 +4.5740e-01 -2.3605e-01
13 +3.980274116e+04 +3.980274116e+04 +3.965820116e+04 +3.965820116e+04 -1.5498e+00 +3.6310e+00 -4.3869e+00 -4.3055e-01 +4.4722e-01
18 +7.322593604e+03 +7.322593604e+03 +7.178053604e+03 +7.178053604e+03 -1.7629e+00 +2.0638e+00 -4.4605e+00 -1.6588e+00 +4.2923e-01
20 +1.154353955e+02 +1.154353955e+02 -2.910460454e+01 -2.910460454e+01 -2.6469e+00 +2.9447e+00 -5.0000e+00 -2.4820e+00 +8.1610e-01
21 +6.340653023e+01 +6.340653023e+01 -8.113346977e+01 -8.113346977e+01 -2.8344e+00 +3.0935e+00 -4.6656e+00 -3.0394e+00 +1.0120e+00
25 +6.149331414e+01 +6.149331414e+01 -8.304668586e+01 -8.304668586e+01 -2.0567e+00 +2.9636e+00 -5.0000e+00 -2.4395e+00 +8.1517e-01
46 +2.346754792e+01 +2.346754792e+01 -1.210724521e+02 -1.210724521e+02 -2.2960e+00 +1.2261e+00 -5.0000e+00 -6.1818e-01 +2.4144e+00
137 +7.060013479e+00 +7.060013479e+00 -1.374799865e+02 -1.374799865e+02 -1.8498e+00 +3.4671e-01 -4.1356e+00 -8.7180e-01 +2.0578e+00
273 +6.058807525e+00 +6.058807525e+00 -1.384811925e+02 -1.384811925e+02 -1.9312e+00 +4.6951e-01 -3.9343e+00 -3.9014e-01 +2.2752e+00
342 +2.286620217e+00 +2.286620217e+00 -1.422533798e+02 -1.422533798e+02 -1.7883e+00 -4.1430e-01 -3.8689e+00 +2.6601e-01 +2.6141e+00
950 +1.503763738e+00 +1.503763738e+00 -1.430362363e+02 -1.430362363e+02 -1.2420e+00 -7.0303e-01 -4.0650e+00 -1.0442e-01 +1.8171e+00
1057 +6.479697759e-01 +6.479697759e-01 -1.438920302e+02 -1.438920302e+02 -1.6684e+00 -4.3177e-01 -3.6282e+00 -1.2026e-01 +1.9681e+00
20144 +3.011469655e-01 +3.011469655e-01 -1.442388530e+02 -1.442388530e+02 -1.9870e+00 -5.3628e-01 -3.4615e+00 -5.9222e-02 +2.0648e+00
% function evaluation | noise-free fitness - Fopt (-9.649000000000e+01) | best noise-free fitness - Fopt | measured fitness | best measured fitness | x1 | x2...
1 +8.223319944e+04 +8.223319944e+04 +8.213670944e+04 +8.213670944e+04 +3.0894e+00 +4.4501e+00 +1.3664e-01 +9.1395e-01 -1.6756e+00
6 +6.211884426e+04 +6.211884426e+04 +6.202235426e+04 +6.202235426e+04 +2.2836e+00 +4.9967e+00 -1.8782e-01 +2.1166e+00 -1.5010e+00
9 +2.241268361e+04 +2.241268361e+04 +2.231619361e+04 +2.231619361e+04 +1.6090e+00 +4.9699e+00 -9.2661e-01 +1.4715e+00 -1.1017e+00
10 +8.129442226e+03 +8.129442226e+03 +8.032952226e+03 +8.032952226e+03 +2.2052e+00 +5.0000e+00 -1.8908e+00 +1.9786e+00 -3.0287e-01
12 +6.272559790e+03 +6.272559790e+03 +6.176069790e+03 +6.176069790e+03 +1.8188e+00 +4.9827e+00 -1.2913e+00 +2.5827e+00 +5.0625e-01
16 +3.689891848e+03 +3.689891848e+03 +3.593401848e+03 +3.593401848e+03 +1.3694e+00 +4.1801e+00 -6.1103e-01 +1.7234e+00 +1.0316e+00
17 +1.666104458e+02 +1.666104458e+02 +7.012044576e+01 +7.012044576e+01 +6.5464e-01 +3.3179e+00 -1.2781e+00 +9.0520e-01 +1.6098e+00
26 +1.291214568e+02 +1.291214568e+02 +3.263145677e+01 +3.263145677e+01 -5.4539e-03 +4.3579e+00 -5.2662e-01 +1.0757e+00 +1.9152e+00
74 +9.880899650e+01 +9.880899650e+01 +2.318996499e+00 +2.318996499e+00 -2.3297e-01 +3.8366e+00 +4.4491e-01 +5.4386e-01 +2.5144e+00
80 +6.268829269e+01 +6.268829269e+01 -3.380170731e+01 -3.380170731e+01 -1.1083e-01 +3.1149e+00 +2.7569e-01 -1.2926e+00 +1.3885e+00
105 +3.137850496e+01 +3.137850496e+01 -6.511149504e+01 -6.511149504e+01 -1.2481e+00 +7.3969e-01 +1.6198e+00 +1.3673e-01 +2.1419e+00
109 +1.334002247e+01 +1.334002247e+01 -8.314997753e+01 -8.314997753e+01 -2.8320e+00 +2.4374e+00 +2.1452e+00 +5.3690e-01 +1.7508e+00
155 +5.416268330e+00 +5.416268330e+00 -9.107373167e+01 -9.107373167e+01 -4.0139e+00 +1.0784e+00 +2.3272e+00 +3.0785e-01 +1.6415e+00
174 +3.907730289e+00 +3.907730289e+00 -9.258226971e+01 -9.258226971e+01 -3.1352e+00 +1.6429e+00 +2.4773e+00 -9.3137e-02 +1.5989e+00
614 +2.030024211e+00 +2.030024211e+00 -9.445997579e+01 -9.445997579e+01 -3.0448e+00 +1.4172e+00 +2.6226e+00 -4.8182e-01 +1.6086e+00
3011 +1.373247464e+00 +1.373247464e+00 -9.511675254e+01 -9.511675254e+01 -2.8253e+00 +1.3027e+00 +2.9433e+00 -4.4296e-01 +2.0794e+00
10809 +8.098562071e-01 +8.098562071e-01 -9.568014379e+01 -9.568014379e+01 -2.6885e+00 +1.5827e+00 +2.9689e+00 -6.0338e-01 +2.0071e+00
35941 +6.139660591e-01 +6.139660591e-01 -9.587603394e+01 -9.587603394e+01 -3.2082e+00 +1.5297e+00 +2.8730e+00 -5.5409e-01 +1.7101e+00
39087 +3.976854655e-01 +3.976854655e-01 -9.609231453e+01 -9.609231453e+01 -3.2711e+00 +1.4925e+00 +2.9582e+00 -5.2481e-01 +1.9244e+00
% function evaluation | noise-free fitness - Fopt (1.000000000000e+03) | best noise-free fitness - Fopt | measured fitness | best measured fitness | x1 | x2...
1 +5.939759542e+05 +5.939759542e+05 +5.949759542e+05 +5.949759542e+05 +1.4500e+00 +3.4983e+00 -2.7388e+00 -3.1693e+00 -1.9978e+00
20 +3.189790367e+05 +3.189790367e+05 +3.199790367e+05 +3.199790367e+05 +8.3921e-01 +3.6180e+00 -3.1148e+00 -1.3400e+00 -1.6796e-01
25 +2.474362893e+05 +2.474362893e+05 +2.484362893e+05 +2.484362893e+05 -3.5490e-01 +4.0204e+00 -3.1145e+00 -9.9211e-01 +1.4802e+00
29 +1.031722195e+05 +1.031722195e+05 +1.041722195e+05 +1.041722195e+05 +9.2766e-01 +4.7214e+00 -2.1794e+00 -1.4543e+00 +2.3104e+00
31 +8.165995474e+04 +8.165995474e+04 +8.265995474e+04 +8.265995474e+04 +1.2197e+00 +4.3198e+00 -2.0779e+00 -2.2097e+00 +3.2886e+00
32 +3.342358941e+04 +3.342358941e+04 +3.442358941e+04 +3.442358941e+04 +1.2621e+00 +4.9264e+00 -1.3618e+00 -1.8912e+00 +4.1612e+00
36 +2.572898224e+03 +2.572898224e+03 +3.572898224e+03 +3.572898224e+03 +2.1632e+00 +5.0000e+00 -4.2406e-01 -8.9998e-01 +3.4061e+00
42 +2.278112296e+03 +2.278112296e+03 +3.278112296e+03 +3.278112296e+03 +2.0454e+00 +5.0000e+00 -5.3481e-01 -1.1038e+00 +3.7252e+00
47 +1.325303313e+01 +1.325303313e+01 +1.013253033e+03 +1.013253033e+03 +2.7684e+00 +5.0000e+00 -7.0655e-01 -1.1924e+00 +4.2967e+00
49 +6.222640277e+00 +6.222640277e+00 +1.006222640e+03 +1.006222640e+03 +2.4602e+00 +4.3409e+00 +9.9671e-02 -2.7710e-01 +4.2115e+00
219 +3.454729978e+00 +3.454729978e+00 +1.003454730e+03 +1.003454730e+03 +1.8129e+00 +4.1844e+00 +6.3810e-01 +8.9496e-01 +4.1657e+00
225 +2.236544910e+00 +2.236544910e+00 +1.002236545e+03 +1.002236545e+03 +2.2302e+00 +3.2154e+00 +9.2503e-01 +6.8230e-01 +4.2721e+00
1201 +6.217410177e-01 +6.217410177e-01 +1.000621741e+03 +1.000621741e+03 +1.9882e+00 +3.2636e+00 +8.1786e-01 +1.1207e+00 +3.9279e+00
% function evaluation | noise-free fitness - Fopt (-1.547600000000e+02) | best noise-free fitness - Fopt | measured fitness | best measured fitness | x1 | x2...
1 +3.863386990e+05 +3.863386990e+05 +3.861839390e+05 +3.861839390e+05 +4.1485e+00 +1.1872e+00 +2.5879e+00 +3.7540e+00 -2.9361e+00
8 +2.491239596e+05 +2.491239596e+05 +2.489691996e+05 +2.489691996e+05 +3.8429e+00 -8.3919e-01 +3.6321e+00 +9.0684e-01 -1.2946e+00
22 +1.526495067e+05 +1.526495067e+05 +1.524947467e+05 +1.524947467e+05 +4.4061e+00 -4.9103e-01 +3.0500e+00 +1.9615e+00 +4.1004e-01
31 +7.542950792e+04 +7.542950792e+04 +7.527474792e+04 +7.527474792e+04 +4.4892e+00 -1.4054e+00 +3.3576e+00 +3.2528e+00 +3.0160e+00
36 +6.097338805e+04 +6.097338805e+04 +6.081862805e+04 +6.081862805e+04 +4.2760e+00 -4.9591e-01 +2.6579e+00 +3.1574e+00 +3.1266e+00
42 +2.766899009e+04 +2.766899009e+04 +2.751423009e+04 +2.751423009e+04 +4.8121e+00 +3.2445e-01 +1.9420e+00 +2.2842e+00 +3.7581e+00
43 +1.836134379e+04 +1.836134379e+04 +1.820658379e+04 +1.820658379e+04 +4.2867e+00 +9.0023e-01 +9.7673e-01 +2.3408e+00 +3.5672e+00
46 +9.595849324e+03 +9.595849324e+03 +9.441089324e+03 +9.441089324e+03 +3.8283e+00 +6.8951e-01 +1.7914e+00 +1.8941e+00 +4.2775e+00
47 +5.447689033e+02 +5.447689033e+02 +3.900089033e+02 +3.900089033e+02 +3.6353e+00 +1.5035e+00 +1.5644e+00 +2.4061e+00 +5.0000e+00
49 +2.122701050e+02 +2.122701050e+02 +5.751010500e+01 +5.751010500e+01 +4.3349e+00 +2.3985e+00 +1.2573e+00 +2.0314e+00 +5.0000e+00
59 +2.359611560e+01 +2.359611560e+01 -1.311638844e+02 -1.311638844e+02 +3.6502e+00 +2.7911e+00 +8.3104e-01 +1.7968e+00 +5.0000e+00
141 +1.533246822e+01 +1.533246822e+01 -1.394275318e+02 -1.394275318e+02 +3.1925e+00 +2.9902e+00 +1.7358e+00 +9.0835e-01 +4.7033e+00
361 +9.284350607e+00 +9.284350607e+00 -1.454756494e+02 -1.454756494e+02 +2.2663e+00 +2.3408e+00 +1.2331e+00 -9.4353e-01 +4.5053e+00
385 +5.724269319e+00 +5.724269319e+00 -1.490357307e+02 -1.490357307e+02 +1.4494e+00 +3.0898e+00 +4.7087e-01 -1.0397e+00 +4.4263e+00
386 +3.942712493e+00 +3.942712493e+00 -1.508172875e+02 -1.508172875e+02 +1.9775e+00 +3.0030e+00 +2.8477e-01 -8.9243e-01 +4.0224e+00
984 +1.842133780e+00 +1.842133780e+00 -1.529178662e+02 -1.529178662e+02 +1.1451e+00 +3.3886e+00 -3.8329e-01 -1.9838e+00 +3.7075e+00
3202 +1.459027996e+00 +1.459027996e+00 -1.533009720e+02 -1.533009720e+02 +1.7376e+00 +3.0783e+00 +2.4409e-01 -1.2891e+00 +3.5336e+00
4556 +3.653117182e-01 +3.653117182e-01 -1.543946883e+02 -1.543946883e+02 +1.3950e+00 +2.9563e+00 +8.7175e-02 -2.1082e+00 +3.2995e+00
% function evaluation | noise-free fitness - Fopt (3.914000000000e+01) | best noise-free fitness - Fopt | measured fitness | best measured fitness | x1 | x2...
1 +9.724752438e+05 +9.724752438e+05 +9.725143838e+05 +9.725143838e+05 +4.7608e+00 +6.0409e-01 -2.7387e+00 -3.8357e+00 -4.6126e+00
8 +6.050061736e+05 +6.050061736e+05 +6.050453136e+05 +6.050453136e+05 +4.7064e+00 -1.4807e+00 -3.7223e+00 -5.0000e+00 -2.7238e+00
13 +3.153121578e+05 +3.153121578e+05 +3.153512978e+05 +3.153512978e+05 +2.8813e+00 -2.7048e+00 -4.7589e+00 -5.0000e+00 -1.1031e+00
17 +2.342031810e+05 +2.342031810e+05 +2.342423210e+05 +2.342423210e+05 +2.3672e+00 -2.9349e+00 -5.0000e+00 -5.0000e+00 -2.5652e-01
24 +1.378057382e+05 +1.378057382e+05 +1.378448782e+05 +1.378448782e+05 +7.5187e-03 -1.5342e+00 -4.7937e+00 -2.7435e+00 -1.0546e+00
28 +7.419289961e+04 +7.419289961e+04 +7.423203961e+04 +7.423203961e+04 +9.0277e-02 -2.4606e+00 -4.0313e+00 +4.7289e-02 -2.6008e-01
30 +6.153334105e+04 +6.153334105e+04 +6.157248105e+04 +6.157248105e+04 +5.6062e-01 -1.7339e+00 -3.3702e+00 +1.3784e-01 +6.6787e-01
38 +3.862705362e+04 +3.862705362e+04 +3.866619362e+04 +3.866619362e+04 -1.3412e-01 -2.1944e+00 -4.1458e+00 -1.7190e-01 +4.6902e-01
40 +1.717603576e+04 +1.717603576e+04 +1.721517576e+04 +1.721517576e+04 -8.8013e-01 -1.2203e+00 -4.6756e+00 +2.2832e-01 +1.1973e+00
53 +6.292928114e+03 +6.292928114e+03 +6.332068114e+03 +6.332068114e+03 -8.7859e-01 -1.9004e+00 -4.4045e+00 +7.6476e-01 +1.5715e+00
54 +2.213862561e+03 +2.213862561e+03 +2.253002561e+03 +2.253002561e+03 -4.9829e-01 -2.4971e+00 -4.7585e+00 +3.2895e-01 +2.0155e+00
57 +1.341924510e+03 +1.341924510e+03 +1.381064510e+03 +1.381064510e+03 -7.5426e-01 -2.7700e+00 -5.0000e+00 +8.7198e-01 +2.3730e+00
58 +5.255820930e+01 +5.255820930e+01 +9.169820930e+01 +9.169820930e+01 -1.2993e+00 -2.4373e+00 -5.0000e+00 +2.9757e-01 +3.0544e+00
59 +3.930998780e+01 +3.930998780e+01 +7.844998780e+01 +7.844998780e+01 -1.7321e+00 -1.8696e+00 -4.1603e+00 +7.5050e-01 +2.8719e+00
109 +1.944033454e+01 +1.944033454e+01 +5.858033454e+01 +5.858033454e+01 -2.4971e+00 -2.1888e+00 -1.4593e+00 +3.2156e+00 +4.0790e+00
115 +1.416262565e+01 +1.416262565e+01 +5.330262565e+01 +5.330262565e+01 -2.0883e+00 -2.9383e+00 -2.1346e+00 +2.9637e+00 +3.4100e+00
133 +7.626226261e+00 +7.626226261e+00 +4.676622626e+01 +4.676622626e+01 -1.7412e+00 -2.0431e+00 -1.8387e+00 +1.3416e+00 +2.9481e+00
193 +4.598057128e+00 +4.598057128e+00 +4.373805713e+01 +4.373805713e+01 -2.0794e+00 -2.0069e+00 -1.1737e+00 +1.7534e+00 +2.8776e+00
301 +3.838733825e+00 +3.838733825e+00 +4.297873382e+01 +4.297873382e+01 -1.3151e+00 -2.3273e+00 -1.3397e+00 +1.9989e+00 +3.2156e+00
391 +1.826470665e+00 +1.826470665e+00 +4.096647067e+01 +4.096647067e+01 -1.4666e+00 -2.6907e+00 -9.4851e-01 +1.8328e+00 +3.2418e+00
720 +1.456082016e+00 +1.456082016e+00 +4.059608202e+01 +4.059608202e+01 -1.7707e+00 -2.5568e+00 -6.9657e-01 +1.8139e+00 +3.1568e+00
2515 +9.308814809e-01 +9.308814809e-01 +4.007088148e+01 +4.007088148e+01 -1.5760e+00 -2.3343e+00 -7.4660e-01 +1.8092e+00 +2.9279e+00
9655 +4.479471406e-01 +4.479471406e-01 +3.958794714e+01 +3.958794714e+01 -1.6199e+00 -2.5216e+00 -7.4633e-01 +1.6184e+00 +2.8278e+00
% function evaluation | noise-free fitness - Fopt (-1.186000000000e+01) | best noise-free fitness - Fopt | measured fitness | best measured fitness | x1 | x2...
1 +3.331548212e+04 +3.331548212e+04 +3.330362212e+04 +3.330362212e+04 +4.2157e+00 -3.1437e+00 -2.8723e+00 -2.3982e+00 +3.6523e+00
8 +2.160017812e+04 +2.160017812e+04 +2.158831812e+04 +2.158831812e+04 +5.0000e+00 -2.7189e+00 -2.4065e+00 -2.3186e+00 +3.8855e+00
11 +1.277558312e+04 +1.277558312e+04 +1.276372312e+04 +1.276372312e+04 +4.2278e+00 -3.4638e+00 -1.2374e+00 -6.4797e-01 +1.5946e+00
17 +8.939345155e+03 +8.939345155e+03 +8.927485155e+03 +8.927485155e+03 +4.9953e+00 -3.5328e+00 -2.8708e-01 +9.5225e-01 +1.2209e+00
19 +1.017816262e+03 +1.017816262e+03 +1.005956262e+03 +1.005956262e+03 +5.0000e+00 -4.2437e+00 -1.1462e+00 +1.7737e+00 +2.8166e-01
26 +4.421912174e+02 +4.421912174e+02 +4.303312174e+02 +4.303312174e+02 +5.0000e+00 -3.6797e+00 -1.1618e+00 +1.5743e+00 +5.6750e-01
30 +2.616587899e+02 +2.616587899e+02 +2.497987899e+02 +2.497987899e+02 +5.0000e+00 -4.4769e+00 -9.1429e-01 +1.3329e+00 +3.4213e-01
51 +2.174480734e+02 +2.174480734e+02 +2.055880734e+02 +2.055880734e+02 +4.8937e+00 -4.0049e+00 -1.2026e+00 +4.0141e-01 +6.4519e-01
94 +1.565355287e+02 +1.565355287e+02 +1.446755287e+02 +1.446755287e+02 +4.8896e+00 -3.1666e+00 -1.5771e+00 -1.0238e-01 +3.2031e-03
132 +6.897951443e+01 +6.897951443e+01 +5.711951443e+01 +5.711951443e+01 +4.0452e+00 -2.4223e+00 -1.8638e+00 -1.6965e+00 +1.7056e-01
135 +5.345054277e+01 +5.345054277e+01 +4.159054277e+01 +4.159054277e+01 +4.6362e+00 -1.5736e+00 -1.9036e+00 -1.4125e+00 +9.4761e-01
155 +3.957730780e+01 +3.957730780e+01 +2.771730780e+01 +2.771730780e+01 +4.9190e+00 +1.7262e+00 -6.3626e-01 -1.5881e+00 +8.0343e-01
178 +2.289296246e+01 +2.289296246e+01 +1.103296246e+01 +1.103296246e+01 +4.4188e+00 +2.5910e+00 -1.4399e+00 -1.5329e+00 +8.6262e-01
180 +1.202810757e+01 +1.202810757e+01 +1.681075740e-01 +1.681075740e-01 +3.8481e+00 +1.6337e+00 -2.3826e+00 -1.9745e+00 +1.5648e+00
242 +7.224199564e+00 +7.224199564e+00 -4.635800436e+00 -4.635800436e+00 +3.9463e+00 +2.2729e+00 -2.5127e+00 -2.8996e+00 +1.6700e+00
283 +3.902142059e+00 +3.902142059e+00 -7.957857941e+00 -7.957857941e+00 +4.0360e+00 +3.1659e+00 -2.4584e+00 -3.8488e+00 +2.5341e+00
323 +7.459500895e-01 +7.459500895e-01 -1.111404991e+01 -1.111404991e+01 +3.3707e+00 +2.9522e+00 -2.7386e+00 -3.6022e+00 +2.4189e+00
15616 +4.462383736e-01 +4.462383736e-01 -1.141376163e+01 -1.141376163e+01 +3.0118e+00 +2.8557e+00 -2.6277e+00 -3.4901e+00 +2.1065e+00
32408 +3.224935380e-01 +3.224935380e-01 -1.153750646e+01 -1.153750646e+01 +3.1573e+00 +2.5474e+00 -2.7848e+00 -3.4334e+00 +2.4623e+00
% function evaluation | noise-free fitness - Fopt (7.068000000000e+01) | best noise-free fitness - Fopt | measured fitness | best measured fitness | x1 | x2...
1 +5.446632886e+05 +5.446632886e+05 +5.447339686e+05 +5.447339686e+05 -2.6320e+00 -4.2623e+00 -1.5570e+00 +1.8060e+00 -4.8737e+00
5 +3.857616931e+05 +3.857616931e+05 +3.858323731e+05 +3.858323731e+05 -1.5251e+00 -3.8781e+00 -5.1816e-01 +3.1915e+00 -5.0000e+00
9 +1.805733838e+05 +1.805733838e+05 +1.806440638e+05 +1.806440638e+05 -1.3532e+00 -1.8453e+00 -2.1596e+00 +5.0000e+00 -3.2785e+00
13 +1.308605916e+05 +1.308605916e+05 +1.309312716e+05 +1.309312716e+05 -1.1147e+00 -7.2613e-01 -3.3899e+00 +4.5584e+00 -3.0778e+00
14 +8.994812995e+04 +8.994812995e+04 +9.001880995e+04 +9.001880995e+04 -5.6011e-01 -2.3602e-01 -3.1017e+00 +5.0000e+00 -2.7116e+00
20 +4.750634130e+04 +4.750634130e+04 +4.757702130e+04 +4.757702130e+04 +8.8541e-01 +4.2496e-02 -3.0169e+00 +4.7613e+00 -1.4690e+00
21 +3.496387757e+04 +3.496387757e+04 +3.503455757e+04 +3.503455757e+04 +6.2704e-01 +7.5229e-01 -3.2777e+00 +4.4808e+00 -1.5591e+00
29 +1.649165105e+04 +1.649165105e+04 +1.656233105e+04 +1.656233105e+04 -3.1225e-01 +4.2351e-01 -2.1690e+00 +4.1128e+00 -3.4237e-02
32 +1.499648764e+04 +1.499648764e+04 +1.506716764e+04 +1.506716764e+04 +6.0752e-01 -4.0846e-01 -2.8333e+00 +4.4219e+00 +5.2112e-01
34 +4.183058757e+03 +4.183058757e+03 +4.253738757e+03 +4.253738757e+03 +4.4318e-02 +1.1146e+00 -2.9975e+00 +3.6157e+00 +4.9357e-01
36 +5.029607203e+01 +5.029607203e+01 +1.209760720e+02 +1.209760720e+02 +5.8203e-01 +8.9960e-01 -2.7280e+00 +4.4250e+00 +1.4691e+00
43 +2.373051698e+01 +2.373051698e+01 +9.441051698e+01 +9.441051698e+01 -2.6811e-02 +2.4324e+00 -2.2400e+00 +3.9167e+00 +1.2199e+00
116 +1.176641949e+01 +1.176641949e+01 +8.244641949e+01 +8.244641949e+01 +1.3463e-01 +2.1478e+00 -1.8840e+00 +1.7512e+00 +4.1978e-01
117 +6.656558223e+00 +6.656558223e+00 +7.733655822e+01 +7.733655822e+01 -6.1260e-01 +2.8362e+00 -1.9638e+00 +1.3403e+00 +1.1346e+00
118 +4.112099191e+00 +4.112099191e+00 +7.479209919e+01 +7.479209919e+01 +2.1979e-01 +3.2671e+00 -2.5913e+00 +6.2033e-01 +9.4136e-01
138 +3.913509930e+00 +3.913509930e+00 +7.459350993e+01 +7.459350993e+01 -1.6453e-01 +3.4486e+00 -2.6248e+00 +8.4736e-01 +8.3937e-01
327 +9.093096571e-01 +9.093096571e-01 +7.158930966e+01 +7.158930966e+01 -2.0288e-01 +3.2952e+00 -2.1618e+00 +9.3346e-01 +1.7363e-01
9771 +3.777759444e-01 +3.777759444e-01 +7.105777594e+01 +7.105777594e+01 -2.5846e-01 +3.3685e+00 -2.1075e+00 +6.8567e-01 +1.0751e-01
% function evaluation | noise-free fitness - Fopt (-6.260000000000e+00) | best noise-free fitness - Fopt | measured fitness | best measured fitness | x1 | x2...
1 +5.750510459e+05 +5.750510459e+05 +5.750447859e+05 +5.750447859e+05 +2.2430e+00 -3.0382e+00 +4.4223e+00 +2.8616e+00 -2.4218e+00
5 +3.394761975e+05 +3.394761975e+05 +3.394699375e+05 +3.394699375e+05 +1.9548e+00 -3.3182e+00 +2.6877e+00 +3.0040e+00 -2.4946e+00
14 +1.912745063e+05 +1.912745063e+05 +1.912682463e+05 +1.912682463e+05 +1.1184e+00 -4.9407e+00 +1.6646e+00 +1.4448e+00 -2.1011e+00
19 +7.498858363e+04 +7.498858363e+04 +7.498232363e+04 +7.498232363e+04 +8.3551e-01 -4.2714e+00 +1.3686e-01 +3.3755e-01 -2.4511e+00
20 +6.286222273e+04 +6.286222273e+04 +6.285596273e+04 +6.285596273e+04 +5.5755e-01 -4.8000e+00 +8.4257e-02 +1.5478e-01 -1.8087e+00
25 +3.805127374e+04 +3.805127374e+04 +3.804501374e+04 +3.804501374e+04 +1.3777e+00 -3.9317e+00 -7.1975e-01 +3.8462e-01 -7.7197e-01
26 +8.380515771e+03 +8.380515771e+03 +8.374255771e+03 +8.374255771e+03 +8.2402e-01 -4.2086e+00 -1.3266e+00 -1.5643e-01 -1.9065e-01
27 +6.274528041e+03 +6.274528041e+03 +6.268268041e+03 +6.268268041e+03 +5.4764e-01 -4.9159e+00 -9.8881e-01 -1.0408e+00 +2.9161e-01
30 +1.503331059e+01 +1.503331059e+01 +8.773310587e+00 +8.773310587e+00 +1.9294e-01 -3.9802e+00 -1.5779e+00 -7.1430e-01 +2.8946e-01
111 +8.277437153e+00 +8.277437153e+00 +2.017437153e+00 +2.017437153e+00 -1.0300e+00 -3.2328e+00 -9.5527e-01 -7.4570e-01 +7.8077e-01
129 +3.269681285e+00 +3.269681285e+00 -2.990318715e+00 -2.990318715e+00 -5.0600e-01 -3.0006e+00 -1.2071e+00 -1.0320e+00 +7.6487e-01
827 +1.788268532e+00 +1.788268532e+00 -4.471731468e+00 -4.471731468e+00 -5.5777e-01 -2.3502e+00 -1.6233e+00 -1.4210e+00 +7.3051e-01
1123 +7.598359596e-01 +7.598359596e-01 -5.500164040e+00 -5.500164040e+00 -3.5870e-02 -2.2997e+00 -1.4844e+00 -9.6954e-01 +7.3572e-01
3755 +4.476347674e-01 +4.476347674e-01 -5.812365233e+00 -5.812365233e+00 -4.4812e-02 -2.2614e+00 -1.5918e+00 -1.1342e+00 +6.6245e-01
16613 +2.742993384e-01 +2.742993384e-01 -5.985700662e+00 -5.985700662e+00 +5.2744e-02 -2.0360e+00 -1.5859e+00 -1.0670e+00 +5.2676e-01
% function evaluation | noise-free fitness - Fopt (1.838600000000e+02) | best noise-free fitness - Fopt | measured fitness | best measured fitness | x1 | x2...
1 +1.777115750e+05 +1.777115750e+05 +1.778954350e+05 +1.778954350e+05 -1.7397e+00 +4.3004e-01 +3.7953e+00 +1.4759e+00 -2.5336e+00
2 +1.125620042e+05 +1.125620042e+05 +1.127458642e+05 +1.127458642e+05 -1.7523e+00 +2.5730e-01 +2.8921e+00 +4.9283e-01 -2.5420e+00
7 +8.878626759e+04 +8.878626759e+04 +8.897012759e+04 +8.897012759e+04 -1.2196e+00 -9.4771e-01 +3.4297e+00 +6.9550e-01 -1.9931e+00
8 +6.165765535e+04 +6.165765535e+04 +6.184151535e+04 +6.184151535e+04 -3.5861e-01 -1.4147e+00 +3.1247e+00 +4.1333e-01 -2.0116e+00
13 +2.659220171e+04 +2.659220171e+04 +2.677606171e+04 +2.677606171e+04 -1.6087e+00 -2.1175e-01 +7.2911e-01 +4.9164e-01 -9.4765e-01
19 +6.193513951e+03 +6.193513951e+03 +6.377373951e+03 +6.377373951e+03 -7.2336e-01 -5.5049e-01 +2.8159e-01 -2.3558e-01 -1.6496e-01
20 +1.954264855e+03 +1.954264855e+03 +2.138124855e+03 +2.138124855e+03 -2.4231e-01 -1.3028e+00 +1.5888e-01 -7.4392e-01 +4.1056e-01
21 +2.514145957e+02 +2.514145957e+02 +4.352745957e+02 +4.352745957e+02 -1.1411e+00 -5.8168e-01 -2.5400e-01 -1.1169e+00 +1.2151e+00
23 +7.708204865e+01 +7.708204865e+01 +2.609420487e+02 +2.609420487e+02 -2.1960e-01 -1.8115e-01 -1.7914e-01 -1.1834e+00 +5.2546e-01
27 +5.260963155e+01 +5.260963155e+01 +2.364696315e+02 +2.364696315e+02 +4.1392e-01 -5.3883e-01 -5.0294e-01 -1.1107e+00 +1.0019e+00
56 +3.814552429e+01 +3.814552429e+01 +2.220055243e+02 +2.220055243e+02 +2.0826e+00 -9.3261e-01 +4.9465e-01 -1.2395e+00 +8.9076e-01
127 +1.592964042e+01 +1.592964042e+01 +1.997896404e+02 +1.997896404e+02 +1.3073e+00 -2.2831e+00 +1.3785e+00 -1.4818e+00 +1.3648e+00
130 +1.536957170e+01 +1.536957170e+01 +1.992295717e+02 +1.992295717e+02 +8.1889e-01 -3.0425e+00 +1.5198e+00 -6.9874e-01 +2.1737e+00
193 +8.809874765e+00 +8.809874765e+00 +1.926698748e+02 +1.926698748e+02 +1.7767e+00 -3.3740e+00 +2.1970e+00 -1.0586e+00 +2.0955e+00
244 +4.883566906e+00 +4.883566906e+00 +1.887435669e+02 +1.887435669e+02 +1.2593e+00 -3.5362e+00 +2.8524e+00 -7.9932e-01 +2.1412e+00
262 +2.773680192e+00 +2.773680192e+00 +1.866336802e+02 +1.866336802e+02 +7.4546e-01 -3.7862e+00 +2.9930e+00 -1.4186e+00 +2.2086e+00
386 +1.705162063e+00 +1.705162063e+00 +1.855651621e+02 +1.855651621e+02 +7.9704e-01 -3.3678e+00 +3.3059e+00 -1.1535e+00 +1.8178e+00
776 +7.282158147e-01 +7.282158147e-01 +1.845882158e+02 +1.845882158e+02 +7.4834e-01 -3.5097e+00 +3.6420e+00 -1.3472e+00 +1.9852e+00
1258 +4.443678447e-01 +4.443678447e-01 +1.843043678e+02 +1.843043678e+02 +4.9474e-01 -3.4868e+00 +3.6734e+00 -1.4566e+00 +2.1954e+00
36474 +3.734281995e-01 +3.734281995e-01 +1.842334282e+02 +1.842334282e+02 +5.1893e-01 -3.7212e+00 +3.6387e+00 -1.3846e+00 +2.3291e+00
