% function evaluation | noise-free fitness - Fopt (-1.694000000000e+01) | best noise-free fitness - Fopt | measured fitness | best measured fitness | x1 | x2...
1 +7.449764708e+01 +7.449764708e+01 +5.755764708e+01 +5.755764708e+01 +3.1472e+00 +4.0579e+00 -3.7301e+00 +4.1338e+00 +1.3236e+00 -4.0246e+00 -2.2150e+00 +4.6882e-01 +4.5751e+00 +4.6489e+00
75 +6.101935431e+01 +6.101935431e+01 +4.407935431e+01 +4.407935431e+01 +4.5163e+00 +4.2484e-01 +2.0558e-01 +7.2310e-01 +9.0525e-01 -3.8569e+00 +4.7871e-01 -3.8602e+00 -8.2256e-01 -2.8776e+00
90 +3.718787739e+01 +3.718787739e+01 +2.024787739e+01 +2.024787739e+01 +3.9961e+00 +2.6505e+00 -2.8175e+00 +3.7766e+00 +4.3401e+00 -4.6555e+00 +6.8824e-01 -3.0609e-01 +3.2039e+00 -1.6288e+00
255 +2.124846879e+01 +2.124846879e+01 +4.308468785e+00 +4.308468785e+00 +3.8570e+00 +6.4488e-01 -8.2816e-01 -1.4341e-01 +1.4098e+00 -3.1231e+00 +1.6083e+00 -4.8807e+00 -1.4350e+00 +5.2171e-01
668 +8.473487488e+00 +8.473487488e+00 -8.466512512e+00 -8.466512512e+00 +3.4176e+00 +2.4460e+00 -2.6911e+00 +2.0282e+00 +1.6888e+00 -2.4560e+00 +3.4287e+00 -2.3678e+00 +3.3930e-01 -1.7987e+00
1177 +5.359019739e+00 +5.359019739e+00 -1.158098026e+01 -1.158098026e+01 +3.3341e+00 +2.2372e+00 -1.9250e+00 +1.0712e+00 +1.2997e+00 -2.3045e+00 +3.2174e+00 -1.6864e+00 +1.8424e-01 -2.1903e+00
1734 +3.819805243e+00 +3.819805243e+00 -1.312019476e+01 -1.312019476e+01 +3.2373e+00 +2.4392e+00 -1.3904e+00 +1.7107e+00 +1.6648e+00 -2.2939e+00 +3.7942e+00 -1.9443e+00 +1.4821e-01 -2.2559e+00
2924 +2.214400611e+00 +2.214400611e+00 -1.472559939e+01 -1.472559939e+01 +3.3845e+00 +2.4244e+00 -1.8519e+00 +1.6829e+00 +1.3956e+00 -2.4407e+00 +3.2534e+00 -2.3303e+00 +1.0076e-02 -2.2501e+00
3904 +1.074881994e+00 +1.074881994e+00 -1.586511801e+01 -1.586511801e+01 +3.6688e+00 +2.5400e+00 -1.5945e+00 +1.5013e+00 +1.3938e+00 -1.9670e+00 +3.6027e+00 -2.3607e+00 -2.6503e-01 -1.9268e+00
4232 +7.996173020e-01 +7.996173020e-01 -1.614038270e+01 -1.614038270e+01 +3.6296e+00 +2.5071e+00 -1.5807e+00 +1.5030e+00 +1.3969e+00 -1.9556e+00 +3.3645e+00 -2.4715e+00 -2.6115e-01 -1.9035e+00
4664 +6.122955899e-01 +6.122955899e-01 -1.632770441e+01 -1.632770441e+01 +3.5851e+00 +2.5400e+00 -1.4091e+00 +1.5013e+00 +1.2897e+00 -1.9670e+00 +3.5011e+00 -2.3345e+00 -2.6503e-01 -1.9268e+00
% function evaluation | noise-free fitness - Fopt (1.881000000000e+01) | best noise-free fitness - Fopt | measured fitness | best measured fitness | x1 | x2...
1 +1.480826393e+02 +1.480826393e+02 +1.668926393e+02 +1.668926393e+02 +3.1472e+00 +4.0579e+00 -3.7301e+00 +4.1338e+00 +1.3236e+00 -4.0246e+00 -2.2150e+00 +4.6882e-01 +4.5751e+00 +4.6489e+00
6 +9.985358237e+01 +9.985358237e+01 +1.186635824e+02 +1.186635824e+02 -2.2397e+00 +1.7970e+00 +1.5510e+00 -3.3739e+00 -3.8100e+00 -1.6359e-02 +4.5974e+00 -1.5961e+00 +8.5268e-01 -2.7619e+00
9 +3.742658239e+01 +3.742658239e+01 +5.623658239e+01 +5.623658239e+01 -1.4834e+00 +3.3083e+00 +8.5264e-01 +4.9724e-01 +4.1719e+00 -2.1416e+00 +2.5720e+00 +2.5373e+00 -1.1955e+00 +6.7822e-01
174 +2.043015796e+01 +2.043015796e+01 +3.924015796e+01 +3.924015796e+01 +4.6442e+00 +4.1065e+00 +1.0962e+00 +1.4256e-01 -1.9231e+00 -1.8363e+00 -6.4703e-01 +2.2533e+00 -1.1921e+00 +5.6010e-01
388 +1.510679735e+01 +1.510679735e+01 +3.391679735e+01 +3.391679735e+01 +8.5928e-01 +9.5745e-01 +2.6104e+00 -2.3835e-01 +2.2560e+00 -1.3605e+00 +1.5664e+00 -3.2667e+00 +3.9880e-01 +2.9258e+00
855 +8.655987393e+00 +8.655987393e+00 +2.746598739e+01 +2.746598739e+01 +1.4210e+00 +2.0315e+00 +7.2509e-01 +7.8643e-01 +2.7179e+00 -3.0988e+00 -4.0243e-01 +6.8001e-02 -2.8921e-01 +3.3117e+00
1751 +5.201700106e+00 +5.201700106e+00 +2.401170011e+01 +2.401170011e+01 +1.1564e+00 +2.0605e+00 +1.0565e+00 +6.2227e-01 +2.4623e+00 -2.3714e+00 -1.6168e+00 +2.3284e+00 -8.3946e-01 +1.6077e+00
2810 +3.455242884e+00 +3.455242884e+00 +2.226524288e+01 +2.226524288e+01 +1.3212e+00 +2.7707e+00 +4.5899e-02 +6.7502e-01 +1.8144e+00 -2.6793e+00 -8.8508e-01 +1.9481e+00 -8.8683e-01 +2.6934e+00
2966 +2.368507276e+00 +2.368507276e+00 +2.117850728e+01 +2.117850728e+01 +1.4065e+00 +2.7576e+00 +3.2895e-01 +5.8961e-01 +2.0089e+00 -2.7133e+00 -7.4242e-01 +1.4646e+00 -7.8790e-01 +2.2853e+00
4057 +1.471224363e+00 +1.471224363e+00 +2.028122436e+01 +2.028122436e+01 +1.4936e+00 +2.9307e+00 +5.2727e-01 +5.7570e-01 +1.9256e+00 -3.0944e+00 -5.4714e-01 +1.5153e+00 -8.9823e-01 +2.1488e+00
% function evaluation | noise-free fitness - Fopt (2.731500000000e+02) | best noise-free fitness - Fopt | measured fitness | best measured fitness | x1 | x2...
1 +6.311962129e+02 +6.311962129e+02 +9.043462129e+02 +9.043462129e+02 +3.1472e+00 +4.0579e+00 -3.7301e+00 +4.1338e+00 +1.3236e+00 -4.0246e+00 -2.2150e+00 +4.6882e-01 +4.5751e+00 +4.6489e+00
2 +5.432123143e+01 +5.432123143e+01 +3.274712314e+02 +3.274712314e+02 -3.4239e+00 +4.7059e+00 +4.5717e+00 -1.4624e-01 +3.0028e+00 -3.5811e+00 -7.8239e-01 +4.1574e+00 +2.9221e+00 +4.5949e+00
9 +3.113685929e+01 +3.113685929e+01 +3.042868593e+02 +3.042868593e+02 -1.4834e+00 +3.3083e+00 +8.5264e-01 +4.9724e-01 +4.1719e+00 -2.1416e+00 +2.5720e+00 +2.5373e+00 -1.1955e+00 +6.7822e-01
213 +1.627973140e+01 +1.627973140e+01 +2.894297314e+02 +2.894297314e+02 -4.5371e+00 +4.6190e+00 -5.6090e-01 +2.7491e+00 +8.2014e-01 -3.9973e+00 -2.9387e+00 -8.5143e-02 -2.4013e+00 +3.0007e+00
459 +1.423311098e+01 +1.423311098e+01 +2.873831110e+02 +2.873831110e+02 -3.9016e+00 +3.4725e+00 -1.4979e+00 +2.4639e+00 -3.5994e-01 -3.2784e+00 +9.6999e-01 -1.8804e+00 -1.9781e+00 +3.7121e+00
741 +8.457943214e+00 +8.457943214e+00 +2.816079432e+02 +2.816079432e+02 -3.4296e+00 +3.4189e+00 -2.4279e-01 +2.9060e+00 +2.3795e+00 -4.0261e+00 -1.1045e+00 -2.6637e+00 -2.7141e+00 +3.1687e+00
917 +5.210025126e+00 +5.210025126e+00 +2.783600251e+02 +2.783600251e+02 -3.8596e+00 +3.2579e+00 -4.1294e-01 +3.0526e+00 +1.3277e+00 -4.4153e+00 -5.3725e-01 -1.6965e+00 -2.4060e+00 +3.8999e+00
1273 +3.869593243e+00 +3.869593243e+00 +2.770195932e+02 +2.770195932e+02 -3.3505e+00 +3.4269e+00 -6.1794e-01 +2.9025e+00 +1.6941e+00 -4.4805e+00 -1.2188e+00 -1.5962e+00 -2.2936e+00 +2.7413e+00
1740 +1.902011559e+00 +1.902011559e+00 +2.750520116e+02 +2.750520116e+02 -3.5784e+00 +3.6254e+00 -7.7862e-01 +3.2334e+00 +1.4661e+00 -4.0332e+00 -8.7308e-01 -1.4130e+00 -2.4755e+00 +2.9514e+00
2529 +1.397671432e+00 +1.397671432e+00 +2.745476714e+02 +2.745476714e+02 -3.5392e+00 +3.3506e+00 -2.3459e-01 +2.8506e+00 +1.5576e+00 -4.0507e+00 -9.3703e-01 -1.1468e+00 -2.1454e+00 +3.2737e+00
2922 +9.032387426e-01 +9.032387426e-01 +2.740532387e+02 +2.740532387e+02 -3.6544e+00 +3.3652e+00 -3.7848e-01 +2.8653e+00 +1.5098e+00 -4.0859e+00 -1.0910e+00 -1.1933e+00 -2.2039e+00 +3.1545e+00
3770 +6.040412450e-01 +6.040412450e-01 +2.737540412e+02 +2.737540412e+02 -3.5046e+00 +3.4590e+00 -4.0653e-01 +2.8808e+00 +1.7963e+00 -4.1211e+00 -9.6116e-01 -1.1847e+00 -2.1943e+00 +3.1437e+00
4507 +2.767650895e-01 +2.767650895e-01 +2.734267651e+02 +2.734267651e+02 -3.5034e+00 +3.4780e+00 -3.5726e-01 +2.9188e+00 +1.6374e+00 -4.0775e+00 -9.7610e-01 -1.1786e+00 -2.2514e+00 +3.0916e+00
% function evaluation | noise-free fitness - Fopt (3.718000000000e+01) | best noise-free fitness - Fopt | measured fitness | best measured fitness | x1 | x2...
1 +3.034980293e+02 +3.034980293e+02 +3.406780293e+02 +3.406780293e+02 +3.1472e+00 +4.0579e+00 -3.7301e+00 +4.1338e+00 +1.3236e+00 -4.0246e+00 -2.2150e+00 +4.6882e-01 +4.5751e+00 +4.6489e+00
2 +1.402130903e+02 +1.402130903e+02 +1.773930903e+02 +1.773930903e+02 -3.4239e+00 +4.7059e+00 +4.5717e+00 -1.4624e-01 +3.0028e+00 -3.5811e+00 -7.8239e-01 +4.1574e+00 +2.9221e+00 +4.5949e+00
5 +5.694747692e+01 +5.694747692e+01 +9.412747692e+01 +9.412747692e+01 -6.1256e-01 -1.1844e+00 +2.6552e+00 +2.9520e+00 -3.1313e+00 -1.0236e-01 -5.4414e-01 +1.4631e+00 +2.0936e+00 +2.5469e+00
34 +3.106393984e+01 +3.106393984e+01 +6.824393984e+01 +6.824393984e+01 -2.0802e+00 -6.8349e-01 -4.8451e+00 +4.8406e+00 -3.3283e+00 -3.9378e+00 -1.2759e+00 -3.0188e+00 -1.0312e-01 -1.6051e+00
195 +1.819256417e+01 +1.819256417e+01 +5.537256417e+01 +5.537256417e+01 -2.8324e+00 -5.7135e-01 +2.0558e-01 +3.7520e+00 -3.2422e+00 -3.2078e+00 -2.5139e+00 -2.9108e+00 -8.2256e-01 +1.5640e+00
401 +1.520869583e+01 +1.520869583e+01 +5.238869583e+01 +5.238869583e+01 -5.0448e+00 +5.5703e-02 +2.8516e+00 +3.3322e+00 -3.6442e+00 -2.6463e+00 -3.1123e+00 -1.2539e+00 -2.5606e+00 +1.6094e+00
605 +9.390950236e+00 +9.390950236e+00 +4.657095024e+01 +4.657095024e+01 -3.6684e+00 -7.8579e-02 +2.6961e+00 +2.6349e+00 -3.1313e+00 -2.6688e+00 -1.9394e+00 -1.4218e+00 -2.4775e+00 +1.4092e+00
1098 +6.278081993e+00 +6.278081993e+00 +4.345808199e+01 +4.345808199e+01 -4.5077e+00 +4.8892e-01 +2.4048e+00 +2.1048e+00 -3.6162e+00 -2.7924e+00 -1.5336e+00 -1.4806e+00 -2.4497e+00 +2.0130e+00
2440 +3.852441877e+00 +3.852441877e+00 +4.103244188e+01 +4.103244188e+01 -3.4801e+00 +5.0604e-01 +3.2537e-01 +3.1572e+00 -3.0277e+00 -1.5107e+00 -1.5946e-01 -3.5352e+00 -2.2271e+00 +1.9293e+00
4673 +2.425985041e+00 +2.425985041e+00 +3.960598504e+01 +3.960598504e+01 -3.5713e+00 +1.0630e+00 +4.9727e-01 +2.9437e+00 -3.1312e+00 -1.6393e+00 -1.9614e-01 -3.2887e+00 -1.8673e+00 +2.2739e+00
% function evaluation | noise-free fitness - Fopt (-1.479000000000e+02) | best noise-free fitness - Fopt | measured fitness | best measured fitness | x1 | x2...
1 +1.136747618e+02 +1.136747618e+02 -3.422523816e+01 -3.422523816e+01 +3.1472e+00 +4.0579e+00 -3.7301e+00 +4.1338e+00 +1.3236e+00 -4.0246e+00 -2.2150e+00 +4.6882e-01 +4.5751e+00 +4.6489e+00
2 +6.544744158e+01 +6.544744158e+01 -8.245255842e+01 -8.245255842e+01 -3.4239e+00 +4.7059e+00 +4.5717e+00 -1.4624e-01 +3.0028e+00 -3.5811e+00 -7.8239e-01 +4.1574e+00 +2.9221e+00 +4.5949e+00
5 +4.697509425e+01 +4.697509425e+01 -1.009249058e+02 -1.009249058e+02 -6.1256e-01 -1.1844e+00 +2.6552e+00 +2.9520e+00 -3.1313e+00 -1.0236e-01 -5.4414e-01 +1.4631e+00 +2.0936e+00 +2.5469e+00
29 +2.654051337e+01 +2.654051337e+01 -1.213594866e+02 -1.213594866e+02 -4.6946e+00 +2.4407e+00 +2.2436e-04 -2.0078e-01 +4.0472e+00 +1.0987e+00 +1.1767e+00 +3.5944e+00 +3.0549e+00 +7.6722e-01
132 +1.587528994e+01 +1.587528994e+01 -1.320247101e+02 -1.320247101e+02 -4.9458e-01 +1.4541e+00 +2.7632e+00 -2.0880e+00 -1.4683e+00 +2.0550e+00 +3.8342e-01 -1.5552e+00 -4.0253e-01 -1.9817e+00
572 +1.116096278e+01 +1.116096278e+01 -1.367390372e+02 -1.367390372e+02 +4.4825e-02 +1.4541e+00 +2.7197e+00 -2.0880e+00 -1.2149e+00 +2.0550e+00 -8.4120e-01 -1.5552e+00 -4.7077e-01 -2.3063e+00
1012 +9.779097751e+00 +9.779097751e+00 -1.381209022e+02 -1.381209022e+02 +4.4825e-02 +1.4808e+00 +2.8592e+00 -2.0880e+00 -1.2149e+00 +2.0922e+00 -8.4120e-01 -3.1638e+00 -4.7077e-01 -2.3063e+00
1892 +5.623270931e+00 +5.623270931e+00 -1.422767291e+02 -1.422767291e+02 +6.3610e-01 +1.4593e+00 +1.4678e+00 -2.9300e+00 -1.1634e+00 +3.4194e-01 -8.4120e-01 -8.6572e-01 -1.3650e+00 -2.2441e+00
4628 +3.783977982e+00 +3.783977982e+00 -1.441160220e+02 -1.441160220e+02 +4.2614e-01 +1.5455e+00 +1.4954e+00 -2.2868e+00 -7.5559e-01 +3.4085e-01 -9.6917e-01 -3.2240e-01 -1.3750e+00 -1.8670e+00
% function evaluation | noise-free fitness - Fopt (-2.218900000000e+02) | best noise-free fitness - Fopt | measured fitness | best measured fitness | x1 | x2...
1 +2.572109666e+02 +2.572109666e+02 +3.532096660e+01 +3.532096660e+01 +3.1472e+00 +4.0579e+00 -3.7301e+00 +4.1338e+00 +1.3236e+00 -4.0246e+00 -2.2150e+00 +4.6882e-01 +4.5751e+00 +4.6489e+00
2 +1.212461888e+02 +1.212461888e+02 -1.006438112e+02 -1.006438112e+02 -3.4239e+00 +4.7059e+00 +4.5717e+00 -1.4624e-01 +3.0028e+00 -3.5811e+00 -7.8239e-01 +4.1574e+00 +2.9221e+00 +4.5949e+00
3 +8.181545389e+01 +8.181545389e+01 -1.400745461e+02 -1.400745461e+02 +1.5574e+00 -4.6429e+00 +3.4913e+00 +4.3399e+00 +1.7874e+00 +2.5774e+00 +2.4313e+00 -1.0777e+00 +1.5548e+00 -3.2881e+00
6 +5.686679405e+01 +5.686679405e+01 -1.650232059e+02 -1.650232059e+02 -2.2397e+00 +1.7970e+00 +1.5510e+00 -3.3739e+00 -3.8100e+00 -1.6359e-02 +4.5974e+00 -1.5961e+00 +8.5268e-01 -2.7619e+00
61 +3.729015746e+01 +3.729015746e+01 -1.845998425e+02 -1.845998425e+02 +1.4432e+00 +6.9262e-01 -4.2581e-01 +3.2826e-01 -1.4927e+00 +3.6034e+00 +4.4951e+00 -4.8872e-01 +1.8424e+00 -4.5072e+00
131 +1.720502978e+01 +1.720502978e+01 -2.046849702e+02 -2.046849702e+02 -2.1539e+00 -6.3125e-01 -1.2959e+00 +2.8533e-01 -2.0744e+00 +1.2769e+00 +3.6307e+00 -1.1951e+00 +9.9278e-01 -2.6541e+00
255 +9.090235500e+00 +9.090235500e+00 -2.127997645e+02 -2.127997645e+02 -1.9704e+00 +2.5390e-01 -1.4905e+00 -1.9462e-01 -1.5168e+00 +1.8325e+00 +4.0893e+00 -1.0673e+00 -4.5258e-01 -1.4903e+00
1188 +5.837333566e+00 +5.837333566e+00 -2.160526664e+02 -2.160526664e+02 -3.0646e+00 +5.2606e-01 -1.1852e+00 +1.1151e+00 -2.3249e+00 +1.7212e+00 +3.2315e+00 +2.4597e+00 +9.3131e-01 -8.1046e-01
1814 +3.625720858e+00 +3.625720858e+00 -2.182642791e+02 -2.182642791e+02 -3.3226e+00 +1.9818e-01 -9.3241e-01 +1.0253e+00 -1.7696e+00 +2.3472e+00 +3.4967e+00 +6.6730e-01 +2.1515e+00 -4.8845e-01
2229 +2.432623612e+00 +2.432623612e+00 -2.194573764e+02 -2.194573764e+02 -3.5343e+00 +1.3080e-01 +1.9839e-02 +7.8218e-01 -1.7953e+00 +2.6958e+00 +3.2993e+00 +8.8213e-01 +1.2690e+00 -4.1473e-01
2507 +1.470052614e+00 +1.470052614e+00 -2.204199474e+02 -2.204199474e+02 -3.4634e+00 +1.2180e-01 -5.8592e-01 +7.9607e-01 -1.6149e+00 +2.3037e+00 +3.4479e+00 +6.9625e-01 +1.3586e+00 -4.8428e-01
3199 +9.904480415e-01 +9.904480415e-01 -2.208995520e+02 -2.208995520e+02 -3.5574e+00 +2.5456e-01 -1.1572e-01 +8.4424e-01 -1.8615e+00 +2.3709e+00 +3.4902e+00 +7.7704e-01 +1.3278e+00 -5.6717e-01
4459 +6.306103819e-01 +6.306103819e-01 -2.212593896e+02 -2.212593896e+02 -3.7474e+00 +3.6780e-01 -9.0791e-02 +7.6120e-01 -1.7113e+00 +2.4883e+00 +3.5450e+00 +7.6144e-01 +1.2887e+00 -4.9538e-01
% function evaluation | noise-free fitness - Fopt (1.195400000000e+02) | best noise-free fitness - Fopt | measured fitness | best measured fitness | x1 | x2...
1 +8.321244689e+01 +8.321244689e+01 +2.027524469e+02 +2.027524469e+02 +3.1472e+00 +4.0579e+00 -3.7301e+00 +4.1338e+00 +1.3236e+00 -4.0246e+00 -2.2150e+00 +4.6882e-01 +4.5751e+00 +4.6489e+00
9 +5.601323017e+01 +5.601323017e+01 +1.755532302e+02 +1.755532302e+02 -1.4834e+00 +3.3083e+00 +8.5264e-01 +4.9724e-01 +4.1719e+00 -2.1416e+00 +2.5720e+00 +2.5373e+00 -1.1955e+00 +6.7822e-01
47 +3.791020399e+01 +3.791020399e+01 +1.574502040e+02 +1.574502040e+02 -2.7450e+00 -2.4490e+00 +5.1246e+00 -4.1752e+00 +3.9090e+00 -1.7149e+00 +4.8001e+00 -3.6138e+00 +1.4995e-01 -2.4249e+00
231 +2.318710313e+01 +2.318710313e+01 +1.427271031e+02 +1.427271031e+02 +7.7632e-01 -1.8632e+00 -1.9566e+00 +2.1815e+00 +1.0733e+00 -4.4507e+00 +3.1815e+00 +2.0199e+00 +2.7072e+00 -4.9351e+00
775 +1.432898547e+01 +1.432898547e+01 +1.338689855e+02 +1.338689855e+02 +4.9044e-01 +9.4899e-01 -2.0353e+00 -1.8366e-01 +2.2522e+00 -3.4277e+00 +4.2313e+00 +2.8118e+00 +1.3364e+00 -1.8130e+00
949 +9.475139465e+00 +9.475139465e+00 +1.290151395e+02 +1.290151395e+02 +1.4277e-01 +3.4951e-01 -8.7062e-01 +7.3850e-04 +2.9100e+00 -3.4310e+00 +3.7744e+00 +3.3708e+00 -1.3512e+00 -1.5771e+00
1506 +5.502273679e+00 +5.502273679e+00 +1.250422737e+02 +1.250422737e+02 +1.5540e+00 +1.9529e+00 -3.6522e+00 -2.9876e-01 +4.6651e+00 -1.7454e+00 +3.9505e+00 +3.0418e+00 -3.4462e-01 -7.9479e-02
2215 +3.239998623e+00 +3.239998623e+00 +1.227799986e+02 +1.227799986e+02 +1.0162e+00 +9.4573e-01 -2.6075e+00 -5.1876e-01 +4.4414e+00 -2.2438e+00 +3.4844e+00 +3.2964e+00 +2.9787e-01 -1.1989e+00
2417 +2.333150075e+00 +2.333150075e+00 +1.218731501e+02 +1.218731501e+02 +1.2870e+00 +9.7299e-01 -3.0238e+00 -1.9976e-01 +4.2254e+00 -1.5081e+00 +3.3479e+00 +3.2172e+00 -3.3590e-01 -4.8765e-01
2881 +1.311121014e+00 +1.311121014e+00 +1.208511210e+02 +1.208511210e+02 +1.3362e+00 +9.1739e-01 -2.8151e+00 -5.4656e-01 +4.1078e+00 -1.8663e+00 +3.5902e+00 +3.1635e+00 +1.3313e-01 -1.2493e+00
3673 +9.386638119e-01 +9.386638119e-01 +1.204786638e+02 +1.204786638e+02 +1.2961e+00 +8.2218e-01 -2.9326e+00 -5.0312e-01 +3.8968e+00 -1.6509e+00 +3.4984e+00 +3.2526e+00 +2.2547e-01 -1.0619e+00
4690 +6.265543787e-01 +6.265543787e-01 +1.201665544e+02 +1.201665544e+02 +1.2789e+00 +1.0003e+00 -2.8915e+00 -3.5709e-01 +3.8426e+00 -1.9090e+00 +3.4686e+00 +3.2734e+00 +2.0612e-01 -1.0475e+00
% function evaluation | noise-free fitness - Fopt (6.983000000000e+01) | best noise-free fitness - Fopt | measured fitness | best measured fitness | x1 | x2...
1 +2.628625175e+02 +2.628625175e+02 +3.326925175e+02 +3.326925175e+02 +3.1472e+00 +4.0579e+00 -3.7301e+00 +4.1338e+00 +1.3236e+00 -4.0246e+00 -2.2150e+00 +4.6882e-01 +4.5751e+00 +4.6489e+00
2 +1.684713738e+02 +1.684713738e+02 +2.383013738e+02 +2.383013738e+02 -3.4239e+00 +4.7059e+00 +4.5717e+00 -1.4624e-01 +3.0028e+00 -3.5811e+00 -7.8239e-01 +4.1574e+00 +2.9221e+00 +4.5949e+00
4 +1.126295818e+02 +1.126295818e+02 +1.824595818e+02 +1.824595818e+02 +2.0605e+00 -4.6817e+00 -2.2308e+00 -4.5383e+00 -4.0287e+00 +3.2346e+00 +1.9483e+00 -1.8290e+00 +4.5022e+00 -4.6555e+00
5 +7.975415665e+01 +7.975415665e+01 +1.495841566e+02 +1.495841566e+02 -6.1256e-01 -1.1844e+00 +2.6552e+00 +2.9520e+00 -3.1313e+00 -1.0236e-01 -5.4414e-01 +1.4631e+00 +2.0936e+00 +2.5469e+00
44 +4.640352437e+01 +4.640352437e+01 +1.162335244e+02 +1.162335244e+02 -3.8921e+00 -5.8430e-01 +4.1918e+00 -4.5383e+00 -4.0287e+00 +3.2346e+00 -9.5235e-01 -1.8290e+00 +4.5022e+00 -4.6555e+00
102 +3.136462498e+01 +3.136462498e+01 +1.011946250e+02 +1.011946250e+02 -4.6552e+00 -1.9875e+00 +1.8124e+00 -2.6951e+00 +3.4431e+00 +3.1133e+00 -2.7408e+00 +3.1385e-01 +2.8280e+00 -6.4301e-01
103 +2.355396487e+01 +2.355396487e+01 +9.338396487e+01 +9.338396487e+01 -4.1390e+00 -1.1657e+00 +1.3982e-01 -2.2311e+00 +2.9374e-01 +4.7975e+00 -3.4021e+00 +1.5565e+00 +2.5715e+00 +8.3882e-01
457 +1.452917478e+01 +1.452917478e+01 +8.435917478e+01 +8.435917478e+01 -3.6905e+00 -3.7285e+00 -3.3580e+00 -2.0632e+00 +1.0628e+00 +4.6935e+00 -1.8454e+00 +3.1159e+00 +1.7282e+00 -4.0859e-01
896 +8.627306258e+00 +8.627306258e+00 +7.845730626e+01 +7.845730626e+01 -3.2468e+00 -1.5779e+00 -2.3458e+00 -2.3536e+00 +8.2152e-01 +5.1871e+00 -3.0152e+00 +1.3272e+00 +2.7328e+00 -7.9217e-01
1023 +5.571202172e+00 +5.571202172e+00 +7.540120217e+01 +7.540120217e+01 -3.7362e+00 -1.6413e+00 -8.3117e-01 -3.0401e+00 -7.9298e-01 +4.0593e+00 -2.8661e+00 +2.2230e+00 +1.4233e+00 -4.1309e-01
1761 +3.653774152e+00 +3.653774152e+00 +7.348377415e+01 +7.348377415e+01 -3.7338e+00 -1.4435e+00 -1.4412e+00 -3.3628e+00 +2.6234e-02 +4.9022e+00 -2.6723e+00 +1.5861e+00 +2.1921e+00 -5.3272e-01
3429 +2.398625382e+00 +2.398625382e+00 +7.222862538e+01 +7.222862538e+01 -3.2737e+00 -1.5581e+00 -2.2449e+00 -3.2106e+00 +8.9330e-01 +4.0712e+00 -2.2980e+00 +2.3424e+00 +2.0295e+00 -1.3583e+00
4280 +1.444167867e+00 +1.444167867e+00 +7.127416787e+01 +7.127416787e+01 -3.1449e+00 -1.5804e+00 -2.4070e+00 -3.2550e+00 +1.5866e+00 +3.8181e+00 -1.6849e+00 +2.4651e+00 +2.8186e+00 -9.2472e-01
% function evaluation | noise-free fitness - Fopt (7.000000000000e-02) | best noise-free fitness - Fopt | measured fitness | best measured fitness | x1 | x2...
1 +2.370691998e+03 +2.370691998e+03 +2.370761998e+03 +2.370761998e+03 +3.1472e+00 +4.0579e+00 -3.7301e+00 +4.1338e+00 +1.3236e+00 -4.0246e+00 -2.2150e+00 +4.6882e-01 +4.5751e+00 +4.6489e+00
2 +6.563542664e+02 +6.563542664e+02 +6.564242664e+02 +6.564242664e+02 -3.4239e+00 +4.7059e+00 +4.5717e+00 -1.4624e-01 +3.0028e+00 -3.5811e+00 -7.8239e-01 +4.1574e+00 +2.9221e+00 +4.5949e+00
3 +1.174144488e+02 +1.174144488e+02 +1.174844488e+02 +1.174844488e+02 +1.5574e+00 -4.6429e+00 +3.4913e+00 +4.3399e+00 +1.7874e+00 +2.5774e+00 +2.4313e+00 -1.0777e+00 +1.5548e+00 -3.2881e+00
4 +8.971750779e+01 +8.971750779e+01 +8.978750779e+01 +8.978750779e+01 +2.0605e+00 -4.6817e+00 -2.2308e+00 -4.5383e+00 -4.0287e+00 +3.2346e+00 +1.9483e+00 -1.8290e+00 +4.5022e+00 -4.6555e+00
8 +4.628070523e+01 +4.628070523e+01 +4.635070523e+01 +4.635070523e+01 +3.4072e+00 -2.4572e+00 +3.1428e+00 -2.5648e+00 +4.2926e+00 -1.5002e+00 -3.0340e+00 -2.4892e+00 +1.1604e+00 -2.6711e-01
62 +3.065356775e+01 +3.065356775e+01 +3.072356775e+01 +3.072356775e+01 +4.0567e+00 -1.3980e+00 -2.9077e-01 -2.6951e+00 +3.4431e+00 -2.9654e+00 -1.4643e+00 -2.1293e+00 -2.7234e+00 -6.4301e-01
144 +1.715231497e+01 +1.715231497e+01 +1.722231497e+01 +1.722231497e+01 +2.8184e+00 -2.3011e+00 +3.5106e+00 -5.2608e+00 +2.1315e+00 +6.0164e-01 +1.1596e+00 -2.5739e+00 -1.4850e+00 +7.8583e-02
259 +1.545441203e+01 +1.545441203e+01 +1.552441203e+01 +1.552441203e+01 +3.1224e+00 -4.4234e-02 +4.2446e+00 -5.2816e+00 +2.4175e+00 -9.0434e-01 +1.5532e+00 -3.8300e+00 +9.1871e-01 -1.1267e+00
926 +9.498882183e+00 +9.498882183e+00 +9.568882183e+00 +9.568882183e+00 +1.0995e+00 -1.9030e+00 +2.9665e+00 -3.8726e+00 +1.6524e+00 +1.0583e+00 +4.6631e+00 -1.7550e+00 -2.2487e+00 +2.0140e-01
1429 +5.494806219e+00 +5.494806219e+00 +5.564806219e+00 +5.564806219e+00 +3.0948e+00 -1.7085e+00 +2.9566e+00 -3.8167e+00 +1.5593e+00 +1.5522e+00 +4.8623e+00 -1.8965e+00 -1.3911e+00 +4.0787e-01
1829 +3.371338373e+00 +3.371338373e+00 +3.441338373e+00 +3.441338373e+00 +3.0948e+00 -1.3023e+00 +2.3891e+00 -3.8167e+00 +1.6050e+00 +1.6412e+00 +4.2323e+00 -1.8965e+00 -1.4485e+00 +4.0787e-01
3038 +1.810925040e+00 +1.810925040e+00 +1.880925040e+00 +1.880925040e+00 +3.4696e+00 -2.0181e+00 +2.4165e+00 -3.8570e+00 +1.7762e+00 +1.1251e+00 +3.2914e+00 -1.8806e+00 -1.3703e+00 +5.8626e-01
3330 +1.208304583e+00 +1.208304583e+00 +1.278304583e+00 +1.278304583e+00 +3.9146e+00 -2.0050e+00 +2.3882e+00 -3.7308e+00 +1.5833e+00 +1.6839e+00 +3.7134e+00 -2.1751e+00 -2.0220e+00 +1.5884e-01
4172 +9.190304990e-01 +9.190304990e-01 +9.890304990e-01 +9.890304990e-01 +3.8433e+00 -1.9237e+00 +2.3289e+00 -3.7798e+00 +1.5784e+00 +1.6633e+00 +3.5847e+00 -2.1745e+00 -1.9995e+00 +2.2192e-01
4761 +5.897582426e-01 +5.897582426e-01 +6.597582426e-01 +6.597582426e-01 +3.8830e+00 -1.9175e+00 +2.2342e+00 -3.7457e+00 +1.5375e+00 +1.6799e+00 +3.4929e+00 -2.1130e+00 -2.0254e+00 +3.7549e-01
% function evaluation | noise-free fitness - Fopt (4.960000000000e+00) | best noise-free fitness - Fopt | measured fitness | best measured fitness | x1 | x2...
1 +1.670267889e+02 +1.670267889e+02 +1.719867889e+02 +1.719867889e+02 +3.1472e+00 +4.0579e+00 -3.7301e+00 +4.1338e+00 +1.3236e+00 -4.0246e+00 -2.2150e+00 +4.6882e-01 +4.5751e+00 +4.6489e+00
5 +1.326710278e+02 +1.326710278e+02 +1.376310278e+02 +1.376310278e+02 -6.1256e-01 -1.1844e+00 +2.6552e+00 +2.9520e+00 -3.1313e+00 -1.0236e-01 -5.4414e-01 +1.4631e+00 +2.0936e+00 +2.5469e+00
14 +4.573659024e+01 +4.573659024e+01 +5.069659024e+01 +5.069659024e+01 -6.8586e-01 +4.1065e+00 -3.1815e+00 -2.3620e+00 -3.5446e+00 -3.6393e+00 +3.6929e+00 +7.9705e-01 +4.9860e-01 -3.5505e+00
135 +3.429777278e+01 +3.429777278e+01 +3.925777278e+01 +3.925777278e+01 -1.9264e+00 +1.6054e+00 -8.2816e-01 +1.3250e-01 -4.9192e+00 -2.2633e+00 +1.9158e+00 +2.0187e+00 -3.1609e+00 -2.6005e+00
370 +2.355345128e+01 +2.355345128e+01 +2.851345128e+01 +2.851345128e+01 +2.8149e+00 +3.7607e+00 -3.8481e+00 -2.4479e+00 -3.0564e+00 -5.1022e+00 +5.4655e+00 +3.7242e+00 -3.6849e+00 +3.4218e-01
675 +1.579185975e+01 +1.579185975e+01 +2.075185975e+01 +2.075185975e+01 +2.1010e+00 +4.1335e+00 -1.6366e+00 -3.2539e+00 -4.8750e+00 -4.4544e+00 +2.1544e+00 +1.6959e+00 -3.5424e+00 -4.2772e+00
1042 +8.286107149e+00 +8.286107149e+00 +1.324610715e+01 +1.324610715e+01 +3.9221e+00 +2.2310e+00 -2.0620e+00 -2.5780e+00 -2.8776e+00 -3.2100e+00 +4.3504e+00 +2.2877e+00 -3.4774e+00 -3.2410e+00
1468 +5.770106626e+00 +5.770106626e+00 +1.073010663e+01 +1.073010663e+01 +2.8575e+00 +2.8356e+00 -2.1115e+00 -3.2842e+00 -2.9602e+00 -3.9933e+00 +3.1585e+00 +1.6770e+00 -3.5776e+00 -2.9486e+00
1771 +3.662931453e+00 +3.662931453e+00 +8.622931453e+00 +8.622931453e+00 +3.4797e+00 +2.6666e+00 -2.0596e+00 -3.2679e+00 -2.8341e+00 -3.3284e+00 +3.2693e+00 +2.4338e+00 -3.0581e+00 -1.9924e+00
1897 +2.493717446e+00 +2.493717446e+00 +7.453717446e+00 +7.453717446e+00 +3.5951e+00 +2.3231e+00 -2.0916e+00 -3.3590e+00 -3.1582e+00 -3.8263e+00 +3.0865e+00 +2.3457e+00 -3.3741e+00 -2.7624e+00
2144 +1.562504581e+00 +1.562504581e+00 +6.522504581e+00 +6.522504581e+00 +3.5694e+00 +2.2720e+00 -1.9191e+00 -3.3937e+00 -3.1540e+00 -3.3821e+00 +3.1005e+00 +2.2485e+00 -3.3444e+00 -2.1195e+00
3545 +9.664509022e-01 +9.664509022e-01 +5.926450902e+00 +5.926450902e+00 +3.5964e+00 +2.2362e+00 -1.6102e+00 -3.5249e+00 -3.0642e+00 -3.3656e+00 +3.1377e+00 +2.3373e+00 -3.4581e+00 -2.0813e+00
4329 +5.712664525e-01 +5.712664525e-01 +5.531266452e+00 +5.531266452e+00 +3.5357e+00 +2.1395e+00 -1.7503e+00 -3.6143e+00 -3.0137e+00 -3.5876e+00 +3.1708e+00 +2.4633e+00 -3.5350e+00 -2.5324e+00
% function evaluation | noise-free fitness - Fopt (1.923000000000e+02) | best noise-free fitness - Fopt | measured fitness | best measured fitness | x1 | x2...
1 +1.481231012e+02 +1.481231012e+02 +3.404231012e+02 +3.404231012e+02 +3.1472e+00 +4.0579e+00 -3.7301e+00 +4.1338e+00 +1.3236e+00 -4.0246e+00 -2.2150e+00 +4.6882e-01 +4.5751e+00 +4.6489e+00
4 +9.980408371e+01 +9.980408371e+01 +2.921040837e+02 +2.921040837e+02 +2.0605e+00 -4.6817e+00 -2.2308e+00 -4.5383e+00 -4.0287e+00 +3.2346e+00 +1.9483e+00 -1.8290e+00 +4.5022e+00 -4.6555e+00
5 +5.684107551e+01 +5.684107551e+01 +2.491410755e+02 +2.491410755e+02 -6.1256e-01 -1.1844e+00 +2.6552e+00 +2.9520e+00 -3.1313e+00 -1.0236e-01 -5.4414e-01 +1.4631e+00 +2.0936e+00 +2.5469e+00
11 +3.603393463e+01 +3.603393463e+01 +2.283339346e+02 +2.283339346e+02 -3.3782e+00 +2.9428e+00 -1.8878e+00 +2.8533e-01 -3.3435e+00 +1.0198e+00 -2.3703e+00 +1.5408e+00 +1.8921e+00 +2.4815e+00
264 +2.179466109e+01 +2.179466109e+01 +2.140946611e+02 +2.140946611e+02 +9.4896e-01 -2.1493e+00 -4.3372e-02 -1.5790e-01 -2.7825e+00 +6.2935e-01 -2.0093e+00 +2.6770e+00 +2.9678e+00 +7.8583e-02
622 +1.302733636e+01 +1.302733636e+01 +2.053273364e+02 +2.053273364e+02 -2.6877e+00 +2.0590e+00 -1.5324e+00 -1.3533e+00 -2.4329e+00 -2.1453e-01 -2.1342e+00 +2.4398e+00 +6.6769e-01 -1.7552e+00
721 +9.343609914e+00 +9.343609914e+00 +2.016436099e+02 +2.016436099e+02 -2.4838e+00 +4.0579e+00 -2.3873e+00 -2.1073e+00 -2.7613e+00 +4.8450e-01 -1.8325e+00 +7.3088e-01 +9.9561e-01 -1.2175e-01
1323 +5.985732021e+00 +5.985732021e+00 +1.982857320e+02 +1.982857320e+02 -2.4677e+00 +2.1542e+00 -3.3856e+00 -5.8832e-01 -3.9391e+00 +2.1651e-01 +5.0288e-01 +7.5653e-01 +3.1110e+00 -7.0046e-01
2204 +3.878327390e+00 +3.878327390e+00 +1.961783274e+02 +1.961783274e+02 -2.2277e+00 +3.2883e+00 -2.6106e+00 -8.7738e-01 -2.8777e+00 -1.3881e-01 +2.0451e-01 +1.7332e+00 +3.0556e+00 -1.4541e-01
2419 +1.770077411e+00 +1.770077411e+00 +1.940700774e+02 +1.940700774e+02 -2.7186e+00 +3.7383e+00 -2.8234e+00 -1.0283e+00 -3.9065e+00 -1.5180e-01 -1.7960e-01 +2.0263e+00 +2.4716e+00 -1.4236e-01
3412 +1.492632137e+00 +1.492632137e+00 +1.937926321e+02 +1.937926321e+02 -2.7245e+00 +3.5392e+00 -2.9105e+00 -7.7139e-01 -4.0364e+00 -4.0742e-01 -1.2753e-01 +2.0895e+00 +2.8280e+00 +1.9272e-01
4818 +9.851014682e-01 +9.851014682e-01 +1.932851015e+02 +1.932851015e+02 -2.7408e+00 +3.5494e+00 -2.7983e+00 -8.0887e-01 -4.0015e+00 -2.8035e-01 -1.2820e-01 +1.9639e+00 +2.7824e+00 +2.6345e-02
% function evaluation | noise-free fitness - Fopt (4.971000000000e+01) | best noise-free fitness - Fopt | measured fitness | best measured fitness | x1 | x2...
1 +1.722554324e+02 +1.722554324e+02 +2.219654324e+02 +2.219654324e+02 +3.1472e+00 +4.0579e+00 -3.7301e+00 +4.1338e+00 +1.3236e+00 -4.0246e+00 -2.2150e+00 +4.6882e-01 +4.5751e+00 +4.6489e+00
8 +1.367723386e+02 +1.367723386e+02 +1.864823386e+02 +1.864823386e+02 +3.4072e+00 -2.4572e+00 +3.1428e+00 -2.5648e+00 +4.2926e+00 -1.5002e+00 -3.0340e+00 -2.4892e+00 +1.1604e+00 -2.6711e-01
12 +9.802725110e+01 +9.802725110e+01 +1.477372511e+02 +1.477372511e+02 -4.9458e-01 -4.1618e+00 -2.7102e+00 +4.1334e+00 -3.4762e+00 +3.2582e+00 +3.8342e-01 +4.9613e+00 -4.2182e+00 -5.7322e-01
161 +4.254601186e+01 +4.254601186e+01 +9.225601186e+01 +9.225601186e+01 +3.1472e+00 -2.6995e+00 -1.8616e+00 +3.2453e+00 -3.6362e+00 +3.0425e+00 -3.6851e+00 +2.1688e+00 -1.9365e+00 -1.5007e+00
264 +3.345606445e+01 +3.345606445e+01 +8.316606445e+01 +8.316606445e+01 +2.0506e+00 +4.9819e-01 -5.4470e+00 +2.8560e+00 -2.7825e+00 +7.7170e-01 +3.5348e-01 +3.7264e+00 -3.2971e-01 +7.8583e-02
392 +2.379641720e+01 +2.379641720e+01 +7.350641720e+01 +7.350641720e+01 +3.5584e+00 -1.7690e+00 -2.4030e+00 +3.0203e+00 +1.1979e-01 +3.9574e+00 -2.7280e+00 +7.5400e-02 -2.2176e+00 +1.3181e+00
583 +1.210072261e+01 +1.210072261e+01 +6.181072261e+01 +6.181072261e+01 +4.2326e+00 -1.7832e+00 -1.5175e+00 +2.1854e+00 -2.5004e+00 +4.7975e+00 -1.6612e+00 -2.3721e+00 -9.0128e-01 +2.8467e+00
1082 +9.421855429e+00 +9.421855429e+00 +5.913185543e+01 +5.913185543e+01 +3.8248e+00 -1.7497e+00 -2.8593e+00 +2.3587e+00 -5.1465e-01 +3.3618e+00 -2.8607e+00 -1.0968e+00 -1.6746e+00 +3.6786e+00
1322 +4.592888392e+00 +4.592888392e+00 +5.430288839e+01 +5.430288839e+01 +3.5657e+00 -4.0868e+00 -2.1253e+00 +2.3587e+00 -5.1465e-01 +3.3618e+00 -2.8607e+00 -1.0968e+00 -1.0486e+00 +3.6786e+00
1608 +3.961956746e+00 +3.961956746e+00 +5.367195675e+01 +5.367195675e+01 +4.4140e+00 -3.6209e+00 -1.3647e+00 +2.2055e+00 -2.1162e+00 +3.8216e+00 -2.7331e+00 -5.4086e-01 -1.1277e+00 +2.0210e+00
1850 +2.500880424e+00 +2.500880424e+00 +5.221088042e+01 +5.221088042e+01 +3.4696e+00 -3.8045e+00 -1.0295e+00 +2.7801e+00 -1.9397e+00 +3.8815e+00 -3.1822e+00 -9.5137e-01 -6.4552e-01 +1.9503e+00
2414 +1.547737252e+00 +1.547737252e+00 +5.125773725e+01 +5.125773725e+01 +3.5612e+00 -3.6313e+00 -1.2887e+00 +2.4443e+00 -1.7838e+00 +3.8260e+00 -2.8759e+00 -1.2427e+00 -8.5200e-01 +2.5291e+00
3541 +9.220279735e-01 +9.220279735e-01 +5.063202797e+01 +5.063202797e+01 +3.5973e+00 -3.6752e+00 -1.3184e+00 +2.5743e+00 -1.8253e+00 +3.8619e+00 -3.0133e+00 -1.0779e+00 -8.1727e-01 +2.6133e+00
4430 +5.967400238e-01 +5.967400238e-01 +5.030674002e+01 +5.030674002e+01 +3.6250e+00 -3.6689e+00 -1.3508e+00 +2.5104e+00 -1.8462e+00 +3.8948e+00 -2.9331e+00 -1.0208e+00 -8.8103e-01 +2.3951e+00
% function evaluation | noise-free fitness - Fopt (2.051200000000e+02) | best noise-free fitness - Fopt | measured fitness | best measured fitness | x1 | x2...
1 +2.038865070e+02 +2.038865070e+02 +4.090065070e+02 +4.090065070e+02 +3.1472e+00 +4.0579e+00 -3.7301e+00 +4.1338e+00 +1.3236e+00 -4.0246e+00 -2.2150e+00 +4.6882e-01 +4.5751e+00 +4.6489e+00
2 +1.371831477e+02 +1.371831477e+02 +3.423031477e+02 +3.423031477e+02 -3.4239e+00 +4.7059e+00 +4.5717e+00 -1.4624e-01 +3.0028e+00 -3.5811e+00 -7.8239e-01 +4.1574e+00 +2.9221e+00 +4.5949e+00
11 +3.837098289e+01 +3.837098289e+01 +2.434909829e+02 +2.434909829e+02 -3.3782e+00 +2.9428e+00 -1.8878e+00 +2.8533e-01 -3.3435e+00 +1.0198e+00 -2.3703e+00 +1.5408e+00 +1.8921e+00 +2.4815e+00
348 +2.199549606e+01 +2.199549606e+01 +2.271154961e+02 +2.271154961e+02 -1.3123e+00 +3.3204e+00 -4.3364e+00 -1.2809e+00 -2.0772e+00 -3.2051e+00 +2.1935e+00 +3.2590e+00 +4.4753e+00 -2.8663e+00
690 +1.323061288e+01 +1.323061288e+01 +2.183506129e+02 +2.183506129e+02 -1.1004e+00 +2.9334e+00 -2.5449e+00 -1.7464e+00 -7.8083e-01 -2.5480e-01 +5.1813e+00 +1.5688e+00 +3.0413e+00 +3.5966e+00
1181 +8.799882782e+00 +8.799882782e+00 +2.139198828e+02 +2.139198828e+02 -1.4207e+00 +4.2640e+00 -2.4602e+00 -1.8928e+00 -1.4547e+00 +1.4798e+00 +2.9148e+00 +3.8014e+00 +4.2035e+00 +2.0009e+00
1504 +5.550620674e+00 +5.550620674e+00 +2.106706207e+02 +2.106706207e+02 -1.2931e+00 +3.9455e+00 -3.1954e+00 -1.8701e+00 -2.6672e+00 +2.3859e+00 +3.1413e+00 +3.4439e+00 +4.1252e+00 +2.5870e+00
1856 +3.552717030e+00 +3.552717030e+00 +2.086727170e+02 +2.086727170e+02 -1.1691e+00 +3.8475e+00 -3.3977e+00 -1.8358e+00 -1.4810e+00 +2.0095e+00 +2.6698e+00 +3.5361e+00 +3.8441e+00 +3.7209e+00
2442 +2.372392938e+00 +2.372392938e+00 +2.074923929e+02 +2.074923929e+02 -1.4975e+00 +4.2881e+00 -3.2609e+00 -1.9527e+00 -1.7174e+00 +1.9100e+00 +2.7196e+00 +3.8142e+00 +3.6578e+00 +3.3735e+00
2765 +1.581357136e+00 +1.581357136e+00 +2.067013571e+02 +2.067013571e+02 -1.6884e+00 +4.1146e+00 -3.0480e+00 -2.1408e+00 -1.9617e+00 +1.7252e+00 +3.0667e+00 +3.8227e+00 +3.7959e+00 +3.1987e+00
3703 +9.435404042e-01 +9.435404042e-01 +2.060635404e+02 +2.060635404e+02 -1.3665e+00 +3.9395e+00 -3.1821e+00 -2.1357e+00 -1.8742e+00 +1.4724e+00 +3.1519e+00 +3.7500e+00 +3.8238e+00 +3.2682e+00
4811 +4.826955415e-01 +4.826955415e-01 +2.056026955e+02 +2.056026955e+02 -1.4873e+00 +3.8445e+00 -3.2200e+00 -2.1422e+00 -1.8640e+00 +1.6930e+00 +3.2643e+00 +3.7572e+00 +3.7474e+00 +3.4910e+00
% function evaluation | noise-free fitness - Fopt (-1.729000000000e+02) | best noise-free fitness - Fopt | measured fitness | best measured fitness | x1 | x2...
1 +1.311032541e+02 +1.311032541e+02 -4.179674587e+01 -4.179674587e+01 +3.1472e+00 +4.0579e+00 -3.7301e+00 +4.1338e+00 +1.3236e+00 -4.0246e+00 -2.2150e+00 +4.6882e-01 +4.5751e+00 +4.6489e+00
2 +9.461385309e+01 +9.461385309e+01 -7.828614691e+01 -7.828614691e+01 -3.4239e+00 +4.7059e+00 +4.5717e+00 -1.4624e-01 +3.0028e+00 -3.5811e+00 -7.8239e-01 +4.1574e+00 +2.9221e+00 +4.5949e+00
5 +5.247727654e+01 +5.247727654e+01 -1.204227235e+02 -1.204227235e+02 -6.1256e-01 -1.1844e+00 +2.6552e+00 +2.9520e+00 -3.1313e+00 -1.0236e-01 -5.4414e-01 +1.4631e+00 +2.0936e+00 +2.5469e+00
18 +3.181118516e+01 +3.181118516e+01 -1.410888148e+02 -1.410888148e+02 -2.6522e+00 -1.4684e+00 +3.2119e+00 -4.8460e+00 -4.5698e+00 -3.3101e+00 +1.4912e+00 +2.3172e+00 +1.4775e+00 -4.9076e-01
30 +2.320602078e+01 +2.320602078e+01 -1.496939792e+02 -1.496939792e+02 -3.1708e+00 -2.6007e+00 +3.8651e+00 -4.7133e+00 -1.0099e-01 -3.3207e+00 +4.7868e+00 +2.1269e+00 +4.7162e-03 -2.8912e-01
473 +1.557907732e+01 +1.557907732e+01 -1.573209227e+02 -1.573209227e+02 -2.0325e+00 -1.0906e+00 +5.0199e+00 -4.4179e+00 -3.2615e+00 -4.0649e+00 +2.6876e-01 -8.3201e-01 -2.5542e+00 +8.9746e-01
1019 +9.207835567e+00 +9.207835567e+00 -1.636921644e+02 -1.636921644e+02 -2.5660e+00 -2.8548e+00 +2.9858e+00 -4.2278e+00 +1.9215e-01 -4.4004e+00 +7.9492e-01 -7.7074e-01 -2.4068e+00 -1.2989e+00
1516 +5.570669577e+00 +5.570669577e+00 -1.673293304e+02 -1.673293304e+02 -1.9702e+00 -1.4966e+00 +2.9562e+00 -3.9860e+00 -2.4424e+00 -3.3074e+00 +1.0416e+00 +1.1839e+00 -3.2276e+00 +1.5703e+00
1946 +3.412248351e+00 +3.412248351e+00 -1.694877516e+02 -1.694877516e+02 -2.7131e+00 -1.8121e+00 +4.3064e+00 -4.0720e+00 -3.1613e+00 -2.7469e+00 +1.6642e+00 +1.3417e+00 -2.2680e+00 +1.9391e+00
2737 +2.414680563e+00 +2.414680563e+00 -1.704853194e+02 -1.704853194e+02 -1.9537e+00 -1.9210e+00 +3.3509e+00 -3.3216e+00 -3.3776e+00 -2.0294e+00 +4.5691e-01 +4.9589e-01 -4.0425e+00 +1.6583e+00
4193 +1.310351968e+00 +1.310351968e+00 -1.715896480e+02 -1.715896480e+02 -2.9447e+00 -1.4663e+00 +4.0062e+00 -3.8047e+00 -3.2669e+00 -1.5935e+00 +1.0456e+00 +1.1774e+00 -3.1581e+00 +1.3251e+00
% function evaluation | noise-free fitness - Fopt (-3.506200000000e+02) | best noise-free fitness - Fopt | measured fitness | best measured fitness | x1 | x2...
1 +8.113511895e+01 +8.113511895e+01 -2.694848811e+02 -2.694848811e+02 +3.1472e+00 +4.0579e+00 -3.7301e+00 +4.1338e+00 +1.3236e+00 -4.0246e+00 -2.2150e+00 +4.6882e-01 +4.5751e+00 +4.6489e+00
5 +5.224710205e+01 +5.224710205e+01 -2.983728979e+02 -2.983728979e+02 -6.1256e-01 -1.1844e+00 +2.6552e+00 +2.9520e+00 -3.1313e+00 -1.0236e-01 -5.4414e-01 +1.4631e+00 +2.0936e+00 +2.5469e+00
146 +3.746391693e+01 +3.746391693e+01 -3.131560831e+02 -3.131560831e+02 +2.5078e+00 +1.0467e+00 +2.2291e+00 +2.5288e+00 -2.4717e+00 +2.1319e+00 +1.7914e+00 -1.0448e+00 -1.3256e+00 +2.9502e+00
292 +1.076144167e+01 +1.076144167e+01 -3.398585583e+02 -3.398585583e+02 -2.8515e+00 -2.7697e+00 -2.7102e+00 -9.9944e-01 -7.0495e-01 +3.2582e+00 +4.4359e+00 +7.9780e-01 -2.4516e+00 +3.0480e+00
1059 +9.117781016e+00 +9.117781016e+00 -3.415022190e+02 -3.415022190e+02 -2.6242e+00 -3.3096e+00 -1.8263e+00 -7.0088e-01 -7.8968e-01 +4.4666e+00 +2.9967e+00 +1.4659e+00 -2.1419e+00 +3.0174e+00
1467 +5.934509743e+00 +5.934509743e+00 -3.446854903e+02 -3.446854903e+02 -4.5186e+00 -2.2090e+00 -2.0475e+00 -9.3435e-01 -1.0913e+00 +3.7039e+00 +3.4746e+00 +1.5095e+00 -1.7311e+00 +3.7729e+00
2004 +3.823379446e+00 +3.823379446e+00 -3.467966206e+02 -3.467966206e+02 -3.9504e+00 -3.1254e+00 -9.7237e-01 -7.2069e-01 -7.9615e-01 +3.6206e+00 +4.0727e+00 +1.3658e+00 -1.6959e+00 +2.8402e+00
3366 +2.465543915e+00 +2.465543915e+00 -3.481544561e+02 -3.481544561e+02 -3.8098e+00 -2.8538e+00 -1.5810e+00 -9.5229e-01 -8.5429e-01 +3.6979e+00 +3.6064e+00 +1.5285e+00 -1.6714e+00 +3.2140e+00
