% function evaluation | noise-free fitness - Fopt (-1.694000000000e+01) | best noise-free fitness - Fopt | measured fitness | best measured fitness | x1 | x2...
1 +7.208000015e+03 +7.208000015e+03 +7.191060015e+03 +7.191060015e+03 -4.7973e+00 -1.1517e+00
2 +2.055554169e+03 +2.055554169e+03 +2.038614169e+03 +2.038614169e+03 -3.0245e+00 -2.6102e-01
5 +6.904230513e+02 +6.904230513e+02 +6.734830513e+02 +6.734830513e+02 -1.5294e+00 -4.3440e+00
6 +1.665483863e+02 +1.665483863e+02 +1.496083863e+02 +1.496083863e+02 +1.6772e+00 -1.7682e+00
7 +9.988171009e+01 +9.988171009e+01 +8.294171009e+01 +8.294171009e+01 +2.6325e+00 +4.2784e+00
13 +2.401079148e+01 +2.401079148e+01 +7.070791483e+00 +7.070791483e+00 +4.6229e+00 -1.2773e+00
21 +1.205404597e+01 +1.205404597e+01 -4.885954027e+00 -4.885954027e+00 +3.5391e+00 +4.5186e+00
87 +4.456121800e+00 +4.456121800e+00 -1.248387820e+01 -1.248387820e+01 +4.4156e+00 -1.3539e+00
205 +3.556349623e+00 +3.556349623e+00 -1.338365038e+01 -1.338365038e+01 +3.2965e+00 +4.2440e+00
249 +2.488046505e+00 +2.488046505e+00 -1.445195349e+01 -1.445195349e+01 +3.1119e+00 +4.7645e+00
250 +1.079569688e+00 +1.079569688e+00 -1.586043031e+01 -1.586043031e+01 +3.6816e+00 +2.2677e+00
439 +3.638477391e-01 +3.638477391e-01 -1.657615226e+01 -1.657615226e+01 +3.6416e+00 +2.5483e+00
629 +2.480329120e-01 +2.480329120e-01 -1.669196709e+01 -1.669196709e+01 +3.6234e+00 +2.6306e+00
652 +1.584562515e-01 +1.584562515e-01 -1.678154375e+01 -1.678154375e+01 +3.6177e+00 +2.6513e+00
888 +9.790506126e-02 +9.790506126e-02 -1.684209494e+01 -1.684209494e+01 +3.6247e+00 +2.6430e+00
% function evaluation | noise-free fitness - Fopt (1.881000000000e+01) | best noise-free fitness - Fopt | measured fitness | best measured fitness | x1 | x2...
1 +5.320872498e+00 +5.320872498e+00 +2.413087250e+01 +2.413087250e+01 -3.6158e+00 +1.9948e+00
43 +3.526791303e+00 +3.526791303e+00 +2.233679130e+01 +2.233679130e+01 -3.8456e-01 +1.6888e+00
207 +2.376618458e+00 +2.376618458e+00 +2.118661846e+01 +2.118661846e+01 -9.8292e-01 +1.7665e+00
243 +1.177451409e+00 +1.177451409e+00 +1.998745141e+01 +1.998745141e+01 -4.3541e-02 +1.7648e+00
334 +3.055725568e-01 +3.055725568e-01 +1.911557256e+01 +1.911557256e+01 +1.0380e-01 +1.7313e+00
702 +1.573260151e-01 +1.573260151e-01 +1.896732602e+01 +1.896732602e+01 -9.9383e-02 +1.7701e+00
954 +8.734936211e-02 +8.734936211e-02 +1.889734936e+01 +1.889734936e+01 -1.8703e-01 +1.7824e+00
1077 +5.759830632e-02 +5.759830632e-02 +1.886759831e+01 +1.886759831e+01 -1.1439e-01 +1.7679e+00
1200 +3.845078968e-02 +3.845078968e-02 +1.884845079e+01 +1.884845079e+01 -1.7895e-01 +1.7801e+00
1271 +2.335283755e-02 +2.335283755e-02 +1.883335284e+01 +1.883335284e+01 -1.7437e-01 +1.7783e+00
1495 +1.036047406e-02 +1.036047406e-02 +1.882036047e+01 +1.882036047e+01 -1.9124e-01 +1.7807e+00
1592 +8.094541878e-03 +8.094541878e-03 +1.881809454e+01 +1.881809454e+01 -1.8640e-01 +1.7805e+00
1728 +3.360712713e-03 +3.360712713e-03 +1.881336071e+01 +1.881336071e+01 -1.8982e-01 +1.7806e+00
1870 +2.212670003e-03 +2.212670003e-03 +1.881221267e+01 +1.881221267e+01 -1.9048e-01 +1.7807e+00
1943 +1.187036998e-03 +1.187036998e-03 +1.881118704e+01 +1.881118704e+01 -1.9038e-01 +1.7807e+00
2020 +9.863974706e-04 +9.863974706e-04 +1.881098640e+01 +1.881098640e+01 -1.9192e-01 +1.7808e+00
2106 +3.745173377e-04 +3.745173377e-04 +1.881037452e+01 +1.881037452e+01 -1.9129e-01 +1.7808e+00
2117 +2.408892246e-04 +2.408892246e-04 +1.881024089e+01 +1.881024089e+01 -1.9136e-01 +1.7808e+00
2445 +6.062748899e-05 +6.062748899e-05 +1.881006063e+01 +1.881006063e+01 -1.9122e-01 +1.7808e+00
2447 +2.882306980e-05 +2.882306980e-05 +1.881002882e+01 +1.881002882e+01 -1.9121e-01 +1.7808e+00
2640 +2.436676498e-05 +2.436676498e-05 +1.881002437e+01 +1.881002437e+01 -1.9120e-01 +1.7808e+00
2784 +8.942350288e-06 +8.942350288e-06 +1.881000894e+01 +1.881000894e+01 -1.9120e-01 +1.7808e+00
2937 +5.631941971e-06 +5.631941971e-06 +1.881000563e+01 +1.881000563e+01 -1.9120e-01 +1.7808e+00
2967 +1.300646815e-06 +1.300646815e-06 +1.881000130e+01 +1.881000130e+01 -1.9120e-01 +1.7808e+00
3062 +6.066035318e-07 +6.066035318e-07 +1.881000061e+01 +1.881000061e+01 -1.9120e-01 +1.7808e+00
3196 +2.846968989e-07 +2.846968989e-07 +1.881000028e+01 +1.881000028e+01 -1.9120e-01 +1.7808e+00
3441 +2.031087227e-07 +2.031087227e-07 +1.881000020e+01 +1.881000020e+01 -1.9120e-01 +1.7808e+00
3500 +1.380811305e-07 +1.380811305e-07 +1.881000014e+01 +1.881000014e+01 -1.9120e-01 +1.7808e+00
3552 +6.079973147e-08 +6.079973147e-08 +1.881000006e+01 +1.881000006e+01 -1.9120e-01 +1.7808e+00
3586 +2.569339941e-08 +2.569339941e-08 +1.881000003e+01 +1.881000003e+01 -1.9120e-01 +1.7808e+00
3688 +2.463574589e-08 +2.463574589e-08 +1.881000002e+01 +1.881000002e+01 -1.9120e-01 +1.7808e+00
3855 +9.669289369e-09 +9.669289369e-09 +1.881000001e+01 +1.881000001e+01 -1.9120e-01 +1.7808e+00
% function evaluation | noise-free fitness - Fopt (2.731500000000e+02) | best noise-free fitness - Fopt | measured fitness | best measured fitness | x1 | x2...
1 +1.899562890e+02 +1.899562890e+02 +4.631062890e+02 +4.631062890e+02 -7.2916e-01 -1.1028e+00
5 +1.491698081e+02 +1.491698081e+02 +4.223198081e+02 +4.223198081e+02 -4.4517e+00 -3.0951e+00
22 +7.766309445e+01 +7.766309445e+01 +3.508130945e+02 +3.508130945e+02 -2.1995e+00 +2.3513e+00
89 +1.085538549e+00 +1.085538549e+00 +2.742355385e+02 +2.742355385e+02 -3.6183e+00 +3.7447e+00
228 +2.524827228e-01 +2.524827228e-01 +2.734024827e+02 +2.734024827e+02 -3.6248e+00 +3.6708e+00
516 +9.806543563e-02 +9.806543563e-02 +2.732480654e+02 +2.732480654e+02 -3.5248e+00 +3.8798e+00
945 +3.280277972e-02 +3.280277972e-02 +2.731828028e+02 +2.731828028e+02 -3.5881e+00 +3.7361e+00
1037 +1.674872414e-02 +1.674872414e-02 +2.731667487e+02 +2.731667487e+02 -3.5738e+00 +3.7648e+00
1180 +1.252013857e-02 +1.252013857e-02 +2.731625201e+02 +2.731625201e+02 -3.5757e+00 +3.7610e+00
1267 +3.290440291e-03 +3.290440291e-03 +2.731532904e+02 +2.731532904e+02 -3.5803e+00 +3.7511e+00
1517 +1.004834160e-03 +1.004834160e-03 +2.731510048e+02 +2.731510048e+02 -3.5793e+00 +3.7532e+00
1650 +9.997219384e-04 +9.997219384e-04 +2.731509997e+02 +2.731509997e+02 -3.5796e+00 +3.7528e+00
1798 +2.502625554e-04 +2.502625554e-04 +2.731502503e+02 +2.731502503e+02 -3.5791e+00 +3.7538e+00
2057 +6.176112481e-05 +6.176112481e-05 +2.731500618e+02 +2.731500618e+02 -3.5792e+00 +3.7536e+00
2226 +3.597425456e-05 +3.597425456e-05 +2.731500360e+02 +2.731500360e+02 -3.5792e+00 +3.7536e+00
2618 +1.956442412e-05 +1.956442412e-05 +2.731500196e+02 +2.731500196e+02 -3.5792e+00 +3.7536e+00
2710 +7.776422308e-06 +7.776422308e-06 +2.731500078e+02 +2.731500078e+02 -3.5792e+00 +3.7536e+00
2800 +2.573869153e-06 +2.573869153e-06 +2.731500026e+02 +2.731500026e+02 -3.5792e+00 +3.7536e+00
3037 +2.300497329e-06 +2.300497329e-06 +2.731500023e+02 +2.731500023e+02 -3.5792e+00 +3.7536e+00
3149 +1.313751284e-06 +1.313751284e-06 +2.731500013e+02 +2.731500013e+02 -3.5792e+00 +3.7536e+00
3156 +6.506692785e-07 +6.506692785e-07 +2.731500007e+02 +2.731500007e+02 -3.5792e+00 +3.7536e+00
3255 +4.245620175e-07 +4.245620175e-07 +2.731500004e+02 +2.731500004e+02 -3.5792e+00 +3.7536e+00
3320 +3.217218705e-07 +3.217218705e-07 +2.731500003e+02 +2.731500003e+02 -3.5792e+00 +3.7536e+00
3560 +5.269805570e-08 +5.269805570e-08 +2.731500001e+02 +2.731500001e+02 -3.5792e+00 +3.7536e+00
3865 +2.277846534e-08 +2.277846534e-08 +2.731500000e+02 +2.731500000e+02 -3.5792e+00 +3.7536e+00
3905 +1.499074642e-08 +1.499074642e-08 +2.731500000e+02 +2.731500000e+02 -3.5792e+00 +3.7536e+00
3944 +5.791605417e-09 +5.791605417e-09 +2.731500000e+02 +2.731500000e+02 -3.5792e+00 +3.7536e+00
% function evaluation | noise-free fitness - Fopt (3.718000000000e+01) | best noise-free fitness - Fopt | measured fitness | best measured fitness | x1 | x2...
1 +2.628189736e+02 +2.628189736e+02 +2.999989736e+02 +2.999989736e+02 +2.3631e+00 -1.6045e+00
5 +1.027108288e+02 +1.027108288e+02 +1.398908288e+02 +1.398908288e+02 +1.9101e+00 -1.6638e+00
8 +5.492133831e+01 +5.492133831e+01 +9.210133831e+01 +9.210133831e+01 +3.6157e+00 +7.6340e-01
12 +2.499024679e+01 +2.499024679e+01 +6.217024679e+01 +6.217024679e+01 +5.1915e-01 +1.3217e+00
35 +1.477145441e+01 +1.477145441e+01 +5.195145441e+01 +5.195145441e+01 +3.9556e-01 +1.7598e+00
66 +8.800115943e+00 +8.800115943e+00 +4.598011594e+01 +4.598011594e+01 +1.9909e+00 +1.6402e+00
133 +4.982673773e+00 +4.982673773e+00 +4.216267377e+01 +4.216267377e+01 -5.1173e+00 +2.2382e+00
193 +3.064602282e+00 +3.064602282e+00 +4.024460228e+01 +4.024460228e+01 -4.6186e+00 +2.1151e+00
296 +2.479233354e+00 +2.479233354e+00 +3.965923335e+01 +3.965923335e+01 -1.5869e+00 +1.9131e+00
312 +1.090285165e+00 +1.090285165e+00 +3.827028517e+01 +3.827028517e+01 -4.9352e+00 +2.1578e+00
327 +2.227519067e-01 +2.227519067e-01 +3.740275191e+01 +3.740275191e+01 -3.8370e+00 +2.0632e+00
555 +9.889925855e-02 +9.889925855e-02 +3.727889926e+01 +3.727889926e+01 -3.8500e+00 +2.0607e+00
822 +5.825256859e-02 +5.825256859e-02 +3.723825257e+01 +3.723825257e+01 -3.8494e+00 +2.0583e+00
915 +3.261960283e-02 +3.261960283e-02 +3.721261960e+01 +3.721261960e+01 -3.8736e+00 +2.0575e+00
1062 +2.239216441e-02 +2.239216441e-02 +3.720239216e+01 +3.720239216e+01 -3.8971e+00 +2.0595e+00
1143 +9.703694051e-03 +9.703694051e-03 +3.718970369e+01 +3.718970369e+01 -3.8976e+00 +2.0596e+00
1244 +4.314766511e-03 +4.314766511e-03 +3.718431477e+01 +3.718431477e+01 -3.8968e+00 +2.0598e+00
1289 +3.192181160e-03 +3.192181160e-03 +3.718319218e+01 +3.718319218e+01 -3.8988e+00 +2.0599e+00
1513 +1.309958706e-03 +1.309958706e-03 +3.718130996e+01 +3.718130996e+01 -3.8999e+00 +2.0601e+00
1779 +6.252046470e-04 +6.252046470e-04 +3.718062520e+01 +3.718062520e+01 -3.8992e+00 +2.0600e+00
1792 +3.968878064e-04 +3.968878064e-04 +3.718039689e+01 +3.718039689e+01 -3.8991e+00 +2.0600e+00
1949 +2.294900411e-04 +2.294900411e-04 +3.718022949e+01 +3.718022949e+01 -3.8990e+00 +2.0600e+00
2036 +5.818609768e-05 +5.818609768e-05 +3.718005819e+01 +3.718005819e+01 -3.8992e+00 +2.0600e+00
2398 +3.830555641e-05 +3.830555641e-05 +3.718003831e+01 +3.718003831e+01 -3.8992e+00 +2.0600e+00
2891 +7.722547075e-06 +7.722547075e-06 +3.718000772e+01 +3.718000772e+01 -3.8992e+00 +2.0600e+00
3056 +1.463240288e-06 +1.463240288e-06 +3.718000146e+01 +3.718000146e+01 -3.8992e+00 +2.0600e+00
3467 +9.070819544e-07 +9.070819544e-07 +3.718000091e+01 +3.718000091e+01 -3.8992e+00 +2.0600e+00
3646 +5.484680159e-07 +5.484680159e-07 +3.718000055e+01 +3.718000055e+01 -3.8992e+00 +2.0600e+00
3812 +3.760581109e-07 +3.760581109e-07 +3.718000038e+01 +3.718000038e+01 -3.8992e+00 +2.0600e+00
3912 +1.616693766e-07 +1.616693766e-07 +3.718000016e+01 +3.718000016e+01 -3.8992e+00 +2.0600e+00
3943 +6.022194299e-08 +6.022194299e-08 +3.718000006e+01 +3.718000006e+01 -3.8992e+00 +2.0600e+00
4304 +3.830378148e-08 +3.830378148e-08 +3.718000004e+01 +3.718000004e+01 -3.8992e+00 +2.0600e+00
4381 +7.560906568e-09 +7.560906568e-09 +3.718000001e+01 +3.718000001e+01 -3.8992e+00 +2.0600e+00
% function evaluation | noise-free fitness - Fopt (-1.479000000000e+02) | best noise-free fitness - Fopt | measured fitness | best measured fitness | x1 | x2...
1 +1.044154591e+02 +1.044154591e+02 -4.348454094e+01 -4.348454094e+01 -4.6047e+00 +1.3205e+00
4 +1.973794142e+01 +1.973794142e+01 -1.281620586e+02 -1.281620586e+02 +2.0923e+00 -4.5620e+00
45 +1.434011991e+01 +1.434011991e+01 -1.335598801e+02 -1.335598801e+02 +1.5974e+00 -3.8369e+00
86 +7.586807498e+00 +7.586807498e+00 -1.403131925e+02 -1.403131925e+02 -1.4648e+00 -1.3965e-01
159 +5.546022957e+00 +5.546022957e+00 -1.423539770e+02 -1.423539770e+02 -3.2516e+00 +1.8968e+00
214 +1.762370999e+00 +1.762370999e+00 -1.461376290e+02 -1.461376290e+02 -1.4050e+00 -5.0884e-02
263 +1.531875727e+00 +1.531875727e+00 -1.463681243e+02 -1.463681243e+02 -9.3146e-01 -5.2383e-01
361 +2.957698334e-01 +2.957698334e-01 -1.476042302e+02 -1.476042302e+02 -1.7171e+00 +1.8419e-01
622 +1.198920761e-01 +1.198920761e-01 -1.477801079e+02 -1.477801079e+02 -1.6958e+00 +1.6478e-01
810 +7.400929811e-02 +7.400929811e-02 -1.478259907e+02 -1.478259907e+02 -1.6444e+00 +1.1071e-01
865 +5.976490268e-02 +5.976490268e-02 -1.478402351e+02 -1.478402351e+02 -1.6250e+00 +9.8036e-02
1101 +3.060495749e-02 +3.060495749e-02 -1.478693950e+02 -1.478693950e+02 -1.6611e+00 +1.2731e-01
1355 +1.659970977e-02 +1.659970977e-02 -1.478834003e+02 -1.478834003e+02 -1.6596e+00 +1.2528e-01
1466 +4.572273798e-03 +4.572273798e-03 -1.478954277e+02 -1.478954277e+02 -1.6686e+00 +1.3359e-01
1481 +3.260589439e-03 +3.260589439e-03 -1.478967394e+02 -1.478967394e+02 -1.6699e+00 +1.3458e-01
1985 +9.866302669e-04 +9.866302669e-04 -1.478990134e+02 -1.478990134e+02 -1.6698e+00 +1.3460e-01
2163 +3.899651492e-04 +3.899651492e-04 -1.478996100e+02 -1.478996100e+02 -1.6703e+00 +1.3514e-01
2387 +2.378084327e-04 +2.378084327e-04 -1.478997622e+02 -1.478997622e+02 -1.6705e+00 +1.3532e-01
2728 +1.323769260e-05 +1.323769260e-05 -1.478999868e+02 -1.478999868e+02 -1.6704e+00 +1.3520e-01
3290 +7.817580723e-06 +7.817580723e-06 -1.478999922e+02 -1.478999922e+02 -1.6704e+00 +1.3520e-01
3389 +3.273303804e-06 +3.273303804e-06 -1.478999967e+02 -1.478999967e+02 -1.6704e+00 +1.3520e-01
3455 +2.015685538e-06 +2.015685538e-06 -1.478999980e+02 -1.478999980e+02 -1.6704e+00 +1.3520e-01
3562 +1.509431200e-06 +1.509431200e-06 -1.478999985e+02 -1.478999985e+02 -1.6704e+00 +1.3520e-01
3628 +9.549824256e-07 +9.549824256e-07 -1.478999990e+02 -1.478999990e+02 -1.6704e+00 +1.3520e-01
3809 +5.658392013e-07 +5.658392013e-07 -1.478999994e+02 -1.478999994e+02 -1.6704e+00 +1.3520e-01
3838 +3.445968275e-07 +3.445968275e-07 -1.478999997e+02 -1.478999997e+02 -1.6704e+00 +1.3520e-01
3989 +1.899988149e-07 +1.899988149e-07 -1.478999998e+02 -1.478999998e+02 -1.6704e+00 +1.3520e-01
4161 +1.120859281e-07 +1.120859281e-07 -1.478999999e+02 -1.478999999e+02 -1.6704e+00 +1.3520e-01
4221 +8.047931033e-08 +8.047931033e-08 -1.478999999e+02 -1.478999999e+02 -1.6704e+00 +1.3520e-01
4227 +2.407816169e-08 +2.407816169e-08 -1.479000000e+02 -1.479000000e+02 -1.6704e+00 +1.3520e-01
4417 +1.418240458e-08 +1.418240458e-08 -1.479000000e+02 -1.479000000e+02 -1.6704e+00 +1.3520e-01
4455 +5.050935670e-09 +5.050935670e-09 -1.479000000e+02 -1.479000000e+02 -1.6704e+00 +1.3520e-01
% function evaluation | noise-free fitness - Fopt (-2.218900000000e+02) | best noise-free fitness - Fopt | measured fitness | best measured fitness | x1 | x2...
1 +2.594082502e+02 +2.594082502e+02 +3.751825020e+01 +3.751825020e+01 +1.1747e+00 +4.3875e+00
4 +7.317522175e+01 +7.317522175e+01 -1.487147783e+02 -1.487147783e+02 -3.9762e-01 -1.4499e+00
9 +1.526403870e+01 +1.526403870e+01 -2.066259613e+02 -2.066259613e+02 -1.9927e+00 -1.6754e+00
168 +6.107625588e+00 +6.107625588e+00 -2.157823744e+02 -2.157823744e+02 -3.5468e+00 +1.4095e-01
293 +1.054546818e+00 +1.054546818e+00 -2.208354532e+02 -2.208354532e+02 -3.4016e+00 +3.1163e-02
299 +8.195064986e-01 +8.195064986e-01 -2.210704935e+02 -2.210704935e+02 -3.3416e+00 -4.8581e-02
343 +6.220354075e-01 +6.220354075e-01 -2.212679646e+02 -2.212679646e+02 -3.5651e+00 +9.3411e-02
503 +3.845283003e-01 +3.845283003e-01 -2.215054717e+02 -2.215054717e+02 -3.6964e+00 +1.2914e-01
931 +1.589302879e-01 +1.589302879e-01 -2.217310697e+02 -2.217310697e+02 -3.7451e+00 +1.6294e-01
1116 +1.574631020e-01 +1.574631020e-01 -2.217325369e+02 -2.217325369e+02 -3.7450e+00 +1.6304e-01
1571 +9.799508004e-02 +9.799508004e-02 -2.217920049e+02 -2.217920049e+02 -3.8184e+00 +1.9314e-01
% function evaluation | noise-free fitness - Fopt (1.195400000000e+02) | best noise-free fitness - Fopt | measured fitness | best measured fitness | x1 | x2...
1 +4.254976150e+02 +4.254976150e+02 +5.450376150e+02 +5.450376150e+02 +2.8377e+00 -2.7800e+00
2 +7.821297268e+01 +7.821297268e+01 +1.977529727e+02 +1.977529727e+02 -4.0001e+00 +4.4391e+00
15 +4.837234037e+01 +4.837234037e+01 +1.679123404e+02 +1.679123404e+02 +1.4467e+00 +2.1860e+00
22 +1.405200561e+01 +1.405200561e+01 +1.335920056e+02 +1.335920056e+02 -2.2852e+00 +1.1101e+00
84 +7.829734661e+00 +7.829734661e+00 +1.273697347e+02 +1.273697347e+02 +1.4227e+00 +6.4125e-01
165 +2.800101427e+00 +2.800101427e+00 +1.223401014e+02 +1.223401014e+02 +4.8219e-01 +1.0683e+00
260 +1.115355184e+00 +1.115355184e+00 +1.206553552e+02 +1.206553552e+02 +1.5786e+00 +8.7261e-01
548 +8.846095879e-01 +8.846095879e-01 +1.204246096e+02 +1.204246096e+02 +1.9354e+00 +8.9138e-01
570 +3.861187549e-01 +3.861187549e-01 +1.199261188e+02 +1.199261188e+02 +1.5205e+00 +9.1103e-01
847 +2.168742579e-01 +2.168742579e-01 +1.197568743e+02 +1.197568743e+02 +1.4910e+00 +8.9779e-01
902 +1.347089839e-01 +1.347089839e-01 +1.196747090e+02 +1.196747090e+02 +1.3355e+00 +9.0347e-01
1015 +5.764002104e-02 +5.764002104e-02 +1.195976400e+02 +1.195976400e+02 +1.3779e+00 +9.0426e-01
1212 +3.248293696e-02 +3.248293696e-02 +1.195724829e+02 +1.195724829e+02 +1.3520e+00 +9.0544e-01
1320 +2.105942710e-02 +2.105942710e-02 +1.195610594e+02 +1.195610594e+02 +1.3021e+00 +9.1173e-01
1694 +1.279437224e-02 +1.279437224e-02 +1.195527944e+02 +1.195527944e+02 +1.3214e+00 +9.0827e-01
1734 +8.023478099e-03 +8.023478099e-03 +1.195480235e+02 +1.195480235e+02 +1.3237e+00 +9.0795e-01
1948 +4.213342790e-03 +4.213342790e-03 +1.195442133e+02 +1.195442133e+02 +1.3217e+00 +9.0846e-01
2077 +1.822242267e-03 +1.822242267e-03 +1.195418222e+02 +1.195418222e+02 +1.3185e+00 +9.0892e-01
2321 +3.762614869e-04 +3.762614869e-04 +1.195403763e+02 +1.195403763e+02 +1.3194e+00 +9.0877e-01
2455 +2.384838762e-04 +2.384838762e-04 +1.195402385e+02 +1.195402385e+02 +1.3191e+00 +9.0882e-01
2660 +8.238278275e-05 +8.238278275e-05 +1.195400824e+02 +1.195400824e+02 +1.3192e+00 +9.0881e-01
2678 +3.828161032e-05 +3.828161032e-05 +1.195400383e+02 +1.195400383e+02 +1.3192e+00 +9.0880e-01
3090 +1.244420696e-05 +1.244420696e-05 +1.195400124e+02 +1.195400124e+02 +1.3192e+00 +9.0880e-01
3269 +1.609390281e-06 +1.609390281e-06 +1.195400016e+02 +1.195400016e+02 +1.3192e+00 +9.0880e-01
3391 +1.156868095e-06 +1.156868095e-06 +1.195400012e+02 +1.195400012e+02 +1.3192e+00 +9.0880e-01
3494 +9.904328806e-07 +9.904328806e-07 +1.195400010e+02 +1.195400010e+02 +1.3192e+00 +9.0880e-01
3580 +6.277983289e-07 +6.277983289e-07 +1.195400006e+02 +1.195400006e+02 +1.3192e+00 +9.0880e-01
3918 +3.631336227e-07 +3.631336227e-07 +1.195400004e+02 +1.195400004e+02 +1.3192e+00 +9.0880e-01
3927 +1.177680815e-07 +1.177680815e-07 +1.195400001e+02 +1.195400001e+02 +1.3192e+00 +9.0880e-01
4314 +9.571782300e-08 +9.571782300e-08 +1.195400001e+02 +1.195400001e+02 +1.3192e+00 +9.0880e-01
4400 +4.291911182e-08 +4.291911182e-08 +1.195400000e+02 +1.195400000e+02 +1.3192e+00 +9.0880e-01
4458 +3.154561057e-08 +3.154561057e-08 +1.195400000e+02 +1.195400000e+02 +1.3192e+00 +9.0880e-01
4533 +1.619137890e-08 +1.619137890e-08 +1.195400000e+02 +1.195400000e+02 +1.3192e+00 +9.0880e-01
4591 +5.215554211e-09 +5.215554211e-09 +1.195400000e+02 +1.195400000e+02 +1.3192e+00 +9.0880e-01
% function evaluation | noise-free fitness - Fopt (6.983000000000e+01) | best noise-free fitness - Fopt | measured fitness | best measured fitness | x1 | x2...
1 +4.632400337e+01 +4.632400337e+01 +1.161540034e+02 +1.161540034e+02 -2.0237e+00 -2.0711e-01
6 +1.989308568e+01 +1.989308568e+01 +8.972308568e+01 +8.972308568e+01 +1.3511e+00 -3.0278e+00
12 +1.207722364e+01 +1.207722364e+01 +8.190722364e+01 +8.190722364e+01 +2.2301e+00 -2.6317e+00
65 +7.854939136e+00 +7.854939136e+00 +7.768493914e+01 +7.768493914e+01 +4.5145e+00 -3.2464e+00
98 +4.474618745e+00 +4.474618745e+00 +7.430461874e+01 +7.430461874e+01 -6.5431e-01 -1.9430e+00
298 +1.848969915e+00 +1.848969915e+00 +7.167896992e+01 +7.167896992e+01 -3.6765e+00 -1.2325e+00
400 +8.782373314e-01 +8.782373314e-01 +7.070823733e+01 +7.070823733e+01 -3.2049e+00 -1.3973e+00
411 +3.932248053e-01 +3.932248053e-01 +7.022322481e+01 +7.022322481e+01 -3.1986e+00 -1.4003e+00
642 +7.361052520e-02 +7.361052520e-02 +6.990361053e+01 +6.990361053e+01 -2.9346e+00 -1.4478e+00
820 +5.771177145e-02 +5.771177145e-02 +6.988771177e+01 +6.988771177e+01 -2.9174e+00 -1.4474e+00
894 +1.722147700e-02 +1.722147700e-02 +6.984722148e+01 +6.984722148e+01 -2.8759e+00 -1.4538e+00
1060 +7.560244688e-03 +7.560244688e-03 +6.983756024e+01 +6.983756024e+01 -2.8705e+00 -1.4553e+00
1341 +4.716883322e-03 +4.716883322e-03 +6.983471688e+01 +6.983471688e+01 -2.8656e+00 -1.4559e+00
1423 +1.183784176e-03 +1.183784176e-03 +6.983118378e+01 +6.983118378e+01 -2.8650e+00 -1.4562e+00
1512 +6.890985896e-04 +6.890985896e-04 +6.983068910e+01 +6.983068910e+01 -2.8658e+00 -1.4560e+00
1688 +4.624659558e-04 +4.624659558e-04 +6.983046247e+01 +6.983046247e+01 -2.8658e+00 -1.4560e+00
1738 +2.595595558e-04 +2.595595558e-04 +6.983025956e+01 +6.983025956e+01 -2.8655e+00 -1.4560e+00
1816 +8.321587781e-05 +8.321587781e-05 +6.983008322e+01 +6.983008322e+01 -2.8656e+00 -1.4560e+00
1994 +3.790197241e-05 +3.790197241e-05 +6.983003790e+01 +6.983003790e+01 -2.8656e+00 -1.4560e+00
2214 +2.320116934e-06 +2.320116934e-06 +6.983000232e+01 +6.983000232e+01 -2.8656e+00 -1.4560e+00
2608 +1.417051081e-06 +1.417051081e-06 +6.983000142e+01 +6.983000142e+01 -2.8656e+00 -1.4560e+00
2680 +6.268322608e-07 +6.268322608e-07 +6.983000063e+01 +6.983000063e+01 -2.8656e+00 -1.4560e+00
3100 +3.879886776e-07 +3.879886776e-07 +6.983000039e+01 +6.983000039e+01 -2.8656e+00 -1.4560e+00
3112 +1.810984003e-07 +1.810984003e-07 +6.983000018e+01 +6.983000018e+01 -2.8656e+00 -1.4560e+00
3242 +3.716520780e-08 +3.716520780e-08 +6.983000004e+01 +6.983000004e+01 -2.8656e+00 -1.4560e+00
3465 +2.386892106e-08 +2.386892106e-08 +6.983000002e+01 +6.983000002e+01 -2.8656e+00 -1.4560e+00
3643 +1.384603365e-08 +1.384603365e-08 +6.983000001e+01 +6.983000001e+01 -2.8656e+00 -1.4560e+00
3671 +6.274945008e-10 +6.274945008e-10 +6.983000000e+01 +6.983000000e+01 -2.8656e+00 -1.4560e+00
% function evaluation | noise-free fitness - Fopt (7.000000000000e-02) | best noise-free fitness - Fopt | measured fitness | best measured fitness | x1 | x2...
1 +9.072950689e+01 +9.072950689e+01 +9.079950689e+01 +9.079950689e+01 -3.9115e-03 +4.5835e-01
4 +4.119132851e+01 +4.119132851e+01 +4.126132851e+01 +4.126132851e+01 +2.7382e+00 -6.2502e-01
13 +6.571964655e+00 +6.571964655e+00 +6.641964655e+00 +6.641964655e+00 +3.4419e+00 -1.5261e+00
157 +2.646680246e+00 +2.646680246e+00 +2.716680246e+00 +2.716680246e+00 +3.0745e+00 -5.1366e-01
285 +1.706222278e+00 +1.706222278e+00 +1.776222278e+00 +1.776222278e+00 +3.2383e+00 -8.2926e-01
371 +1.139659942e+00 +1.139659942e+00 +1.209659942e+00 +1.209659942e+00 +3.7183e+00 -1.9788e+00
491 +9.263584179e-01 +9.263584179e-01 +9.963584179e-01 +9.963584179e-01 +4.0067e+00 -2.6584e+00
616 +1.941684454e-01 +1.941684454e-01 +2.641684454e-01 +2.641684454e-01 +3.8022e+00 -2.1494e+00
937 +1.584826337e-01 +1.584826337e-01 +2.284826337e-01 +2.284826337e-01 +3.6680e+00 -1.7851e+00
992 +8.118299001e-02 +8.118299001e-02 +1.511829900e-01 +1.511829900e-01 +3.7572e+00 -2.0333e+00
1251 +3.193425426e-02 +3.193425426e-02 +1.019342543e-01 +1.019342543e-01 +3.7288e+00 -1.9643e+00
1257 +1.694636466e-02 +1.694636466e-02 +8.694636466e-02 +8.694636466e-02 +3.7418e+00 -2.0007e+00
1312 +9.756889088e-03 +9.756889088e-03 +7.975688909e-02 +7.975688909e-02 +3.7421e+00 -1.9994e+00
1485 +9.995973574e-04 +9.995973574e-04 +7.099959736e-02 +7.099959736e-02 +3.7405e+00 -1.9960e+00
1953 +3.042488542e-04 +3.042488542e-04 +7.030424885e-02 +7.030424885e-02 +3.7408e+00 -1.9968e+00
2123 +2.302102285e-04 +2.302102285e-04 +7.023021023e-02 +7.023021023e-02 +3.7409e+00 -1.9970e+00
2481 +3.157271284e-05 +3.157271284e-05 +7.003157271e-02 +7.003157271e-02 +3.7408e+00 -1.9968e+00
2713 +1.202653648e-05 +1.202653648e-05 +7.001202654e-02 +7.001202654e-02 +3.7408e+00 -1.9968e+00
3149 +8.655334546e-06 +8.655334546e-06 +7.000865533e-02 +7.000865533e-02 +3.7408e+00 -1.9968e+00
3266 +5.192100171e-06 +5.192100171e-06 +7.000519210e-02 +7.000519210e-02 +3.7408e+00 -1.9968e+00
3502 +1.059759967e-06 +1.059759967e-06 +7.000105976e-02 +7.000105976e-02 +3.7408e+00 -1.9968e+00
3682 +6.573890603e-07 +6.573890603e-07 +7.000065739e-02 +7.000065739e-02 +3.7408e+00 -1.9968e+00
3829 +6.180956690e-07 +6.180956690e-07 +7.000061810e-02 +7.000061810e-02 +3.7408e+00 -1.9968e+00
4120 +3.846871945e-07 +3.846871945e-07 +7.000038469e-02 +7.000038469e-02 +3.7408e+00 -1.9968e+00
4351 +1.858618708e-07 +1.858618708e-07 +7.000018586e-02 +7.000018586e-02 +3.7408e+00 -1.9968e+00
4497 +7.656046476e-08 +7.656046476e-08 +7.000007656e-02 +7.000007656e-02 +3.7408e+00 -1.9968e+00
4574 +3.987755887e-08 +3.987755887e-08 +7.000003988e-02 +7.000003988e-02 +3.7408e+00 -1.9968e+00
4586 +1.939368909e-08 +1.939368909e-08 +7.000001939e-02 +7.000001939e-02 +3.7408e+00 -1.9968e+00
4695 +1.378219965e-08 +1.378219965e-08 +7.000001378e-02 +7.000001378e-02 +3.7408e+00 -1.9968e+00
4834 +9.191587408e-09 +9.191587408e-09 +7.000000919e-02 +7.000000919e-02 +3.7408e+00 -1.9968e+00
% function evaluation | noise-free fitness - Fopt (4.960000000000e+00) | best noise-free fitness - Fopt | measured fitness | best measured fitness | x1 | x2...
1 +5.922234658e+02 +5.922234658e+02 +5.971834658e+02 +5.971834658e+02 +2.4960e+00 -4.9362e+00
3 +5.589571657e+01 +5.589571657e+01 +6.085571657e+01 +6.085571657e+01 +2.4941e-01 +4.5526e+00
8 +2.501535567e+01 +2.501535567e+01 +2.997535567e+01 +2.997535567e+01 +4.5763e+00 +2.8001e-01
123 +1.001111018e+01 +1.001111018e+01 +1.497111018e+01 +1.497111018e+01 +3.7483e+00 +1.7926e+00
177 +8.337698961e+00 +8.337698961e+00 +1.329769896e+01 +1.329769896e+01 +1.8851e+00 +3.6924e+00
211 +4.125401148e+00 +4.125401148e+00 +9.085401148e+00 +9.085401148e+00 +6.2437e-01 +4.8626e+00
216 +3.147642226e+00 +3.147642226e+00 +8.107642226e+00 +8.107642226e+00 +3.7646e+00 +1.4668e+00
238 +6.399685044e-01 +6.399685044e-01 +5.599968504e+00 +5.599968504e+00 +3.0416e+00 +2.0669e+00
504 +1.538407530e-01 +1.538407530e-01 +5.113840753e+00 +5.113840753e+00 +3.2252e+00 +1.8541e+00
884 +7.962582650e-02 +7.962582650e-02 +5.039625827e+00 +5.039625827e+00 +3.2890e+00 +1.7897e+00
961 +5.520751849e-02 +5.520751849e-02 +5.015207518e+00 +5.015207518e+00 +3.2417e+00 +1.8387e+00
1266 +7.602370483e-03 +7.602370483e-03 +4.967602370e+00 +4.967602370e+00 +3.2589e+00 +1.8185e+00
1475 +1.181218105e-03 +1.181218105e-03 +4.961181218e+00 +4.961181218e+00 +3.2602e+00 +1.8173e+00
1839 +9.905220543e-04 +9.905220543e-04 +4.960990522e+00 +4.960990522e+00 +3.2598e+00 +1.8179e+00
2057 +2.788504719e-04 +2.788504719e-04 +4.960278850e+00 +4.960278850e+00 +3.2600e+00 +1.8175e+00
2091 +2.379217719e-04 +2.379217719e-04 +4.960237922e+00 +4.960237922e+00 +3.2602e+00 +1.8174e+00
2219 +1.306033798e-04 +1.306033798e-04 +4.960130603e+00 +4.960130603e+00 +3.2600e+00 +1.8176e+00
2370 +4.221489384e-05 +4.221489384e-05 +4.960042215e+00 +4.960042215e+00 +3.2600e+00 +1.8176e+00
2397 +3.519094142e-05 +3.519094142e-05 +4.960035191e+00 +4.960035191e+00 +3.2600e+00 +1.8176e+00
2675 +1.749508872e-05 +1.749508872e-05 +4.960017495e+00 +4.960017495e+00 +3.2600e+00 +1.8176e+00
2717 +4.929010991e-06 +4.929010991e-06 +4.960004929e+00 +4.960004929e+00 +3.2600e+00 +1.8176e+00
2774 +6.415316731e-07 +6.415316731e-07 +4.960000642e+00 +4.960000642e+00 +3.2600e+00 +1.8176e+00
2957 +5.960303326e-07 +5.960303326e-07 +4.960000596e+00 +4.960000596e+00 +3.2600e+00 +1.8176e+00
3436 +3.902192152e-07 +3.902192152e-07 +4.960000390e+00 +4.960000390e+00 +3.2600e+00 +1.8176e+00
3461 +2.465272617e-07 +2.465272617e-07 +4.960000247e+00 +4.960000247e+00 +3.2600e+00 +1.8176e+00
3492 +5.653971513e-09 +5.653971513e-09 +4.960000006e+00 +4.960000006e+00 +3.2600e+00 +1.8176e+00
% function evaluation | noise-free fitness - Fopt (1.923000000000e+02) | best noise-free fitness - Fopt | measured fitness | best measured fitness | x1 | x2...
1 +2.045780904e+02 +2.045780904e+02 +3.968780904e+02 +3.968780904e+02 +1.6512e+00 +7.5167e-02
2 +1.717827520e+01 +1.717827520e+01 +2.094782752e+02 +2.094782752e+02 -3.1292e+00 +1.9511e+00
40 +3.463612766e+00 +3.463612766e+00 +1.957636128e+02 +1.957636128e+02 -3.5815e+00 +2.0304e+00
275 +5.199346702e-01 +5.199346702e-01 +1.928199347e+02 +1.928199347e+02 -2.9340e+00 +4.2301e+00
641 +1.007195269e-01 +1.007195269e-01 +1.924007195e+02 +1.924007195e+02 -2.9838e+00 +4.0687e+00
645 +9.771508055e-02 +9.771508055e-02 +1.923977151e+02 +1.923977151e+02 -3.0434e+00 +3.8875e+00
895 +3.339688455e-02 +3.339688455e-02 +1.923333969e+02 +1.923333969e+02 -3.0159e+00 +3.9748e+00
946 +2.055301644e-02 +2.055301644e-02 +1.923205530e+02 +1.923205530e+02 -3.0096e+00 +3.9918e+00
1300 +8.413129587e-03 +8.413129587e-03 +1.923084131e+02 +1.923084131e+02 -3.0122e+00 +3.9832e+00
1469 +5.724378614e-03 +5.724378614e-03 +1.923057244e+02 +1.923057244e+02 -3.0135e+00 +3.9788e+00
1480 +2.059112193e-03 +2.059112193e-03 +1.923020591e+02 +1.923020591e+02 -3.0134e+00 +3.9792e+00
1514 +1.345558461e-03 +1.345558461e-03 +1.923013456e+02 +1.923013456e+02 -3.0133e+00 +3.9794e+00
1680 +9.842864803e-04 +9.842864803e-04 +1.923009843e+02 +1.923009843e+02 -3.0136e+00 +3.9785e+00
1803 +3.653318543e-04 +3.653318543e-04 +1.923003653e+02 +1.923003653e+02 -3.0135e+00 +3.9786e+00
2060 +2.337006692e-04 +2.337006692e-04 +1.923002337e+02 +1.923002337e+02 -3.0136e+00 +3.9784e+00
2073 +3.295211746e-05 +3.295211746e-05 +1.923000330e+02 +1.923000330e+02 -3.0136e+00 +3.9784e+00
2562 +1.675825274e-05 +1.675825274e-05 +1.923000168e+02 +1.923000168e+02 -3.0136e+00 +3.9784e+00
2652 +8.094560599e-06 +8.094560599e-06 +1.923000081e+02 +1.923000081e+02 -3.0136e+00 +3.9784e+00
2850 +3.765243406e-06 +3.765243406e-06 +1.923000038e+02 +1.923000038e+02 -3.0136e+00 +3.9784e+00
2983 +9.102731440e-07 +9.102731440e-07 +1.923000009e+02 +1.923000009e+02 -3.0136e+00 +3.9784e+00
3185 +5.895117852e-07 +5.895117852e-07 +1.923000006e+02 +1.923000006e+02 -3.0136e+00 +3.9784e+00
3342 +3.659102958e-07 +3.659102958e-07 +1.923000004e+02 +1.923000004e+02 -3.0136e+00 +3.9784e+00
3496 +1.726543246e-07 +1.726543246e-07 +1.923000002e+02 +1.923000002e+02 -3.0136e+00 +3.9784e+00
3604 +1.378252250e-07 +1.378252250e-07 +1.923000001e+02 +1.923000001e+02 -3.0136e+00 +3.9784e+00
3718 +9.993163985e-08 +9.993163985e-08 +1.923000001e+02 +1.923000001e+02 -3.0136e+00 +3.9784e+00
3746 +4.136390430e-08 +4.136390430e-08 +1.923000000e+02 +1.923000000e+02 -3.0136e+00 +3.9784e+00
3768 +7.221274245e-09 +7.221274245e-09 +1.923000000e+02 +1.923000000e+02 -3.0136e+00 +3.9784e+00
% function evaluation | noise-free fitness - Fopt (4.971000000000e+01) | best noise-free fitness - Fopt | measured fitness | best measured fitness | x1 | x2...
1 +1.283850299e+02 +1.283850299e+02 +1.780950299e+02 +1.780950299e+02 -1.5721e+00 -1.6653e+00
3 +4.681281345e+01 +4.681281345e+01 +9.652281345e+01 +9.652281345e+01 -6.5192e-01 -4.7074e+00
4 +1.545602749e+01 +1.545602749e+01 +6.516602749e+01 +6.516602749e+01 +3.4819e+00 -3.3325e+00
37 +6.336748625e+00 +6.336748625e+00 +5.604674863e+01 +5.604674863e+01 +4.6781e+00 -3.3342e+00
44 +2.550863315e+00 +2.550863315e+00 +5.226086332e+01 +5.226086332e+01 +4.4831e+00 -3.3325e+00
172 +2.107194633e+00 +2.107194633e+00 +5.181719463e+01 +5.181719463e+01 +3.9225e+00 -3.5596e+00
263 +1.096523881e-01 +1.096523881e-01 +4.981965239e+01 +4.981965239e+01 +3.6842e+00 -3.7354e+00
689 +6.982301706e-02 +6.982301706e-02 +4.977982302e+01 +4.977982302e+01 +3.6746e+00 -3.7391e+00
798 +5.766273976e-02 +5.766273976e-02 +4.976766274e+01 +4.976766274e+01 +3.7285e+00 -3.7125e+00
927 +3.474603618e-02 +3.474603618e-02 +4.974474604e+01 +4.974474604e+01 +3.7031e+00 -3.7245e+00
986 +1.529002692e-02 +1.529002692e-02 +4.972529003e+01 +4.972529003e+01 +3.7377e+00 -3.7053e+00
1149 +6.528116799e-03 +6.528116799e-03 +4.971652812e+01 +4.971652812e+01 +3.7449e+00 -3.7015e+00
1222 +5.524647972e-03 +5.524647972e-03 +4.971552465e+01 +4.971552465e+01 +3.7446e+00 -3.7017e+00
1272 +3.197639904e-03 +3.197639904e-03 +4.971319764e+01 +4.971319764e+01 +3.7424e+00 -3.7029e+00
1490 +2.093278098e-03 +2.093278098e-03 +4.971209328e+01 +4.971209328e+01 +3.7423e+00 -3.7029e+00
1626 +9.948844820e-04 +9.948844820e-04 +4.971099488e+01 +4.971099488e+01 +3.7437e+00 -3.7022e+00
1891 +2.295517270e-04 +2.295517270e-04 +4.971022955e+01 +4.971022955e+01 +3.7433e+00 -3.7024e+00
2095 +3.461077168e-05 +3.461077168e-05 +4.971003461e+01 +4.971003461e+01 +3.7432e+00 -3.7024e+00
2416 +1.754991159e-05 +1.754991159e-05 +4.971001755e+01 +4.971001755e+01 +3.7432e+00 -3.7024e+00
2483 +7.579063492e-06 +7.579063492e-06 +4.971000758e+01 +4.971000758e+01 +3.7432e+00 -3.7024e+00
2509 +6.175089148e-06 +6.175089148e-06 +4.971000618e+01 +4.971000618e+01 +3.7432e+00 -3.7024e+00
2573 +2.959466762e-06 +2.959466762e-06 +4.971000296e+01 +4.971000296e+01 +3.7432e+00 -3.7024e+00
2763 +1.577096469e-06 +1.577096469e-06 +4.971000158e+01 +4.971000158e+01 +3.7432e+00 -3.7024e+00
2981 +8.790768362e-07 +8.790768362e-07 +4.971000088e+01 +4.971000088e+01 +3.7432e+00 -3.7024e+00
3128 +5.805352217e-07 +5.805352217e-07 +4.971000058e+01 +4.971000058e+01 +3.7432e+00 -3.7024e+00
3174 +1.255646609e-07 +1.255646609e-07 +4.971000013e+01 +4.971000013e+01 +3.7432e+00 -3.7024e+00
3545 +3.447147634e-08 +3.447147634e-08 +4.971000003e+01 +4.971000003e+01 +3.7432e+00 -3.7024e+00
3754 +2.094763829e-08 +2.094763829e-08 +4.971000002e+01 +4.971000002e+01 +3.7432e+00 -3.7024e+00
3758 +2.834859458e-09 +2.834859458e-09 +4.971000000e+01 +4.971000000e+01 +3.7432e+00 -3.7024e+00
% function evaluation | noise-free fitness - Fopt (2.051200000000e+02) | best noise-free fitness - Fopt | measured fitness | best measured fitness | x1 | x2...
1 +6.964135720e+01 +6.964135720e+01 +2.747613572e+02 +2.747613572e+02 -2.3370e-01 +3.0492e+00
5 +6.050924752e+01 +6.050924752e+01 +2.656292475e+02 +2.656292475e+02 -1.5878e+00 +3.2641e+00
9 +3.901080054e+00 +3.901080054e+00 +2.090210801e+02 +2.090210801e+02 -1.4264e+00 +4.6441e+00
311 +1.186348716e+00 +1.186348716e+00 +2.063063487e+02 +2.063063487e+02 -1.1930e+00 +4.0133e+00
356 +7.008614127e-01 +7.008614127e-01 +2.058208614e+02 +2.058208614e+02 -1.0003e+00 +3.4150e+00
495 +3.187051710e-01 +3.187051710e-01 +2.054387052e+02 +2.054387052e+02 -1.2310e+00 +4.0676e+00
499 +2.212439133e-01 +2.212439133e-01 +2.053412439e+02 +2.053412439e+02 -1.2100e+00 +4.0149e+00
795 +1.579639551e-01 +1.579639551e-01 +2.052779640e+02 +2.052779640e+02 -1.2307e+00 +4.0989e+00
936 +6.096318741e-02 +6.096318741e-02 +2.051809632e+02 +2.051809632e+02 -1.2040e+00 +3.9621e+00
939 +3.302504158e-02 +3.302504158e-02 +2.051530250e+02 +2.051530250e+02 -1.1905e+00 +3.8957e+00
1125 +9.592951614e-03 +9.592951614e-03 +2.051295930e+02 +2.051295930e+02 -1.1943e+00 +3.9078e+00
1330 +5.295385067e-03 +5.295385067e-03 +2.051252954e+02 +2.051252954e+02 -1.1935e+00 +3.9065e+00
1428 +3.476413097e-03 +3.476413097e-03 +2.051234764e+02 +2.051234764e+02 -1.1940e+00 +3.9075e+00
1436 +1.248858047e-03 +1.248858047e-03 +2.051212489e+02 +2.051212489e+02 -1.1937e+00 +3.9067e+00
1867 +9.932641391e-04 +9.932641391e-04 +2.051209933e+02 +2.051209933e+02 -1.1938e+00 +3.9071e+00
1891 +3.064624652e-04 +3.064624652e-04 +2.051203065e+02 +2.051203065e+02 -1.1936e+00 +3.9065e+00
1925 +7.105883094e-05 +7.105883094e-05 +2.051200711e+02 +2.051200711e+02 -1.1936e+00 +3.9064e+00
2129 +5.216210431e-05 +5.216210431e-05 +2.051200522e+02 +2.051200522e+02 -1.1936e+00 +3.9064e+00
2421 +3.460783461e-05 +3.460783461e-05 +2.051200346e+02 +2.051200346e+02 -1.1936e+00 +3.9064e+00
4650 +1.971691361e-05 +1.971691361e-05 +2.051200197e+02 +2.051200197e+02 -1.1936e+00 +3.9064e+00
4657 +1.460787766e-05 +1.460787766e-05 +2.051200146e+02 +2.051200146e+02 -1.1936e+00 +3.9064e+00
4736 +8.426911819e-06 +8.426911819e-06 +2.051200084e+02 +2.051200084e+02 -1.1936e+00 +3.9064e+00
4886 +6.177851844e-06 +6.177851844e-06 +2.051200062e+02 +2.051200062e+02 -1.1936e+00 +3.9064e+00
4941 +1.404749668e-06 +1.404749668e-06 +2.051200014e+02 +2.051200014e+02 -1.1936e+00 +3.9064e+00
5057 +8.313641615e-07 +8.313641615e-07 +2.051200008e+02 +2.051200008e+02 -1.1936e+00 +3.9064e+00
5110 +5.906755689e-07 +5.906755689e-07 +2.051200006e+02 +2.051200006e+02 -1.1936e+00 +3.9064e+00
5347 +3.129603385e-07 +3.129603385e-07 +2.051200003e+02 +2.051200003e+02 -1.1936e+00 +3.9064e+00
5699 +1.583202618e-07 +1.583202618e-07 +2.051200002e+02 +2.051200002e+02 -1.1936e+00 +3.9064e+00
5770 +8.245658023e-08 +8.245658023e-08 +2.051200001e+02 +2.051200001e+02 -1.1936e+00 +3.9064e+00
5873 +6.132688668e-08 +6.132688668e-08 +2.051200001e+02 +2.051200001e+02 -1.1936e+00 +3.9064e+00
5879 +1.016013584e-08 +1.016013584e-08 +2.051200000e+02 +2.051200000e+02 -1.1936e+00 +3.9064e+00
6124 +6.724235391e-09 +6.724235391e-09 +2.051200000e+02 +2.051200000e+02 -1.1936e+00 +3.9064e+00
6155 +5.161666650e-09 +5.161666650e-09 +2.051200000e+02 +2.051200000e+02 -1.1936e+00 +3.9064e+00
% function evaluation | noise-free fitness - Fopt (-1.729000000000e+02) | best noise-free fitness - Fopt | measured fitness | best measured fitness | x1 | x2...
1 +7.223472791e+01 +7.223472791e+01 -1.006652721e+02 -1.006652721e+02 -3.1780e+00 -2.0914e+00
5 +4.448227773e+01 +4.448227773e+01 -1.284177223e+02 -1.284177223e+02 +4.3997e+00 +3.8920e+00
9 +6.604929710e+00 +6.604929710e+00 -1.662950703e+02 -1.662950703e+02 -1.6420e+00 +2.5107e-01
225 +4.557965685e+00 +4.557965685e+00 -1.683420343e+02 -1.683420343e+02 -4.4865e+00 -2.7333e+00
258 +2.432815944e+00 +2.432815944e+00 -1.704671841e+02 -1.704671841e+02 -1.2428e+00 +7.1284e-01
552 +1.358603537e+00 +1.358603537e+00 -1.715413965e+02 -1.715413965e+02 -2.8328e+00 -8.4248e-01
592 +7.852790323e-01 +7.852790323e-01 -1.721147210e+02 -1.721147210e+02 -2.4863e+00 -4.8343e-01
677 +6.032841822e-01 +6.032841822e-01 -1.722967158e+02 -1.722967158e+02 -2.8826e+00 -9.8035e-01
745 +3.667407063e-01 +3.667407063e-01 -1.725332593e+02 -1.725332593e+02 -2.7001e+00 -7.2378e-01
933 +2.434401056e-01 +2.434401056e-01 -1.726565599e+02 -1.726565599e+02 -2.8566e+00 -9.4668e-01
1085 +1.118371500e-01 +1.118371500e-01 -1.727881629e+02 -1.727881629e+02 -2.9210e+00 -1.0090e+00
1229 +5.964876001e-02 +5.964876001e-02 -1.728403512e+02 -1.728403512e+02 -2.9523e+00 -1.0473e+00
1638 +3.223913577e-02 +3.223913577e-02 -1.728677609e+02 -1.728677609e+02 -2.9127e+00 -1.0063e+00
1663 +1.750997618e-02 +1.750997618e-02 -1.728824900e+02 -1.728824900e+02 -2.9305e+00 -1.0269e+00
1756 +9.621787011e-03 +9.621787011e-03 -1.728903782e+02 -1.728903782e+02 -2.9275e+00 -1.0233e+00
1959 +5.247385489e-03 +5.247385489e-03 -1.728947526e+02 -1.728947526e+02 -2.9322e+00 -1.0281e+00
2102 +3.867951104e-03 +3.867951104e-03 -1.728961320e+02 -1.728961320e+02 -2.9335e+00 -1.0294e+00
2227 +1.068819295e-03 +1.068819295e-03 -1.728989312e+02 -1.728989312e+02 -2.9318e+00 -1.0278e+00
2284 +9.958320408e-04 +9.958320408e-04 -1.728990042e+02 -1.728990042e+02 -2.9306e+00 -1.0265e+00
2346 +4.075415482e-04 +4.075415482e-04 -1.728995925e+02 -1.728995925e+02 -2.9311e+00 -1.0271e+00
2490 +2.762904506e-04 +2.762904506e-04 -1.728997237e+02 -1.728997237e+02 -2.9312e+00 -1.0272e+00
2516 +2.302244010e-04 +2.302244010e-04 -1.728997698e+02 -1.728997698e+02 -2.9311e+00 -1.0271e+00
2653 +4.799765847e-05 +4.799765847e-05 -1.728999520e+02 -1.728999520e+02 -2.9312e+00 -1.0272e+00
2702 +2.897386190e-05 +2.897386190e-05 -1.728999710e+02 -1.728999710e+02 -2.9312e+00 -1.0272e+00
3914 +6.421288788e-06 +6.421288788e-06 -1.728999936e+02 -1.728999936e+02 -2.9312e+00 -1.0272e+00
4181 +4.513273552e-06 +4.513273552e-06 -1.728999955e+02 -1.728999955e+02 -2.9312e+00 -1.0272e+00
4213 +3.322305247e-06 +3.322305247e-06 -1.728999967e+02 -1.728999967e+02 -2.9312e+00 -1.0272e+00
4501 +2.355919690e-06 +2.355919690e-06 -1.728999976e+02 -1.728999976e+02 -2.9312e+00 -1.0272e+00
4505 +8.721288509e-07 +8.721288509e-07 -1.728999991e+02 -1.728999991e+02 -2.9312e+00 -1.0272e+00
4737 +5.936154253e-07 +5.936154253e-07 -1.728999994e+02 -1.728999994e+02 -2.9312e+00 -1.0272e+00
4984 +2.577459668e-07 +2.577459668e-07 -1.728999997e+02 -1.728999997e+02 -2.9312e+00 -1.0272e+00
5046 +1.047824014e-07 +1.047824014e-07 -1.728999999e+02 -1.728999999e+02 -2.9312e+00 -1.0272e+00
5151 +8.679521102e-08 +8.679521102e-08 -1.728999999e+02 -1.728999999e+02 -2.9312e+00 -1.0272e+00
5196 +3.743537036e-08 +3.743537036e-08 -1.729000000e+02 -1.729000000e+02 -2.9312e+00 -1.0272e+00
5360 +2.210401817e-08 +2.210401817e-08 -1.729000000e+02 -1.729000000e+02 -2.9312e+00 -1.0272e+00
5381 +1.394056426e-08 +1.394056426e-08 -1.729000000e+02 -1.729000000e+02 -2.9312e+00 -1.0272e+00
5424 +6.998988056e-09 +6.998988056e-09 -1.729000000e+02 -1.729000000e+02 -2.9312e+00 -1.0272e+00
% function evaluation | noise-free fitness - Fopt (-3.506200000000e+02) | best noise-free fitness - Fopt | measured fitness | best measured fitness | x1 | x2...
1 +1.024538666e+03 +1.024538666e+03 +6.739186658e+02 +6.739186658e+02 +3.3992e-01 -4.0712e+00
2 +3.728206022e+01 +3.728206022e+01 -3.133379398e+02 -3.133379398e+02 -4.2466e+00 +2.8809e+00
6 +2.381567936e+01 +2.381567936e+01 -3.268043206e+02 -3.268043206e+02 -3.4076e+00 -4.0388e+00
31 +1.162709160e+01 +1.162709160e+01 -3.389929084e+02 -3.389929084e+02 -3.5898e+00 -3.6583e+00
54 +1.935690286e+00 +1.935690286e+00 -3.486843097e+02 -3.486843097e+02 -3.5951e+00 -3.1230e+00
180 +8.993745115e-01 +8.993745115e-01 -3.497206255e+02 -3.497206255e+02 -3.8150e+00 -3.5502e+00
467 +2.547322065e-01 +2.547322065e-01 -3.503652678e+02 -3.503652678e+02 -3.9894e+00 -3.9475e+00
798 +1.577121707e-01 +1.577121707e-01 -3.504622878e+02 -3.504622878e+02 -3.8075e+00 -3.5778e+00
1114 +5.826304351e-02 +5.826304351e-02 -3.505617370e+02 -3.505617370e+02 -3.8745e+00 -3.6834e+00
1283 +3.677701939e-02 +3.677701939e-02 -3.505832230e+02 -3.505832230e+02 -3.8905e+00 -3.7082e+00
1394 +1.941100555e-02 +1.941100555e-02 -3.506005890e+02 -3.506005890e+02 -3.9037e+00 -3.7298e+00
1532 +9.626515662e-03 +9.626515662e-03 -3.506103735e+02 -3.506103735e+02 -3.9121e+00 -3.7461e+00
1832 +4.725164704e-03 +4.725164704e-03 -3.506152748e+02 -3.506152748e+02 -3.9091e+00 -3.7388e+00
2017 +1.711594234e-03 +1.711594234e-03 -3.506182884e+02 -3.506182884e+02 -3.9097e+00 -3.7402e+00
2076 +2.749789543e-04 +2.749789543e-04 -3.506197250e+02 -3.506197250e+02 -3.9096e+00 -3.7401e+00
2561 +2.294901585e-04 +2.294901585e-04 -3.506197705e+02 -3.506197705e+02 -3.9097e+00 -3.7401e+00
2666 +1.249766932e-04 +1.249766932e-04 -3.506198750e+02 -3.506198750e+02 -3.9096e+00 -3.7400e+00
2684 +3.232489661e-05 +3.232489661e-05 -3.506199677e+02 -3.506199677e+02 -3.9096e+00 -3.7400e+00
3164 +1.801160971e-05 +1.801160971e-05 -3.506199820e+02 -3.506199820e+02 -3.9096e+00 -3.7400e+00
3186 +1.109493894e-05 +1.109493894e-05 -3.506199889e+02 -3.506199889e+02 -3.9096e+00 -3.7400e+00
3280 +3.816048491e-06 +3.816048491e-06 -3.506199962e+02 -3.506199962e+02 -3.9096e+00 -3.7400e+00
3345 +6.916114899e-07 +6.916114899e-07 -3.506199993e+02 -3.506199993e+02 -3.9096e+00 -3.7400e+00
3535 +5.954703965e-07 +5.954703965e-07 -3.506199994e+02 -3.506199994e+02 -3.9096e+00 -3.7400e+00
3873 +3.809056466e-07 +3.809056466e-07 -3.506199996e+02 -3.506199996e+02 -3.9096e+00 -3.7400e+00
3899 +1.759072461e-07 +1.759072461e-07 -3.506199998e+02 -3.506199998e+02 -3.9096e+00 -3.7400e+00
3940 +7.443156846e-08 +7.443156846e-08 -3.506199999e+02 -3.506199999e+02 -3.9096e+00 -3.7400e+00
4050 +1.927901394e-08 +1.927901394e-08 -3.506200000e+02 -3.506200000e+02 -3.9096e+00 -3.7400e+00
4284 +1.581611286e-09 +1.581611286e-09 -3.506200000e+02 -3.506200000e+02 -3.9096e+00 -3.7400e+00
