% function evaluation | noise-free fitness - Fopt (-1.025500000000e+02) | best noise-free fitness - Fopt | measured fitness | best measured fitness | x1 | x2...
1 +1.888034400e+01 +1.888034400e+01 -8.366965600e+01 -8.366965600e+01 +4.8142e+00 +2.8602e+00
2 +7.735585479e+00 +7.735585479e+00 -9.481441452e+01 -9.481441452e+01 +4.0976e+00 +2.1525e+00
7 +1.543347252e+00 +1.543347252e+00 -1.010066527e+02 -1.010066527e+02 +4.3851e+00 +1.4019e+00
9 +1.839997575e-01 +1.839997575e-01 -1.023660002e+02 -1.023660002e+02 +3.3745e+00 +1.2062e+00
87 +2.763878765e-02 +2.763878765e-02 -1.025223612e+02 -1.025223612e+02 +6.3204e-01 +3.6829e+00
4106 +1.960626505e-02 +1.960626505e-02 -1.025303937e+02 -1.025303937e+02 +1.0384e+00 +4.7356e+00
19933 +1.571152711e-02 +1.571152711e-02 -1.025342885e+02 -1.025342885e+02 +3.7937e-01 +2.9753e+00
% function evaluation | noise-free fitness - Fopt (7.169000000000e+01) | best noise-free fitness - Fopt | measured fitness | best measured fitness | x1 | x2...
1 +2.469738247e+01 +2.469738247e+01 +9.638738247e+01 +9.638738247e+01 -2.7640e+00 +2.5708e-01
3 +1.104349228e+01 +1.104349228e+01 +8.273349228e+01 +8.273349228e+01 -1.9610e+00 +1.2181e+00
18 +7.193162735e+00 +7.193162735e+00 +7.888316274e+01 +7.888316274e+01 -3.5730e+00 +2.3351e+00
20 +1.991534047e+00 +1.991534047e+00 +7.368153405e+01 +7.368153405e+01 -3.3489e+00 +3.3056e+00
41 +1.244621009e+00 +1.244621009e+00 +7.293462101e+01 +7.293462101e+01 -2.1508e+00 +1.6002e+00
45 +5.267973502e-01 +5.267973502e-01 +7.221679735e+01 +7.221679735e+01 -7.7078e-01 +1.1926e+00
56 +1.001418394e-01 +1.001418394e-01 +7.179014184e+01 +7.179014184e+01 -1.0600e+00 +4.5221e-01
301 +1.759012246e-02 +1.759012246e-02 +7.170759012e+01 +7.170759012e+01 -3.2173e+00 +3.7634e+00
3042 +1.577536595e-02 +1.577536595e-02 +7.170577537e+01 +7.170577537e+01 -2.4909e+00 +2.6856e+00
% function evaluation | noise-free fitness - Fopt (2.140100000000e+02) | best noise-free fitness - Fopt | measured fitness | best measured fitness | x1 | x2...
1 +1.140339836e+00 +1.140339836e+00 +2.151503398e+02 +2.151503398e+02 -1.1262e+00 -2.8256e-01
61 +9.321706326e-01 +9.321706326e-01 +2.149421706e+02 +2.149421706e+02 +9.0700e-01 -1.6081e+00
71 +5.442748030e-01 +5.442748030e-01 +2.145542748e+02 +2.145542748e+02 -1.0841e+00 -8.8460e-01
138 +3.081313959e-01 +3.081313959e-01 +2.143181314e+02 +2.143181314e+02 -4.5077e-01 +1.8208e-01
150 +1.690144485e-02 +1.690144485e-02 +2.140269014e+02 +2.140269014e+02 +2.9961e-01 +1.4220e-01
437 +1.170597263e-02 +1.170597263e-02 +2.140217060e+02 +2.140217060e+02 -2.4860e-01 +4.4311e-01
721 +1.260839088e-05 +1.260839088e-05 +2.140100126e+02 +2.140100126e+02 -4.7279e-01 +6.2315e-01
1689 +1.684604996e-06 +1.684604996e-06 +2.140100017e+02 +2.140100017e+02 -4.2800e-01 +5.9067e-01
% function evaluation | noise-free fitness - Fopt (-5.848000000000e+01) | best noise-free fitness - Fopt | measured fitness | best measured fitness | x1 | x2...
1 +6.674480370e+00 +6.674480370e+00 -5.180551963e+01 -5.180551963e+01 +4.8361e+00 +2.8071e+00
29 +5.436619751e+00 +5.436619751e+00 -5.304338025e+01 -5.304338025e+01 +1.9774e+00 +2.5482e+00
45 +3.044584975e-01 +3.044584975e-01 -5.817554150e+01 -5.817554150e+01 +4.9276e+00 +2.6050e+00
93 +2.491926847e-01 +2.491926847e-01 -5.823080732e+01 -5.823080732e+01 +1.1268e+00 +1.9642e+00
132 +9.871760010e-02 +9.871760010e-02 -5.838128240e+01 -5.838128240e+01 +1.6259e+00 +1.9717e+00
472 +2.472720656e-02 +2.472720656e-02 -5.845527279e+01 -5.845527279e+01 +8.6732e-01 +1.7209e+00
4991 +1.582093624e-02 +1.582093624e-02 -5.846417906e+01 -5.846417906e+01 +8.8367e-01 +1.6216e+00
% function evaluation | noise-free fitness - Fopt (-6.130800000000e+02) | best noise-free fitness - Fopt | measured fitness | best measured fitness | x1 | x2...
1 +2.605306442e+01 +2.605306442e+01 -5.870269356e+02 -5.870269356e+02 -2.3589e+00 +4.9628e+00
2 +3.704344347e-01 +3.704344347e-01 -6.127095656e+02 -6.127095656e+02 -1.4284e+00 +4.9259e+00
25 +2.407857225e-01 +2.407857225e-01 -6.128392143e+02 -6.128392143e+02 -1.6094e+00 +2.1608e+00
218 +2.266720347e-02 +2.266720347e-02 -6.130573328e+02 -6.130573328e+02 -1.1530e+00 +2.5827e-02
4089 +1.572648747e-02 +1.572648747e-02 -6.130642735e+02 -6.130642735e+02 -1.2264e+00 +1.0503e+00
% function evaluation | noise-free fitness - Fopt (-1.852700000000e+02) | best noise-free fitness - Fopt | measured fitness | best measured fitness | x1 | x2...
1 +2.810603217e+01 +2.810603217e+01 -1.571639678e+02 -1.571639678e+02 -4.7531e+00 -4.7799e+00
4 +1.716226137e+01 +1.716226137e+01 -1.681077386e+02 -1.681077386e+02 -3.8856e+00 -4.1922e+00
9 +1.570081607e+01 +1.570081607e+01 -1.695691839e+02 -1.695691839e+02 -3.6640e+00 -4.7603e+00
20 +6.596891577e+00 +6.596891577e+00 -1.786731084e+02 -1.786731084e+02 -3.0515e+00 -3.6897e+00
29 +2.462725367e+00 +2.462725367e+00 -1.828072746e+02 -1.828072746e+02 +4.3073e-01 -1.5988e+00
41 +1.108815557e+00 +1.108815557e+00 -1.841611844e+02 -1.841611844e+02 +4.7204e-01 -9.3280e-01
110 +6.244267081e-01 +6.244267081e-01 -1.846455733e+02 -1.846455733e+02 +4.0942e+00 +5.0000e+00
183 +1.364445727e-01 +1.364445727e-01 -1.851335554e+02 -1.851335554e+02 +3.9838e+00 +4.1600e+00
260 +5.021555637e-02 +5.021555637e-02 -1.852197844e+02 -1.852197844e+02 +3.4756e+00 +3.8076e+00
1001 +2.234211126e-02 +2.234211126e-02 -1.852476579e+02 -1.852476579e+02 +2.9293e+00 +2.9840e+00
4317 +1.581025601e-02 +1.581025601e-02 -1.852541897e+02 -1.852541897e+02 +2.2774e+00 +2.1418e+00
% function evaluation | noise-free fitness - Fopt (3.747000000000e+01) | best noise-free fitness - Fopt | measured fitness | best measured fitness | x1 | x2...
1 +5.728717041e+01 +5.728717041e+01 +9.475717041e+01 +9.475717041e+01 -2.9334e+00 -2.2424e+00
7 +2.159889120e+01 +2.159889120e+01 +5.906889120e+01 +5.906889120e+01 -2.4543e+00 -8.4867e-01
8 +1.433478027e+01 +1.433478027e+01 +5.180478027e+01 +5.180478027e+01 -1.9581e+00 +1.3232e-01
16 +3.912722249e+00 +3.912722249e+00 +4.138272225e+01 +4.138272225e+01 -1.9108e+00 +6.7198e-01
31 +2.760670669e-01 +2.760670669e-01 +3.774606707e+01 +3.774606707e+01 -2.2751e+00 +3.6475e+00
124 +1.019104012e-01 +1.019104012e-01 +3.757191040e+01 +3.757191040e+01 -6.7810e-01 +5.6693e-01
285 +1.990324238e-02 +1.990324238e-02 +3.748990324e+01 +3.748990324e+01 -1.4669e+00 +2.2449e+00
33229 +1.572812948e-02 +1.572812948e-02 +3.748572813e+01 +3.748572813e+01 -2.2508e+00 +4.0959e+00
% function evaluation | noise-free fitness - Fopt (-3.944700000000e+02) | best noise-free fitness - Fopt | measured fitness | best measured fitness | x1 | x2...
1 +8.374483808e-01 +8.374483808e-01 -3.936325516e+02 -3.936325516e+02 +1.0786e+00 +4.6581e-01
58 +5.602307340e-01 +5.602307340e-01 -3.939097693e+02 -3.939097693e+02 -3.6114e-01 +2.6612e+00
178 +1.602660433e-01 +1.602660433e-01 -3.943097340e+02 -3.943097340e+02 -7.7002e-01 +1.5166e+00
265 +1.614800190e-02 +1.614800190e-02 -3.944538520e+02 -3.944538520e+02 -9.5066e-01 +2.3443e+00
1698 +1.581931675e-02 +1.581931675e-02 -3.944541807e+02 -3.944541807e+02 -9.2727e-01 +2.2398e+00
% function evaluation | noise-free fitness - Fopt (-1.026200000000e+02) | best noise-free fitness - Fopt | measured fitness | best measured fitness | x1 | x2...
1 +6.673155659e+00 +6.673155659e+00 -9.594684434e+01 -9.594684434e+01 -2.5771e-01 +7.7106e-02
3 +5.168554462e+00 +5.168554462e+00 -9.745144554e+01 -9.745144554e+01 -1.1713e-01 +7.3044e-01
106 +3.493878845e+00 +3.493878845e+00 -9.912612115e+01 -9.912612115e+01 -2.6720e+00 +4.4934e+00
123 +8.562841359e-01 +8.562841359e-01 -1.017637159e+02 -1.017637159e+02 -1.9069e+00 +4.0922e+00
128 +4.222022725e-01 +4.222022725e-01 -1.021977977e+02 -1.021977977e+02 -1.2126e+00 +3.3993e+00
167 +3.509321122e-01 +3.509321122e-01 -1.022690679e+02 -1.022690679e+02 -7.7638e-01 +3.4909e+00
205 +1.925036586e-01 +1.925036586e-01 -1.024274963e+02 -1.024274963e+02 -1.7144e+00 +4.2753e+00
517 +3.611252400e-02 +3.611252400e-02 -1.025838875e+02 -1.025838875e+02 -1.8298e+00 +5.0000e+00
6836 +1.682272224e-02 +1.682272224e-02 -1.026031773e+02 -1.026031773e+02 -9.7287e-01 +3.3954e+00
24499 +1.582346040e-02 +1.582346040e-02 -1.026041765e+02 -1.026041765e+02 -1.6312e+00 +4.6415e+00
% function evaluation | noise-free fitness - Fopt (2.728300000000e+02) | best noise-free fitness - Fopt | measured fitness | best measured fitness | x1 | x2...
1 +1.947205826e+01 +1.947205826e+01 +2.923020583e+02 +2.923020583e+02 -1.6897e+00 +2.8329e+00
2 +1.458831492e+01 +1.458831492e+01 +2.874183149e+02 +2.874183149e+02 -7.0031e-01 +3.3727e+00
5 +3.868692909e+00 +3.868692909e+00 +2.766986929e+02 +2.766986929e+02 -3.2691e-02 +2.1056e+00
9 +1.832359332e+00 +1.832359332e+00 +2.746623593e+02 +2.746623593e+02 -2.7620e-01 +1.6118e+00
13 +9.789399826e-01 +9.789399826e-01 +2.738089400e+02 +2.738089400e+02 -1.0607e+00 +1.0260e+00
15 +2.464038661e-01 +2.464038661e-01 +2.730764039e+02 +2.730764039e+02 -7.6112e-01 +3.8676e-01
18 +9.834736286e-02 +9.834736286e-02 +2.729283474e+02 +2.729283474e+02 +4.6600e-01 +5.2245e-02
680 +2.343591046e-02 +2.343591046e-02 +2.728534359e+02 +2.728534359e+02 -2.0214e-01 +1.0125e+00
957 +1.575033134e-02 +1.575033134e-02 +2.728457503e+02 +2.728457503e+02 +1.6826e-01 +8.5149e-01
6454 +9.116288395e-03 +9.116288395e-03 +2.728391163e+02 +2.728391163e+02 +9.4326e-02 -3.9004e-01
7059 +3.715059802e-03 +3.715059802e-03 +2.728337151e+02 +2.728337151e+02 +1.0527e-01 -3.7686e-01
7242 +1.197758217e-03 +1.197758217e-03 +2.728311978e+02 +2.728311978e+02 -9.7410e-03 -7.9623e-01
7419 +3.229598927e-04 +3.229598927e-04 +2.728303230e+02 +2.728303230e+02 +1.9010e-02 -7.0311e-01
8649 +8.961456621e-05 +8.961456621e-05 +2.728300896e+02 +2.728300896e+02 +3.5882e-02 -6.2603e-01
17167 +3.508259869e-05 +3.508259869e-05 +2.728300351e+02 +2.728300351e+02 +4.8776e-03 -7.4157e-01
30960 +3.295050305e-06 +3.295050305e-06 +2.728300033e+02 +2.728300033e+02 -2.0700e-03 -7.5751e-01
% function evaluation | noise-free fitness - Fopt (-3.400000000000e+00) | best noise-free fitness - Fopt | measured fitness | best measured fitness | x1 | x2...
1 +1.602601058e+01 +1.602601058e+01 +1.262601058e+01 +1.262601058e+01 +4.4290e+00 +1.8556e+00
2 +7.221431468e+00 +7.221431468e+00 +3.821431468e+00 +3.821431468e+00 +4.9909e+00 +1.9705e+00
12 +5.759282513e+00 +5.759282513e+00 +2.359282513e+00 +2.359282513e+00 +2.1281e+00 +4.2295e-01
25 +3.682041077e+00 +3.682041077e+00 +2.820410766e-01 +2.820410766e-01 +5.0000e+00 +9.7086e-01
53 +3.993751341e-01 +3.993751341e-01 -3.000624866e+00 -3.000624866e+00 +3.3375e+00 +5.8894e-01
235 +3.078113538e-01 +3.078113538e-01 -3.092188646e+00 -3.092188646e+00 -1.6481e-01 -6.1550e-01
244 +6.351214465e-02 +6.351214465e-02 -3.336487855e+00 -3.336487855e+00 +8.4142e-03 -2.6930e-01
264 +4.667108220e-02 +4.667108220e-02 -3.353328918e+00 -3.353328918e+00 +6.4333e-01 +3.1552e-01
307 +1.144756357e-03 +1.144756357e-03 -3.398855244e+00 -3.398855244e+00 +6.9096e-01 +4.4592e-01
382 +9.070155167e-04 +9.070155167e-04 -3.399092984e+00 -3.399092984e+00 +8.2999e-01 +4.8932e-01
4569 +4.534569527e-06 +4.534569527e-06 -3.399995465e+00 -3.399995465e+00 +6.2142e-01 +4.2939e-01
16276 +1.151224328e-06 +1.151224328e-06 -3.399998849e+00 -3.399998849e+00 +5.4024e-01 +4.0433e-01
% function evaluation | noise-free fitness - Fopt (-1.851700000000e+02) | best noise-free fitness - Fopt | measured fitness | best measured fitness | x1 | x2...
1 +5.971197424e+01 +5.971197424e+01 -1.254580258e+02 -1.254580258e+02 +1.9054e+00 -4.3556e+00
7 +2.936814994e+01 +2.936814994e+01 -1.558018501e+02 -1.558018501e+02 +4.0414e-01 -3.6191e+00
9 +2.393738722e+01 +2.393738722e+01 -1.612326128e+02 -1.612326128e+02 +5.7124e-02 -3.4032e+00
13 +4.060589690e+00 +4.060589690e+00 -1.811094103e+02 -1.811094103e+02 -4.2146e-01 -2.5512e+00
32 +2.532376818e+00 +2.532376818e+00 -1.826376232e+02 -1.826376232e+02 +9.7377e-03 -2.1748e+00
47 +4.260706264e-01 +4.260706264e-01 -1.847439294e+02 -1.847439294e+02 -1.9603e+00 -1.9857e+00
147 +2.528505412e-01 +2.528505412e-01 -1.849171495e+02 -1.849171495e+02 -5.3963e-01 -3.3576e-01
152 +1.341507603e-01 +1.341507603e-01 -1.850358492e+02 -1.850358492e+02 -4.8413e-01 +1.2826e-01
202 +5.237420603e-02 +5.237420603e-02 -1.851176258e+02 -1.851176258e+02 -7.9314e-01 +9.5881e-01
459 +1.581096563e-02 +1.581096563e-02 -1.851541890e+02 -1.851541890e+02 -4.9044e-01 +6.3205e-01
516 +5.004700280e-03 +5.004700280e-03 -1.851649953e+02 -1.851649953e+02 -4.8805e-01 +6.5174e-01
2660 +1.582485789e-03 +1.582485789e-03 -1.851684175e+02 -1.851684175e+02 -5.5883e-01 +6.8758e-01
3752 +2.210363164e-06 +2.210363164e-06 -1.851699978e+02 -1.851699978e+02 -3.6928e-01 +5.5455e-01
12159 +8.800085993e-07 +8.800085993e-07 -1.851699991e+02 -1.851699991e+02 -4.2357e-01 +5.9513e-01
% function evaluation | noise-free fitness - Fopt (1.013400000000e+02) | best noise-free fitness - Fopt | measured fitness | best measured fitness | x1 | x2...
1 +8.032689097e+00 +8.032689097e+00 +1.093726891e+02 +1.093726891e+02 -2.1234e+00 +1.2149e+00
2 +3.734720287e+00 +3.734720287e+00 +1.050747203e+02 +1.050747203e+02 -1.5579e+00 +1.5747e+00
3 +1.546691776e+00 +1.546691776e+00 +1.028866918e+02 +1.028866918e+02 -1.2962e+00 +1.2713e+00
21 +2.929067725e-01 +2.929067725e-01 +1.016329068e+02 +1.016329068e+02 -1.0522e+00 +1.0765e+00
53 +4.752609946e-02 +4.752609946e-02 +1.013875261e+02 +1.013875261e+02 -5.0000e+00 +2.6419e+00
654 +2.175421176e-02 +2.175421176e-02 +1.013617542e+02 +1.013617542e+02 -4.8395e+00 +2.6255e+00
5163 +1.574257272e-02 +1.574257272e-02 +1.013557426e+02 +1.013557426e+02 -4.5551e+00 +2.6103e+00
% function evaluation | noise-free fitness - Fopt (-2.400000000000e+00) | best noise-free fitness - Fopt | measured fitness | best measured fitness | x1 | x2...
1 +1.923453492e+01 +1.923453492e+01 +1.683453492e+01 +1.683453492e+01 +1.7601e+00 -5.6330e-01
2 +1.388145224e+01 +1.388145224e+01 +1.148145224e+01 +1.148145224e+01 +1.1603e+00 +3.6887e-01
4 +6.685204832e+00 +6.685204832e+00 +4.285204832e+00 +4.285204832e+00 +2.4570e+00 -2.7815e-01
6 +1.561597207e+00 +1.561597207e+00 -8.384027930e-01 -8.384027930e-01 +1.8231e+00 +3.2636e-01
19 +9.142578349e-01 +9.142578349e-01 -1.485742165e+00 -1.485742165e+00 +2.1305e-01 +7.7459e-01
20 +2.275588951e-01 +2.275588951e-01 -2.172441105e+00 -2.172441105e+00 +1.1692e+00 +1.2751e+00
108 +1.570803248e-01 +1.570803248e-01 -2.242919675e+00 -2.242919675e+00 +3.5007e+00 +2.8854e+00
388 +7.085219461e-03 +7.085219461e-03 -2.392914781e+00 -2.392914781e+00 +5.2684e-01 +7.8298e-01
445 +3.560471950e-05 +3.560471950e-05 -2.399964395e+00 -2.399964395e+00 +3.8226e-01 +6.5176e-01
12871 +2.315294773e-05 +2.315294773e-05 -2.399976847e+00 -2.399976847e+00 +3.3953e-01 +6.0804e-01
24713 +8.027935280e-06 +8.027935280e-06 -2.399991972e+00 -2.399991972e+00 +3.8998e-01 +6.5713e-01
43978 +7.856343665e-08 +7.856343665e-08 -2.399999921e+00 -2.399999921e+00 +3.5493e-01 +6.2471e-01
% function evaluation | noise-free fitness - Fopt (-2.778000000000e+01) | best noise-free fitness - Fopt | measured fitness | best measured fitness | x1 | x2...
1 +1.803442604e+01 +1.803442604e+01 -9.745573958e+00 -9.745573958e+00 +2.7569e+00 +3.0296e+00
7 +1.908589275e+00 +1.908589275e+00 -2.587141072e+01 -2.587141072e+01 +4.1965e-01 +2.6136e+00
35 +8.928295213e-01 +8.928295213e-01 -2.688717048e+01 -2.688717048e+01 -4.1288e-01 +2.0287e+00
62 +4.132801240e-01 +4.132801240e-01 -2.736671988e+01 -2.736671988e+01 -1.8099e+00 -8.9728e-01
187 +1.755813245e-01 +1.755813245e-01 -2.760441868e+01 -2.760441868e+01 -2.7967e+00 -2.0458e+00
205 +6.676864178e-02 +6.676864178e-02 -2.771323136e+01 -2.771323136e+01 -3.1966e+00 -2.4607e+00
219 +6.176216703e-02 +6.176216703e-02 -2.771823783e+01 -2.771823783e+01 -3.8284e+00 -3.2525e+00
1599 +3.194143597e-02 +3.194143597e-02 -2.774805856e+01 -2.774805856e+01 -4.0292e+00 -3.6168e+00
