% function evaluation | noise-free fitness - Fopt (-2.098800000000e+02) | best noise-free fitness - Fopt | measured fitness | best measured fitness | x1 | x2...
1 +3.484329164e+05 +3.484329164e+05 +3.482230364e+05 +3.482230364e+05 +3.1472e+00 +4.0579e+00 -3.7301e+00 +4.1338e+00 +1.3236e+00
5 +1.164200157e+05 +1.164200157e+05 +1.162101357e+05 +1.162101357e+05 +1.5574e+00 -4.6429e+00 +3.4913e+00 +4.3399e+00 +1.7874e+00
62 +1.288236253e+04 +1.288236253e+04 +1.267248253e+04 +1.267248253e+04 +4.3580e-01 -3.3703e+00 +2.5408e+00 +2.8921e+00 +1.7291e+00
130 +3.173095025e+03 +3.173095025e+03 +2.963215025e+03 +2.963215025e+03 +9.1407e-01 -2.5441e+00 +3.0297e+00 +2.6491e+00 +1.7651e+00
608 +3.966297822e+02 +3.966297822e+02 +1.867497822e+02 +1.867497822e+02 +1.4904e+00 -2.5600e+00 +3.2533e+00 +2.3951e+00 +1.7912e+00
978 +1.494353403e+02 +1.494353403e+02 -6.044465969e+01 -6.044465969e+01 +8.6263e-01 -3.3233e-01 +3.5315e+00 +2.3489e+00 +1.7944e+00
1273 +3.734873171e+01 +3.734873171e+01 -1.725312683e+02 -1.725312683e+02 +1.4567e+00 +6.8956e-01 +3.4941e+00 +2.3580e+00 +1.7878e+00
1633 +1.239652507e+01 +1.239652507e+01 -1.974834749e+02 -1.974834749e+02 +1.1745e+00 +3.5763e-01 +3.6170e+00 +2.3955e+00 +1.7878e+00
2672 +6.024381556e+00 +6.024381556e+00 -2.038556184e+02 -2.038556184e+02 +8.6273e-02 +4.0853e-01 +3.5055e+00 +2.3807e+00 +1.7865e+00
3165 +1.941544537e+00 +1.941544537e+00 -2.079384555e+02 -2.079384555e+02 +1.3419e+00 +5.0008e-01 +3.5670e+00 +2.3915e+00 +1.7865e+00
3558 +1.291354583e+00 +1.291354583e+00 -2.085886454e+02 -2.085886454e+02 +1.3668e+00 +4.0828e-01 +3.5869e+00 +2.3886e+00 +1.7853e+00
3643 +9.632368438e-01 +9.632368438e-01 -2.089167632e+02 -2.089167632e+02 +1.7828e+00 +4.1094e-01 +3.5717e+00 +2.3893e+00 +1.7858e+00
3747 +5.699404138e-01 +5.699404138e-01 -2.093100596e+02 -2.093100596e+02 +1.7308e+00 +4.4591e-01 +3.5447e+00 +2.3878e+00 +1.7860e+00
3983 +2.726293757e-01 +2.726293757e-01 -2.096073706e+02 -2.096073706e+02 +1.5812e+00 +4.7611e-01 +3.5520e+00 +2.3878e+00 +1.7858e+00
4063 +1.256554797e-01 +1.256554797e-01 -2.097543445e+02 -2.097543445e+02 +1.3768e+00 +4.7950e-01 +3.5515e+00 +2.3878e+00 +1.7857e+00
4073 +7.612669258e-02 +7.612669258e-02 -2.098038733e+02 -2.098038733e+02 +1.4122e+00 +4.4864e-01 +3.5577e+00 +2.3873e+00 +1.7856e+00
4136 +3.578988725e-02 +3.578988725e-02 -2.098442101e+02 -2.098442101e+02 +1.2457e+00 +4.4164e-01 +3.5490e+00 +2.3863e+00 +1.7856e+00
4221 +1.718302148e-02 +1.718302148e-02 -2.098628170e+02 -2.098628170e+02 +1.1437e+00 +4.6290e-01 +3.5562e+00 +2.3863e+00 +1.7857e+00
4361 +6.858812376e-03 +6.858812376e-03 -2.098731412e+02 -2.098731412e+02 +1.2372e+00 +4.3823e-01 +3.5533e+00 +2.3865e+00 +1.7856e+00
4616 +3.651574558e-03 +3.651574558e-03 -2.098763484e+02 -2.098763484e+02 +1.2296e+00 +4.4172e-01 +3.5536e+00 +2.3865e+00 +1.7856e+00
4625 +2.029358628e-03 +2.029358628e-03 -2.098779706e+02 -2.098779706e+02 +1.2273e+00 +4.4729e-01 +3.5539e+00 +2.3863e+00 +1.7856e+00
4801 +1.488262203e-03 +1.488262203e-03 -2.098785117e+02 -2.098785117e+02 +1.1954e+00 +4.4951e-01 +3.5540e+00 +2.3865e+00 +1.7856e+00
4856 +7.006542629e-04 +7.006542629e-04 -2.098792993e+02 -2.098792993e+02 +1.1952e+00 +4.5040e-01 +3.5539e+00 +2.3864e+00 +1.7856e+00
4862 +6.143373724e-04 +6.143373724e-04 -2.098793857e+02 -2.098793857e+02 +1.1980e+00 +4.4528e-01 +3.5540e+00 +2.3865e+00 +1.7856e+00
% function evaluation | noise-free fitness - Fopt (-9.209000000000e+01) | best noise-free fitness - Fopt | measured fitness | best measured fitness | x1 | x2...
1 +3.185477766e+06 +3.185477766e+06 +3.185385676e+06 +3.185385676e+06 +3.1472e+00 +4.0579e+00 -3.7301e+00 +4.1338e+00 +1.3236e+00
16 +3.059307705e+05 +3.059307705e+05 +3.058386805e+05 +3.058386805e+05 -1.5002e+00 -3.0340e+00 -2.4892e+00 +1.1604e+00 -2.6711e-01
39 +2.347512792e+05 +2.347512792e+05 +2.346591892e+05 +2.346591892e+05 +4.2939e+00 +2.7571e+00 -1.3208e-01 -6.4141e-01 -5.3216e-01
58 +1.112805277e+05 +1.112805277e+05 +1.111884377e+05 +1.111884377e+05 -1.1416e+00 +3.0005e+00 +1.5373e+00 -4.9902e-01 +9.7473e-02
79 +7.511404489e+04 +7.511404489e+04 +7.502195489e+04 +7.502195489e+04 +5.0000e+00 +3.4405e+00 +4.3989e-01 -1.0721e+00 -3.6232e-01
159 +1.210624916e+04 +1.210624916e+04 +1.201415916e+04 +1.201415916e+04 +5.0000e+00 +4.0499e+00 +9.4997e-01 -1.4562e+00 -2.1086e-01
236 +3.212575954e+03 +3.212575954e+03 +3.120485954e+03 +3.120485954e+03 -3.1010e-01 +4.4912e+00 -1.2426e-02 -1.5225e+00 -1.2181e-01
298 +2.112295616e+03 +2.112295616e+03 +2.020205616e+03 +2.020205616e+03 +1.1379e+00 +2.9621e+00 +1.3447e+00 -1.9195e+00 -1.2055e-01
338 +1.024268390e+03 +1.024268390e+03 +9.321783897e+02 +9.321783897e+02 +1.3376e+00 +2.9621e+00 -8.2449e-01 -1.9195e+00 -1.2055e-01
559 +5.672369365e+02 +5.672369365e+02 +4.751469365e+02 +4.751469365e+02 +3.1660e+00 +3.2297e+00 +6.0231e-01 -1.8467e+00 -1.3498e-01
599 +3.471643894e+02 +3.471643894e+02 +2.550743894e+02 +2.550743894e+02 +3.1660e+00 +3.2297e+00 +6.0231e-01 -1.8467e+00 -1.1259e-01
970 +1.714278917e+02 +1.714278917e+02 +7.933789172e+01 +7.933789172e+01 +2.7306e+00 +2.9247e+00 +1.5198e-01 -1.8827e+00 -1.2788e-01
1210 +1.069397937e+02 +1.069397937e+02 +1.484979372e+01 +1.484979372e+01 +2.2069e+00 +2.9247e+00 +4.3958e-02 -1.8827e+00 -1.2090e-01
1305 +8.201579279e+01 +8.201579279e+01 -1.007420721e+01 -1.007420721e+01 +4.9369e+00 +3.6893e+00 +2.0068e-01 -1.8083e+00 -1.1818e-01
1610 +5.956859535e+01 +5.956859535e+01 -3.252140465e+01 -3.252140465e+01 +2.2069e+00 +2.2255e+00 +2.3897e-01 -1.7948e+00 -1.2090e-01
1932 +1.867308696e+01 +1.867308696e+01 -7.341691304e+01 -7.341691304e+01 +2.7741e+00 +1.9601e+00 +1.3284e-01 -1.8209e+00 -1.1911e-01
2105 +1.053807171e+01 +1.053807171e+01 -8.155192829e+01 -8.155192829e+01 +2.6637e+00 +2.6103e+00 +4.5729e-02 -1.8385e+00 -1.1959e-01
2332 +7.163920868e+00 +7.163920868e+00 -8.492607913e+01 -8.492607913e+01 +2.7741e+00 +2.5388e+00 +1.3284e-01 -1.8209e+00 -1.1911e-01
2667 +5.189150076e+00 +5.189150076e+00 -8.690084992e+01 -8.690084992e+01 +1.8645e+00 +2.8369e+00 +1.0937e-01 -1.8223e+00 -1.1816e-01
2972 +3.253756849e+00 +3.253756849e+00 -8.883624315e+01 -8.883624315e+01 +2.2811e+00 +2.5388e+00 +9.1702e-02 -1.8207e+00 -1.1911e-01
3052 +2.332836772e+00 +2.332836772e+00 -8.975716323e+01 -8.975716323e+01 +1.6317e-01 +2.4728e+00 +7.2957e-02 -1.8207e+00 -1.1911e-01
3260 +5.977055869e-01 +5.977055869e-01 -9.149229441e+01 -9.149229441e+01 +2.0557e-01 +2.5561e+00 +8.2388e-02 -1.8256e+00 -1.1883e-01
3481 +2.840789724e-01 +2.840789724e-01 -9.180592103e+01 -9.180592103e+01 +8.9583e-01 +2.5990e+00 +8.4050e-02 -1.8290e+00 -1.1921e-01
3555 +1.934014158e-01 +1.934014158e-01 -9.189659858e+01 -9.189659858e+01 +1.0871e+00 +2.5886e+00 +9.3568e-02 -1.8268e+00 -1.1907e-01
3679 +1.224636676e-01 +1.224636676e-01 -9.196753633e+01 -9.196753633e+01 +8.1990e-01 +2.6412e+00 +8.7202e-02 -1.8249e+00 -1.1937e-01
3719 +5.463816371e-02 +5.463816371e-02 -9.203536184e+01 -9.203536184e+01 +6.9852e-01 +2.6412e+00 +8.7202e-02 -1.8261e+00 -1.1937e-01
4005 +6.630413059e-03 +6.630413059e-03 -9.208336959e+01 -9.208336959e+01 +6.9791e-01 +2.6205e+00 +8.8614e-02 -1.8263e+00 -1.1916e-01
4147 +3.828360394e-03 +3.828360394e-03 -9.208617164e+01 -9.208617164e+01 +7.0512e-01 +2.6206e+00 +8.9997e-02 -1.8265e+00 -1.1914e-01
4363 +2.372384747e-03 +2.372384747e-03 -9.208762762e+01 -9.208762762e+01 +7.0605e-01 +2.6161e+00 +9.0593e-02 -1.8265e+00 -1.1922e-01
4443 +1.235652335e-03 +1.235652335e-03 -9.208876435e+01 -9.208876435e+01 +7.0668e-01 +2.6170e+00 +9.0202e-02 -1.8264e+00 -1.1919e-01
4529 +9.751611016e-04 +9.751611016e-04 -9.208902484e+01 -9.208902484e+01 +7.0740e-01 +2.6177e+00 +9.0278e-02 -1.8264e+00 -1.1921e-01
4639 +5.212638451e-04 +5.212638451e-04 -9.208947874e+01 -9.208947874e+01 +7.0796e-01 +2.6203e+00 +9.0686e-02 -1.8264e+00 -1.1919e-01
4809 +1.499250940e-04 +1.499250940e-04 -9.208985007e+01 -9.208985007e+01 +7.2214e-01 +2.6227e+00 +9.0688e-02 -1.8264e+00 -1.1920e-01
4956 +9.324669722e-05 +9.324669722e-05 -9.208990675e+01 -9.208990675e+01 +7.2777e-01 +2.6218e+00 +9.0454e-02 -1.8264e+00 -1.1921e-01
% function evaluation | noise-free fitness - Fopt (-8.789000000000e+01) | best noise-free fitness - Fopt | measured fitness | best measured fitness | x1 | x2...
1 +2.075689730e+07 +2.075689730e+07 +2.075680941e+07 +2.075680941e+07 +3.1472e+00 +4.0579e+00 -3.7301e+00 +4.1338e+00 +1.3236e+00
6 +4.598612252e+05 +4.598612252e+05 +4.597733352e+05 +4.597733352e+05 +2.5774e+00 +2.4313e+00 -1.0777e+00 +1.5548e+00 -3.2881e+00
12 +3.865859537e+05 +3.865859537e+05 +3.864980637e+05 +3.864980637e+05 -1.6359e-02 +4.5974e+00 -1.5961e+00 +8.5268e-01 -2.7619e+00
27 +2.396600625e+05 +2.396600625e+05 +2.395721725e+05 +2.395721725e+05 -6.8586e-01 +4.1065e+00 -3.1815e+00 -2.3620e+00 -3.5446e+00
61 +1.372387214e+05 +1.372387214e+05 +1.371508314e+05 +1.371508314e+05 -2.3782e+00 +3.9428e+00 -2.8878e+00 -7.1467e-01 -3.3208e+00
113 +2.079991845e+04 +2.079991845e+04 +2.071202845e+04 +2.071202845e+04 +3.2745e+00 -2.1030e+00 +1.3889e+00 -2.3890e+00 -2.9450e+00
171 +8.807343280e+03 +8.807343280e+03 +8.719453280e+03 +8.719453280e+03 +1.8041e+00 +1.5319e+00 -1.1453e+00 -2.0021e+00 -3.1352e+00
380 +6.268793461e+03 +6.268793461e+03 +6.180903461e+03 +6.180903461e+03 -2.8030e+00 +3.6882e+00 -9.6929e-01 -2.3107e+00 -3.0699e+00
533 +3.823207762e+03 +3.823207762e+03 +3.735317762e+03 +3.735317762e+03 -1.6277e+00 +3.0456e+00 -4.3109e-01 -1.9727e+00 -3.0910e+00
574 +2.033556593e+03 +2.033556593e+03 +1.945666593e+03 +1.945666593e+03 +1.8447e+00 +1.3122e+00 +1.8721e-01 -2.2150e+00 -3.1008e+00
600 +1.090588419e+03 +1.090588419e+03 +1.002698419e+03 +1.002698419e+03 -1.0441e+00 -4.9960e-02 +4.1824e-01 -2.0809e+00 -3.0774e+00
812 +3.284285695e+02 +3.284285695e+02 +2.405385695e+02 +2.405385695e+02 -2.9611e+00 +3.4478e+00 +1.0224e+00 -2.0590e+00 -3.0952e+00
1507 +2.024330180e+02 +2.024330180e+02 +1.145430180e+02 +1.145430180e+02 -2.5680e+00 +4.4600e+00 +1.0420e+00 -2.0532e+00 -3.0782e+00
1721 +1.435288459e+02 +1.435288459e+02 +5.563884589e+01 +5.563884589e+01 +1.0297e-01 +4.2985e+00 +1.1404e+00 -2.1100e+00 -3.0935e+00
1906 +8.601044430e+01 +8.601044430e+01 -1.879555705e+00 -1.879555705e+00 -1.8218e+00 +2.4286e+00 +1.1993e+00 -2.0905e+00 -3.0787e+00
2235 +4.118923732e+01 +4.118923732e+01 -4.670076268e+01 -4.670076268e+01 -3.8719e+00 +3.7644e+00 +1.3942e+00 -2.1205e+00 -3.0835e+00
2365 +3.047653510e+01 +3.047653510e+01 -5.741346490e+01 -5.741346490e+01 -4.0475e+00 +4.0349e+00 +1.2715e+00 -2.1229e+00 -3.0812e+00
2532 +1.163603176e+01 +1.163603176e+01 -7.625396824e+01 -7.625396824e+01 -1.9267e+00 +3.3447e+00 +1.2739e+00 -2.1119e+00 -3.0843e+00
3145 +9.942775709e+00 +9.942775709e+00 -7.794722429e+01 -7.794722429e+01 -1.1594e+00 +3.3549e+00 +1.3225e+00 -2.1100e+00 -3.0831e+00
3329 +5.771743848e+00 +5.771743848e+00 -8.211825615e+01 -8.211825615e+01 -9.2567e-01 +3.5236e+00 +1.3067e+00 -2.1117e+00 -3.0822e+00
3489 +2.444557808e+00 +2.444557808e+00 -8.544544219e+01 -8.544544219e+01 -1.0810e+00 +3.5891e+00 +1.2363e+00 -2.1112e+00 -3.0823e+00
3581 +5.840092769e-01 +5.840092769e-01 -8.730599072e+01 -8.730599072e+01 -4.1824e-01 +3.6983e+00 +1.2543e+00 -2.1081e+00 -3.0826e+00
3729 +2.752098634e-01 +2.752098634e-01 -8.761479014e+01 -8.761479014e+01 +2.7259e-04 +3.7133e+00 +1.2426e+00 -2.1085e+00 -3.0823e+00
3849 +1.842859939e-01 +1.842859939e-01 -8.770571401e+01 -8.770571401e+01 +3.3889e-01 +3.7012e+00 +1.2518e+00 -2.1084e+00 -3.0823e+00
3901 +1.362882974e-01 +1.362882974e-01 -8.775371170e+01 -8.775371170e+01 +1.5940e-01 +3.6596e+00 +1.2496e+00 -2.1077e+00 -3.0824e+00
3941 +4.410819565e-02 +4.410819565e-02 -8.784589180e+01 -8.784589180e+01 +3.7030e-01 +3.6584e+00 +1.2457e+00 -2.1092e+00 -3.0824e+00
4306 +1.859257586e-02 +1.859257586e-02 -8.787140742e+01 -8.787140742e+01 +3.6247e-01 +3.6422e+00 +1.2483e+00 -2.1095e+00 -3.0824e+00
4385 +1.210027796e-02 +1.210027796e-02 -8.787789972e+01 -8.787789972e+01 +3.1807e-01 +3.6511e+00 +1.2495e+00 -2.1092e+00 -3.0824e+00
4626 +6.590159604e-03 +6.590159604e-03 -8.788340984e+01 -8.788340984e+01 +2.3712e-01 +3.6533e+00 +1.2507e+00 -2.1093e+00 -3.0824e+00
4666 +5.625399090e-03 +5.625399090e-03 -8.788437460e+01 -8.788437460e+01 +2.3712e-01 +3.6533e+00 +1.2501e+00 -2.1093e+00 -3.0824e+00
4736 +3.319798088e-03 +3.319798088e-03 -8.788668020e+01 -8.788668020e+01 +2.6162e-01 +3.6407e+00 +1.2494e+00 -2.1094e+00 -3.0824e+00
4866 +1.372205632e-03 +1.372205632e-03 -8.788862779e+01 -8.788862779e+01 +2.5582e-01 +3.6492e+00 +1.2501e+00 -2.1095e+00 -3.0824e+00
4875 +8.437689188e-04 +8.437689188e-04 -8.788915623e+01 -8.788915623e+01 +2.4205e-01 +3.6433e+00 +1.2494e+00 -2.1095e+00 -3.0824e+00
% function evaluation | noise-free fitness - Fopt (3.201900000000e+02) | best noise-free fitness - Fopt | measured fitness | best measured fitness | x1 | x2...
1 +2.343980365e+07 +2.343980365e+07 +2.344012384e+07 +2.344012384e+07 +3.1472e+00 +4.0579e+00 -3.7301e+00 +4.1338e+00 +1.3236e+00
6 +2.471088710e+05 +2.471088710e+05 +2.474290610e+05 +2.474290610e+05 +2.5774e+00 +2.4313e+00 -1.0777e+00 +1.5548e+00 -3.2881e+00
21 +7.627792919e+04 +7.627792919e+04 +7.659811919e+04 +7.659811919e+04 -3.3782e+00 +2.9428e+00 -1.8878e+00 +2.8533e-01 -3.3435e+00
61 +3.730738052e+04 +3.730738052e+04 +3.762757052e+04 +3.762757052e+04 -4.3782e+00 +3.9428e+00 -1.3198e+00 -3.4433e-01 -3.3213e+00
141 +1.800715807e+04 +1.800715807e+04 +1.832734807e+04 +1.832734807e+04 -5.0000e+00 +4.8352e+00 -3.1978e-01 -5.4076e-01 -3.3768e+00
221 +5.093718288e+03 +5.093718288e+03 +5.413908288e+03 +5.413908288e+03 -5.0000e+00 +5.0000e+00 +5.6382e-01 -7.1432e-01 -3.4259e+00
301 +1.886273442e+03 +1.886273442e+03 +2.206463442e+03 +2.206463442e+03 -5.0000e+00 +5.0000e+00 +1.3373e+00 -8.6626e-01 -3.4689e+00
807 +1.098453181e+03 +1.098453181e+03 +1.418643181e+03 +1.418643181e+03 -1.3018e+00 +1.7860e+00 +1.3962e+00 -7.4398e-01 -3.4590e+00
995 +7.375917696e+02 +7.375917696e+02 +1.057781770e+03 +1.057781770e+03 -2.5727e-01 -1.7661e+00 +2.2218e+00 -8.0315e-01 -3.4620e+00
1195 +2.851093700e+02 +2.851093700e+02 +6.052993700e+02 +6.052993700e+02 +8.9021e-01 -1.7041e+00 +1.7832e+00 -8.0508e-01 -3.4640e+00
1429 +2.384166159e+02 +2.384166159e+02 +5.586066159e+02 +5.586066159e+02 +8.6405e-01 -1.7526e+00 +1.3589e+00 -8.7302e-01 -3.4839e+00
1749 +9.866329041e+01 +9.866329041e+01 +4.188532904e+02 +4.188532904e+02 -2.5485e+00 -1.0506e+00 +1.3163e+00 -8.5517e-01 -3.4646e+00
2012 +5.571549093e+01 +5.571549093e+01 +3.759054909e+02 +3.759054909e+02 -2.2960e+00 -1.8900e+00 +1.3883e+00 -8.2734e-01 -3.4734e+00
2027 +2.125686178e+01 +2.125686178e+01 +3.414468618e+02 +3.414468618e+02 -9.8655e-01 -2.9084e+00 +1.4422e+00 -8.6928e-01 -3.4669e+00
2372 +1.044530628e+01 +1.044530628e+01 +3.306353063e+02 +3.306353063e+02 -1.5144e+00 -2.1885e+00 +1.3652e+00 -8.4672e-01 -3.4713e+00
2412 +7.630239736e+00 +7.630239736e+00 +3.278202397e+02 +3.278202397e+02 -1.1374e+00 -2.1885e+00 +1.4308e+00 -8.4481e-01 -3.4693e+00
2732 +5.339096039e+00 +5.339096039e+00 +3.255290960e+02 +3.255290960e+02 +9.0426e-01 -2.1885e+00 +1.4308e+00 -8.6488e-01 -3.4693e+00
3103 +2.685289532e+00 +2.685289532e+00 +3.228752895e+02 +3.228752895e+02 -9.7745e-02 -2.2553e+00 +1.4144e+00 -8.6297e-01 -3.4686e+00
3174 +2.371511037e+00 +2.371511037e+00 +3.225615110e+02 +3.225615110e+02 -3.1015e-02 -2.2938e+00 +1.4030e+00 -8.6644e-01 -3.4696e+00
3263 +1.456446580e+00 +1.456446580e+00 +3.216464466e+02 +3.216464466e+02 -2.7818e-01 -2.2700e+00 +1.4104e+00 -8.5361e-01 -3.4703e+00
3275 +9.860675364e-01 +9.860675364e-01 +3.211760675e+02 +3.211760675e+02 +2.3974e-01 -2.3435e+00 +1.3883e+00 -8.5716e-01 -3.4691e+00
3483 +5.890019631e-01 +5.890019631e-01 +3.207790020e+02 +3.207790020e+02 -3.5295e-02 -2.3099e+00 +1.4076e+00 -8.6066e-01 -3.4695e+00
3652 +7.703349333e-02 +7.703349333e-02 +3.202670335e+02 +3.202670335e+02 -3.4387e-01 -2.3357e+00 +1.3969e+00 -8.5731e-01 -3.4695e+00
3983 +5.016233686e-02 +5.016233686e-02 +3.202401623e+02 +3.202401623e+02 -3.7706e-01 -2.3661e+00 +1.4011e+00 -8.5699e-01 -3.4698e+00
4052 +2.458446987e-02 +2.458446987e-02 +3.202145845e+02 +3.202145845e+02 -4.7073e-01 -2.3634e+00 +1.4004e+00 -8.5720e-01 -3.4697e+00
4212 +1.290243375e-02 +1.290243375e-02 +3.202029024e+02 +3.202029024e+02 -4.5705e-01 -2.3689e+00 +1.4015e+00 -8.5768e-01 -3.4697e+00
4360 +6.829451120e-03 +6.829451120e-03 +3.201968295e+02 +3.201968295e+02 -3.8744e-01 -2.3657e+00 +1.4033e+00 -8.5786e-01 -3.4696e+00
4390 +5.232600136e-03 +5.232600136e-03 +3.201952326e+02 +3.201952326e+02 -3.8207e-01 -2.3692e+00 +1.4029e+00 -8.5753e-01 -3.4696e+00
4532 +3.770198131e-03 +3.770198131e-03 +3.201937702e+02 +3.201937702e+02 -4.0445e-01 -2.3694e+00 +1.4036e+00 -8.5754e-01 -3.4696e+00
4689 +1.789202176e-03 +1.789202176e-03 +3.201917892e+02 +3.201917892e+02 -4.3164e-01 -2.3647e+00 +1.4039e+00 -8.5775e-01 -3.4696e+00
4769 +1.380464906e-03 +1.380464906e-03 +3.201913805e+02 +3.201913805e+02 -4.4326e-01 -2.3639e+00 +1.4040e+00 -8.5760e-01 -3.4696e+00
4773 +9.583251000e-04 +9.583251000e-04 +3.201909583e+02 +3.201909583e+02 -4.1178e-01 -2.3617e+00 +1.4039e+00 -8.5761e-01 -3.4696e+00
4952 +6.203705546e-04 +6.203705546e-04 +3.201906204e+02 +3.201906204e+02 -4.3099e-01 -2.3631e+00 +1.4039e+00 -8.5762e-01 -3.4696e+00
% function evaluation | noise-free fitness - Fopt (-1.042400000000e+02) | best noise-free fitness - Fopt | measured fitness | best measured fitness | x1 | x2...
1 +2.696815635e+06 +2.696815635e+06 +2.696711395e+06 +2.696711395e+06 +3.1472e+00 +4.0579e+00 -3.7301e+00 +4.1338e+00 +1.3236e+00
16 +1.325601673e+05 +1.325601673e+05 +1.324559273e+05 +1.324559273e+05 -1.5002e+00 -3.0340e+00 -2.4892e+00 +1.1604e+00 -2.6711e-01
79 +2.581492286e+04 +2.581492286e+04 +2.571068286e+04 +2.571068286e+04 +3.2939e+00 +1.7571e+00 -1.1321e+00 +3.5859e-01 -7.2311e-02
199 +8.778627325e+03 +8.778627325e+03 +8.674387325e+03 +8.674387325e+03 +5.0000e+00 -9.7488e-01 -1.1321e+00 -2.1180e-01 -7.3371e-02
258 +4.344152020e+03 +4.344152020e+03 +4.239912020e+03 +4.239912020e+03 -6.3979e-01 +5.4671e-01 +1.1785e+00 -4.6935e-01 -1.2342e-01
313 +2.828021808e+03 +2.828021808e+03 +2.723781808e+03 +2.723781808e+03 +2.8025e+00 +8.4925e-01 +8.7443e-01 -6.9496e-01 -3.5455e-02
483 +1.879802518e+03 +1.879802518e+03 +1.775562518e+03 +1.775562518e+03 -4.2387e-01 +1.7059e+00 +1.5717e+00 -5.3472e-01 -8.5749e-02
642 +1.416886261e+03 +1.416886261e+03 +1.312646261e+03 +1.312646261e+03 +9.6045e-01 +2.1943e+00 +1.2476e+00 -4.3349e-01 -4.9732e-02
738 +8.160206007e+02 +8.160206007e+02 +7.117806007e+02 +7.117806007e+02 -1.7385e+00 +9.8135e-01 +1.4353e+00 -4.6935e-01 -6.3581e-02
1023 +3.538865670e+02 +3.538865670e+02 +2.496465670e+02 +2.496465670e+02 +2.6990e+00 -2.1101e+00 +1.4323e+00 -4.6696e-01 -7.2827e-02
1287 +7.182477742e+01 +7.182477742e+01 -3.241522258e+01 -3.241522258e+01 +1.8376e+00 -3.2396e+00 +1.1029e+00 -4.7817e-01 -5.9658e-02
1772 +5.300990835e+01 +5.300990835e+01 -5.123009165e+01 -5.123009165e+01 +3.8023e+00 -3.0114e+00 +1.3819e+00 -5.1497e-01 -5.9561e-02
2110 +3.297330107e+01 +3.297330107e+01 -7.126669893e+01 -7.126669893e+01 +2.9889e+00 -3.0018e+00 +1.2945e+00 -4.8966e-01 -5.9619e-02
2532 +2.309127636e+01 +2.309127636e+01 -8.114872364e+01 -8.114872364e+01 +1.6411e+00 -3.2481e+00 +1.3796e+00 -4.9612e-01 -5.6904e-02
2772 +1.386256928e+01 +1.386256928e+01 -9.037743072e+01 -9.037743072e+01 +1.2845e+00 -3.3790e+00 +1.3150e+00 -4.8874e-01 -5.6846e-02
2903 +7.222926248e+00 +7.222926248e+00 -9.701707375e+01 -9.701707375e+01 +5.2247e-01 -4.0026e+00 +1.3847e+00 -5.0289e-01 -5.7716e-02
2932 +3.187818042e+00 +3.187818042e+00 -1.010521820e+02 -1.010521820e+02 +1.2845e+00 -3.9498e+00 +1.3406e+00 -5.0013e-01 -5.7765e-02
3169 +2.304210116e+00 +2.304210116e+00 -1.019357899e+02 -1.019357899e+02 +1.2351e+00 -3.9215e+00 +1.3440e+00 -4.9351e-01 -5.7498e-02
3321 +1.227392422e+00 +1.227392422e+00 -1.030126076e+02 -1.030126076e+02 +1.1424e+00 -3.9309e+00 +1.3129e+00 -4.9771e-01 -5.8118e-02
3481 +3.669347607e-01 +3.669347607e-01 -1.038730652e+02 -1.038730652e+02 +6.3281e-01 -3.9729e+00 +1.3223e+00 -4.9268e-01 -5.8070e-02
3822 +1.227189220e-01 +1.227189220e-01 -1.041172811e+02 -1.041172811e+02 +4.3738e-01 -3.9724e+00 +1.3133e+00 -4.9263e-01 -5.8377e-02
4062 +9.313429238e-02 +9.313429238e-02 -1.041468657e+02 -1.041468657e+02 +4.9505e-01 -3.9463e+00 +1.3064e+00 -4.9402e-01 -5.8318e-02
4109 +6.291369453e-02 +6.291369453e-02 -1.041770863e+02 -1.041770863e+02 +4.9835e-01 -3.9508e+00 +1.3115e+00 -4.9389e-01 -5.8289e-02
4132 +2.601622659e-02 +2.601622659e-02 -1.042139838e+02 -1.042139838e+02 +4.6014e-01 -3.9059e+00 +1.3123e+00 -4.9382e-01 -5.8276e-02
4212 +2.429794835e-02 +2.429794835e-02 -1.042157021e+02 -1.042157021e+02 +3.4270e-01 -3.9037e+00 +1.3123e+00 -4.9371e-01 -5.8298e-02
4344 +1.403858623e-02 +1.403858623e-02 -1.042259614e+02 -1.042259614e+02 +3.6744e-01 -3.9076e+00 +1.3137e+00 -4.9399e-01 -5.8349e-02
4462 +3.262559542e-03 +3.262559542e-03 -1.042367374e+02 -1.042367374e+02 +4.0002e-01 -3.9211e+00 +1.3131e+00 -4.9346e-01 -5.8353e-02
4532 +2.350375356e-03 +2.350375356e-03 -1.042376496e+02 -1.042376496e+02 +4.0851e-01 -3.9180e+00 +1.3131e+00 -4.9385e-01 -5.8399e-02
4772 +1.582831754e-03 +1.582831754e-03 -1.042384172e+02 -1.042384172e+02 +3.9833e-01 -3.9229e+00 +1.3131e+00 -4.9377e-01 -5.8388e-02
4925 +5.940326318e-04 +5.940326318e-04 -1.042394060e+02 -1.042394060e+02 +4.0992e-01 -3.9224e+00 +1.3138e+00 -4.9363e-01 -5.8388e-02
4942 +3.293091513e-04 +3.293091513e-04 -1.042396707e+02 -1.042396707e+02 +4.0705e-01 -3.9205e+00 +1.3137e+00 -4.9366e-01 -5.8405e-02
% function evaluation | noise-free fitness - Fopt (-3.570000000000e+01) | best noise-free fitness - Fopt | measured fitness | best measured fitness | x1 | x2...
1 +2.598315009e+07 +2.598315009e+07 +2.598311439e+07 +2.598311439e+07 +3.1472e+00 +4.0579e+00 -3.7301e+00 +4.1338e+00 +1.3236e+00
6 +4.414789118e+05 +4.414789118e+05 +4.414432118e+05 +4.414432118e+05 +2.5774e+00 +2.4313e+00 -1.0777e+00 +1.5548e+00 -3.2881e+00
23 +1.889307316e+05 +1.889307316e+05 +1.888950316e+05 +1.888950316e+05 -4.9458e-01 -4.1618e+00 -2.7102e+00 +4.1334e+00 -3.4762e+00
38 +1.439744332e+05 +1.439744332e+05 +1.439387332e+05 +1.439387332e+05 -3.1649e+00 -1.3152e+00 +1.2562e+00 +2.8023e+00 -4.1887e+00
129 +1.174194066e+04 +1.174194066e+04 +1.170624066e+04 +1.170624066e+04 -2.2378e+00 -1.9701e+00 +2.1303e+00 +2.9675e+00 -3.9304e+00
412 +8.050770664e+03 +8.050770664e+03 +8.015070664e+03 +8.015070664e+03 -2.0164e+00 +2.5974e+00 +8.3155e-01 +2.8527e+00 -3.8300e+00
545 +3.468663148e+03 +3.468663148e+03 +3.432963148e+03 +3.432963148e+03 -1.1897e-01 +1.9255e+00 +1.6127e+00 +3.2315e+00 -3.8270e+00
720 +1.497000500e+03 +1.497000500e+03 +1.461300500e+03 +1.461300500e+03 +2.7701e-01 +1.8431e+00 +2.5424e+00 +3.2051e+00 -3.7990e+00
825 +8.330112511e+02 +8.330112511e+02 +7.973112511e+02 +7.973112511e+02 +3.1431e-01 +1.5863e+00 +2.5188e+00 +3.2315e+00 -3.8270e+00
1129 +5.693374907e+02 +5.693374907e+02 +5.336374907e+02 +5.336374907e+02 -4.0245e-01 +1.4348e+00 +3.9259e+00 +3.1694e+00 -3.8244e+00
1234 +2.536092567e+02 +2.536092567e+02 +2.179092567e+02 +2.179092567e+02 +1.0783e+00 +1.8367e+00 +2.7735e+00 +3.1139e+00 -3.8302e+00
1538 +2.036903043e+02 +2.036903043e+02 +1.679903043e+02 +1.679903043e+02 -3.8991e-01 +2.8320e+00 +2.9186e+00 +3.1572e+00 -3.8340e+00
1668 +9.553635871e+01 +9.553635871e+01 +5.983635871e+01 +5.983635871e+01 -3.4447e-01 +1.2194e+00 +3.0735e+00 +3.1119e+00 -3.8375e+00
2017 +6.145237495e+01 +6.145237495e+01 +2.575237495e+01 +2.575237495e+01 -1.1659e+00 +2.0318e+00 +3.3521e+00 +3.1078e+00 -3.8357e+00
2242 +5.664996302e+00 +5.664996302e+00 -3.003500370e+01 -3.003500370e+01 -2.2056e+00 +1.4052e+00 +3.2038e+00 +3.1326e+00 -3.8300e+00
2934 +2.872677204e+00 +2.872677204e+00 -3.282732280e+01 -3.282732280e+01 -1.8998e+00 +1.3900e+00 +3.2785e+00 +3.1313e+00 -3.8312e+00
3132 +2.403964841e+00 +2.403964841e+00 -3.329603516e+01 -3.329603516e+01 -2.0580e+00 +1.6017e+00 +3.2773e+00 +3.1251e+00 -3.8313e+00
3563 +1.039311069e+00 +1.039311069e+00 -3.466068893e+01 -3.466068893e+01 -2.6538e+00 +1.6951e+00 +3.2298e+00 +3.1334e+00 -3.8316e+00
3574 +7.435143824e-01 +7.435143824e-01 -3.495648562e+01 -3.495648562e+01 -1.9725e+00 +1.6927e+00 +3.2701e+00 +3.1302e+00 -3.8315e+00
3734 +4.487715920e-01 +4.487715920e-01 -3.525122841e+01 -3.525122841e+01 -1.9176e+00 +1.6231e+00 +3.2680e+00 +3.1309e+00 -3.8311e+00
3805 +1.022431737e-01 +1.022431737e-01 -3.559775683e+01 -3.559775683e+01 -1.9675e+00 +1.6345e+00 +3.2503e+00 +3.1317e+00 -3.8311e+00
3821 +9.921428135e-02 +9.921428135e-02 -3.560078572e+01 -3.560078572e+01 -2.1198e+00 +1.6133e+00 +3.2582e+00 +3.1322e+00 -3.8314e+00
4014 +4.835341230e-02 +4.835341230e-02 -3.565164659e+01 -3.565164659e+01 -2.0530e+00 +1.6208e+00 +3.2518e+00 +3.1328e+00 -3.8311e+00
4132 +3.000412300e-02 +3.000412300e-02 -3.566999588e+01 -3.566999588e+01 -2.2393e+00 +1.6301e+00 +3.2519e+00 +3.1330e+00 -3.8314e+00
4214 +1.809317089e-02 +1.809317089e-02 -3.568190683e+01 -3.568190683e+01 -2.2347e+00 +1.6274e+00 +3.2496e+00 +3.1331e+00 -3.8311e+00
4306 +1.433174699e-02 +1.433174699e-02 -3.568566825e+01 -3.568566825e+01 -2.2157e+00 +1.6378e+00 +3.2510e+00 +3.1334e+00 -3.8312e+00
4412 +8.256572479e-03 +8.256572479e-03 -3.569174343e+01 -3.569174343e+01 -2.2393e+00 +1.6465e+00 +3.2519e+00 +3.1326e+00 -3.8312e+00
4612 +2.226956664e-03 +2.226956664e-03 -3.569777304e+01 -3.569777304e+01 -2.2000e+00 +1.6363e+00 +3.2524e+00 +3.1330e+00 -3.8312e+00
4841 +1.211511967e-03 +1.211511967e-03 -3.569878849e+01 -3.569878849e+01 -2.2290e+00 +1.6359e+00 +3.2523e+00 +3.1328e+00 -3.8312e+00
4933 +6.438945731e-04 +6.438945731e-04 -3.569935611e+01 -3.569935611e+01 -2.2034e+00 +1.6342e+00 +3.2517e+00 +3.1329e+00 -3.8312e+00
% function evaluation | noise-free fitness - Fopt (2.070000000000e+01) | best noise-free fitness - Fopt | measured fitness | best measured fitness | x1 | x2...
1 +3.148879838e+06 +3.148879838e+06 +3.148900538e+06 +3.148900538e+06 +3.1472e+00 +4.0579e+00 -3.7301e+00 +4.1338e+00 +1.3236e+00
3 +1.501541002e+05 +1.501541002e+05 +1.501748002e+05 +1.501748002e+05 -3.4239e+00 +4.7059e+00 +4.5717e+00 -1.4624e-01 +3.0028e+00
40 +9.668223689e+04 +9.668223689e+04 +9.670293689e+04 +9.670293689e+04 -1.9365e+00 +8.5087e-02 +1.0772e-01 +3.1763e+00 +2.9483e+00
123 +4.936305343e+04 +4.936305343e+04 +4.938375343e+04 +4.938375343e+04 -1.5924e+00 +2.7059e+00 +2.7807e+00 +1.8538e+00 +3.0410e+00
226 +3.377547095e+04 +3.377547095e+04 +3.379617095e+04 +3.379617095e+04 +1.1840e+00 -1.1556e+00 +1.9978e+00 +5.9870e-01 +2.8973e+00
231 +2.421741030e+04 +2.421741030e+04 +2.423811030e+04 +2.423811030e+04 -1.4652e+00 -1.5035e+00 +1.1451e+00 +2.0007e+00 +2.9086e+00
253 +9.925160715e+03 +9.925160715e+03 +9.945860715e+03 +9.945860715e+03 +1.2838e+00 +1.9779e+00 +4.7331e-01 +1.3575e+00 +2.9424e+00
542 +6.117057795e+03 +6.117057795e+03 +6.137757795e+03 +6.137757795e+03 -1.0647e-01 +3.0459e-01 -8.4097e-01 +1.6102e+00 +2.9445e+00
722 +1.187565493e+03 +1.187565493e+03 +1.208265493e+03 +1.208265493e+03 -1.3281e+00 -1.3898e+00 -2.3494e+00 +1.4658e+00 +2.9310e+00
1202 +8.053523942e+02 +8.053523942e+02 +8.260523942e+02 +8.260523942e+02 -2.5830e+00 -2.9777e-01 -2.6615e+00 +1.3077e+00 +2.9163e+00
1413 +4.100447647e+02 +4.100447647e+02 +4.307447647e+02 +4.307447647e+02 -1.9347e+00 -1.2872e-01 -1.6792e+00 +1.4524e+00 +2.8963e+00
1541 +3.948049638e+02 +3.948049638e+02 +4.155049638e+02 +4.155049638e+02 -9.5926e-01 -9.7513e-01 -1.9197e+00 +1.2886e+00 +2.8928e+00
1741 +1.339750627e+02 +1.339750627e+02 +1.546750627e+02 +1.546750627e+02 -1.7042e+00 -1.8095e+00 -2.4172e+00 +1.3617e+00 +2.9030e+00
2256 +6.843610375e+01 +6.843610375e+01 +8.913610375e+01 +8.913610375e+01 -1.7615e+00 -2.1924e+00 -2.3736e+00 +1.3943e+00 +2.8972e+00
2488 +5.418144597e+01 +5.418144597e+01 +7.488144597e+01 +7.488144597e+01 -1.4722e+00 -1.8680e+00 -2.3398e+00 +1.3775e+00 +2.8991e+00
2532 +3.008354566e+01 +3.008354566e+01 +5.078354566e+01 +5.078354566e+01 -1.2171e+00 -2.1652e+00 -2.1223e+00 +1.3693e+00 +2.9021e+00
2732 +2.192531862e+01 +2.192531862e+01 +4.262531862e+01 +4.262531862e+01 -1.5273e+00 -2.1652e+00 -2.1223e+00 +1.3756e+00 +2.9021e+00
2896 +1.468021266e+01 +1.468021266e+01 +3.538021266e+01 +3.538021266e+01 -2.2904e+00 -1.4582e+00 -2.0918e+00 +1.3838e+00 +2.8982e+00
3092 +6.159844104e+00 +6.159844104e+00 +2.685984410e+01 +2.685984410e+01 -1.5666e+00 -2.1223e+00 -2.1094e+00 +1.3939e+00 +2.8976e+00
3136 +3.615946292e+00 +3.615946292e+00 +2.431594629e+01 +2.431594629e+01 -2.5059e+00 -2.2637e+00 -2.0918e+00 +1.3872e+00 +2.8982e+00
3252 +2.376851596e+00 +2.376851596e+00 +2.307685160e+01 +2.307685160e+01 -2.9066e+00 -1.8382e+00 -2.1021e+00 +1.3853e+00 +2.8979e+00
3601 +1.195696469e+00 +1.195696469e+00 +2.189569647e+01 +2.189569647e+01 -3.2831e+00 -2.1042e+00 -2.1282e+00 +1.3817e+00 +2.8980e+00
3675 +8.911598295e-01 +8.911598295e-01 +2.159115983e+01 +2.159115983e+01 -3.2219e+00 -2.0231e+00 -2.1082e+00 +1.3900e+00 +2.8988e+00
3750 +6.201908326e-01 +6.201908326e-01 +2.132019083e+01 +2.132019083e+01 -3.4132e+00 -2.0406e+00 -2.1051e+00 +1.3874e+00 +2.8989e+00
3815 +3.209662497e-01 +3.209662497e-01 +2.102096625e+01 +2.102096625e+01 -3.2914e+00 -2.0090e+00 -2.1098e+00 +1.3857e+00 +2.8982e+00
4043 +2.360665216e-01 +2.360665216e-01 +2.093606652e+01 +2.093606652e+01 -3.3798e+00 -2.0172e+00 -2.1294e+00 +1.3841e+00 +2.8986e+00
4070 +1.324686457e-01 +1.324686457e-01 +2.083246865e+01 +2.083246865e+01 -3.3289e+00 -2.0297e+00 -2.1168e+00 +1.3866e+00 +2.8986e+00
4203 +7.668522587e-02 +7.668522587e-02 +2.077668523e+01 +2.077668523e+01 -3.3338e+00 -2.0221e+00 -2.1265e+00 +1.3871e+00 +2.8986e+00
4235 +4.507753487e-02 +4.507753487e-02 +2.074507753e+01 +2.074507753e+01 -3.3939e+00 -2.0528e+00 -2.1273e+00 +1.3865e+00 +2.8985e+00
4269 +3.465506888e-02 +3.465506888e-02 +2.073465507e+01 +2.073465507e+01 -3.4135e+00 -2.0013e+00 -2.1221e+00 +1.3867e+00 +2.8984e+00
4306 +2.047753501e-02 +2.047753501e-02 +2.072047754e+01 +2.072047754e+01 -3.3962e+00 -2.0212e+00 -2.1255e+00 +1.3870e+00 +2.8983e+00
4403 +1.512780886e-02 +1.512780886e-02 +2.071512781e+01 +2.071512781e+01 -3.4203e+00 -2.0130e+00 -2.1245e+00 +1.3868e+00 +2.8985e+00
4456 +3.932187072e-03 +3.932187072e-03 +2.070393219e+01 +2.070393219e+01 -3.4414e+00 -2.0192e+00 -2.1256e+00 +1.3864e+00 +2.8984e+00
4706 +2.321123203e-03 +2.321123203e-03 +2.070232112e+01 +2.070232112e+01 -3.4226e+00 -2.0245e+00 -2.1244e+00 +1.3862e+00 +2.8984e+00
4744 +4.880396876e-04 +4.880396876e-04 +2.070048804e+01 +2.070048804e+01 -3.4458e+00 -2.0257e+00 -2.1249e+00 +1.3865e+00 +2.8984e+00
4824 +3.032188529e-04 +3.032188529e-04 +2.070030322e+01 +2.070030322e+01 -3.4458e+00 -2.0257e+00 -2.1250e+00 +1.3865e+00 +2.8984e+00
4873 +2.287052457e-04 +2.287052457e-04 +2.070022871e+01 +2.070022871e+01 -3.4536e+00 -2.0269e+00 -2.1249e+00 +1.3863e+00 +2.8984e+00
% function evaluation | noise-free fitness - Fopt (3.807000000000e+01) | best noise-free fitness - Fopt | measured fitness | best measured fitness | x1 | x2...
1 +3.592803720e+06 +3.592803720e+06 +3.592841790e+06 +3.592841790e+06 +3.1472e+00 +4.0579e+00 -3.7301e+00 +4.1338e+00 +1.3236e+00
2 +2.173959861e+06 +2.173959861e+06 +2.173997931e+06 +2.173997931e+06 -4.0246e+00 -2.2150e+00 +4.6882e-01 +4.5751e+00 +4.6489e+00
3 +3.152720218e+05 +3.152720218e+05 +3.153100918e+05 +3.153100918e+05 -3.4239e+00 +4.7059e+00 +4.5717e+00 -1.4624e-01 +3.0028e+00
25 +4.473559368e+04 +4.473559368e+04 +4.477366368e+04 +4.477366368e+04 -3.9335e+00 +4.6190e+00 -4.9537e+00 +2.7491e+00 +3.1730e+00
40 +3.593580236e+04 +3.593580236e+04 +3.597387236e+04 +3.597387236e+04 -1.9365e+00 +8.5087e-02 +1.0772e-01 +3.1763e+00 +2.9483e+00
210 +2.088256013e+04 +2.088256013e+04 +2.092063013e+04 +2.092063013e+04 -7.0601e-01 +4.3878e-01 -5.7390e-01 +3.6337e+00 +3.0934e+00
217 +1.209659902e+04 +1.209659902e+04 +1.213466902e+04 +1.213466902e+04 -3.0311e+00 +1.4431e+00 -4.8415e-01 +2.7892e+00 +3.1990e+00
377 +8.297162314e+03 +8.297162314e+03 +8.335232314e+03 +8.335232314e+03 -3.1131e+00 +1.5301e+00 -5.6365e-01 +2.9021e+00 +3.0582e+00
479 +6.181057512e+03 +6.181057512e+03 +6.219127512e+03 +6.219127512e+03 -1.7061e+00 -2.3522e-01 +6.2504e-01 +3.3205e+00 +3.1476e+00
640 +3.036019683e+03 +3.036019683e+03 +3.074089683e+03 +3.074089683e+03 -1.8015e+00 -9.6327e-02 +4.9447e-01 +2.9826e+00 +3.0827e+00
679 +1.627129383e+03 +1.627129383e+03 +1.665199383e+03 +1.665199383e+03 -3.4042e+00 -2.9651e-01 +6.2504e-01 +2.9621e+00 +3.1353e+00
811 +5.948259165e+02 +5.948259165e+02 +6.328959165e+02 +6.328959165e+02 +2.4672e-01 +2.6902e+00 +1.2655e+00 +3.0417e+00 +3.1272e+00
1049 +3.455230575e+02 +3.455230575e+02 +3.835930575e+02 +3.835930575e+02 +3.7760e-01 +3.5696e+00 +1.7890e+00 +2.9475e+00 +3.1072e+00
1082 +1.473191037e+02 +1.473191037e+02 +1.853891037e+02 +1.853891037e+02 -2.8108e+00 +1.1804e+00 +1.6056e+00 +2.9447e+00 +3.1064e+00
1689 +8.750511968e+01 +8.750511968e+01 +1.255751197e+02 +1.255751197e+02 -1.6130e+00 +1.8116e+00 +1.7845e+00 +2.9475e+00 +3.1119e+00
2119 +5.772682331e+01 +5.772682331e+01 +9.579682331e+01 +9.579682331e+01 -4.5977e+00 +7.8351e-01 +1.7051e+00 +2.9621e+00 +3.1201e+00
2132 +3.453851608e+01 +3.453851608e+01 +7.260851608e+01 +7.260851608e+01 -9.9205e-01 +9.2898e-01 +1.6984e+00 +2.9362e+00 +3.1173e+00
2485 +1.426970190e+01 +1.426970190e+01 +5.233970190e+01 +5.233970190e+01 +9.7840e-02 +9.6841e-01 +1.7032e+00 +2.9763e+00 +3.1176e+00
2709 +5.862259246e+00 +5.862259246e+00 +4.393225925e+01 +4.393225925e+01 +7.3533e-01 +9.5115e-01 +1.7067e+00 +2.9683e+00 +3.1165e+00
3132 +3.484267288e+00 +3.484267288e+00 +4.155426729e+01 +4.155426729e+01 +1.7285e+00 +6.5759e-01 +1.7104e+00 +2.9675e+00 +3.1162e+00
3417 +2.074692183e+00 +2.074692183e+00 +4.014469218e+01 +4.014469218e+01 +1.5110e+00 +7.3099e-01 +1.7103e+00 +2.9618e+00 +3.1170e+00
3517 +1.229710759e+00 +1.229710759e+00 +3.929971076e+01 +3.929971076e+01 +2.0469e+00 +9.2915e-01 +1.7222e+00 +2.9588e+00 +3.1170e+00
3577 +9.371257894e-01 +9.371257894e-01 +3.900712579e+01 +3.900712579e+01 +2.2959e+00 +9.6024e-01 +1.7185e+00 +2.9607e+00 +3.1170e+00
3817 +4.738124898e-01 +4.738124898e-01 +3.854381249e+01 +3.854381249e+01 +2.2660e+00 +7.5219e-01 +1.7080e+00 +2.9613e+00 +3.1170e+00
3909 +2.709133330e-01 +2.709133330e-01 +3.834091333e+01 +3.834091333e+01 +2.6172e+00 +8.1584e-01 +1.7139e+00 +2.9635e+00 +3.1169e+00
4069 +1.218259384e-01 +1.218259384e-01 +3.819182594e+01 +3.819182594e+01 +2.5222e+00 +8.3403e-01 +1.7082e+00 +2.9629e+00 +3.1169e+00
4134 +8.099159182e-02 +8.099159182e-02 +3.815099159e+01 +3.815099159e+01 +2.6592e+00 +8.6595e-01 +1.7032e+00 +2.9629e+00 +3.1168e+00
4149 +3.586320805e-02 +3.586320805e-02 +3.810586321e+01 +3.810586321e+01 +2.6656e+00 +8.1559e-01 +1.7010e+00 +2.9622e+00 +3.1168e+00
4302 +1.899745398e-02 +1.899745398e-02 +3.808899745e+01 +3.808899745e+01 +2.6369e+00 +8.5586e-01 +1.7059e+00 +2.9615e+00 +3.1168e+00
4537 +1.102513121e-02 +1.102513121e-02 +3.808102513e+01 +3.808102513e+01 +2.6656e+00 +8.3007e-01 +1.7060e+00 +2.9617e+00 +3.1168e+00
4603 +7.387893334e-03 +7.387893334e-03 +3.807738789e+01 +3.807738789e+01 +2.6484e+00 +8.4524e-01 +1.7042e+00 +2.9617e+00 +3.1168e+00
4664 +5.425460799e-03 +5.425460799e-03 +3.807542546e+01 +3.807542546e+01 +2.7098e+00 +8.4754e-01 +1.7038e+00 +2.9614e+00 +3.1168e+00
4769 +3.847511401e-03 +3.847511401e-03 +3.807384751e+01 +3.807384751e+01 +2.6670e+00 +8.3855e-01 +1.7030e+00 +2.9613e+00 +3.1168e+00
4857 +1.805837651e-03 +1.805837651e-03 +3.807180584e+01 +3.807180584e+01 +2.6806e+00 +8.4319e-01 +1.7034e+00 +2.9615e+00 +3.1168e+00
4876 +1.395046815e-03 +1.395046815e-03 +3.807139505e+01 +3.807139505e+01 +2.6757e+00 +8.4209e-01 +1.7030e+00 +2.9615e+00 +3.1168e+00
% function evaluation | noise-free fitness - Fopt (-4.542000000000e+01) | best noise-free fitness - Fopt | measured fitness | best measured fitness | x1 | x2...
1 +1.096531071e+06 +1.096531071e+06 +1.096485651e+06 +1.096485651e+06 +3.1472e+00 +4.0579e+00 -3.7301e+00 +4.1338e+00 +1.3236e+00
3 +6.897912393e+05 +6.897912393e+05 +6.897458193e+05 +6.897458193e+05 -3.4239e+00 +4.7059e+00 +4.5717e+00 -1.4624e-01 +3.0028e+00
5 +5.045195194e+05 +5.045195194e+05 +5.044740994e+05 +5.044740994e+05 +1.5574e+00 -4.6429e+00 +3.4913e+00 +4.3399e+00 +1.7874e+00
10 +8.399228814e+04 +8.399228814e+04 +8.394686814e+04 +8.394686814e+04 -1.0236e-01 -5.4414e-01 +1.4631e+00 +2.0936e+00 +2.5469e+00
22 +5.526301382e+04 +5.526301382e+04 +5.521759382e+04 +5.521759382e+04 +1.0198e+00 -2.3703e+00 +1.5408e+00 +1.8921e+00 +2.4815e+00
65 +3.327318742e+04 +3.327318742e+04 +3.322776742e+04 +3.322776742e+04 -3.2068e+00 +3.6190e+00 -3.9537e+00 +2.6288e+00 +2.1730e+00
96 +4.672732489e+03 +4.672732489e+03 +4.627312489e+03 +4.627312489e+03 -4.5726e-01 -2.8510e+00 -2.4750e+00 +2.1604e+00 +2.2528e+00
280 +3.296892647e+03 +3.296892647e+03 +3.251472647e+03 +3.251472647e+03 -1.3925e+00 -5.7249e-01 -2.5191e+00 +2.1909e+00 +2.3090e+00
342 +2.059014383e+03 +2.059014383e+03 +2.013594383e+03 +2.013594383e+03 -1.2131e+00 -1.5135e+00 -2.5278e+00 +2.1192e+00 +2.3104e+00
459 +6.804809477e+02 +6.804809477e+02 +6.350609477e+02 +6.350609477e+02 -1.1719e+00 -1.1967e+00 -2.7531e+00 +2.0222e+00 +2.3043e+00
659 +6.132249460e+01 +6.132249460e+01 +1.590249460e+01 +1.590249460e+01 -1.1719e+00 +1.0236e-01 -2.7531e+00 +1.9291e+00 +2.2926e+00
2121 +3.193176348e+01 +3.193176348e+01 -1.348823652e+01 -1.348823652e+01 -1.6132e+00 +4.0284e-01 -2.8316e+00 +1.8846e+00 +2.2962e+00
2506 +1.866348049e+01 +1.866348049e+01 -2.675651951e+01 -2.675651951e+01 +1.8219e+00 -3.7076e-01 -2.8447e+00 +1.9083e+00 +2.2926e+00
2666 +1.401360201e+01 +1.401360201e+01 -3.140639799e+01 -3.140639799e+01 +2.4548e+00 -4.6659e-01 -2.8447e+00 +1.8853e+00 +2.2930e+00
2841 +8.001117680e+00 +8.001117680e+00 -3.741888232e+01 -3.741888232e+01 +9.1578e-01 +2.6221e-01 -2.8657e+00 +1.8876e+00 +2.2944e+00
3041 +3.742134172e+00 +3.742134172e+00 -4.167786583e+01 -4.167786583e+01 +2.0524e+00 +2.6221e-01 -2.8657e+00 +1.8921e+00 +2.2937e+00
3190 +2.245642282e+00 +2.245642282e+00 -4.317435772e+01 -4.317435772e+01 +2.5111e+00 +3.6786e-02 -2.8554e+00 +1.8920e+00 +2.2933e+00
3502 +8.862029122e-01 +8.862029122e-01 -4.453379709e+01 -4.453379709e+01 +2.8458e+00 +1.1334e-01 -2.8368e+00 +1.8901e+00 +2.2942e+00
3633 +5.299224880e-01 +5.299224880e-01 -4.489007751e+01 -4.489007751e+01 +3.2844e+00 +1.3391e-01 -2.8226e+00 +1.8976e+00 +2.2943e+00
3670 +3.149738313e-01 +3.149738313e-01 -4.510502617e+01 -4.510502617e+01 +3.5393e+00 +5.1924e-02 -2.8483e+00 +1.8941e+00 +2.2943e+00
3910 +1.562128069e-01 +1.562128069e-01 -4.526378719e+01 -4.526378719e+01 +3.4557e+00 +8.9161e-02 -2.8409e+00 +1.8955e+00 +2.2942e+00
4121 +5.042837050e-02 +5.042837050e-02 -4.536957163e+01 -4.536957163e+01 +3.2498e+00 +1.0660e-01 -2.8382e+00 +1.8936e+00 +2.2942e+00
4226 +1.478764940e-02 +1.478764940e-02 -4.540521235e+01 -4.540521235e+01 +3.2056e+00 +1.0560e-01 -2.8387e+00 +1.8942e+00 +2.2943e+00
4306 +7.398273317e-03 +7.398273317e-03 -4.541260173e+01 -4.541260173e+01 +3.2437e+00 +9.6931e-02 -2.8367e+00 +1.8945e+00 +2.2943e+00
4479 +6.066968667e-03 +6.066968667e-03 -4.541393303e+01 -4.541393303e+01 +3.1679e+00 +1.0267e-01 -2.8374e+00 +1.8943e+00 +2.2943e+00
4550 +3.191054095e-03 +3.191054095e-03 -4.541680895e+01 -4.541680895e+01 +3.2264e+00 +1.0346e-01 -2.8371e+00 +1.8946e+00 +2.2944e+00
4603 +1.392599809e-03 +1.392599809e-03 -4.541860740e+01 -4.541860740e+01 +3.2027e+00 +9.5642e-02 -2.8382e+00 +1.8943e+00 +2.2944e+00
4633 +7.652744554e-04 +7.652744554e-04 -4.541923473e+01 -4.541923473e+01 +3.2037e+00 +1.0013e-01 -2.8380e+00 +1.8943e+00 +2.2944e+00
4689 +5.630975023e-04 +5.630975023e-04 -4.541943690e+01 -4.541943690e+01 +3.1977e+00 +1.0015e-01 -2.8374e+00 +1.8944e+00 +2.2944e+00
4795 +1.519827549e-04 +1.519827549e-04 -4.541984802e+01 -4.541984802e+01 +3.2138e+00 +9.7877e-02 -2.8374e+00 +1.8944e+00 +2.2944e+00
% function evaluation | noise-free fitness - Fopt (6.695000000000e+01) | best noise-free fitness - Fopt | measured fitness | best measured fitness | x1 | x2...
1 +5.104164693e+06 +5.104164693e+06 +5.104231643e+06 +5.104231643e+06 +3.1472e+00 +4.0579e+00 -3.7301e+00 +4.1338e+00 +1.3236e+00
2 +2.477134069e+06 +2.477134069e+06 +2.477201019e+06 +2.477201019e+06 -4.0246e+00 -2.2150e+00 +4.6882e-01 +4.5751e+00 +4.6489e+00
3 +2.456876569e+05 +2.456876569e+05 +2.457546069e+05 +2.457546069e+05 -3.4239e+00 +4.7059e+00 +4.5717e+00 -1.4624e-01 +3.0028e+00
43 +6.696618723e+04 +6.696618723e+04 +6.703313723e+04 +6.703313723e+04 -3.9499e+00 +4.3482e+00 +4.5193e+00 -6.3136e-01 +3.6226e+00
119 +4.024105337e+04 +4.024105337e+04 +4.030800337e+04 +4.030800337e+04 +1.7166e+00 +3.7571e+00 +8.6792e-01 -1.1535e+00 +3.5725e+00
135 +1.611270351e+04 +1.611270351e+04 +1.617965351e+04 +1.617965351e+04 +1.6403e+00 -4.5718e-01 +2.3574e+00 -5.6475e-01 +3.4755e+00
217 +1.429165926e+04 +1.429165926e+04 +1.435860926e+04 +1.435860926e+04 -6.2853e-01 +3.2584e+00 +2.1847e+00 -4.3480e-01 +3.4142e+00
397 +9.567465799e+03 +9.567465799e+03 +9.634415799e+03 +9.634415799e+03 +7.4284e-01 +6.1468e-01 +1.7182e+00 -4.1400e-01 +3.4665e+00
749 +5.420492143e+03 +5.420492143e+03 +5.487442143e+03 +5.487442143e+03 -8.3379e-01 +1.5286e+00 -2.8275e-01 -6.6749e-02 +3.4986e+00
849 +2.257646947e+03 +2.257646947e+03 +2.324596947e+03 +2.324596947e+03 -2.3810e-01 +1.0215e+00 -6.7680e-01 -5.4035e-01 +3.4585e+00
1016 +1.268841388e+03 +1.268841388e+03 +1.335791388e+03 +1.335791388e+03 +2.6600e+00 +2.1646e+00 -3.4550e-01 -3.9847e-01 +3.4555e+00
1060 +1.615642776e+02 +1.615642776e+02 +2.285142776e+02 +2.285142776e+02 +2.6961e+00 +3.0054e+00 -1.6156e+00 -3.0108e-01 +3.4502e+00
1692 +2.536598073e+01 +2.536598073e+01 +9.231598073e+01 +9.231598073e+01 +1.1702e+00 +2.2082e+00 -1.4021e+00 -3.1418e-01 +3.4529e+00
2092 +1.312851834e+01 +1.312851834e+01 +8.007851834e+01 +8.007851834e+01 +6.3713e-01 +1.4897e+00 -1.2669e+00 -3.1418e-01 +3.4508e+00
2412 +7.859703169e+00 +7.859703169e+00 +7.480970317e+01 +7.480970317e+01 +1.7164e+00 +1.4897e+00 -1.3423e+00 -3.1361e-01 +3.4530e+00
2776 +5.496776218e+00 +5.496776218e+00 +7.244677622e+01 +7.244677622e+01 +7.3177e-01 +1.5159e+00 -1.3563e+00 -3.0985e-01 +3.4544e+00
3201 +2.731716040e+00 +2.731716040e+00 +6.968171604e+01 +6.968171604e+01 +2.1937e-01 +1.3993e+00 -1.3432e+00 -2.9820e-01 +3.4535e+00
3405 +2.037945767e+00 +2.037945767e+00 +6.898794577e+01 +6.898794577e+01 -5.8999e-02 +1.3389e+00 -1.3400e+00 -3.1042e-01 +3.4518e+00
3426 +1.078191979e+00 +1.078191979e+00 +6.802819198e+01 +6.802819198e+01 +1.6225e-01 +1.4547e+00 -1.3601e+00 -3.0792e-01 +3.4530e+00
3597 +7.040111555e-01 +7.040111555e-01 +6.765401116e+01 +6.765401116e+01 +5.0110e-02 +1.4248e+00 -1.3445e+00 -3.0329e-01 +3.4530e+00
3637 +2.432762232e-01 +2.432762232e-01 +6.719327622e+01 +6.719327622e+01 -1.1151e-01 +1.4248e+00 -1.3445e+00 -3.0540e-01 +3.4526e+00
4043 +7.233783875e-02 +7.233783875e-02 +6.702233784e+01 +6.702233784e+01 -5.0997e-01 +1.3775e+00 -1.3419e+00 -3.0418e-01 +3.4527e+00
4136 +4.143842954e-02 +4.143842954e-02 +6.699143843e+01 +6.699143843e+01 -5.9470e-01 +1.3663e+00 -1.3430e+00 -3.0499e-01 +3.4527e+00
4209 +3.430376185e-02 +3.430376185e-02 +6.698430376e+01 +6.698430376e+01 -5.9096e-01 +1.3647e+00 -1.3429e+00 -3.0496e-01 +3.4529e+00
4294 +1.897891893e-02 +1.897891893e-02 +6.696897892e+01 +6.696897892e+01 -6.5539e-01 +1.3835e+00 -1.3445e+00 -3.0520e-01 +3.4528e+00
4369 +1.103916395e-02 +1.103916395e-02 +6.696103916e+01 +6.696103916e+01 -6.0419e-01 +1.3935e+00 -1.3443e+00 -3.0556e-01 +3.4527e+00
4456 +5.448362193e-03 +5.448362193e-03 +6.695544836e+01 +6.695544836e+01 -5.9028e-01 +1.3855e+00 -1.3443e+00 -3.0535e-01 +3.4528e+00
4603 +3.577101673e-03 +3.577101673e-03 +6.695357710e+01 +6.695357710e+01 -5.8365e-01 +1.3861e+00 -1.3445e+00 -3.0563e-01 +3.4528e+00
4742 +1.133469010e-03 +1.133469010e-03 +6.695113347e+01 +6.695113347e+01 -5.4598e-01 +1.3847e+00 -1.3454e+00 -3.0547e-01 +3.4528e+00
4796 +5.770719915e-04 +5.770719915e-04 +6.695057707e+01 +6.695057707e+01 -5.4565e-01 +1.3805e+00 -1.3446e+00 -3.0563e-01 +3.4528e+00
% function evaluation | noise-free fitness - Fopt (5.832000000000e+01) | best noise-free fitness - Fopt | measured fitness | best measured fitness | x1 | x2...
1 +2.434164225e+07 +2.434164225e+07 +2.434170057e+07 +2.434170057e+07 +3.1472e+00 +4.0579e+00 -3.7301e+00 +4.1338e+00 +1.3236e+00
6 +1.812257461e+05 +1.812257461e+05 +1.812840661e+05 +1.812840661e+05 +2.5774e+00 +2.4313e+00 -1.0777e+00 +1.5548e+00 -3.2881e+00
21 +8.111966130e+04 +8.111966130e+04 +8.117798130e+04 +8.117798130e+04 -3.3782e+00 +2.9428e+00 -1.8878e+00 +2.8533e-01 -3.3435e+00
28 +1.780682532e+04 +1.780682532e+04 +1.786514532e+04 +1.786514532e+04 -3.6393e+00 +3.6929e+00 +7.9705e-01 +4.9860e-01 -3.5505e+00
141 +1.321712461e+04 +1.321712461e+04 +1.327544461e+04 +1.327544461e+04 -3.5768e+00 +4.0094e+00 -3.1978e-01 +2.8308e-01 -3.5292e+00
313 +6.197870514e+03 +6.197870514e+03 +6.256190514e+03 +6.256190514e+03 -1.1975e+00 +2.6499e+00 -5.4103e-01 -4.5482e-02 -3.5604e+00
591 +3.158290318e+03 +3.158290318e+03 +3.216610318e+03 +3.216610318e+03 -2.4374e+00 +1.6167e+00 +1.0780e+00 +4.1013e-02 -3.6378e+00
766 +1.900234000e+03 +1.900234000e+03 +1.958554000e+03 +1.958554000e+03 -3.0437e+00 +8.1691e-01 +9.6228e-01 +8.4008e-02 -3.5851e+00
777 +1.580192101e+03 +1.580192101e+03 +1.638512101e+03 +1.638512101e+03 -2.4020e+00 +1.0164e+00 +1.2209e+00 -6.1279e-02 -3.5670e+00
1206 +8.529344772e+02 +8.529344772e+02 +9.112544772e+02 +9.112544772e+02 -3.1535e+00 +8.1691e-01 +9.6602e-01 -1.1490e-01 -3.5875e+00
1217 +4.942310227e+02 +4.942310227e+02 +5.525510227e+02 +5.525510227e+02 -1.8680e+00 -1.4294e+00 +1.1795e+00 -4.5434e-03 -3.5895e+00
1429 +3.373321732e+02 +3.373321732e+02 +3.956521732e+02 +3.956521732e+02 -2.1669e+00 -1.3068e+00 +1.2930e+00 -4.0689e-02 -3.6079e+00
1445 +1.261088308e+02 +1.261088308e+02 +1.844288308e+02 +1.844288308e+02 -1.6640e+00 -2.5420e+00 +1.4823e+00 -1.0914e-01 -3.6062e+00
2192 +8.607304441e+01 +8.607304441e+01 +1.443930444e+02 +1.443930444e+02 -3.6323e+00 -3.4394e+00 +1.3156e+00 -1.0059e-01 -3.5921e+00
2548 +5.220532991e+01 +5.220532991e+01 +1.105253299e+02 +1.105253299e+02 -2.4866e+00 -3.4390e+00 +1.3510e+00 -1.1273e-01 -3.5965e+00
2883 +1.634360579e+01 +1.634360579e+01 +7.466360579e+01 +7.466360579e+01 -9.9339e-02 -3.4613e+00 +1.3113e+00 -9.4892e-02 -3.5978e+00
3043 +1.503659004e+01 +1.503659004e+01 +7.335659004e+01 +7.335659004e+01 -9.9339e-02 -3.3171e+00 +1.3198e+00 -9.4892e-02 -3.5989e+00
3245 +7.961876865e+00 +7.961876865e+00 +6.628187686e+01 +6.628187686e+01 +1.2062e+00 -3.2557e+00 +1.3628e+00 -9.3288e-02 -3.5995e+00
3435 +5.124292189e+00 +5.124292189e+00 +6.344429219e+01 +6.344429219e+01 +2.9373e+00 -2.9167e+00 +1.3193e+00 -9.0950e-02 -3.5980e+00
3548 +2.278264045e+00 +2.278264045e+00 +6.059826404e+01 +6.059826404e+01 +3.0824e+00 -3.2141e+00 +1.3345e+00 -8.9699e-02 -3.5996e+00
3565 +1.175062735e+00 +1.175062735e+00 +5.949506273e+01 +5.949506273e+01 +3.4254e+00 -3.2973e+00 +1.3393e+00 -9.6925e-02 -3.5990e+00
3652 +4.264448647e-01 +4.264448647e-01 +5.874644486e+01 +5.874644486e+01 +4.1040e+00 -3.3161e+00 +1.3215e+00 -9.4597e-02 -3.5987e+00
3823 +2.303880613e-01 +2.303880613e-01 +5.855038806e+01 +5.855038806e+01 +3.5949e+00 -3.2487e+00 +1.3301e+00 -9.0946e-02 -3.5985e+00
4125 +1.343271120e-01 +1.343271120e-01 +5.845432711e+01 +5.845432711e+01 +3.7351e+00 -3.2571e+00 +1.3386e+00 -9.2607e-02 -3.5983e+00
4205 +4.480706149e-02 +4.480706149e-02 +5.836480706e+01 +5.836480706e+01 +3.6310e+00 -3.3061e+00 +1.3277e+00 -9.1948e-02 -3.5983e+00
4245 +2.344742636e-02 +2.344742636e-02 +5.834344743e+01 +5.834344743e+01 +3.6310e+00 -3.3061e+00 +1.3277e+00 -9.2642e-02 -3.5983e+00
4572 +1.331757178e-02 +1.331757178e-02 +5.833331757e+01 +5.833331757e+01 +3.6888e+00 -3.2899e+00 +1.3295e+00 -9.2749e-02 -3.5983e+00
4638 +9.092117052e-03 +9.092117052e-03 +5.832909212e+01 +5.832909212e+01 +3.6832e+00 -3.2997e+00 +1.3303e+00 -9.2674e-02 -3.5983e+00
4685 +5.915016253e-03 +5.915016253e-03 +5.832591502e+01 +5.832591502e+01 +3.6882e+00 -3.3023e+00 +1.3297e+00 -9.2828e-02 -3.5983e+00
4698 +2.052138853e-03 +2.052138853e-03 +5.832205214e+01 +5.832205214e+01 +3.7208e+00 -3.2963e+00 +1.3310e+00 -9.2850e-02 -3.5984e+00
4738 +5.628857998e-04 +5.628857998e-04 +5.832056289e+01 +5.832056289e+01 +3.7206e+00 -3.2990e+00 +1.3296e+00 -9.2850e-02 -3.5984e+00
% function evaluation | noise-free fitness - Fopt (1.932700000000e+02) | best noise-free fitness - Fopt | measured fitness | best measured fitness | x1 | x2...
1 +4.398999145e+06 +4.398999145e+06 +4.399192415e+06 +4.399192415e+06 +3.1472e+00 +4.0579e+00 -3.7301e+00 +4.1338e+00 +1.3236e+00
2 +1.836865541e+06 +1.836865541e+06 +1.837058811e+06 +1.837058811e+06 -4.0246e+00 -2.2150e+00 +4.6882e-01 +4.5751e+00 +4.6489e+00
3 +7.357485936e+05 +7.357485936e+05 +7.359418636e+05 +7.359418636e+05 -3.4239e+00 +4.7059e+00 +4.5717e+00 -1.4624e-01 +3.0028e+00
13 +3.729451893e+05 +3.729451893e+05 +3.731384593e+05 +3.731384593e+05 +2.5127e+00 -2.4490e+00 +5.9571e-02 +1.9908e+00 +3.9090e+00
25 +1.640516061e+05 +1.640516061e+05 +1.642448761e+05 +1.642448761e+05 -3.9335e+00 +4.6190e+00 -4.9537e+00 +2.7491e+00 +3.1730e+00
42 +7.730245340e+04 +7.730245340e+04 +7.749572340e+04 +7.749572340e+04 -3.1237e+00 -1.2150e+00 -5.3118e-01 +4.7941e+00 +3.6489e+00
121 +4.129511095e+04 +4.129511095e+04 +4.148838095e+04 +4.148838095e+04 +1.1472e+00 +3.3080e+00 -3.7301e+00 +4.1338e+00 +3.3236e+00
160 +2.462441521e+04 +2.462441521e+04 +2.481768521e+04 +2.481768521e+04 -3.1475e+00 -5.5707e-01 -3.5303e-01 +3.1763e+00 +3.4227e+00
336 +2.472280698e+03 +2.472280698e+03 +2.665550698e+03 +2.665550698e+03 -8.4951e-01 -4.8791e+00 +7.8968e-01 +4.0468e+00 +3.4167e+00
588 +1.253508898e+03 +1.253508898e+03 +1.446778898e+03 +1.446778898e+03 -2.1041e+00 -1.6381e+00 +1.3575e+00 +4.0717e+00 +3.3967e+00
828 +7.068705954e+02 +7.068705954e+02 +9.001405954e+02 +9.001405954e+02 -2.1041e+00 -1.6381e+00 +2.0324e+00 +4.0717e+00 +3.3967e+00
834 +1.818177696e+02 +1.818177696e+02 +3.750877696e+02 +3.750877696e+02 -1.4147e-03 -4.0976e+00 +1.8137e+00 +4.0197e+00 +3.4150e+00
1319 +1.299149582e+02 +1.299149582e+02 +3.231849582e+02 +3.231849582e+02 +1.6763e-01 -3.8884e+00 +2.0632e+00 +4.0152e+00 +3.4272e+00
1417 +5.366067449e+01 +5.366067449e+01 +2.469306745e+02 +2.469306745e+02 -2.1554e+00 -3.0780e+00 +2.2371e+00 +3.9963e+00 +3.4234e+00
1676 +3.856838303e+01 +3.856838303e+01 +2.318383830e+02 +2.318383830e+02 -1.0864e+00 -2.8220e+00 +2.2756e+00 +4.0105e+00 +3.4174e+00
2017 +1.407646671e+01 +1.407646671e+01 +2.073464667e+02 +2.073464667e+02 -7.5852e-01 -3.0526e+00 +2.2371e+00 +3.9963e+00 +3.4177e+00
2532 +3.922515773e+00 +3.922515773e+00 +1.971925158e+02 +1.971925158e+02 +8.9832e-01 -3.2370e+00 +2.1305e+00 +3.9974e+00 +3.4172e+00
2843 +2.472507922e+00 +2.472507922e+00 +1.957425079e+02 +1.957425079e+02 +1.1885e+00 -3.2400e+00 +2.1987e+00 +3.9946e+00 +3.4168e+00
3096 +1.338496980e+00 +1.338496980e+00 +1.946084970e+02 +1.946084970e+02 +1.0911e+00 -3.2328e+00 +2.1712e+00 +3.9951e+00 +3.4173e+00
3136 +9.846436155e-01 +9.846436155e-01 +1.942546436e+02 +1.942546436e+02 +1.2377e+00 -3.2396e+00 +2.1712e+00 +3.9951e+00 +3.4173e+00
3643 +5.051828131e-01 +5.051828131e-01 +1.937751828e+02 +1.937751828e+02 +1.4543e+00 -3.3987e+00 +2.1632e+00 +3.9956e+00 +3.4173e+00
3676 +3.458675144e-01 +3.458675144e-01 +1.936158675e+02 +1.936158675e+02 +1.6543e+00 -3.3866e+00 +2.1600e+00 +3.9944e+00 +3.4174e+00
3883 +1.803303422e-01 +1.803303422e-01 +1.934503303e+02 +1.934503303e+02 +1.8225e+00 -3.3982e+00 +2.1703e+00 +3.9947e+00 +3.4175e+00
3896 +1.000710732e-01 +1.000710732e-01 +1.933700711e+02 +1.933700711e+02 +1.8320e+00 -3.3572e+00 +2.1718e+00 +3.9946e+00 +3.4174e+00
4123 +9.041971817e-02 +9.041971817e-02 +1.933604197e+02 +1.933604197e+02 +2.0263e+00 -3.3570e+00 +2.1735e+00 +3.9942e+00 +3.4174e+00
4203 +6.199706967e-02 +6.199706967e-02 +1.933319971e+02 +1.933319971e+02 +2.1190e+00 -3.3426e+00 +2.1738e+00 +3.9943e+00 +3.4175e+00
4296 +3.874507099e-02 +3.874507099e-02 +1.933087451e+02 +1.933087451e+02 +2.1515e+00 -3.3351e+00 +2.1721e+00 +3.9945e+00 +3.4176e+00
4336 +1.583654866e-02 +1.583654866e-02 +1.932858365e+02 +1.932858365e+02 +1.9713e+00 -3.3389e+00 +2.1723e+00 +3.9953e+00 +3.4176e+00
4525 +5.666028003e-03 +5.666028003e-03 +1.932756660e+02 +1.932756660e+02 +1.9871e+00 -3.3428e+00 +2.1677e+00 +3.9951e+00 +3.4176e+00
4696 +3.174981933e-03 +3.174981933e-03 +1.932731750e+02 +1.932731750e+02 +2.0460e+00 -3.3308e+00 +2.1688e+00 +3.9950e+00 +3.4176e+00
4772 +1.646862370e-03 +1.646862370e-03 +1.932716469e+02 +1.932716469e+02 +2.0564e+00 -3.3332e+00 +2.1694e+00 +3.9952e+00 +3.4176e+00
4892 +1.363834179e-03 +1.363834179e-03 +1.932713638e+02 +1.932713638e+02 +2.0420e+00 -3.3332e+00 +2.1694e+00 +3.9952e+00 +3.4176e+00
% function evaluation | noise-free fitness - Fopt (-4.190100000000e+02) | best noise-free fitness - Fopt | measured fitness | best measured fitness | x1 | x2...
1 +1.091140991e+07 +1.091140991e+07 +1.091099090e+07 +1.091099090e+07 +3.1472e+00 +4.0579e+00 -3.7301e+00 +4.1338e+00 +1.3236e+00
6 +3.406290285e+06 +3.406290285e+06 +3.405871275e+06 +3.405871275e+06 +2.5774e+00 +2.4313e+00 -1.0777e+00 +1.5548e+00 -3.2881e+00
12 +1.466765186e+06 +1.466765186e+06 +1.466346176e+06 +1.466346176e+06 -1.6359e-02 +4.5974e+00 -1.5961e+00 +8.5268e-01 -2.7619e+00
14 +3.735837562e+05 +3.735837562e+05 +3.731647462e+05 +3.731647462e+05 +4.5929e+00 +4.7216e-01 -3.6138e+00 -3.5071e+00 -2.4249e+00
20 +1.371802236e+05 +1.371802236e+05 +1.367612136e+05 +1.367612136e+05 -3.7009e+00 +6.8824e-01 -3.0609e-01 -4.8810e+00 -1.6288e+00
54 +7.921396694e+04 +7.921396694e+04 +7.879495694e+04 +7.879495694e+04 +3.5929e+00 +3.5770e-01 -2.6138e+00 -4.5071e+00 -1.7824e+00
70 +3.535649266e+04 +3.535649266e+04 +3.493748266e+04 +3.493748266e+04 -4.3686e+00 -1.6008e+00 -2.7668e+00 -3.5483e+00 -1.6005e+00
275 +2.373716059e+04 +2.373716059e+04 +2.331815059e+04 +2.331815059e+04 -5.0000e+00 -1.8017e+00 +4.0165e-01 -2.4493e+00 -1.7616e+00
378 +1.402721011e+04 +1.402721011e+04 +1.360820011e+04 +1.360820011e+04 -4.5025e+00 -1.6792e+00 -4.6271e-01 -2.5629e+00 -1.7629e+00
478 +5.291498576e+03 +5.291498576e+03 +4.872488576e+03 +4.872488576e+03 -5.0000e+00 -1.2914e+00 -9.2127e-01 -3.1977e+00 -1.7270e+00
499 +3.221621195e+03 +3.221621195e+03 +2.802611195e+03 +2.802611195e+03 -4.7518e+00 -2.2579e+00 -1.7408e+00 -3.2083e+00 -1.7370e+00
739 +2.330604841e+03 +2.330604841e+03 +1.911594841e+03 +1.911594841e+03 -4.7518e+00 -2.2579e+00 -1.7408e+00 -3.2083e+00 -1.7644e+00
745 +7.671637216e+02 +7.671637216e+02 +3.481537216e+02 +3.481537216e+02 -4.7838e+00 -9.4889e-01 -2.3972e+00 -2.9831e+00 -1.7638e+00
1308 +5.674928312e+02 +5.674928312e+02 +1.484828312e+02 +1.484828312e+02 -2.0954e+00 +1.5940e+00 -2.0908e+00 -3.0799e+00 -1.7776e+00
1465 +2.365598446e+02 +2.365598446e+02 -1.824501554e+02 -1.824501554e+02 -4.9803e+00 +8.1487e-01 -2.3972e+00 -3.0730e+00 -1.7638e+00
1545 +1.178660469e+02 +1.178660469e+02 -3.011439531e+02 -3.011439531e+02 -2.4617e+00 +2.5136e+00 -2.3972e+00 -3.0918e+00 -1.7638e+00
1865 +4.434672934e+01 +4.434672934e+01 -3.746632707e+02 -3.746632707e+02 -2.8959e+00 +2.5136e+00 -2.7307e+00 -3.0918e+00 -1.7697e+00
1909 +2.045652164e+01 +2.045652164e+01 -3.985534784e+02 -3.985534784e+02 -2.8230e+00 +2.4593e+00 -2.6109e+00 -3.0496e+00 -1.7656e+00
2909 +1.426120690e+01 +1.426120690e+01 -4.047487931e+02 -4.047487931e+02 -3.6755e+00 +2.9325e+00 -2.6091e+00 -3.0717e+00 -1.7640e+00
3030 +6.369708980e+00 +6.369708980e+00 -4.126402910e+02 -4.126402910e+02 -4.2181e+00 +2.8808e+00 -2.6893e+00 -3.0541e+00 -1.7659e+00
3106 +2.783497658e+00 +2.783497658e+00 -4.162265023e+02 -4.162265023e+02 -4.1099e+00 +2.7801e+00 -2.6831e+00 -3.0610e+00 -1.7671e+00
3447 +1.230377958e+00 +1.230377958e+00 -4.177796220e+02 -4.177796220e+02 -3.3794e+00 +2.9822e+00 -2.6628e+00 -3.0583e+00 -1.7666e+00
3635 +9.636211470e-01 +9.636211470e-01 -4.180463789e+02 -4.180463789e+02 -3.8888e+00 +3.0245e+00 -2.6750e+00 -3.0634e+00 -1.7665e+00
3740 +5.028964570e-01 +5.028964570e-01 -4.185071035e+02 -4.185071035e+02 -2.8578e+00 +3.0200e+00 -2.6594e+00 -3.0637e+00 -1.7667e+00
3831 +2.894263228e-01 +2.894263228e-01 -4.187205737e+02 -4.187205737e+02 -3.2905e+00 +3.0529e+00 -2.6593e+00 -3.0631e+00 -1.7667e+00
4043 +2.077282998e-01 +2.077282998e-01 -4.188022717e+02 -4.188022717e+02 -3.3096e+00 +3.0594e+00 -2.6564e+00 -3.0641e+00 -1.7670e+00
4150 +1.154490013e-01 +1.154490013e-01 -4.188945510e+02 -4.188945510e+02 -3.2744e+00 +3.0040e+00 -2.6583e+00 -3.0640e+00 -1.7669e+00
4212 +4.568631345e-02 +4.568631345e-02 -4.189643137e+02 -4.189643137e+02 -3.2279e+00 +3.0048e+00 -2.6591e+00 -3.0636e+00 -1.7673e+00
4462 +2.382736846e-02 +2.382736846e-02 -4.189861726e+02 -4.189861726e+02 -3.2529e+00 +3.0271e+00 -2.6618e+00 -3.0627e+00 -1.7672e+00
4536 +9.726109264e-03 +9.726109264e-03 -4.190002739e+02 -4.190002739e+02 -3.3081e+00 +3.0234e+00 -2.6614e+00 -3.0631e+00 -1.7672e+00
4616 +1.730021547e-03 +1.730021547e-03 -4.190082700e+02 -4.190082700e+02 -3.3418e+00 +3.0119e+00 -2.6621e+00 -3.0632e+00 -1.7672e+00
4852 +9.137481759e-04 +9.137481759e-04 -4.190090863e+02 -4.190090863e+02 -3.3439e+00 +3.0096e+00 -2.6628e+00 -3.0632e+00 -1.7672e+00
% function evaluation | noise-free fitness - Fopt (4.076100000000e+02) | best noise-free fitness - Fopt | measured fitness | best measured fitness | x1 | x2...
1 +1.620101765e+06 +1.620101765e+06 +1.620509375e+06 +1.620509375e+06 +3.1472e+00 +4.0579e+00 -3.7301e+00 +4.1338e+00 +1.3236e+00
3 +5.602844876e+05 +5.602844876e+05 +5.606920976e+05 +5.606920976e+05 -3.4239e+00 +4.7059e+00 +4.5717e+00 -1.4624e-01 +3.0028e+00
10 +2.428813094e+04 +2.428813094e+04 +2.469574094e+04 +2.469574094e+04 -1.0236e-01 -5.4414e-01 +1.4631e+00 +2.0936e+00 +2.5469e+00
142 +5.519622566e+03 +5.519622566e+03 +5.927232566e+03 +5.927232566e+03 -2.3805e-01 -3.7029e-01 +1.5826e+00 +2.7451e+00 +2.4894e+00
410 +3.064556140e+03 +3.064556140e+03 +3.472166140e+03 +3.472166140e+03 +8.2405e-02 -1.4932e-01 +2.3678e+00 +2.9137e+00 +2.4878e+00
468 +2.179023998e+03 +2.179023998e+03 +2.586633998e+03 +2.586633998e+03 +9.5932e-02 -1.3471e+00 +4.2389e+00 +2.9993e+00 +2.4495e+00
535 +9.386952145e+02 +9.386952145e+02 +1.346305214e+03 +1.346305214e+03 +3.9092e-01 -1.5671e+00 +3.3723e+00 +2.8958e+00 +2.4594e+00
587 +5.638560079e+02 +5.638560079e+02 +9.714660079e+02 +9.714660079e+02 -1.7983e-02 -1.0184e+00 +3.4853e+00 +2.9213e+00 +2.4737e+00
1146 +2.748665641e+02 +2.748665641e+02 +6.824765641e+02 +6.824765641e+02 +5.2184e-01 -1.7981e+00 +3.5242e+00 +2.7889e+00 +2.4851e+00
1546 +3.915142280e+01 +3.915142280e+01 +4.467614228e+02 +4.467614228e+02 +6.7374e-01 -2.4556e+00 +3.9024e+00 +2.8485e+00 +2.4790e+00
2170 +2.325111908e+01 +2.325111908e+01 +4.308611191e+02 +4.308611191e+02 +9.2223e-01 -2.8417e+00 +3.7909e+00 +2.8541e+00 +2.4851e+00
2436 +1.878721470e+00 +1.878721470e+00 +4.094887215e+02 +4.094887215e+02 -6.2969e-02 -3.2985e+00 +3.8479e+00 +2.8360e+00 +2.4819e+00
3081 +6.733331229e-01 +6.733331229e-01 +4.082833331e+02 +4.082833331e+02 -2.5417e-01 -3.3052e+00 +3.8498e+00 +2.8403e+00 +2.4819e+00
3161 +2.514481493e-01 +2.514481493e-01 +4.078614481e+02 +4.078614481e+02 -3.7808e-01 -3.2659e+00 +3.8491e+00 +2.8423e+00 +2.4821e+00
3561 +2.452978966e-01 +2.452978966e-01 +4.078552979e+02 +4.078552979e+02 -4.0369e-01 -3.2579e+00 +3.8490e+00 +2.8427e+00 +2.4822e+00
3595 +1.231795321e-01 +1.231795321e-01 +4.077331795e+02 +4.077331795e+02 -3.7679e-01 -3.3308e+00 +3.8459e+00 +2.8437e+00 +2.4827e+00
3641 +2.138624058e-02 +2.138624058e-02 +4.076313862e+02 +4.076313862e+02 -3.9518e-01 -3.3623e+00 +3.8460e+00 +2.8430e+00 +2.4824e+00
3961 +5.537791329e-03 +5.537791329e-03 +4.076155378e+02 +4.076155378e+02 -3.9382e-01 -3.3356e+00 +3.8464e+00 +2.8430e+00 +2.4823e+00
4121 +3.432828756e-03 +3.432828756e-03 +4.076134328e+02 +4.076134328e+02 -3.9427e-01 -3.3389e+00 +3.8463e+00 +2.8430e+00 +2.4824e+00
4479 +1.662019857e-03 +1.662019857e-03 +4.076116620e+02 +4.076116620e+02 -3.7782e-01 -3.3418e+00 +3.8464e+00 +2.8432e+00 +2.4824e+00
4719 +1.571212897e-03 +1.571212897e-03 +4.076115712e+02 +4.076115712e+02 -3.7818e-01 -3.3417e+00 +3.8464e+00 +2.8432e+00 +2.4824e+00
4770 +8.393193683e-04 +8.393193683e-04 +4.076108393e+02 +4.076108393e+02 -4.0095e-01 -3.3414e+00 +3.8460e+00 +2.8432e+00 +2.4824e+00
4776 +5.467600631e-04 +5.467600631e-04 +4.076105468e+02 +4.076105468e+02 -4.1438e-01 -3.3396e+00 +3.8460e+00 +2.8432e+00 +2.4824e+00
% function evaluation | noise-free fitness - Fopt (2.872000000000e+01) | best noise-free fitness - Fopt | measured fitness | best measured fitness | x1 | x2...
1 +9.428575777e+06 +9.428575777e+06 +9.428604497e+06 +9.428604497e+06 +3.1472e+00 +4.0579e+00 -3.7301e+00 +4.1338e+00 +1.3236e+00
6 +2.789692424e+06 +2.789692424e+06 +2.789721144e+06 +2.789721144e+06 +2.5774e+00 +2.4313e+00 -1.0777e+00 +1.5548e+00 -3.2881e+00
9 +2.470487024e+06 +2.470487024e+06 +2.470515744e+06 +2.470515744e+06 -6.1256e-01 -1.1844e+00 +2.6552e+00 +2.9520e+00 -3.1313e+00
12 +1.018681461e+06 +1.018681461e+06 +1.018710181e+06 +1.018710181e+06 -1.6359e-02 +4.5974e+00 -1.5961e+00 +8.5268e-01 -2.7619e+00
14 +9.420678621e+05 +9.420678621e+05 +9.420965821e+05 +9.420965821e+05 +4.5929e+00 +4.7216e-01 -3.6138e+00 -3.5071e+00 -2.4249e+00
29 +5.357786705e+05 +5.357786705e+05 +5.358073905e+05 +5.358073905e+05 +3.5303e+00 +1.2206e+00 -1.4905e+00 +1.3250e-01 -9.8192e-01
46 +2.694632056e+05 +2.694632056e+05 +2.694919256e+05 +2.694919256e+05 +3.5774e+00 +1.4313e+00 -2.0777e+00 +5.5478e-01 -2.2881e+00
52 +1.711680082e+04 +1.711680082e+04 +1.714552082e+04 +1.714552082e+04 +9.8364e-01 +3.5974e+00 -1.7056e+00 +3.9111e-02 -1.7619e+00
149 +5.098844054e+03 +5.098844054e+03 +5.127564054e+03 +5.127564054e+03 +3.3432e+00 +2.9771e+00 -2.5024e+00 +8.5223e-01 -1.7994e+00
189 +3.367028985e+03 +3.367028985e+03 +3.395748985e+03 +3.395748985e+03 +1.9608e+00 +2.1417e+00 -3.5983e+00 +8.5223e-01 -1.7994e+00
469 +2.490033871e+03 +2.490033871e+03 +2.518753871e+03 +2.518753871e+03 +2.4639e+00 +2.3956e+00 -3.0448e+00 +8.2334e-01 -1.7308e+00
754 +1.566213723e+03 +1.566213723e+03 +1.594933723e+03 +1.594933723e+03 +1.3128e+00 +2.9872e+00 -3.2040e+00 +7.1699e-01 -1.7424e+00
1048 +4.062990289e+02 +4.062990289e+02 +4.350190289e+02 +4.350190289e+02 -3.2882e+00 -1.1196e+00 -3.8935e+00 +6.3812e-01 -1.7600e+00
1128 +7.375355507e+01 +7.375355507e+01 +1.024735551e+02 +1.024735551e+02 -3.2882e+00 -2.8443e+00 -3.7673e+00 +6.9888e-01 -1.7600e+00
1878 +5.707467849e+01 +5.707467849e+01 +8.579467849e+01 +8.579467849e+01 +2.4106e+00 -2.3982e+00 -3.4179e+00 +7.3141e-01 -1.7558e+00
2089 +2.716075786e+01 +2.716075786e+01 +5.588075786e+01 +5.588075786e+01 -3.2276e-01 -2.9301e+00 -3.4745e+00 +7.0340e-01 -1.7577e+00
2409 +1.694029022e+01 +1.694029022e+01 +4.566029022e+01 +4.566029022e+01 +5.1312e-01 -2.9301e+00 -3.5519e+00 +6.9918e-01 -1.7585e+00
2494 +1.302854110e+01 +1.302854110e+01 +4.174854110e+01 +4.174854110e+01 +1.0188e+00 -2.9280e+00 -3.6270e+00 +7.0433e-01 -1.7596e+00
2943 +5.601186480e+00 +5.601186480e+00 +3.432118648e+01 +3.432118648e+01 +1.3175e+00 -3.1261e+00 -3.6572e+00 +7.1135e-01 -1.7584e+00
3049 +3.147876673e+00 +3.147876673e+00 +3.186787667e+01 +3.186787667e+01 +7.3354e-01 -3.2152e+00 -3.5646e+00 +7.1558e-01 -1.7567e+00
3252 +2.489699906e+00 +2.489699906e+00 +3.120969991e+01 +3.120969991e+01 +6.9062e-01 -3.0926e+00 -3.5772e+00 +7.2593e-01 -1.7582e+00
3503 +1.558759296e+00 +1.558759296e+00 +3.027875930e+01 +3.027875930e+01 +1.0198e+00 -2.9749e+00 -3.5851e+00 +7.2251e-01 -1.7584e+00
3583 +8.550403633e-01 +8.550403633e-01 +2.957504036e+01 +2.957504036e+01 +1.0708e+00 -2.9634e+00 -3.6071e+00 +7.1861e-01 -1.7580e+00
3721 +5.350139255e-01 +5.350139255e-01 +2.925501393e+01 +2.925501393e+01 +1.0490e+00 -3.0444e+00 -3.5980e+00 +7.1761e-01 -1.7571e+00
3763 +2.442266890e-01 +2.442266890e-01 +2.896422669e+01 +2.896422669e+01 +1.1151e+00 -3.1226e+00 -3.5924e+00 +7.1777e-01 -1.7578e+00
4103 +1.320570735e-01 +1.320570735e-01 +2.885205707e+01 +2.885205707e+01 +1.1204e+00 -3.1034e+00 -3.5939e+00 +7.1846e-01 -1.7577e+00
4398 +5.381449502e-02 +5.381449502e-02 +2.877381450e+01 +2.877381450e+01 +1.3823e+00 -3.0538e+00 -3.5941e+00 +7.1960e-01 -1.7577e+00
4458 +3.942960584e-02 +3.942960584e-02 +2.875942961e+01 +2.875942961e+01 +1.3032e+00 -3.0615e+00 -3.5973e+00 +7.1956e-01 -1.7577e+00
4541 +1.913404320e-02 +1.913404320e-02 +2.873913404e+01 +2.873913404e+01 +1.2922e+00 -3.1004e+00 -3.5959e+00 +7.1928e-01 -1.7576e+00
4601 +1.020353683e-02 +1.020353683e-02 +2.873020354e+01 +2.873020354e+01 +1.3670e+00 -3.0692e+00 -3.5975e+00 +7.1941e-01 -1.7576e+00
4635 +8.846273051e-03 +8.846273051e-03 +2.872884627e+01 +2.872884627e+01 +1.3492e+00 -3.0773e+00 -3.5950e+00 +7.1929e-01 -1.7576e+00
4647 +5.728030155e-03 +5.728030155e-03 +2.872572803e+01 +2.872572803e+01 +1.3681e+00 -3.0765e+00 -3.5975e+00 +7.1927e-01 -1.7576e+00
4717 +3.350769294e-03 +3.350769294e-03 +2.872335077e+01 +2.872335077e+01 +1.4212e+00 -3.0781e+00 -3.5962e+00 +7.1917e-01 -1.7576e+00
4847 +8.990969615e-04 +8.990969615e-04 +2.872089910e+01 +2.872089910e+01 +1.3715e+00 -3.0879e+00 -3.5969e+00 +7.1917e-01 -1.7576e+00
4952 +4.526455656e-04 +4.526455656e-04 +2.872045265e+01 +2.872045265e+01 +1.4041e+00 -3.0856e+00 -3.5972e+00 +7.1921e-01 -1.7576e+00
