% function evaluation | noise-free fitness - Fopt (-1.694000000000e+01) | best noise-free fitness - Fopt | measured fitness | best measured fitness | x1 | x2...
1 +3.346119961e+01 +3.346119961e+01 +1.652119961e+01 +1.652119961e+01 -3.5558e-01 -4.2167e+00
7 +2.261365779e+01 +2.261365779e+01 +5.673657790e+00 +5.673657790e+00 +2.1889e+00 +3.3194e+00
11 +9.139430235e+00 +9.139430235e+00 -7.800569765e+00 -7.800569765e+00 +2.3204e+00 +8.1265e-02
16 +5.660216415e+00 +5.660216415e+00 -1.127978359e+01 -1.127978359e+01 +4.3200e+00 -2.2716e+00
40 +3.612973112e+00 +3.612973112e+00 -1.332702689e+01 -1.332702689e+01 +2.7368e+00 +1.9444e+00
54 +9.151397334e-01 +9.151397334e-01 -1.602486027e+01 -1.602486027e+01 +3.4193e+00 +2.9714e+00
113 +3.914507605e-01 +3.914507605e-01 -1.654854924e+01 -1.654854924e+01 +3.6889e+00 +2.7172e+00
358 +1.939214503e-01 +1.939214503e-01 -1.674607855e+01 -1.674607855e+01 +3.5709e+00 +2.6864e+00
407 +1.573541456e-01 +1.573541456e-01 -1.678264585e+01 -1.678264585e+01 +3.5827e+00 +2.5584e+00
439 +5.965049513e-02 +5.965049513e-02 -1.688034950e+01 -1.688034950e+01 +3.6532e+00 +2.5032e+00
587 +1.260799945e-02 +1.260799945e-02 -1.692739200e+01 -1.692739200e+01 +3.6532e+00 +2.5533e+00
670 +7.956608817e-03 +7.956608817e-03 -1.693204339e+01 -1.693204339e+01 +3.6565e+00 +2.5429e+00
904 +6.296323452e-03 +6.296323452e-03 -1.693370368e+01 -1.693370368e+01 +3.6574e+00 +2.5479e+00
955 +3.021615500e-03 +3.021615500e-03 -1.693697838e+01 -1.693697838e+01 +3.6558e+00 +2.5473e+00
998 +4.941402928e-05 +4.941402928e-05 -1.693995059e+01 -1.693995059e+01 +3.6560e+00 +2.5496e+00
1415 +2.982397696e-05 +2.982397696e-05 -1.693997018e+01 -1.693997018e+01 +3.6560e+00 +2.5496e+00
1819 +1.404083146e-05 +1.404083146e-05 -1.693998596e+01 -1.693998596e+01 +3.6560e+00 +2.5496e+00
1826 +7.616004346e-06 +7.616004346e-06 -1.693999238e+01 -1.693999238e+01 +3.6560e+00 +2.5496e+00
2134 +5.651342263e-06 +5.651342263e-06 -1.693999435e+01 -1.693999435e+01 +3.6560e+00 +2.5496e+00
2137 +3.125867217e-06 +3.125867217e-06 -1.693999687e+01 -1.693999687e+01 +3.6560e+00 +2.5496e+00
2203 +8.393543389e-07 +8.393543389e-07 -1.693999916e+01 -1.693999916e+01 +3.6560e+00 +2.5496e+00
2325 +5.912929062e-07 +5.912929062e-07 -1.693999941e+01 -1.693999941e+01 +3.6560e+00 +2.5496e+00
2531 +3.918574762e-07 +3.918574762e-07 -1.693999961e+01 -1.693999961e+01 +3.6560e+00 +2.5496e+00
2533 +2.247564730e-07 +2.247564730e-07 -1.693999978e+01 -1.693999978e+01 +3.6560e+00 +2.5496e+00
2745 +5.658768387e-08 +5.658768387e-08 -1.693999994e+01 -1.693999994e+01 +3.6560e+00 +2.5496e+00
3031 +3.740327514e-08 +3.740327514e-08 -1.693999996e+01 -1.693999996e+01 +3.6560e+00 +2.5496e+00
3035 +2.138910915e-08 +2.138910915e-08 -1.693999998e+01 -1.693999998e+01 +3.6560e+00 +2.5496e+00
3047 +1.336302802e-08 +1.336302802e-08 -1.693999999e+01 -1.693999999e+01 +3.6560e+00 +2.5496e+00
3175 +3.785117997e-09 +3.785117997e-09 -1.694000000e+01 -1.694000000e+01 +3.6560e+00 +2.5496e+00
% function evaluation | noise-free fitness - Fopt (1.881000000000e+01) | best noise-free fitness - Fopt | measured fitness | best measured fitness | x1 | x2...
1 +6.367743197e+01 +6.367743197e+01 +8.248743197e+01 +8.248743197e+01 +4.7802e+00 -2.9982e-01
3 +2.053582586e+01 +2.053582586e+01 +3.934582586e+01 +3.934582586e+01 +2.7509e+00 +1.6699e-01
4 +1.059157733e+01 +1.059157733e+01 +2.940157733e+01 +2.940157733e+01 +4.6342e+00 +4.8105e+00
7 +3.295659773e+00 +3.295659773e+00 +2.210565977e+01 +2.210565977e+01 +1.2263e-01 +9.3477e-01
28 +1.354006486e+00 +1.354006486e+00 +2.016400649e+01 +2.016400649e+01 -7.9927e-01 +2.0505e+00
123 +3.786745616e-01 +3.786745616e-01 +1.918867456e+01 +1.918867456e+01 -5.5873e-01 +1.7878e+00
204 +9.901070327e-02 +9.901070327e-02 +1.890901070e+01 +1.890901070e+01 -7.8166e-02 +1.7430e+00
528 +6.069937555e-02 +6.069937555e-02 +1.887069938e+01 +1.887069938e+01 -1.2146e-01 +1.7780e+00
577 +3.874049028e-02 +3.874049028e-02 +1.884874049e+01 +1.884874049e+01 -1.7115e-01 +1.7862e+00
669 +1.637497609e-02 +1.637497609e-02 +1.882637498e+01 +1.882637498e+01 -1.9120e-01 +1.7793e+00
749 +1.327260151e-02 +1.327260151e-02 +1.882327260e+01 +1.882327260e+01 -1.8351e-01 +1.7779e+00
757 +9.110039407e-03 +9.110039407e-03 +1.881911004e+01 +1.881911004e+01 -1.9334e-01 +1.7784e+00
907 +1.033032920e-03 +1.033032920e-03 +1.881103303e+01 +1.881103303e+01 -1.9016e-01 +1.7808e+00
1193 +9.998293851e-04 +9.998293851e-04 +1.881099983e+01 +1.881099983e+01 -1.9215e-01 +1.7809e+00
1274 +5.079988995e-04 +5.079988995e-04 +1.881050800e+01 +1.881050800e+01 -1.9116e-01 +1.7809e+00
1295 +1.299628841e-04 +1.299628841e-04 +1.881012996e+01 +1.881012996e+01 -1.9123e-01 +1.7808e+00
1454 +9.222535500e-05 +9.222535500e-05 +1.881009223e+01 +1.881009223e+01 -1.9122e-01 +1.7808e+00
1564 +3.042506586e-05 +3.042506586e-05 +1.881003043e+01 +1.881003043e+01 -1.9122e-01 +1.7808e+00
1925 +1.134362604e-05 +1.134362604e-05 +1.881001134e+01 +1.881001134e+01 -1.9120e-01 +1.7808e+00
2045 +9.472997469e-06 +9.472997469e-06 +1.881000947e+01 +1.881000947e+01 -1.9120e-01 +1.7808e+00
2139 +5.359738594e-06 +5.359738594e-06 +1.881000536e+01 +1.881000536e+01 -1.9120e-01 +1.7808e+00
2230 +3.465102758e-06 +3.465102758e-06 +1.881000347e+01 +1.881000347e+01 -1.9120e-01 +1.7808e+00
2252 +1.934229228e-06 +1.934229228e-06 +1.881000193e+01 +1.881000193e+01 -1.9120e-01 +1.7808e+00
2335 +6.520362099e-07 +6.520362099e-07 +1.881000065e+01 +1.881000065e+01 -1.9120e-01 +1.7808e+00
2355 +6.070743162e-07 +6.070743162e-07 +1.881000061e+01 +1.881000061e+01 -1.9120e-01 +1.7808e+00
2440 +2.180820395e-07 +2.180820395e-07 +1.881000022e+01 +1.881000022e+01 -1.9120e-01 +1.7808e+00
2651 +5.656287172e-08 +5.656287172e-08 +1.881000006e+01 +1.881000006e+01 -1.9120e-01 +1.7808e+00
2793 +3.307575369e-08 +3.307575369e-08 +1.881000003e+01 +1.881000003e+01 -1.9120e-01 +1.7808e+00
2845 +2.104073715e-08 +2.104073715e-08 +1.881000002e+01 +1.881000002e+01 -1.9120e-01 +1.7808e+00
2954 +5.254999991e-09 +5.254999991e-09 +1.881000001e+01 +1.881000001e+01 -1.9120e-01 +1.7808e+00
% function evaluation | noise-free fitness - Fopt (2.731500000000e+02) | best noise-free fitness - Fopt | measured fitness | best measured fitness | x1 | x2...
1 +2.786838338e+01 +2.786838338e+01 +3.010183834e+02 +3.010183834e+02 -1.8887e+00 -2.1390e+00
4 +2.036821580e+01 +2.036821580e+01 +2.935182158e+02 +2.935182158e+02 -3.5536e+00 +3.3459e-01
19 +2.478345704e+00 +2.478345704e+00 +2.756283457e+02 +2.756283457e+02 -3.2541e+00 +4.0749e+00
189 +1.510057763e+00 +1.510057763e+00 +2.746600578e+02 +2.746600578e+02 -3.2157e+00 +4.6598e+00
275 +8.667930037e-01 +8.667930037e-01 +2.740167930e+02 +2.740167930e+02 -3.6844e+00 +4.0657e+00
393 +6.248155323e-01 +6.248155323e-01 +2.737748155e+02 +2.737748155e+02 -3.5216e+00 +3.4986e+00
441 +2.833076891e-01 +2.833076891e-01 +2.734333077e+02 +2.734333077e+02 -3.6353e+00 +3.6909e+00
538 +4.289120829e-02 +4.289120829e-02 +2.731928912e+02 +2.731928912e+02 -3.5915e+00 +3.7472e+00
799 +7.550773774e-03 +7.550773774e-03 +2.731575508e+02 +2.731575508e+02 -3.5782e+00 +3.7600e+00
992 +4.644323848e-03 +4.644323848e-03 +2.731546443e+02 +2.731546443e+02 -3.5773e+00 +3.7571e+00
1162 +4.941159393e-04 +4.941159393e-04 +2.731504941e+02 +2.731504941e+02 -3.5793e+00 +3.7533e+00
1498 +2.693160515e-04 +2.693160515e-04 +2.731502693e+02 +2.731502693e+02 -3.5792e+00 +3.7535e+00
1583 +2.880706467e-05 +2.880706467e-05 +2.731500288e+02 +2.731500288e+02 -3.5792e+00 +3.7536e+00
2112 +4.186280819e-06 +4.186280819e-06 +2.731500042e+02 +2.731500042e+02 -3.5792e+00 +3.7536e+00
2297 +6.982291438e-07 +6.982291438e-07 +2.731500007e+02 +2.731500007e+02 -3.5792e+00 +3.7536e+00
2491 +5.524814242e-07 +5.524814242e-07 +2.731500006e+02 +2.731500006e+02 -3.5792e+00 +3.7536e+00
2632 +3.120953807e-07 +3.120953807e-07 +2.731500003e+02 +2.731500003e+02 -3.5792e+00 +3.7536e+00
2730 +2.500091796e-07 +2.500091796e-07 +2.731500003e+02 +2.731500003e+02 -3.5792e+00 +3.7536e+00
2904 +1.128268536e-07 +1.128268536e-07 +2.731500001e+02 +2.731500001e+02 -3.5792e+00 +3.7536e+00
2948 +5.905496892e-08 +5.905496892e-08 +2.731500001e+02 +2.731500001e+02 -3.5792e+00 +3.7536e+00
3298 +3.249078873e-08 +3.249078873e-08 +2.731500000e+02 +2.731500000e+02 -3.5792e+00 +3.7536e+00
3335 +2.062847670e-09 +2.062847670e-09 +2.731500000e+02 +2.731500000e+02 -3.5792e+00 +3.7536e+00
% function evaluation | noise-free fitness - Fopt (3.718000000000e+01) | best noise-free fitness - Fopt | measured fitness | best measured fitness | x1 | x2...
1 +3.882527043e+00 +3.882527043e+00 +4.106252704e+01 +4.106252704e+01 -8.3796e-01 +1.5504e+00
88 +2.025220960e+00 +2.025220960e+00 +3.920522096e+01 +3.920522096e+01 -2.4864e+00 +2.4044e+00
114 +1.507905253e+00 +1.507905253e+00 +3.868790525e+01 +3.868790525e+01 -2.7501e+00 +2.3106e+00
174 +3.642072763e-01 +3.642072763e-01 +3.754420728e+01 +3.754420728e+01 -3.7844e+00 +1.9416e+00
291 +1.574097366e-01 +1.574097366e-01 +3.733740974e+01 +3.733740974e+01 -3.8283e+00 +2.1219e+00
330 +9.595722007e-02 +9.595722007e-02 +3.727595722e+01 +3.727595722e+01 -3.9375e+00 +2.0750e+00
396 +6.108959441e-02 +6.108959441e-02 +3.724108959e+01 +3.724108959e+01 -3.8821e+00 +2.0638e+00
565 +1.644598301e-02 +1.644598301e-02 +3.719644598e+01 +3.719644598e+01 -3.8828e+00 +2.0584e+00
766 +1.105859188e-02 +1.105859188e-02 +3.719105859e+01 +3.719105859e+01 -3.9040e+00 +2.0619e+00
899 +8.172604538e-03 +8.172604538e-03 +3.718817260e+01 +3.718817260e+01 -3.9062e+00 +2.0605e+00
902 +1.042423535e-03 +1.042423535e-03 +3.718104242e+01 +3.718104242e+01 -3.8983e+00 +2.0598e+00
1032 +9.829027939e-04 +9.829027939e-04 +3.718098290e+01 +3.718098290e+01 -3.8990e+00 +2.0597e+00
1085 +3.595175237e-04 +3.595175237e-04 +3.718035952e+01 +3.718035952e+01 -3.8991e+00 +2.0600e+00
1244 +2.366992225e-04 +2.366992225e-04 +3.718023670e+01 +3.718023670e+01 -3.8993e+00 +2.0601e+00
1409 +1.257801967e-04 +1.257801967e-04 +3.718012578e+01 +3.718012578e+01 -3.8991e+00 +2.0600e+00
1470 +3.526075718e-05 +3.526075718e-05 +3.718003526e+01 +3.718003526e+01 -3.8992e+00 +2.0600e+00
1624 +1.434559857e-05 +1.434559857e-05 +3.718001435e+01 +3.718001435e+01 -3.8992e+00 +2.0600e+00
1853 +9.530179966e-06 +9.530179966e-06 +3.718000953e+01 +3.718000953e+01 -3.8992e+00 +2.0600e+00
1940 +8.290973526e-07 +8.290973526e-07 +3.718000083e+01 +3.718000083e+01 -3.8992e+00 +2.0600e+00
2189 +5.755666166e-07 +5.755666166e-07 +3.718000058e+01 +3.718000058e+01 -3.8992e+00 +2.0600e+00
2403 +3.245900260e-07 +3.245900260e-07 +3.718000032e+01 +3.718000032e+01 -3.8992e+00 +2.0600e+00
2534 +1.710888142e-07 +1.710888142e-07 +3.718000017e+01 +3.718000017e+01 -3.8992e+00 +2.0600e+00
2563 +8.015792474e-08 +8.015792474e-08 +3.718000008e+01 +3.718000008e+01 -3.8992e+00 +2.0600e+00
2654 +5.538596781e-08 +5.538596781e-08 +3.718000006e+01 +3.718000006e+01 -3.8992e+00 +2.0600e+00
2762 +3.901461554e-08 +3.901461554e-08 +3.718000004e+01 +3.718000004e+01 -3.8992e+00 +2.0600e+00
2841 +1.754809631e-08 +1.754809631e-08 +3.718000002e+01 +3.718000002e+01 -3.8992e+00 +2.0600e+00
2884 +1.350027645e-08 +1.350027645e-08 +3.718000001e+01 +3.718000001e+01 -3.8992e+00 +2.0600e+00
2922 +2.564050305e-09 +2.564050305e-09 +3.718000000e+01 +3.718000000e+01 -3.8992e+00 +2.0600e+00
% function evaluation | noise-free fitness - Fopt (-1.479000000000e+02) | best noise-free fitness - Fopt | measured fitness | best measured fitness | x1 | x2...
1 +1.763425050e+01 +1.763425050e+01 -1.302657495e+02 -1.302657495e+02 -4.9653e+00 +2.4923e+00
3 +3.798814000e+00 +3.798814000e+00 -1.441011860e+02 -1.441011860e+02 -3.9584e+00 +2.3788e+00
21 +9.481809701e-01 +9.481809701e-01 -1.469518190e+02 -1.469518190e+02 -1.1040e+00 -4.0490e-01
114 +4.414842187e-01 +4.414842187e-01 -1.474585158e+02 -1.474585158e+02 -1.5986e+00 +1.5138e-02
289 +2.240861202e-01 +2.240861202e-01 -1.476759139e+02 -1.476759139e+02 -1.6116e+00 +5.7919e-02
365 +1.296209770e-01 +1.296209770e-01 -1.477703790e+02 -1.477703790e+02 -1.6370e+00 +1.0990e-01
431 +9.763678266e-02 +9.763678266e-02 -1.478023632e+02 -1.478023632e+02 -1.5841e+00 +7.8450e-02
631 +4.001578977e-02 +4.001578977e-02 -1.478599842e+02 -1.478599842e+02 -1.6465e+00 +1.1091e-01
758 +3.104433583e-02 +3.104433583e-02 -1.478689557e+02 -1.478689557e+02 -1.6561e+00 +1.2981e-01
795 +2.341297121e-02 +2.341297121e-02 -1.478765870e+02 -1.478765870e+02 -1.6558e+00 +1.2789e-01
847 +1.333581630e-02 +1.333581630e-02 -1.478866642e+02 -1.478866642e+02 -1.6694e+00 +1.3842e-01
927 +3.132792158e-03 +3.132792158e-03 -1.478968672e+02 -1.478968672e+02 -1.6694e+00 +1.3574e-01
1194 +2.514686538e-04 +2.514686538e-04 -1.478997485e+02 -1.478997485e+02 -1.6704e+00 +1.3518e-01
1553 +2.296117067e-04 +2.296117067e-04 -1.478997704e+02 -1.478997704e+02 -1.6703e+00 +1.3505e-01
1759 +7.461605389e-05 +7.461605389e-05 -1.478999254e+02 -1.478999254e+02 -1.6704e+00 +1.3522e-01
1785 +5.006767657e-05 +5.006767657e-05 -1.478999499e+02 -1.478999499e+02 -1.6704e+00 +1.3521e-01
1810 +3.816619872e-05 +3.816619872e-05 -1.478999618e+02 -1.478999618e+02 -1.6704e+00 +1.3522e-01
2321 +2.400907994e-05 +2.400907994e-05 -1.478999760e+02 -1.478999760e+02 -1.6704e+00 +1.3520e-01
2389 +7.588616029e-07 +7.588616029e-07 -1.478999992e+02 -1.478999992e+02 -1.6704e+00 +1.3520e-01
2730 +4.248562675e-07 +4.248562675e-07 -1.478999996e+02 -1.478999996e+02 -1.6704e+00 +1.3520e-01
2932 +3.904088715e-07 +3.904088715e-07 -1.478999996e+02 -1.478999996e+02 -1.6704e+00 +1.3520e-01
3009 +2.502260941e-07 +2.502260941e-07 -1.478999997e+02 -1.478999997e+02 -1.6704e+00 +1.3520e-01
3037 +1.084019061e-07 +1.084019061e-07 -1.478999999e+02 -1.478999999e+02 -1.6704e+00 +1.3520e-01
3206 +4.568164513e-08 +4.568164513e-08 -1.479000000e+02 -1.479000000e+02 -1.6704e+00 +1.3520e-01
3284 +3.892108680e-08 +3.892108680e-08 -1.479000000e+02 -1.479000000e+02 -1.6704e+00 +1.3520e-01
3288 +2.097141305e-08 +2.097141305e-08 -1.479000000e+02 -1.479000000e+02 -1.6704e+00 +1.3520e-01
3388 +1.264433536e-08 +1.264433536e-08 -1.479000000e+02 -1.479000000e+02 -1.6704e+00 +1.3520e-01
3441 +4.530022579e-09 +4.530022579e-09 -1.479000000e+02 -1.479000000e+02 -1.6704e+00 +1.3520e-01
% function evaluation | noise-free fitness - Fopt (-2.218900000000e+02) | best noise-free fitness - Fopt | measured fitness | best measured fitness | x1 | x2...
1 +5.999582099e+00 +5.999582099e+00 -2.158904179e+02 -2.158904179e+02 -3.8746e+00 -1.4883e+00
10 +3.308926563e+00 +3.308926563e+00 -2.185810734e+02 -2.185810734e+02 -3.8821e+00 +1.3288e+00
26 +1.448172651e+00 +1.448172651e+00 -2.204418273e+02 -2.204418273e+02 -2.8756e+00 -4.1138e-01
135 +5.311511810e-01 +5.311511810e-01 -2.213588488e+02 -2.213588488e+02 -3.7675e+00 +3.5445e-01
225 +3.747608471e-01 +3.747608471e-01 -2.215152392e+02 -2.215152392e+02 -3.7494e+00 +2.8680e-01
301 +1.879990731e-01 +1.879990731e-01 -2.217020009e+02 -2.217020009e+02 -3.9644e+00 +3.1404e-01
369 +9.543136000e-02 +9.543136000e-02 -2.217945686e+02 -2.217945686e+02 -3.9584e+00 +2.7597e-01
449 +2.370872988e-02 +2.370872988e-02 -2.218662913e+02 -2.218662913e+02 -3.9584e+00 +2.5694e-01
586 +1.435406793e-02 +1.435406793e-02 -2.218756459e+02 -2.218756459e+02 -3.9403e+00 +2.4867e-01
702 +7.612183958e-03 +7.612183958e-03 -2.218823878e+02 -2.218823878e+02 -3.9498e+00 +2.5169e-01
776 +3.072028047e-03 +3.072028047e-03 -2.218869280e+02 -2.218869280e+02 -3.9443e+00 +2.4825e-01
883 +1.093235010e-03 +1.093235010e-03 -2.218889068e+02 -2.218889068e+02 -3.9426e+00 +2.4793e-01
970 +2.932913978e-04 +2.932913978e-04 -2.218897067e+02 -2.218897067e+02 -3.9433e+00 +2.4809e-01
1242 +3.775537107e-05 +3.775537107e-05 -2.218899622e+02 -2.218899622e+02 -3.9432e+00 +2.4800e-01
2021 +1.349277827e-05 +1.349277827e-05 -2.218899865e+02 -2.218899865e+02 -3.9432e+00 +2.4800e-01
2155 +8.858039052e-06 +8.858039052e-06 -2.218899911e+02 -2.218899911e+02 -3.9432e+00 +2.4800e-01
2255 +1.918318873e-06 +1.918318873e-06 -2.218899981e+02 -2.218899981e+02 -3.9432e+00 +2.4800e-01
2270 +7.855716433e-07 +7.855716433e-07 -2.218899992e+02 -2.218899992e+02 -3.9432e+00 +2.4800e-01
2543 +4.771893032e-07 +4.771893032e-07 -2.218899995e+02 -2.218899995e+02 -3.9432e+00 +2.4800e-01
2723 +2.928296681e-07 +2.928296681e-07 -2.218899997e+02 -2.218899997e+02 -3.9432e+00 +2.4800e-01
2816 +8.344377989e-08 +8.344377989e-08 -2.218899999e+02 -2.218899999e+02 -3.9432e+00 +2.4800e-01
3024 +5.180527296e-08 +5.180527296e-08 -2.218899999e+02 -2.218899999e+02 -3.9432e+00 +2.4800e-01
3033 +1.474788291e-08 +1.474788291e-08 -2.218900000e+02 -2.218900000e+02 -3.9432e+00 +2.4800e-01
3092 +9.970591464e-09 +9.970591464e-09 -2.218900000e+02 -2.218900000e+02 -3.9432e+00 +2.4800e-01
% function evaluation | noise-free fitness - Fopt (1.195400000000e+02) | best noise-free fitness - Fopt | measured fitness | best measured fitness | x1 | x2...
1 +6.155688562e+01 +6.155688562e+01 +1.810968856e+02 +1.810968856e+02 -1.8625e+00 +4.9270e+00
3 +2.316273211e+01 +2.316273211e+01 +1.427027321e+02 +1.427027321e+02 +4.9572e+00 -3.3688e+00
4 +5.980239174e+00 +5.980239174e+00 +1.255202392e+02 +1.255202392e+02 +4.5841e+00 -8.7392e-01
39 +2.607573667e+00 +2.607573667e+00 +1.221475737e+02 +1.221475737e+02 -1.0147e+00 +1.1944e+00
69 +2.503378670e+00 +2.503378670e+00 +1.220433787e+02 +1.220433787e+02 +1.9188e+00 +7.1238e-02
93 +1.443591156e+00 +1.443591156e+00 +1.209835912e+02 +1.209835912e+02 +1.3604e+00 +4.6349e-01
166 +7.167376829e-01 +7.167376829e-01 +1.202567377e+02 +1.202567377e+02 +1.2261e+00 +1.0469e+00
170 +1.975377470e-01 +1.975377470e-01 +1.197375377e+02 +1.197375377e+02 +1.3461e+00 +8.8434e-01
464 +1.253027043e-01 +1.253027043e-01 +1.196653027e+02 +1.196653027e+02 +1.2504e+00 +8.9536e-01
550 +7.156526178e-02 +7.156526178e-02 +1.196115653e+02 +1.196115653e+02 +1.3138e+00 +8.9022e-01
590 +5.110590002e-02 +5.110590002e-02 +1.195911059e+02 +1.195911059e+02 +1.3091e+00 +8.9960e-01
790 +1.637750371e-02 +1.637750371e-02 +1.195563775e+02 +1.195563775e+02 +1.3034e+00 +9.1234e-01
868 +7.675180182e-03 +7.675180182e-03 +1.195476752e+02 +1.195476752e+02 +1.3150e+00 +9.0757e-01
1113 +3.560117083e-03 +3.560117083e-03 +1.195435601e+02 +1.195435601e+02 +1.3184e+00 +9.0792e-01
1191 +9.832123097e-04 +9.832123097e-04 +1.195409832e+02 +1.195409832e+02 +1.3191e+00 +9.0851e-01
1231 +2.352084088e-04 +2.352084088e-04 +1.195402352e+02 +1.195402352e+02 +1.3190e+00 +9.0886e-01
1338 +5.069735127e-05 +5.069735127e-05 +1.195400507e+02 +1.195400507e+02 +1.3192e+00 +9.0881e-01
1551 +2.915915071e-05 +2.915915071e-05 +1.195400292e+02 +1.195400292e+02 +1.3192e+00 +9.0880e-01
1851 +4.489452451e-06 +4.489452451e-06 +1.195400045e+02 +1.195400045e+02 +1.3192e+00 +9.0880e-01
1909 +8.199203592e-07 +8.199203592e-07 +1.195400008e+02 +1.195400008e+02 +1.3192e+00 +9.0880e-01
2334 +6.156476502e-07 +6.156476502e-07 +1.195400006e+02 +1.195400006e+02 +1.3192e+00 +9.0880e-01
2500 +1.629196191e-07 +1.629196191e-07 +1.195400002e+02 +1.195400002e+02 +1.3192e+00 +9.0880e-01
2708 +8.088633763e-08 +8.088633763e-08 +1.195400001e+02 +1.195400001e+02 +1.3192e+00 +9.0880e-01
2822 +5.605534170e-08 +5.605534170e-08 +1.195400001e+02 +1.195400001e+02 +1.3192e+00 +9.0880e-01
2943 +3.673312676e-08 +3.673312676e-08 +1.195400000e+02 +1.195400000e+02 +1.3192e+00 +9.0880e-01
2982 +1.870031952e-08 +1.870031952e-08 +1.195400000e+02 +1.195400000e+02 +1.3192e+00 +9.0880e-01
3075 +1.230758073e-08 +1.230758073e-08 +1.195400000e+02 +1.195400000e+02 +1.3192e+00 +9.0880e-01
3100 +4.003723575e-09 +4.003723575e-09 +1.195400000e+02 +1.195400000e+02 +1.3192e+00 +9.0880e-01
% function evaluation | noise-free fitness - Fopt (6.983000000000e+01) | best noise-free fitness - Fopt | measured fitness | best measured fitness | x1 | x2...
1 +6.281580415e+01 +6.281580415e+01 +1.326458041e+02 +1.326458041e+02 +4.6353e+00 +2.1662e+00
3 +1.726625387e+01 +1.726625387e+01 +8.709625387e+01 +8.709625387e+01 -3.6512e-01 -8.3660e-01
7 +5.103834656e+00 +5.103834656e+00 +7.493383466e+01 +7.493383466e+01 +2.0057e+00 -2.6283e+00
28 +3.845649816e+00 +3.845649816e+00 +7.367564982e+01 +7.367564982e+01 -3.6735e+00 -2.2444e+00
93 +7.847947219e-01 +7.847947219e-01 +7.061479472e+01 +7.061479472e+01 -3.6680e+00 -1.3535e+00
224 +5.307254865e-01 +5.307254865e-01 +7.036072549e+01 +7.036072549e+01 -3.4499e+00 -1.4313e+00
272 +6.027939144e-02 +6.027939144e-02 +6.989027939e+01 +6.989027939e+01 -2.8857e+00 -1.4459e+00
651 +3.274968091e-02 +3.274968091e-02 +6.986274968e+01 +6.986274968e+01 -2.8432e+00 -1.4543e+00
768 +1.676554855e-02 +1.676554855e-02 +6.984676555e+01 +6.984676555e+01 -2.8796e+00 -1.4504e+00
814 +8.858536911e-03 +8.858536911e-03 +6.983885854e+01 +6.983885854e+01 -2.8718e+00 -1.4570e+00
924 +3.897856186e-03 +3.897856186e-03 +6.983389786e+01 +6.983389786e+01 -2.8680e+00 -1.4561e+00
1090 +6.571712648e-04 +6.571712648e-04 +6.983065717e+01 +6.983065717e+01 -2.8654e+00 -1.4560e+00
1106 +2.369432565e-04 +2.369432565e-04 +6.983023694e+01 +6.983023694e+01 -2.8654e+00 -1.4561e+00
1425 +3.684673852e-05 +3.684673852e-05 +6.983003685e+01 +6.983003685e+01 -2.8656e+00 -1.4560e+00
1861 +1.556724001e-06 +1.556724001e-06 +6.983000156e+01 +6.983000156e+01 -2.8656e+00 -1.4560e+00
2225 +7.044334893e-07 +7.044334893e-07 +6.983000070e+01 +6.983000070e+01 -2.8656e+00 -1.4560e+00
2380 +6.197261371e-07 +6.197261371e-07 +6.983000062e+01 +6.983000062e+01 -2.8656e+00 -1.4560e+00
2415 +1.804195335e-07 +1.804195335e-07 +6.983000018e+01 +6.983000018e+01 -2.8656e+00 -1.4560e+00
2615 +7.747891573e-08 +7.747891573e-08 +6.983000008e+01 +6.983000008e+01 -2.8656e+00 -1.4560e+00
2726 +2.378331487e-08 +2.378331487e-08 +6.983000002e+01 +6.983000002e+01 -2.8656e+00 -1.4560e+00
3003 +1.089073010e-08 +1.089073010e-08 +6.983000001e+01 +6.983000001e+01 -2.8656e+00 -1.4560e+00
3087 +8.982908639e-09 +8.982908639e-09 +6.983000001e+01 +6.983000001e+01 -2.8656e+00 -1.4560e+00
% function evaluation | noise-free fitness - Fopt (7.000000000000e-02) | best noise-free fitness - Fopt | measured fitness | best measured fitness | x1 | x2...
1 +4.347772772e+01 +4.347772772e+01 +4.354772772e+01 +4.354772772e+01 -7.7299e-01 -4.3046e+00
5 +1.531434599e+01 +1.531434599e+01 +1.538434599e+01 +1.538434599e+01 +2.6425e-01 +8.5172e-01
7 +4.036961276e+00 +4.036961276e+00 +4.106961276e+00 +4.106961276e+00 +3.5172e+00 -4.3108e+00
14 +1.405997425e+00 +1.405997425e+00 +1.475997425e+00 +1.475997425e+00 +3.6714e+00 -9.8003e-01
77 +3.736399588e-01 +3.736399588e-01 +4.436399588e-01 +4.436399588e-01 +3.8971e+00 -2.3223e+00
259 +1.123309174e-01 +1.123309174e-01 +1.823309174e-01 +1.823309174e-01 +3.7135e+00 -2.0077e+00
470 +5.880073654e-02 +5.880073654e-02 +1.288007365e-01 +1.288007365e-01 +3.7600e+00 -1.9953e+00
577 +3.595447125e-02 +3.595447125e-02 +1.059544712e-01 +1.059544712e-01 +3.7308e+00 -2.0002e+00
708 +2.421310036e-02 +2.421310036e-02 +9.421310036e-02 +9.421310036e-02 +3.7360e+00 -1.9794e+00
830 +8.147634676e-03 +8.147634676e-03 +7.814763468e-02 +7.814763468e-02 +3.7375e+00 -1.9889e+00
959 +3.233860039e-03 +3.233860039e-03 +7.323386004e-02 +7.323386004e-02 +3.7408e+00 -1.9977e+00
1059 +1.198050099e-03 +1.198050099e-03 +7.119805010e-02 +7.119805010e-02 +3.7411e+00 -1.9978e+00
1162 +9.830388234e-04 +9.830388234e-04 +7.098303882e-02 +7.098303882e-02 +3.7412e+00 -1.9972e+00
1349 +4.919529875e-04 +4.919529875e-04 +7.049195299e-02 +7.049195299e-02 +3.7409e+00 -1.9971e+00
1593 +2.325637210e-04 +2.325637210e-04 +7.023256372e-02 +7.023256372e-02 +3.7407e+00 -1.9966e+00
1626 +1.412005947e-04 +1.412005947e-04 +7.014120059e-02 +7.014120059e-02 +3.7408e+00 -1.9968e+00
1893 +3.984152862e-05 +3.984152862e-05 +7.003984153e-02 +7.003984153e-02 +3.7408e+00 -1.9968e+00
2028 +3.415400141e-05 +3.415400141e-05 +7.003415400e-02 +7.003415400e-02 +3.7408e+00 -1.9968e+00
% function evaluation | noise-free fitness - Fopt (4.960000000000e+00) | best noise-free fitness - Fopt | measured fitness | best measured fitness | x1 | x2...
1 +7.474557796e+00 +7.474557796e+00 +1.243455780e+01 +1.243455780e+01 +3.3965e+00 +2.3749e-01
6 +4.791153067e+00 +4.791153067e+00 +9.751153067e+00 +9.751153067e+00 +5.3970e-01 +4.3018e+00
17 +2.905489046e+00 +2.905489046e+00 +7.865489046e+00 +7.865489046e+00 +2.7060e+00 +2.1127e+00
127 +7.639382248e-01 +7.639382248e-01 +5.723938225e+00 +5.723938225e+00 +3.4575e+00 +1.6517e+00
211 +5.390026391e-01 +5.390026391e-01 +5.499002639e+00 +5.499002639e+00 +3.3963e+00 +1.4995e+00
273 +2.296840561e-01 +2.296840561e-01 +5.189684056e+00 +5.189684056e+00 +3.3505e+00 +1.7204e+00
418 +1.106512840e-01 +1.106512840e-01 +5.070651284e+00 +5.070651284e+00 +3.2256e+00 +1.8131e+00
420 +9.768817796e-02 +9.768817796e-02 +5.057688178e+00 +5.057688178e+00 +3.3466e+00 +1.7753e+00
591 +5.777966590e-02 +5.777966590e-02 +5.017779666e+00 +5.017779666e+00 +3.3192e+00 +1.7757e+00
656 +3.283715421e-02 +3.283715421e-02 +4.992837154e+00 +4.992837154e+00 +3.2883e+00 +1.8026e+00
758 +7.691687022e-03 +7.691687022e-03 +4.967691687e+00 +4.967691687e+00 +3.2613e+00 +1.8134e+00
1049 +4.005128989e-03 +4.005128989e-03 +4.964005129e+00 +4.964005129e+00 +3.2618e+00 +1.8150e+00
1169 +3.331197568e-03 +3.331197568e-03 +4.963331198e+00 +4.963331198e+00 +3.2621e+00 +1.8150e+00
1253 +1.666133741e-03 +1.666133741e-03 +4.961666134e+00 +4.961666134e+00 +3.2602e+00 +1.8177e+00
1298 +9.928601524e-04 +9.928601524e-04 +4.960992860e+00 +4.960992860e+00 +3.2603e+00 +1.8169e+00
1449 +6.041442072e-04 +6.041442072e-04 +4.960604144e+00 +4.960604144e+00 +3.2599e+00 +1.8178e+00
1515 +3.111226098e-04 +3.111226098e-04 +4.960311123e+00 +4.960311123e+00 +3.2602e+00 +1.8175e+00
1543 +2.509231371e-04 +2.509231371e-04 +4.960250923e+00 +4.960250923e+00 +3.2602e+00 +1.8175e+00
1620 +7.190878902e-05 +7.190878902e-05 +4.960071909e+00 +4.960071909e+00 +3.2600e+00 +1.8176e+00
1646 +5.510635372e-05 +5.510635372e-05 +4.960055106e+00 +4.960055106e+00 +3.2600e+00 +1.8176e+00
1794 +3.323170498e-05 +3.323170498e-05 +4.960033232e+00 +4.960033232e+00 +3.2600e+00 +1.8176e+00
2075 +5.230733322e-06 +5.230733322e-06 +4.960005231e+00 +4.960005231e+00 +3.2600e+00 +1.8176e+00
2503 +9.825563287e-07 +9.825563287e-07 +4.960000983e+00 +4.960000983e+00 +3.2600e+00 +1.8176e+00
2698 +4.802575058e-07 +4.802575058e-07 +4.960000480e+00 +4.960000480e+00 +3.2600e+00 +1.8176e+00
2916 +3.652203553e-07 +3.652203553e-07 +4.960000365e+00 +4.960000365e+00 +3.2600e+00 +1.8176e+00
2997 +1.857787435e-07 +1.857787435e-07 +4.960000186e+00 +4.960000186e+00 +3.2600e+00 +1.8176e+00
3181 +1.093798891e-07 +1.093798891e-07 +4.960000109e+00 +4.960000109e+00 +3.2600e+00 +1.8176e+00
3247 +6.665207675e-08 +6.665207675e-08 +4.960000067e+00 +4.960000067e+00 +3.2600e+00 +1.8176e+00
3322 +3.384765890e-08 +3.384765890e-08 +4.960000034e+00 +4.960000034e+00 +3.2600e+00 +1.8176e+00
3367 +7.528258017e-09 +7.528258017e-09 +4.960000008e+00 +4.960000008e+00 +3.2600e+00 +1.8176e+00
% function evaluation | noise-free fitness - Fopt (1.923000000000e+02) | best noise-free fitness - Fopt | measured fitness | best measured fitness | x1 | x2...
1 +5.089913169e+00 +5.089913169e+00 +1.973899132e+02 +1.973899132e+02 -2.5794e+00 +9.9384e-01
18 +1.380643489e+00 +1.380643489e+00 +1.936806435e+02 +1.936806435e+02 -3.2162e+00 +4.0404e+00
21 +7.231037835e-01 +7.231037835e-01 +1.930231038e+02 +1.930231038e+02 -3.2051e+00 +4.1117e+00
105 +3.748489913e-01 +3.748489913e-01 +1.926748490e+02 +1.926748490e+02 -3.0224e+00 +4.2800e+00
145 +1.575333914e-01 +1.575333914e-01 +1.924575334e+02 +1.924575334e+02 -3.0224e+00 +3.8905e+00
370 +5.877470051e-03 +5.877470051e-03 +1.923058775e+02 +1.923058775e+02 -3.0152e+00 +3.9756e+00
1013 +3.029792846e-03 +3.029792846e-03 +1.923030298e+02 +1.923030298e+02 -3.0123e+00 +3.9806e+00
1169 +1.756109654e-03 +1.756109654e-03 +1.923017561e+02 +1.923017561e+02 -3.0136e+00 +3.9793e+00
1231 +1.144749735e-03 +1.144749735e-03 +1.923011447e+02 +1.923011447e+02 -3.0141e+00 +3.9780e+00
1305 +9.841005430e-04 +9.841005430e-04 +1.923009841e+02 +1.923009841e+02 -3.0138e+00 +3.9775e+00
1491 +2.295359455e-04 +2.295359455e-04 +1.923002295e+02 +1.923002295e+02 -3.0135e+00 +3.9784e+00
1594 +1.094579320e-04 +1.094579320e-04 +1.923001095e+02 +1.923001095e+02 -3.0136e+00 +3.9784e+00
1724 +4.958567811e-05 +4.958567811e-05 +1.923000496e+02 +1.923000496e+02 -3.0136e+00 +3.9784e+00
1731 +3.203186859e-05 +3.203186859e-05 +1.923000320e+02 +1.923000320e+02 -3.0136e+00 +3.9784e+00
2034 +6.217234699e-06 +6.217234699e-06 +1.923000062e+02 +1.923000062e+02 -3.0136e+00 +3.9784e+00
2099 +2.956132988e-06 +2.956132988e-06 +1.923000030e+02 +1.923000030e+02 -3.0136e+00 +3.9784e+00
2188 +2.190534246e-06 +2.190534246e-06 +1.923000022e+02 +1.923000022e+02 -3.0136e+00 +3.9784e+00
2451 +8.689744391e-07 +8.689744391e-07 +1.923000009e+02 +1.923000009e+02 -3.0136e+00 +3.9784e+00
2468 +5.712283269e-07 +5.712283269e-07 +1.923000006e+02 +1.923000006e+02 -3.0136e+00 +3.9784e+00
2645 +3.839886915e-07 +3.839886915e-07 +1.923000004e+02 +1.923000004e+02 -3.0136e+00 +3.9784e+00
2796 +1.978705484e-07 +1.978705484e-07 +1.923000002e+02 +1.923000002e+02 -3.0136e+00 +3.9784e+00
2830 +9.112554267e-08 +9.112554267e-08 +1.923000001e+02 +1.923000001e+02 -3.0136e+00 +3.9784e+00
2851 +5.916089663e-08 +5.916089663e-08 +1.923000001e+02 +1.923000001e+02 -3.0136e+00 +3.9784e+00
3025 +1.044821829e-08 +1.044821829e-08 +1.923000000e+02 +1.923000000e+02 -3.0136e+00 +3.9784e+00
3201 +6.556689414e-09 +6.556689414e-09 +1.923000000e+02 +1.923000000e+02 -3.0136e+00 +3.9784e+00
% function evaluation | noise-free fitness - Fopt (4.971000000000e+01) | best noise-free fitness - Fopt | measured fitness | best measured fitness | x1 | x2...
1 +1.012670006e+02 +1.012670006e+02 +1.509770006e+02 +1.509770006e+02 -1.9937e+00 +2.5528e+00
2 +6.800804300e+01 +6.800804300e+01 +1.177180430e+02 +1.177180430e+02 +4.8444e+00 +3.2194e+00
3 +2.225976424e+01 +2.225976424e+01 +7.196976424e+01 +7.196976424e+01 +1.4237e+00 +2.1588e+00
4 +1.572951421e+01 +1.572951421e+01 +6.543951421e+01 +6.543951421e+01 +1.9764e+00 -1.1033e+00
12 +3.803542928e+00 +3.803542928e+00 +5.351354293e+01 +5.351354293e+01 +4.7523e+00 -3.4284e+00
49 +1.860005818e+00 +1.860005818e+00 +5.157000582e+01 +5.157000582e+01 +3.3795e+00 -3.2395e+00
88 +1.129268848e+00 +1.129268848e+00 +5.083926885e+01 +5.083926885e+01 +4.0921e+00 -3.3921e+00
118 +8.537369320e-01 +8.537369320e-01 +5.056373693e+01 +5.056373693e+01 +4.0279e+00 -3.5918e+00
143 +3.937955271e-01 +3.937955271e-01 +5.010379553e+01 +5.010379553e+01 +3.6701e+00 -3.6086e+00
405 +2.507898746e-01 +2.507898746e-01 +4.996078987e+01 +4.996078987e+01 +3.4687e+00 -3.8787e+00
458 +8.218020308e-02 +8.218020308e-02 +4.979218020e+01 +4.979218020e+01 +3.7075e+00 -3.7291e+00
685 +3.568915752e-02 +3.568915752e-02 +4.974568916e+01 +4.974568916e+01 +3.7112e+00 -3.7241e+00
840 +1.644912154e-02 +1.644912154e-02 +4.972644912e+01 +4.972644912e+01 +3.7356e+00 -3.7011e+00
920 +7.925586672e-03 +7.925586672e-03 +4.971792559e+01 +4.971792559e+01 +3.7406e+00 -3.7011e+00
950 +9.830126988e-04 +9.830126988e-04 +4.971098301e+01 +4.971098301e+01 +3.7438e+00 -3.7023e+00
1401 +3.918123800e-04 +3.918123800e-04 +4.971039181e+01 +4.971039181e+01 +3.7435e+00 -3.7023e+00
1540 +2.359524057e-04 +2.359524057e-04 +4.971023595e+01 +4.971023595e+01 +3.7433e+00 -3.7023e+00
1654 +4.201306959e-05 +4.201306959e-05 +4.971004201e+01 +4.971004201e+01 +3.7432e+00 -3.7024e+00
1742 +3.200426666e-05 +3.200426666e-05 +4.971003200e+01 +4.971003200e+01 +3.7432e+00 -3.7024e+00
2205 +2.189856517e-05 +2.189856517e-05 +4.971002190e+01 +4.971002190e+01 +3.7432e+00 -3.7024e+00
2279 +4.607248847e-06 +4.607248847e-06 +4.971000461e+01 +4.971000461e+01 +3.7432e+00 -3.7024e+00
2490 +2.487430727e-06 +2.487430727e-06 +4.971000249e+01 +4.971000249e+01 +3.7432e+00 -3.7024e+00
2544 +9.382578128e-07 +9.382578128e-07 +4.971000094e+01 +4.971000094e+01 +3.7432e+00 -3.7024e+00
2688 +6.274936979e-07 +6.274936979e-07 +4.971000063e+01 +4.971000063e+01 +3.7432e+00 -3.7024e+00
2728 +3.893750247e-07 +3.893750247e-07 +4.971000039e+01 +4.971000039e+01 +3.7432e+00 -3.7024e+00
2770 +2.435817024e-07 +2.435817024e-07 +4.971000024e+01 +4.971000024e+01 +3.7432e+00 -3.7024e+00
2946 +1.265654177e-07 +1.265654177e-07 +4.971000013e+01 +4.971000013e+01 +3.7432e+00 -3.7024e+00
2959 +9.965638270e-08 +9.965638270e-08 +4.971000010e+01 +4.971000010e+01 +3.7432e+00 -3.7024e+00
3012 +4.446343382e-08 +4.446343382e-08 +4.971000004e+01 +4.971000004e+01 +3.7432e+00 -3.7024e+00
3147 +1.650347770e-08 +1.650347770e-08 +4.971000002e+01 +4.971000002e+01 +3.7432e+00 -3.7024e+00
3288 +1.134428373e-08 +1.134428373e-08 +4.971000001e+01 +4.971000001e+01 +3.7432e+00 -3.7024e+00
3309 +3.274408300e-09 +3.274408300e-09 +4.971000000e+01 +4.971000000e+01 +3.7432e+00 -3.7024e+00
% function evaluation | noise-free fitness - Fopt (2.051200000000e+02) | best noise-free fitness - Fopt | measured fitness | best measured fitness | x1 | x2...
1 +1.588051326e+01 +1.588051326e+01 +2.210005133e+02 +2.210005133e+02 +1.6002e+00 +1.9587e+00
9 +6.284177151e+00 +6.284177151e+00 +2.114041772e+02 +2.114041772e+02 -1.5032e+00 +1.7654e+00
40 +3.655182127e+00 +3.655182127e+00 +2.087751821e+02 +2.087751821e+02 -9.3269e-01 +2.2622e+00
49 +9.647407261e-01 +9.647407261e-01 +2.060847407e+02 +2.060847407e+02 -1.5032e+00 +4.5908e+00
269 +5.472759685e-01 +5.472759685e-01 +2.056672760e+02 +2.056672760e+02 -1.0460e+00 +3.7817e+00
355 +1.980774968e-01 +1.980774968e-01 +2.053180775e+02 +2.053180775e+02 -1.1202e+00 +3.8355e+00
478 +1.455572519e-01 +1.455572519e-01 +2.052655573e+02 +2.052655573e+02 -1.2359e+00 +3.9843e+00
606 +9.271746114e-02 +9.271746114e-02 +2.052127175e+02 +2.052127175e+02 -1.2143e+00 +3.9189e+00
639 +3.397480055e-02 +3.397480055e-02 +2.051539748e+02 +2.051539748e+02 -1.2017e+00 +3.9420e+00
783 +7.999811798e-03 +7.999811798e-03 +2.051279998e+02 +2.051279998e+02 -1.1918e+00 +3.8992e+00
1036 +3.433148483e-03 +3.433148483e-03 +2.051234331e+02 +2.051234331e+02 -1.1947e+00 +3.9072e+00
1226 +9.857561974e-04 +9.857561974e-04 +2.051209858e+02 +2.051209858e+02 -1.1939e+00 +3.9073e+00
1428 +3.110478386e-04 +3.110478386e-04 +2.051203110e+02 +2.051203110e+02 -1.1936e+00 +3.9066e+00
1442 +3.827854022e-05 +3.827854022e-05 +2.051200383e+02 +2.051200383e+02 -1.1936e+00 +3.9064e+00
2001 +1.766783720e-05 +1.766783720e-05 +2.051200177e+02 +2.051200177e+02 -1.1936e+00 +3.9064e+00
2173 +9.199528222e-06 +9.199528222e-06 +2.051200092e+02 +2.051200092e+02 -1.1936e+00 +3.9064e+00
2308 +5.963594418e-06 +5.963594418e-06 +2.051200060e+02 +2.051200060e+02 -1.1936e+00 +3.9064e+00
2455 +3.559276138e-06 +3.559276138e-06 +2.051200036e+02 +2.051200036e+02 -1.1936e+00 +3.9064e+00
2511 +1.414041549e-06 +1.414041549e-06 +2.051200014e+02 +2.051200014e+02 -1.1936e+00 +3.9064e+00
2515 +8.072301512e-07 +8.072301512e-07 +2.051200008e+02 +2.051200008e+02 -1.1936e+00 +3.9064e+00
2745 +6.076754460e-07 +6.076754460e-07 +2.051200006e+02 +2.051200006e+02 -1.1936e+00 +3.9064e+00
2909 +3.578705048e-07 +3.578705048e-07 +2.051200004e+02 +2.051200004e+02 -1.1936e+00 +3.9064e+00
3050 +2.044817506e-07 +2.044817506e-07 +2.051200002e+02 +2.051200002e+02 -1.1936e+00 +3.9064e+00
3256 +1.550858428e-07 +1.550858428e-07 +2.051200002e+02 +2.051200002e+02 -1.1936e+00 +3.9064e+00
3293 +7.778905342e-08 +7.778905342e-08 +2.051200001e+02 +2.051200001e+02 -1.1936e+00 +3.9064e+00
3307 +1.652850301e-08 +1.652850301e-08 +2.051200000e+02 +2.051200000e+02 -1.1936e+00 +3.9064e+00
3333 +7.911296507e-09 +7.911296507e-09 +2.051200000e+02 +2.051200000e+02 -1.1936e+00 +3.9064e+00
% function evaluation | noise-free fitness - Fopt (-1.729000000000e+02) | best noise-free fitness - Fopt | measured fitness | best measured fitness | x1 | x2...
1 +2.334053569e+01 +2.334053569e+01 -1.495594643e+02 -1.495594643e+02 -1.5147e+00 -3.6322e+00
3 +1.184758070e+01 +1.184758070e+01 -1.610524193e+02 -1.610524193e+02 +1.4447e+00 -1.6827e+00
5 +9.809258036e+00 +9.809258036e+00 -1.630907420e+02 -1.630907420e+02 +2.9079e+00 +3.4250e+00
20 +3.360689563e+00 +3.360689563e+00 -1.695393104e+02 -1.695393104e+02 -3.7789e+00 -6.3726e-01
58 +1.294983800e+00 +1.294983800e+00 -1.716050162e+02 -1.716050162e+02 -3.6808e+00 -1.7780e+00
162 +4.673588851e-01 +4.673588851e-01 -1.724326411e+02 -1.724326411e+02 -2.9881e+00 -1.2320e+00
368 +3.629407384e-01 +3.629407384e-01 -1.725370593e+02 -1.725370593e+02 -2.9744e+00 -1.2152e+00
516 +1.879318010e-01 +1.879318010e-01 -1.727120682e+02 -1.727120682e+02 -3.0376e+00 -1.0805e+00
550 +1.545929816e-01 +1.545929816e-01 -1.727454070e+02 -1.727454070e+02 -2.9381e+00 -1.0060e+00
590 +3.552648075e-02 +3.552648075e-02 -1.728644735e+02 -1.728644735e+02 -2.9073e+00 -1.0060e+00
640 +3.106685471e-03 +3.106685471e-03 -1.728968933e+02 -1.728968933e+02 -2.9324e+00 -1.0270e+00
1095 +1.418936697e-03 +1.418936697e-03 -1.728985811e+02 -1.728985811e+02 -2.9304e+00 -1.0264e+00
1510 +9.892200772e-04 +9.892200772e-04 -1.728990108e+02 -1.728990108e+02 -2.9305e+00 -1.0265e+00
% function evaluation | noise-free fitness - Fopt (-3.506200000000e+02) | best noise-free fitness - Fopt | measured fitness | best measured fitness | x1 | x2...
1 +1.839801969e+01 +1.839801969e+01 -3.322219803e+02 -3.322219803e+02 -2.1888e+00 -1.3874e+00
5 +1.458088710e+01 +1.458088710e+01 -3.360391129e+02 -3.360391129e+02 -4.6941e+00 +3.5405e+00
6 +8.831164954e+00 +8.831164954e+00 -3.417888350e+02 -3.417888350e+02 -1.9690e+00 -3.1973e+00
9 +6.226206337e+00 +6.226206337e+00 -3.443937937e+02 -3.443937937e+02 -3.3415e+00 -4.3259e+00
26 +3.790019563e+00 +3.790019563e+00 -3.468299804e+02 -3.468299804e+02 -3.4100e+00 -4.0983e+00
59 +1.476640542e+00 +1.476640542e+00 -3.491433595e+02 -3.491433595e+02 -4.0607e+00 -3.3458e+00
147 +5.336555945e-01 +5.336555945e-01 -3.500863444e+02 -3.500863444e+02 -3.6872e+00 -3.2184e+00
174 +3.476467361e-01 +3.476467361e-01 -3.502723533e+02 -3.502723533e+02 -3.9362e+00 -3.6356e+00
254 +2.255098493e-01 +2.255098493e-01 -3.503944902e+02 -3.503944902e+02 -3.9362e+00 -3.8672e+00
323 +5.693813559e-02 +5.693813559e-02 -3.505630619e+02 -3.505630619e+02 -3.9155e+00 -3.7590e+00
650 +3.506312616e-02 +3.506312616e-02 -3.505849369e+02 -3.505849369e+02 -3.8895e+00 -3.7090e+00
807 +1.647408289e-02 +1.647408289e-02 -3.506035259e+02 -3.506035259e+02 -3.9051e+00 -3.7434e+00
901 +7.767845190e-03 +7.767845190e-03 -3.506122322e+02 -3.506122322e+02 -3.9125e+00 -3.7414e+00
1003 +6.103808249e-03 +6.103808249e-03 -3.506138962e+02 -3.506138962e+02 -3.9075e+00 -3.7373e+00
1057 +3.059312387e-03 +3.059312387e-03 -3.506169407e+02 -3.506169407e+02 -3.9086e+00 -3.7402e+00
1157 +3.001899788e-04 +3.001899788e-04 -3.506196998e+02 -3.506196998e+02 -3.9095e+00 -3.7400e+00
1317 +2.294928772e-04 +2.294928772e-04 -3.506197705e+02 -3.506197705e+02 -3.9095e+00 -3.7400e+00
1641 +1.051324950e-04 +1.051324950e-04 -3.506198949e+02 -3.506198949e+02 -3.9096e+00 -3.7400e+00
1643 +3.296806159e-05 +3.296806159e-05 -3.506199670e+02 -3.506199670e+02 -3.9096e+00 -3.7400e+00
2403 +2.096986663e-05 +2.096986663e-05 -3.506199790e+02 -3.506199790e+02 -3.9096e+00 -3.7400e+00
2478 +5.842034511e-06 +5.842034511e-06 -3.506199942e+02 -3.506199942e+02 -3.9096e+00 -3.7400e+00
2584 +1.336737057e-06 +1.336737057e-06 -3.506199987e+02 -3.506199987e+02 -3.9096e+00 -3.7400e+00
2807 +6.184094445e-07 +6.184094445e-07 -3.506199994e+02 -3.506199994e+02 -3.9096e+00 -3.7400e+00
3049 +3.935974178e-07 +3.935974178e-07 -3.506199996e+02 -3.506199996e+02 -3.9096e+00 -3.7400e+00
3111 +1.872242592e-07 +1.872242592e-07 -3.506199998e+02 -3.506199998e+02 -3.9096e+00 -3.7400e+00
3207 +1.184531015e-07 +1.184531015e-07 -3.506199999e+02 -3.506199999e+02 -3.9096e+00 -3.7400e+00
3295 +7.541092373e-08 +7.541092373e-08 -3.506199999e+02 -3.506199999e+02 -3.9096e+00 -3.7400e+00
3327 +4.869696113e-08 +4.869696113e-08 -3.506200000e+02 -3.506200000e+02 -3.9096e+00 -3.7400e+00
3383 +2.389049314e-08 +2.389049314e-08 -3.506200000e+02 -3.506200000e+02 -3.9096e+00 -3.7400e+00
3437 +1.489195256e-08 +1.489195256e-08 -3.506200000e+02 -3.506200000e+02 -3.9096e+00 -3.7400e+00
3487 +1.687453732e-09 +1.687453732e-09 -3.506200000e+02 -3.506200000e+02 -3.9096e+00 -3.7400e+00
