% function evaluation | noise-free fitness - Fopt (1.238300000000e+02) | best noise-free fitness - Fopt | measured fitness | best measured fitness | x1 | x2...
1 +6.531905767e+05 +6.531905767e+05 +6.533144067e+05 +6.533144067e+05 +3.1472e+00 +4.0579e+00 -3.7301e+00 +4.1338e+00 +1.3236e+00 -4.0246e+00 -2.2150e+00 +4.6882e-01 +4.5751e+00 +4.6489e+00 -3.4239e+00 +4.7059e+00 +4.5717e+00 -1.4624e-01 +3.0028e+00 -3.5811e+00 -7.8239e-01 +4.1574e+00 +2.9221e+00 +4.5949e+00
3 +1.724102607e+05 +1.724102607e+05 +1.725340907e+05 +1.725340907e+05 -6.1256e-01 -1.1844e+00 +2.6552e+00 +2.9520e+00 -3.1313e+00 -1.0236e-01 -5.4414e-01 +1.4631e+00 +2.0936e+00 +2.5469e+00 -2.2397e+00 +1.7970e+00 +1.5510e+00 -3.3739e+00 -3.8100e+00 -1.6359e-02 +4.5974e+00 -1.5961e+00 +8.5268e-01 -2.7619e+00
10 +9.661109002e+04 +9.661109002e+04 +9.673492002e+04 +9.673492002e+04 +4.7009e-01 -2.0368e+00 +2.4469e+00 -3.1104e+00 +1.8678e+00 -3.1649e+00 -1.3152e+00 +1.2562e+00 +2.8023e+00 -4.1887e+00 +4.2939e+00 +2.7571e+00 -1.3208e-01 -6.4141e-01 -5.3216e-01 -1.9365e+00 +8.5087e-02 +1.0772e-01 +3.1763e+00 +2.9483e+00
50 +4.154061956e+04 +4.154061956e+04 +4.166444956e+04 +4.166444956e+04 +1.4701e+00 -2.3529e+00 +2.5394e+00 -2.1406e+00 +8.6775e-01 -2.1649e+00 -3.1515e-01 +3.5974e-01 +1.8023e+00 -3.1887e+00 +3.2939e+00 +1.7571e+00 +3.3108e-01 -1.6414e+00 +4.6784e-01 -1.8326e+00 -9.1491e-01 -1.5255e-01 +2.1763e+00 +1.9483e+00
123 +2.196004805e+04 +2.196004805e+04 +2.208387805e+04 +2.208387805e+04 -5.5735e-02 -3.7086e-01 +2.0138e+00 +9.5200e-01 -1.1313e+00 -1.0236e-01 +7.2807e-01 +4.0288e-01 +9.4805e-01 +5.4687e-01 -2.2397e+00 +7.4341e-01 -4.4902e-01 -2.3002e+00 -1.8100e+00 -1.7257e+00 +2.5974e+00 -2.4006e+00 +8.5268e-01 -7.6188e-01
170 +1.232076563e+04 +1.232076563e+04 +1.244459563e+04 +1.244459563e+04 +9.4504e-01 -1.2854e+00 +1.1727e+00 -1.4970e+00 -2.4049e-02 -1.2731e+00 +5.7665e-01 -4.3971e-01 +5.8363e-01 -1.9204e+00 +2.4021e+00 +3.3788e-01 +7.4413e-01 -2.5332e+00 -8.1082e-01 -1.7399e+00 -1.5750e-02 -3.8466e-01 +1.1556e+00 +1.1147e+00
214 +4.018190063e+03 +4.018190063e+03 +4.142020063e+03 +4.142020063e+03 -1.6226e+00 +8.5168e-01 +1.1801e+00 -3.8161e-02 -1.0129e+00 -8.6028e-01 +1.3536e+00 +1.7411e-02 -6.3447e-01 -7.8773e-01 -9.3238e-01 +7.9775e-01 +9.9193e-01 -2.0948e-01 +5.8865e-01 +1.0372e+00 +9.0923e-01 -9.8712e-02 +2.7692e-01 -2.1902e-02
282 +3.703893079e+03 +3.703893079e+03 +3.827723079e+03 +3.827723079e+03 -1.8874e-01 -6.4288e-01 +3.2342e-01 +3.3993e-01 -1.6272e+00 +2.2833e-01 +1.4275e+00 +8.6677e-01 +8.9073e-02 -6.8492e-01 +2.6346e+00 -9.9956e-01 +1.7692e+00 -6.5424e-01 -2.8682e-02 -2.7482e-01 -8.5248e-01 +1.7099e-01 +5.0222e-01 -6.5554e-01
317 +2.442313639e+03 +2.442313639e+03 +2.566143639e+03 +2.566143639e+03 -8.8757e-01 -1.2009e+00 -4.3295e-01 -7.9952e-01 -2.3481e-01 +2.8099e-01 +1.0895e+00 +5.1536e-02 +4.7659e-01 -1.4749e+00 +7.9486e-01 +4.0116e-02 +3.1342e-01 -1.2822e+00 +2.3454e-01 -5.9732e-01 -5.6466e-02 +7.8210e-01 -5.8533e-01 +8.9206e-01
534 +1.296903662e+03 +1.296903662e+03 +1.420733662e+03 +1.420733662e+03 +6.0626e-01 -3.5766e-01 +6.5083e-01 -1.5659e-01 -6.2838e-01 -1.4355e+00 +4.6496e-01 +1.8232e-01 -7.0338e-01 -3.2908e-01 +6.8037e-01 +1.7540e+00 +1.1141e+00 +1.2169e-01 -3.5701e-01 +3.8114e-01 +3.9859e-01 +5.0502e-01 +1.0692e-01 +3.4744e-01
625 +4.877075727e+02 +4.877075727e+02 +6.115375727e+02 +6.115375727e+02 +6.0443e-01 -8.0727e-01 +7.8009e-01 +4.2269e-01 +9.7637e-02 -3.5286e-01 +6.7122e-01 +1.7979e-01 -7.5743e-01 -9.1688e-01 +7.5690e-01 -1.1936e-02 +1.2791e+00 -2.4211e-01 +1.9377e-01 +1.3665e-01 -1.1931e+00 +5.6167e-01 +4.2544e-01 +4.2822e-01
995 +3.737944550e+02 +3.737944550e+02 +4.976244550e+02 +4.976244550e+02 +1.3212e-01 -8.7859e-02 +9.1835e-01 +9.0820e-02 +4.7987e-04 -4.1061e-01 +1.3284e-01 -1.0061e-01 -7.9218e-01 -4.4853e-01 +7.6613e-01 +1.2057e-02 +9.5931e-01 +1.4473e-01 +6.6407e-01 +2.9868e-01 -9.6406e-01 +8.8793e-03 -1.7564e-01 +5.3005e-01
1324 +2.285370054e+02 +2.285370054e+02 +3.523670054e+02 +3.523670054e+02 -3.0677e-01 +1.2012e-01 +7.6841e-01 -3.3567e-01 +2.4902e-01 -4.3807e-01 +2.8690e-01 -1.3167e-02 +2.0294e-01 +8.5649e-02 +3.9870e-01 +1.2874e-01 -9.1715e-02 +1.3371e-02 -1.0126e-01 +6.8665e-01 -1.0374e+00 +6.0680e-01 +3.3005e-01 +5.8827e-01
1700 +1.275962174e+02 +1.275962174e+02 +2.514262174e+02 +2.514262174e+02 -1.8569e-01 +4.0056e-01 +5.2143e-01 +3.8309e-01 -4.8851e-01 +4.1307e-01 +4.5304e-01 -7.6087e-02 -2.0225e-02 -6.4601e-01 +3.8618e-01 -9.2608e-03 -1.2865e-01 -2.7638e-01 +5.2137e-01 +2.5688e-01 -1.0116e+00 +5.0871e-02 +3.3909e-01 +1.4884e-01
2377 +9.817747669e+01 +9.817747669e+01 +2.220074767e+02 +2.220074767e+02 -2.6258e-02 +2.7608e-01 +7.7705e-01 -2.5925e-01 -3.5147e-01 -3.8690e-01 +6.3381e-01 -5.6047e-04 -4.9373e-02 -1.0310e+00 +2.3598e-01 +1.2826e-01 -5.2041e-01 -5.9330e-02 +2.0395e-01 +2.0919e-01 -9.1491e-01 +2.5910e-01 +5.1696e-01 -7.1450e-02
3069 +6.134903328e+01 +6.134903328e+01 +1.851790333e+02 +1.851790333e+02 -6.6266e-02 +3.1507e-01 +6.1989e-01 +2.1740e-01 -5.9890e-01 -2.4242e-01 +4.7425e-01 +2.2770e-01 +1.5261e-01 -8.5434e-01 +1.6848e-01 +3.1086e-01 -9.9027e-02 -6.8220e-02 +4.1339e-01 +3.4000e-01 -8.4775e-01 +2.4279e-01 +1.4988e-03 +1.6538e-01
3256 +3.638940462e+01 +3.638940462e+01 +1.602194046e+02 +1.602194046e+02 -2.5096e-01 +5.1212e-01 +5.8568e-01 +1.7670e-01 -5.4731e-01 +5.7397e-02 +4.4920e-01 +2.5308e-01 +6.5713e-02 -1.0587e+00 +3.0704e-01 +8.8184e-02 -3.1418e-01 -8.4534e-02 +5.3264e-01 +4.1701e-01 -1.0417e+00 -4.9722e-02 -2.6871e-01 +8.4413e-04
3937 +2.480250395e+01 +2.480250395e+01 +1.486325040e+02 +1.486325040e+02 -1.1800e-01 +5.0411e-01 +5.3478e-01 +8.8580e-02 -6.2141e-01 +6.3379e-02 +6.7971e-01 +1.2093e-01 +4.2525e-02 -1.0442e+00 +2.8942e-01 +1.1437e-01 -3.0225e-01 -1.0724e-01 +5.6834e-01 +5.3019e-01 -1.0126e+00 +4.9723e-02 -2.2251e-01 +3.8606e-03
% function evaluation | noise-free fitness - Fopt (4.751000000000e+01) | best noise-free fitness - Fopt | measured fitness | best measured fitness | x1 | x2...
1 +9.182446450e+05 +9.182446450e+05 +9.182921550e+05 +9.182921550e+05 +3.1472e+00 +4.0579e+00 -3.7301e+00 +4.1338e+00 +1.3236e+00 -4.0246e+00 -2.2150e+00 +4.6882e-01 +4.5751e+00 +4.6489e+00 -3.4239e+00 +4.7059e+00 +4.5717e+00 -1.4624e-01 +3.0028e+00 -3.5811e+00 -7.8239e-01 +4.1574e+00 +2.9221e+00 +4.5949e+00
2 +4.437781266e+05 +4.437781266e+05 +4.438256366e+05 +4.438256366e+05 +1.5574e+00 -4.6429e+00 +3.4913e+00 +4.3399e+00 +1.7874e+00 +2.5774e+00 +2.4313e+00 -1.0777e+00 +1.5548e+00 -3.2881e+00 +2.0605e+00 -4.6817e+00 -2.2308e+00 -4.5383e+00 -4.0287e+00 +3.2346e+00 +1.9483e+00 -1.8290e+00 +4.5022e+00 -4.6555e+00
3 +1.747997861e+05 +1.747997861e+05 +1.748472961e+05 +1.748472961e+05 -6.1256e-01 -1.1844e+00 +2.6552e+00 +2.9520e+00 -3.1313e+00 -1.0236e-01 -5.4414e-01 +1.4631e+00 +2.0936e+00 +2.5469e+00 -2.2397e+00 +1.7970e+00 +1.5510e+00 -3.3739e+00 -3.8100e+00 -1.6359e-02 +4.5974e+00 -1.5961e+00 +8.5268e-01 -2.7619e+00
43 +8.452007783e+04 +8.452007783e+04 +8.456758783e+04 +8.456758783e+04 -1.0516e+00 -1.8442e-01 +2.2213e+00 +3.9520e+00 -2.1313e+00 +4.7775e-01 -1.5441e+00 +4.6313e-01 +1.0936e+00 +1.5469e+00 -1.2397e+00 +2.4668e+00 +1.6031e+00 -2.4279e+00 -2.8100e+00 -1.0164e+00 +4.2622e+00 -5.9614e-01 -1.4732e-01 -1.7619e+00
50 +5.624411146e+04 +5.624411146e+04 +5.629162146e+04 +5.629162146e+04 +1.4701e+00 -1.7240e+00 +1.4469e+00 -2.1104e+00 +8.6775e-01 -2.1649e+00 -2.2126e+00 +2.5619e-01 +1.8023e+00 -3.1887e+00 +3.2939e+00 +2.0487e+00 +8.6792e-01 -8.3735e-01 +4.6784e-01 -1.5543e+00 +1.0851e+00 +1.5786e-01 +2.1763e+00 +1.9483e+00
123 +2.403724967e+04 +2.403724967e+04 +2.408475967e+04 +2.408475967e+04 -5.1647e-02 +8.1558e-01 +1.8215e+00 +2.9520e+00 -1.1325e+00 +1.4777e+00 -5.4414e-01 +7.2462e-01 +9.3648e-02 +5.4687e-01 -2.3975e-01 +1.4668e+00 +8.4767e-01 -1.4279e+00 -1.8100e+00 -1.9235e+00 +3.2622e+00 -3.1820e-01 -1.1473e+00 -7.6188e-01
130 +1.533221213e+04 +1.533221213e+04 +1.537972213e+04 +1.537972213e+04 +2.3706e+00 -7.2404e-01 +1.3945e+00 -1.1104e+00 -1.3225e-01 -1.1649e+00 -1.2126e+00 -4.5097e-02 +8.0227e-01 -2.2049e+00 +2.2939e+00 +1.0487e+00 +1.5826e+00 -7.5194e-01 +1.4678e+00 -1.4227e+00 +8.8968e-01 -8.4214e-01 +1.1763e+00 +9.4831e-01
203 +8.812574351e+03 +8.812574351e+03 +8.860084351e+03 +8.860084351e+03 +9.4835e-01 +5.2490e-01 +1.2289e+00 +1.9520e+00 -1.3253e-01 +1.7156e+00 -3.1650e-01 +6.6251e-01 -6.2355e-01 -4.5313e-01 +7.6025e-01 +5.7951e-01 +4.3059e-01 -4.2788e-01 -8.1002e-01 -2.5339e+00 +2.2622e+00 -8.3129e-01 -3.2695e-01 +2.3812e-01
207 +5.861116427e+03 +5.861116427e+03 +5.908626427e+03 +5.908626427e+03 -9.3347e-01 +1.6190e+00 -1.9537e+00 +1.7491e+00 +1.7303e-01 +1.5324e+00 -1.1556e+00 -2.7216e-02 +4.8835e-01 +6.8480e-04 -4.1697e-01 +1.1065e+00 -1.8153e-01 +3.5964e-01 -6.2542e-01 -7.2736e-01 +2.2950e+00 -2.0295e-01 -5.0140e-01 -5.5045e-01
281 +3.298880261e+03 +3.298880261e+03 +3.346390261e+03 +3.346390261e+03 +9.5475e-01 +5.3880e-01 -4.4244e-01 +8.8163e-01 -9.0079e-01 -6.2437e-01 -8.6726e-01 +1.9701e-01 +5.7507e-01 +6.4889e-01 +1.0757e-01 +7.0593e-01 +9.2848e-01 -5.9404e-01 -1.4446e-01 -6.9492e-02 +2.5327e+00 +4.6321e-01 -7.2538e-01 +8.6111e-01
294 +2.329581058e+03 +2.329581058e+03 +2.377091058e+03 +2.377091058e+03 -6.2261e-01 +9.3936e-01 +1.3662e-01 +9.6184e-01 -4.4704e-01 +6.2486e-01 +9.5140e-02 -7.9278e-01 +3.6553e-01 -1.4523e+00 +6.7619e-02 -3.6018e-01 +1.0404e+00 -8.8756e-01 +9.4063e-01 +3.7206e-02 +4.5931e-01 -4.6844e-01 -1.2881e+00 +7.4164e-01
399 +1.383027357e+03 +1.383027357e+03 +1.430537357e+03 +1.430537357e+03 +1.4222e+00 +2.8520e-01 -3.2058e-01 -1.3707e-01 +2.8259e-01 -4.8104e-01 -2.8973e-02 -1.1431e+00 +6.4022e-01 +2.0348e-01 -9.6852e-03 +1.0337e-01 -3.3099e-01 +2.2949e-01 +2.0910e+00 -1.1275e+00 +1.9606e+00 +3.3551e-01 -7.5633e-01 +9.4133e-01
626 +8.210877788e+02 +8.210877788e+02 +8.685977788e+02 +8.685977788e+02 +5.3805e-01 -2.4616e-01 -6.3740e-02 -6.3524e-01 +2.3620e-01 -7.4464e-01 +2.4715e-01 -3.8848e-01 -9.3796e-02 -9.6796e-01 +9.7914e-01 +1.8656e-01 -6.5606e-01 -3.4973e-01 +1.3502e+00 -5.2616e-01 +1.0282e+00 +3.9622e-01 -1.3539e+00 +5.1927e-01
682 +6.015299323e+02 +6.015299323e+02 +6.490399323e+02 +6.490399323e+02 +3.1694e-01 -4.6134e-01 +1.5935e-01 +3.4714e-01 -7.7097e-01 -6.3564e-01 -4.1125e-01 -2.2626e-01 -5.3044e-01 -7.6490e-01 +9.3030e-01 +3.4436e-01 +4.3135e-01 -6.4457e-01 +1.0464e+00 -4.5095e-01 +6.9152e-01 +2.0552e-01 -4.9643e-01 +1.9707e-01
1181 +3.901216287e+02 +3.901216287e+02 +4.376316287e+02 +4.376316287e+02 +5.8036e-01 -6.6999e-01 +2.3700e-01 -1.4833e-01 -6.4070e-01 -4.6882e-01 +4.1353e-01 -4.9223e-01 -2.2190e-02 +3.2522e-01 +8.6525e-01 -1.6162e-01 +9.2556e-01 -1.3664e+00 +5.7287e-01 -4.8815e-01 +3.0945e-01 +2.7426e-01 -9.6250e-02 +1.0651e-01
1498 +2.460926185e+02 +2.460926185e+02 +2.936026185e+02 +2.936026185e+02 +4.9860e-01 -4.8505e-01 +3.5730e-01 +1.3981e-01 -6.4566e-01 -7.5914e-01 +1.7474e-01 -3.6786e-01 +3.7132e-01 -4.9252e-02 +8.5460e-01 +1.8117e-01 +4.7863e-01 -6.4878e-01 +7.3088e-02 -9.5398e-02 +3.7491e-01 +5.5779e-01 -6.8827e-01 +1.6259e-02
1915 +1.567685759e+02 +1.567685759e+02 +2.042785759e+02 +2.042785759e+02 +6.1402e-01 -5.4505e-01 +6.4316e-03 -2.0382e-01 -6.8489e-01 -6.3928e-01 +3.1778e-01 -1.1497e-01 +8.6476e-02 -1.4230e-01 +5.2924e-01 +2.2244e-01 +6.4815e-01 -7.5897e-01 +4.1073e-01 -9.3642e-02 +2.1225e-01 +3.3625e-01 -2.2776e-01 -2.2655e-01
2688 +9.488530519e+01 +9.488530519e+01 +1.423953052e+02 +1.423953052e+02 +6.2885e-01 -3.5171e-01 +9.9769e-02 -5.7241e-01 -7.0777e-01 +2.3559e-01 +4.0087e-01 +2.9577e-01 +8.5552e-02 -4.3366e-02 +5.1707e-01 -3.1328e-03 +7.7513e-01 -5.5531e-01 +5.1519e-02 -1.2724e-01 +6.9898e-03 +6.5642e-01 -7.9824e-02 -2.2039e-01
3420 +6.164048545e+01 +6.164048545e+01 +1.091504855e+02 +1.091504855e+02 +8.1005e-01 -1.9522e-01 +4.8270e-02 -6.5101e-01 -5.1881e-01 +4.2373e-01 +5.3258e-01 +8.2737e-02 +6.0553e-01 +1.2220e-01 +7.3040e-01 +2.2215e-01 +6.2432e-01 -8.0331e-01 +2.7056e-02 +3.0762e-01 -1.1451e-01 +2.9524e-01 +4.6752e-02 -1.8293e-01
3817 +3.901311369e+01 +3.901311369e+01 +8.652311369e+01 +8.652311369e+01 +7.9592e-01 +4.2668e-02 +1.2365e-01 -6.7858e-01 -5.0204e-01 +2.8106e-01 +7.2912e-01 +1.4669e-01 +5.9471e-01 +2.1355e-01 +4.9797e-01 +1.5589e-01 +6.7514e-01 -9.0122e-01 +9.4687e-02 +5.8196e-01 -8.6702e-02 +4.0238e-01 +8.9196e-02 -3.5680e-01
4282 +2.378846981e+01 +2.378846981e+01 +7.129846981e+01 +7.129846981e+01 +6.7787e-01 +3.1396e-02 +1.3180e-01 -7.1247e-01 -5.2378e-01 +2.4332e-01 +9.1277e-01 +5.0248e-02 +6.0130e-01 +1.6128e-01 +6.2758e-01 +8.7556e-02 +9.2015e-01 -9.0188e-01 +2.3031e-01 +4.5296e-01 -1.5420e-01 +3.9612e-01 +2.0907e-01 -3.2236e-01
% function evaluation | noise-free fitness - Fopt (5.534000000000e+01) | best noise-free fitness - Fopt | measured fitness | best measured fitness | x1 | x2...
1 +5.325683298e+05 +5.325683298e+05 +5.326236698e+05 +5.326236698e+05 +3.1472e+00 +4.0579e+00 -3.7301e+00 +4.1338e+00 +1.3236e+00 -4.0246e+00 -2.2150e+00 +4.6882e-01 +4.5751e+00 +4.6489e+00 -3.4239e+00 +4.7059e+00 +4.5717e+00 -1.4624e-01 +3.0028e+00 -3.5811e+00 -7.8239e-01 +4.1574e+00 +2.9221e+00 +4.5949e+00
3 +1.837725199e+05 +1.837725199e+05 +1.838278599e+05 +1.838278599e+05 -6.1256e-01 -1.1844e+00 +2.6552e+00 +2.9520e+00 -3.1313e+00 -1.0236e-01 -5.4414e-01 +1.4631e+00 +2.0936e+00 +2.5469e+00 -2.2397e+00 +1.7970e+00 +1.5510e+00 -3.3739e+00 -3.8100e+00 -1.6359e-02 +4.5974e+00 -1.5961e+00 +8.5268e-01 -2.7619e+00
25 +1.097976964e+05 +1.097976964e+05 +1.098530364e+05 +1.098530364e+05 +1.4762e+00 +1.7902e+00 +1.3579e+00 +4.4517e+00 -2.9107e+00 +2.0928e+00 -2.6377e+00 -3.8060e+00 +1.0730e+00 -4.9862e-01 -4.1275e-01 +1.6194e+00 +2.7029e+00 -1.4978e+00 +1.6201e+00 -8.3841e-01 +3.4193e+00 +3.3292e+00 -2.4356e+00 +1.1346e+00
43 +7.225944873e+04 +7.225944873e+04 +7.231478873e+04 +7.231478873e+04 -1.0516e+00 -1.8442e-01 +2.2213e+00 +3.9520e+00 -2.1313e+00 +4.7775e-01 -1.5441e+00 +4.6313e-01 +1.0936e+00 +1.5469e+00 -1.2397e+00 +2.4668e+00 +1.6031e+00 -2.4279e+00 -2.8100e+00 -1.0164e+00 +4.2622e+00 -5.9614e-01 -1.4732e-01 -1.7619e+00
83 +4.400062809e+04 +4.400062809e+04 +4.405596809e+04 +4.405596809e+04 -9.8339e-01 +8.3965e-02 +2.2213e+00 +3.9520e+00 -2.1313e+00 +4.7775e-01 -1.5441e+00 +4.6313e-01 +1.0936e+00 -1.3372e+00 -1.2397e+00 +8.4063e-01 +1.6031e+00 -2.0582e+00 -2.8100e+00 +5.0378e-01 +3.7042e+00 -5.9614e-01 -1.4732e-01 -1.7619e+00
123 +2.528071698e+04 +2.528071698e+04 +2.533605698e+04 +2.533605698e+04 -1.3598e+00 +8.1558e-01 +1.8343e+00 +4.8438e+00 -1.2395e+00 +9.9508e-01 -2.4359e+00 -4.2867e-01 +2.0185e-01 +5.4687e-01 -3.4795e-01 +1.4668e+00 +1.6495e+00 -1.4279e+00 -1.9182e+00 -4.9072e-01 +3.2622e+00 +2.9566e-01 -1.0391e+00 -8.7008e-01
131 +1.997774358e+04 +1.997774358e+04 +2.003308358e+04 +2.003308358e+04 +6.8177e-01 +7.6889e-01 +1.2922e+00 +2.3283e+00 -2.2031e+00 +2.3900e+00 +1.7594e+00 +5.0156e-01 +1.7820e-01 -8.4925e-01 -9.2258e-01 +1.2463e-02 +1.7092e+00 -6.9512e-01 +1.4431e+00 -1.0524e+00 -7.4078e-01 -1.2929e+00 -1.9542e+00 +1.5431e-01
203 +6.891842737e+03 +6.891842737e+03 +6.947182737e+03 +6.947182737e+03 -3.5981e-01 +1.6636e+00 +8.3429e-01 +3.8438e+00 -8.0433e-01 +1.4534e-01 -1.4359e+00 -9.4390e-01 -7.9815e-01 -4.5313e-01 +1.7572e-01 +5.7630e-01 +1.6471e+00 -4.2788e-01 -9.1822e-01 +2.3336e-01 +2.2622e+00 +1.2227e+00 -2.0391e+00 +1.2992e-01
211 +5.738533825e+03 +5.738533825e+03 +5.793873825e+03 +5.793873825e+03 +1.2403e-01 +1.6373e+00 +2.9220e-01 +1.3283e+00 -1.9472e+00 +1.3900e+00 +7.5943e-01 +1.3384e+00 +1.8632e-02 -1.7329e+00 -3.8971e-02 +1.0125e+00 +2.3563e+00 +1.8849e-01 +1.6056e+00 -5.2357e-02 -1.1091e+00 -2.9292e-01 -1.0706e+00 -2.4775e-02
282 +3.770191020e+03 +3.770191020e+03 +3.825531020e+03 +3.825531020e+03 -9.3741e-01 -6.4288e-01 +7.2138e-01 +1.4384e+00 -7.5595e-01 +3.9269e-01 -9.9208e-01 -3.7680e-02 -7.1165e-01 +1.6335e-01 -8.9654e-01 -6.8167e-01 +1.6105e+00 -5.3829e-01 -2.8682e-02 -7.6542e-01 +1.9000e+00 +2.0098e+00 +5.0222e-01 -6.5554e-01
322 +1.500483321e+03 +1.500483321e+03 +1.555823321e+03 +1.555823321e+03 -9.5087e-01 -6.4288e-01 -6.8329e-02 +2.8499e-01 -7.5595e-01 -1.8228e-02 -1.2766e+00 -2.3217e-01 -7.1165e-01 +1.6335e-01 -1.4085e-01 +3.5181e-01 +1.6105e+00 -5.3829e-01 -2.8682e-02 -4.8720e-01 +1.9000e+00 +1.6711e+00 +5.0222e-01 -6.5554e-01
368 +9.640702652e+02 +9.640702652e+02 +1.019410265e+03 +1.019410265e+03 -1.3417e+00 +7.6747e-01 +8.6548e-02 -7.1900e-01 -1.2177e+00 +6.9499e-01 -6.0185e-01 -5.0289e-01 -2.1527e-02 +8.0773e-01 +2.9166e-01 +4.9654e-01 +7.9186e-01 -5.5213e-01 +7.6925e-01 -1.1075e+00 +9.8206e-01 +6.3608e-02 +6.2207e-01 +4.6211e-01
811 +5.847490203e+02 +5.847490203e+02 +6.400890203e+02 +6.400890203e+02 -1.1183e+00 +7.7463e-01 -6.3513e-02 -2.5752e-01 -5.9602e-01 +7.6079e-01 +1.9590e-01 -4.2719e-02 -1.6788e-01 +5.0863e-01 +7.1101e-02 +4.8135e-01 +4.5253e-01 -5.4852e-01 +1.1977e+00 -5.8284e-01 +1.2903e+00 +7.2765e-02 -1.7623e-01 +1.3748e-01
874 +2.659412555e+02 +2.659412555e+02 +3.212812555e+02 +3.212812555e+02 -9.9294e-01 +7.0744e-01 -5.3682e-02 +3.0400e-01 -6.5218e-01 +8.1226e-01 +3.3709e-01 +5.8917e-02 -1.3283e+00 +5.5680e-02 -1.1149e-01 +4.6973e-01 -3.8509e-01 +3.2491e-01 +8.9939e-01 -6.7528e-01 +8.7274e-01 -5.0085e-01 +3.0377e-01 +2.8889e-01
1195 +2.480576988e+02 +2.480576988e+02 +3.033976988e+02 +3.033976988e+02 -1.5899e-01 +1.1493e+00 +1.4061e-01 -4.5220e-02 -1.5860e+00 +1.9291e-01 -1.0227e-01 +1.7474e-01 -4.5623e-01 +9.1202e-01 +2.8275e-01 +1.4092e-01 +1.3460e-01 -1.3126e-01 +3.2624e-01 -3.6370e-01 +1.0689e+00 -1.8914e-01 +2.2999e-01 +4.1954e-01
1690 +1.236093457e+02 +1.236093457e+02 +1.789493457e+02 +1.789493457e+02 -4.1548e-01 +7.8119e-01 +1.3807e-01 +1.6528e-01 -1.3080e+00 +7.4561e-02 -1.5003e-01 +2.4666e-01 -3.9652e-01 +6.3458e-01 -2.8258e-02 +2.2185e-01 +1.3691e-01 -6.8765e-01 +4.5560e-02 +1.2787e-01 +1.0288e+00 -9.6659e-02 +8.5118e-02 -1.0078e-01
1807 +9.276831129e+01 +9.276831129e+01 +1.481083113e+02 +1.481083113e+02 -3.8760e-01 +7.3378e-01 -2.1504e-02 +5.7368e-02 -1.2665e+00 -1.3941e-01 -2.1471e-01 +1.7285e-01 -7.9244e-01 +6.3966e-01 +3.2558e-01 +2.9132e-01 +4.6292e-01 -4.0504e-01 +7.3815e-01 -4.7566e-03 +6.5875e-01 +5.4125e-02 +6.1238e-01 -3.1384e-02
2687 +5.594735920e+01 +5.594735920e+01 +1.112873592e+02 +1.112873592e+02 -7.0871e-01 +4.6130e-01 -1.0594e-01 +2.3108e-01 -1.0048e+00 +3.5676e-01 -2.6879e-01 +3.4140e-01 -5.5231e-01 +5.3272e-01 +4.1442e-01 +2.6324e-01 -9.0667e-02 -3.2995e-01 +2.2102e-01 -3.9361e-02 +4.7636e-01 -8.1246e-02 +1.0121e-01 +1.6930e-01
3229 +3.782499959e+01 +3.782499959e+01 +9.316499959e+01 +9.316499959e+01 -7.6007e-01 +3.5071e-01 -4.2644e-02 +1.5633e-01 -1.0796e+00 +3.6569e-01 -1.7386e-01 +4.1390e-01 -5.2498e-01 +6.0472e-01 +3.0988e-01 +2.5240e-01 +1.1107e-01 -4.1267e-01 +2.3495e-01 +1.1701e-01 +6.6258e-01 -9.2611e-02 +1.2648e-01 +3.2153e-02
3608 +2.354652374e+01 +2.354652374e+01 +7.888652374e+01 +7.888652374e+01 -9.1695e-01 +4.4606e-01 -7.5661e-02 +1.7319e-01 -1.1497e+00 +3.8095e-01 -2.3396e-01 +4.3791e-01 -5.0189e-01 +6.5177e-01 +3.0790e-01 +2.6499e-01 +1.3749e-01 -4.3673e-01 +1.0989e-01 +7.1295e-02 +7.0660e-01 -2.8540e-01 +3.1884e-01 -1.1757e-01
% function evaluation | noise-free fitness - Fopt (-9.033000000000e+01) | best noise-free fitness - Fopt | measured fitness | best measured fitness | x1 | x2...
1 +8.205851651e+05 +8.205851651e+05 +8.204948351e+05 +8.204948351e+05 +3.1472e+00 +4.0579e+00 -3.7301e+00 +4.1338e+00 +1.3236e+00 -4.0246e+00 -2.2150e+00 +4.6882e-01 +4.5751e+00 +4.6489e+00 -3.4239e+00 +4.7059e+00 +4.5717e+00 -1.4624e-01 +3.0028e+00 -3.5811e+00 -7.8239e-01 +4.1574e+00 +2.9221e+00 +4.5949e+00
3 +1.326629707e+05 +1.326629707e+05 +1.325726407e+05 +1.325726407e+05 -6.1256e-01 -1.1844e+00 +2.6552e+00 +2.9520e+00 -3.1313e+00 -1.0236e-01 -5.4414e-01 +1.4631e+00 +2.0936e+00 +2.5469e+00 -2.2397e+00 +1.7970e+00 +1.5510e+00 -3.3739e+00 -3.8100e+00 -1.6359e-02 +4.5974e+00 -1.5961e+00 +8.5268e-01 -2.7619e+00
43 +5.260262291e+04 +5.260262291e+04 +5.251229291e+04 +5.251229291e+04 -1.0557e+00 -6.9273e-01 +2.3009e+00 +1.9520e+00 -2.1313e+00 +8.9764e-01 +4.5586e-01 +1.1293e+00 +1.0936e+00 +1.5469e+00 -3.2397e+00 +7.9703e-01 +5.5098e-01 -3.3002e+00 -2.8100e+00 -1.0164e+00 +3.5974e+00 -2.4255e+00 -1.4732e-01 -1.7619e+00
125 +2.784909859e+04 +2.784909859e+04 +2.775876859e+04 +2.775876859e+04 +1.1343e-01 +1.3083e+00 +2.5586e+00 -9.0015e-02 +2.1719e+00 -1.4161e-01 +3.3523e+00 +5.3729e-01 +8.0446e-01 +2.1471e+00 -2.3490e+00 -2.4605e+00 -5.6417e-01 +7.9167e-01 +3.0998e+00 -1.7009e+00 +6.8824e-01 -2.3061e+00 -3.1139e+00 -7.3789e-01
203 +1.680389058e+04 +1.680389058e+04 +1.671356058e+04 +1.671356058e+04 -4.5096e-01 -2.7974e-01 +9.8487e-01 +2.0602e+00 -1.2689e+00 +7.8945e-01 +3.4767e-01 -8.8042e-02 -4.4999e-01 +1.3582e+00 -3.6895e+00 -1.7117e-01 -3.2991e-01 -2.2345e+00 -9.1822e-01 -2.2148e+00 +1.7318e+00 -2.1651e+00 -1.7689e+00 -8.9186e-02
205 +9.183702579e+03 +9.183702579e+03 +9.093372579e+03 +9.093372579e+03 +1.1134e+00 +3.0829e-01 +3.2934e+00 +9.0998e-01 +1.1719e+00 +8.5839e-01 +2.3523e+00 -4.6271e-01 +1.7025e+00 +1.6598e+00 -1.4157e+00 -1.4605e+00 -8.0188e-01 -2.0833e-01 +2.0998e+00 -7.0094e-01 +1.6882e+00 -1.3061e+00 -2.1139e+00 -9.9681e-01
286 +5.258782780e+03 +5.258782780e+03 +5.168452780e+03 +5.168452780e+03 +6.2182e-01 -7.1129e-01 +2.1122e+00 +1.5239e+00 +5.5062e-01 +5.9220e-01 +1.3295e+00 -1.2483e+00 +1.4472e+00 +1.2106e+00 -2.4741e+00 -4.8176e-01 -1.6789e+00 +1.5665e+00 +1.3812e-01 -7.4183e-01 +1.7976e+00 +9.6135e-01 -1.4703e+00 -2.4562e+00
371 +3.278657707e+03 +3.278657707e+03 +3.188327707e+03 +3.188327707e+03 +1.5794e+00 -2.8309e-01 +1.0670e+00 +2.4824e+00 -1.2199e+00 +6.0047e-01 +1.6318e+00 -4.9402e-01 +1.2263e+00 +1.2824e+00 -5.8476e-01 +5.5000e-02 -1.8212e+00 -9.1947e-02 +9.9143e-01 +5.9391e-02 +5.4585e-01 +2.5712e-01 -2.0647e+00 -7.6334e-01
467 +2.500416661e+03 +2.500416661e+03 +2.410086661e+03 +2.410086661e+03 +1.2677e+00 +1.5622e-01 +6.5816e-01 +4.1874e-01 -3.7307e-01 -1.1246e+00 +1.2761e+00 -1.2726e+00 -1.7685e-01 +6.4308e-01 -1.4088e+00 -1.5756e-01 -9.7176e-01 +9.8735e-02 +1.5585e-01 -5.2727e-01 +9.3456e-01 -1.4795e+00 -3.0773e+00 +2.7107e-01
611 +1.314854994e+03 +1.314854994e+03 +1.224524994e+03 +1.224524994e+03 +4.7566e-01 +4.5434e-01 +1.1290e+00 +1.1614e+00 -6.1826e-01 -3.4994e-01 +6.3511e-01 -2.9115e-01 +7.9720e-01 +1.1618e+00 -1.1787e+00 +6.0755e-01 -1.4122e+00 +2.9300e-01 +5.5292e-01 +1.5156e-01 +1.6543e-01 +6.9423e-02 -2.4823e+00 +1.3192e-01
773 +9.390384500e+02 +9.390384500e+02 +8.487084500e+02 +8.487084500e+02 +6.5879e-01 -2.3844e-01 +6.9199e-01 +4.1127e-01 -8.8194e-01 -1.2954e-01 +4.9503e-01 -1.1483e+00 -5.6929e-01 +3.8362e-01 -1.0083e+00 -3.6491e-01 -2.0884e+00 -5.9907e-01 +8.2424e-01 +3.1791e-01 +9.3039e-01 +6.8176e-01 -1.1158e+00 -1.8729e-01
1037 +4.998237842e+02 +4.998237842e+02 +4.094937842e+02 +4.094937842e+02 -1.1270e-01 +2.5754e-01 -2.5354e-01 -8.7732e-02 -8.2757e-01 -4.7692e-02 -1.5527e-01 -9.7385e-01 -1.6769e-02 +2.2754e-01 -7.6822e-01 +9.2947e-03 -1.8445e+00 +2.5725e-01 +5.7418e-01 +4.4968e-01 +2.6332e-01 +9.5808e-02 -5.2528e-01 +2.2514e-03
1088 +3.584135737e+02 +3.584135737e+02 +2.680835737e+02 +2.680835737e+02 +1.8990e-01 +4.2178e-03 -1.8430e-01 +6.7868e-01 -3.8805e-01 +1.9404e-01 -1.0421e-04 -4.2717e-01 +1.7795e-01 +2.8708e-01 -9.7411e-01 -3.0771e-01 -7.1213e-01 +1.0561e+00 +4.5889e-01 -1.1385e-01 -5.1254e-01 +4.8773e-01 -7.1611e-01 -3.9627e-01
1320 +2.357469232e+02 +2.357469232e+02 +1.454169232e+02 +1.454169232e+02 +7.1638e-01 -5.8525e-01 +9.3117e-02 +3.5759e-01 -2.6126e-01 -1.0579e-01 +3.9564e-01 -1.7543e-01 +1.1975e-01 +4.6455e-01 -1.0406e+00 -6.1593e-01 -1.2494e+00 +6.2031e-01 +4.5887e-01 +1.0836e-01 +1.1900e-01 +7.0179e-01 -7.3711e-01 -3.4079e-01
1505 +1.469002937e+02 +1.469002937e+02 +5.657029369e+01 +5.657029369e+01 +7.3867e-01 -4.4340e-02 +1.0937e-01 +3.4762e-01 -4.6677e-01 -1.6297e-01 -7.3571e-01 -7.2607e-02 +3.2682e-01 +1.3817e-01 -5.6665e-01 -4.7307e-01 -1.1862e+00 +1.6279e-01 -1.4638e-01 +5.4847e-01 +3.4719e-01 +3.5049e-01 -5.4351e-01 -1.7050e-01
1972 +9.804512449e+01 +9.804512449e+01 +7.715124494e+00 +7.715124494e+00 +4.0666e-01 +5.9871e-03 +3.5812e-01 +2.9426e-01 +2.5667e-02 -2.3468e-01 -5.1463e-01 +8.0539e-02 +4.2641e-01 +3.2486e-01 -6.9934e-01 -4.1169e-01 -1.2109e+00 +2.6555e-01 -1.5412e-01 +2.1823e-01 -1.2056e-01 +8.6289e-01 -5.5143e-01 -1.2528e-01
2706 +6.297435727e+01 +6.297435727e+01 -2.735564273e+01 -2.735564273e+01 +2.3506e-01 -1.1036e-01 +2.1004e-01 +3.2779e-01 +1.7960e-02 -3.0843e-01 -7.9820e-02 +6.4370e-02 +2.4966e-02 +2.4128e-01 -7.5108e-01 -3.5985e-01 -1.0824e+00 +1.9141e-01 -1.3052e-02 +4.5528e-01 +9.5326e-02 +9.2118e-01 -7.3000e-01 -2.1827e-01
3181 +3.839888992e+01 +3.839888992e+01 -5.193111008e+01 -5.193111008e+01 +3.2073e-01 +1.8493e-02 +1.7231e-01 +4.5120e-01 -5.2328e-02 -1.3521e-01 -1.4910e-01 +1.5196e-01 +4.9916e-01 +7.6544e-02 -7.0717e-01 -1.6007e-01 -1.0553e+00 -1.1448e-01 -1.2820e-01 +6.7832e-01 +3.1937e-01 +4.9406e-01 -6.9030e-01 -3.1082e-01
3642 +2.460069873e+01 +2.460069873e+01 -6.572930127e+01 -6.572930127e+01 +2.1220e-01 -2.0939e-01 +1.8693e-01 +4.5515e-01 -4.9904e-02 -5.1389e-03 +1.2811e-01 +1.3236e-01 +5.7839e-01 +6.0642e-03 -7.1465e-01 -2.3043e-01 -9.3560e-01 -1.2325e-01 +1.0724e-01 +5.7049e-01 +4.0281e-01 +5.1220e-01 -7.9867e-01 -2.0563e-01
% function evaluation | noise-free fitness - Fopt (6.561000000000e+01) | best noise-free fitness - Fopt | measured fitness | best measured fitness | x1 | x2...
1 +1.085169194e+06 +1.085169194e+06 +1.085234804e+06 +1.085234804e+06 +3.1472e+00 +4.0579e+00 -3.7301e+00 +4.1338e+00 +1.3236e+00 -4.0246e+00 -2.2150e+00 +4.6882e-01 +4.5751e+00 +4.6489e+00 -3.4239e+00 +4.7059e+00 +4.5717e+00 -1.4624e-01 +3.0028e+00 -3.5811e+00 -7.8239e-01 +4.1574e+00 +2.9221e+00 +4.5949e+00
2 +6.867315184e+05 +6.867315184e+05 +6.867971284e+05 +6.867971284e+05 +1.5574e+00 -4.6429e+00 +3.4913e+00 +4.3399e+00 +1.7874e+00 +2.5774e+00 +2.4313e+00 -1.0777e+00 +1.5548e+00 -3.2881e+00 +2.0605e+00 -4.6817e+00 -2.2308e+00 -4.5383e+00 -4.0287e+00 +3.2346e+00 +1.9483e+00 -1.8290e+00 +4.5022e+00 -4.6555e+00
3 +1.273753866e+05 +1.273753866e+05 +1.274409966e+05 +1.274409966e+05 -6.1256e-01 -1.1844e+00 +2.6552e+00 +2.9520e+00 -3.1313e+00 -1.0236e-01 -5.4414e-01 +1.4631e+00 +2.0936e+00 +2.5469e+00 -2.2397e+00 +1.7970e+00 +1.5510e+00 -3.3739e+00 -3.8100e+00 -1.6359e-02 +4.5974e+00 -1.5961e+00 +8.5268e-01 -2.7619e+00
44 +8.624280796e+04 +8.624280796e+04 +8.630841796e+04 +8.630841796e+04 +1.5127e+00 -2.2332e+00 +1.0596e+00 +2.9908e+00 +2.9090e+00 +3.5929e+00 +6.3144e-01 -2.6138e+00 -2.5071e+00 -1.4249e+00 +2.4072e+00 -1.4572e+00 +2.1428e+00 -2.4495e+00 +3.2926e+00 -1.0022e+00 -2.0340e+00 -1.5294e+00 +4.1371e-01 -9.4638e-01
52 +4.718455776e+04 +4.718455776e+04 +4.725016776e+04 +4.725016776e+04 -2.1992e+00 +3.2338e+00 -1.3024e+00 -2.1518e+00 +3.0488e+00 +3.7975e+00 -1.9756e-01 -2.8888e+00 -1.4194e+00 +8.7198e-02 +1.0127e+00 -1.3779e+00 +2.0284e+00 +1.1122e+00 -3.3171e+00 -2.8258e+00 -1.0332e+00 -1.3480e+00 +2.4167e-01 -9.2142e-01
124 +1.382225294e+04 +1.382225294e+04 +1.388786294e+04 +1.388786294e+04 +5.1267e-01 -1.2332e+00 +5.9571e-02 +1.9908e+00 +1.9090e+00 +2.5929e+00 -3.6856e-01 -2.0223e+00 -1.5071e+00 -4.2492e-01 +1.4072e+00 -4.5718e-01 +1.1428e+00 -1.4495e+00 +2.2926e+00 -3.7385e-01 -1.0340e+00 -6.8081e-01 -8.6951e-02 -1.5434e+00
204 +3.865969354e+03 +3.865969354e+03 +3.931579354e+03 +3.931579354e+03 -4.8733e-01 -7.3241e-01 -9.2142e-01 +9.9077e-01 +9.0903e-01 +1.5929e+00 +6.3144e-01 -1.0223e+00 -5.0706e-01 +5.1871e-01 +4.0717e-01 -1.0396e+00 +3.0532e-01 -1.0167e+00 +1.2926e+00 +2.5698e-01 -3.4047e-02 +1.9456e-01 -4.4274e-01 -2.1184e+00
291 +1.160623535e+03 +1.160623535e+03 +1.226233535e+03 +1.226233535e+03 -1.3698e+00 +5.7140e-01 +3.6307e-01 -9.2009e-01 -6.7559e-01 +3.9002e-01 -2.4057e-01 +3.4747e-01 -7.1882e-01 +4.9999e-01 +1.3020e-01 +1.3916e+00 +5.9432e-02 -3.1296e-01 -3.3643e-01 +7.3254e-01 +2.1531e-01 +7.0708e-01 +2.9519e-01 -1.3150e+00
541 +6.133272177e+02 +6.133272177e+02 +6.789372177e+02 +6.789372177e+02 -3.1233e-02 -6.0713e-01 +7.3037e-02 -5.3180e-01 -4.7514e-02 -5.2346e-01 +8.6312e-01 +7.8852e-01 -2.9291e-01 +4.4303e-01 +8.4790e-01 -4.9299e-01 +1.4917e-01 -6.4487e-01 +8.3946e-02 -5.4839e-01 +4.8519e-01 +9.0470e-01 +3.8924e-01 -1.4801e-01
950 +3.182587685e+02 +3.182587685e+02 +3.838687685e+02 +3.838687685e+02 -6.0895e-01 -2.9250e-01 +2.5002e-01 -6.8062e-01 +3.5774e-01 -7.0846e-02 +3.4808e-01 +4.5465e-01 -7.3746e-01 +2.1416e-01 +7.6213e-02 -7.3084e-01 -2.0669e-01 -2.1744e-01 -5.0886e-01 -1.2386e-01 +6.6074e-01 +2.9920e-01 -6.2031e-01 -3.8781e-01
1103 +1.826858642e+02 +1.826858642e+02 +2.482958642e+02 +2.482958642e+02 -1.0452e+00 -2.6419e-01 -2.3904e-01 -7.6017e-01 +2.6454e-01 +7.1196e-01 -2.6645e-01 +3.4379e-01 +7.7768e-02 +4.8611e-01 +4.8729e-01 -1.3445e+00 +1.3340e-01 +1.7835e-01 -3.2840e-02 -4.6212e-02 +5.8272e-01 +1.2126e-01 -1.1394e-01 -3.9354e-01
1569 +1.539209567e+02 +1.539209567e+02 +2.195309567e+02 +2.195309567e+02 -9.5126e-01 -3.5589e-01 +5.8842e-02 -9.4720e-01 +5.1280e-01 +8.2630e-01 +9.3654e-02 +3.5011e-01 -2.2286e-01 +3.5647e-01 +2.4310e-01 -1.1159e+00 -6.4627e-01 +4.1918e-02 -1.5252e-01 -3.0262e-01 +6.5023e-01 -3.1868e-01 -1.8634e-01 -7.2019e-01
2075 +7.865842741e+01 +7.865842741e+01 +1.442684274e+02 +1.442684274e+02 -4.2138e-01 -2.0589e-01 -1.4276e-01 -9.7780e-01 +1.6681e-01 +4.8363e-01 -2.3375e-01 +1.0837e+00 +9.4581e-02 +8.7845e-02 +3.4043e-01 -8.5213e-01 -2.0585e-01 +3.8465e-01 -2.9771e-01 -9.8530e-02 +3.0931e-01 -2.1400e-01 -9.9057e-02 -6.6012e-01
2455 +6.082991925e+01 +6.082991925e+01 +1.264399192e+02 +1.264399192e+02 -4.5979e-01 -1.7529e-01 -1.6820e-01 -1.1156e+00 +2.1272e-01 +5.7540e-01 -6.4451e-02 +1.0805e+00 -4.5850e-02 +1.2037e-01 +4.0786e-01 -1.0574e+00 -2.1506e-01 +3.6047e-01 -1.1074e-01 -1.7870e-01 -5.8919e-03 +1.2790e-02 -1.1290e-01 -4.2273e-01
3275 +3.726937780e+01 +3.726937780e+01 +1.028793778e+02 +1.028793778e+02 -5.9823e-01 -2.3441e-01 -1.3570e-01 -8.3970e-01 +2.6416e-01 +5.7250e-01 +2.2943e-02 +1.1283e+00 +9.4760e-02 -9.1523e-02 +2.3899e-01 -1.1531e+00 -2.2016e-01 +3.2207e-01 -2.4765e-01 -1.1939e-01 -4.1756e-02 +2.0515e-01 +8.9979e-02 -6.6325e-01
3931 +2.476551574e+01 +2.476551574e+01 +9.037551574e+01 +9.037551574e+01 -6.1289e-01 -3.4695e-01 -1.8607e-01 -1.0440e+00 +3.5871e-01 +9.0364e-01 -4.0330e-02 +1.1150e+00 +7.8287e-02 -1.0535e-01 +1.7336e-01 -9.9721e-01 -3.3923e-01 +2.3694e-01 -2.5505e-01 -8.1733e-02 +8.3905e-03 +2.5968e-01 +1.5040e-01 -6.4955e-01
% function evaluation | noise-free fitness - Fopt (-2.900800000000e+02) | best noise-free fitness - Fopt | measured fitness | best measured fitness | x1 | x2...
1 +5.765044378e+05 +5.765044378e+05 +5.762143578e+05 +5.762143578e+05 +3.1472e+00 +4.0579e+00 -3.7301e+00 +4.1338e+00 +1.3236e+00 -4.0246e+00 -2.2150e+00 +4.6882e-01 +4.5751e+00 +4.6489e+00 -3.4239e+00 +4.7059e+00 +4.5717e+00 -1.4624e-01 +3.0028e+00 -3.5811e+00 -7.8239e-01 +4.1574e+00 +2.9221e+00 +4.5949e+00
3 +1.775531525e+05 +1.775531525e+05 +1.772630725e+05 +1.772630725e+05 -6.1256e-01 -1.1844e+00 +2.6552e+00 +2.9520e+00 -3.1313e+00 -1.0236e-01 -5.4414e-01 +1.4631e+00 +2.0936e+00 +2.5469e+00 -2.2397e+00 +1.7970e+00 +1.5510e+00 -3.3739e+00 -3.8100e+00 -1.6359e-02 +4.5974e+00 -1.5961e+00 +8.5268e-01 -2.7619e+00
43 +8.783919398e+04 +8.783919398e+04 +8.754911398e+04 +8.754911398e+04 -1.6126e+00 -1.8442e-01 +2.3327e+00 +1.9520e+00 -2.2582e+00 -6.1014e-01 -4.0210e-02 +2.4631e+00 +1.0936e+00 +3.5469e+00 -1.2397e+00 +7.9703e-01 +5.5098e-01 -2.3739e+00 -2.8100e+00 -1.0164e+00 +3.5974e+00 -2.2155e+00 -1.4732e-01 -1.7619e+00
65 +5.599014329e+04 +5.599014329e+04 +5.570006329e+04 +5.570006329e+04 +4.7618e-01 +7.9017e-01 +1.8823e+00 +3.4517e+00 -3.9107e+00 +1.0928e+00 -1.6377e+00 -2.8060e+00 +7.3039e-02 +3.0174e-01 +5.8725e-01 +6.1945e-01 +1.7029e+00 -8.8962e-01 +6.2010e-01 -1.1294e+00 +2.4193e+00 +2.3292e+00 -1.4356e+00 +2.3560e-01
123 +3.496212579e+04 +3.496212579e+04 +3.467204579e+04 +3.467204579e+04 -2.6126e+00 +8.1558e-01 +1.6104e+00 +9.5200e-01 -1.3970e+00 +3.8986e-01 +3.0454e-01 +1.4631e+00 +9.3648e-02 +2.7917e+00 -4.9389e-01 -2.0297e-01 -4.4902e-01 -1.3739e+00 -1.9567e+00 -1.0287e+00 +2.5974e+00 -2.8623e+00 -1.1473e+00 -7.6188e-01
145 +1.169458380e+04 +1.169458380e+04 +1.140450380e+04 +1.140450380e+04 -5.2382e-01 +1.4519e+00 +1.0415e+00 +2.4517e+00 -2.9107e+00 +4.5866e-01 -6.6131e-01 -2.0039e+00 -9.2696e-01 +1.3017e+00 -4.1275e-01 -3.8055e-01 +7.0286e-01 -1.1248e-01 -3.7990e-01 -9.6574e-01 +1.4193e+00 +1.3292e+00 -4.3559e-01 -3.7800e-01
204 +9.368506712e+03 +9.368506712e+03 +9.078426712e+03 +9.078426712e+03 -4.8733e-01 +2.5353e-01 -6.3417e-01 +1.2982e+00 +9.0903e-01 +1.5929e+00 -1.3192e+00 -1.4773e+00 -3.1597e+00 +5.7508e-01 +4.6772e-01 +1.9706e-01 +1.4285e-01 +9.1408e-02 +1.2926e+00 -3.5131e-01 -3.4047e-02 -1.4263e+00 -1.6543e+00 -9.9102e-01
284 +4.276633045e+03 +4.276633045e+03 +3.986553045e+03 +3.986553045e+03 -1.4873e+00 +1.2535e+00 -9.1901e-01 +1.7009e+00 -9.0967e-02 +5.9291e-01 -1.2201e+00 -9.7391e-01 -2.1597e+00 +1.5751e+00 -5.3228e-01 -8.0294e-01 -7.8594e-01 +1.0914e+00 +3.5483e-01 +4.3767e-01 +9.6595e-01 -4.2631e-01 -6.5430e-01 -9.4171e-01
330 +2.922556756e+03 +2.922556756e+03 +2.632476756e+03 +2.632476756e+03 -2.7457e-01 -7.8388e-01 +4.4693e-01 +7.4701e-01 -5.0413e-01 -1.9198e-03 -5.6709e-01 -1.8606e-01 -1.1977e+00 +2.2356e-01 -3.2616e-02 -1.3406e+00 -7.7964e-01 +1.2064e+00 -1.4133e+00 +1.2104e-01 +2.2427e+00 +7.9851e-01 -8.2372e-01 -9.3757e-01
362 +2.426067834e+03 +2.426067834e+03 +2.135987834e+03 +2.135987834e+03 -1.3098e+00 -6.0866e-01 -2.0499e-01 +3.8308e-01 -1.5233e+00 -8.3127e-02 -8.7052e-01 -1.3384e+00 -1.9933e+00 +1.2937e-01 +2.2605e-02 -4.5527e-01 +3.8613e-02 +4.6171e-01 -2.4576e-01 -5.9178e-01 +5.5953e-01 -2.4731e-01 -4.5341e-01 -1.7127e-01
477 +1.200186965e+03 +1.200186965e+03 +9.101069647e+02 +9.101069647e+02 -4.3037e-01 -4.4556e-01 -5.2554e-01 +8.1658e-01 -7.4679e-01 -2.2187e-02 +5.8883e-02 -1.5058e-01 -1.7086e+00 +1.2617e+00 -6.6669e-01 -1.5358e+00 -2.5914e-01 +5.5507e-02 -1.1392e+00 +9.7567e-01 +5.8947e-01 +6.2324e-01 -5.8055e-01 -2.2027e-01
601 +9.386415247e+02 +9.386415247e+02 +6.485615247e+02 +6.485615247e+02 +2.1946e-01 -5.7768e-02 -1.5738e-01 -3.1843e-02 -7.7399e-01 +2.3998e-01 -5.6738e-01 -7.3376e-01 -1.3994e+00 -7.5700e-01 +4.7913e-01 -1.3444e+00 -1.0784e+00 +3.5743e-01 -1.8048e+00 +7.9268e-01 -4.1368e-01 -9.4214e-02 -4.0004e-01 -9.2171e-01
811 +5.070303730e+02 +5.070303730e+02 +2.169503730e+02 +2.169503730e+02 -3.7973e-01 -8.6379e-01 +1.3043e-01 -4.3834e-01 -6.7811e-01 -7.5860e-02 -2.5653e-01 -1.7791e-01 -5.9327e-01 -3.0150e-01 +4.3319e-01 -1.8886e-01 -1.8005e-01 +4.4378e-01 -9.3127e-01 -5.6775e-01 +7.6331e-02 +7.3850e-01 +1.1312e-02 -9.8775e-02
886 +3.323458055e+02 +3.323458055e+02 +4.226580552e+01 +4.226580552e+01 -4.1819e-01 -8.6983e-01 -1.9959e-01 -5.9507e-01 -1.6152e-01 -2.3660e-01 -2.0078e-01 -7.2588e-01 -1.0071e+00 +8.5194e-02 +7.2593e-02 -3.1034e-01 -4.7474e-01 -3.1748e-01 -6.4687e-01 -6.2123e-01 +2.4305e-01 +1.0566e+00 +1.5591e-01 -3.9236e-01
1109 +1.872022408e+02 +1.872022408e+02 -1.028777592e+02 -1.028777592e+02 -5.1506e-01 -6.6957e-01 +1.5063e-01 -9.9039e-01 -8.9058e-02 -1.7857e-01 -1.0610e-02 -8.0954e-01 -3.7177e-01 +1.3310e-01 +9.0092e-02 -2.6357e-01 -2.6154e-01 -2.4555e-01 -8.7889e-01 -3.5896e-01 -2.0949e-01 +1.0724e+00 +1.0695e-01 -2.7101e-01
1517 +1.222817699e+02 +1.222817699e+02 -1.677982301e+02 -1.677982301e+02 -2.1849e-01 -2.3311e-01 -3.1349e-02 -1.1274e-01 -5.6770e-02 -6.0926e-02 +3.0498e-01 -8.1310e-01 -4.6501e-01 +1.4852e-02 +1.0119e+00 -1.9880e-01 -5.8999e-01 -3.2444e-01 -7.0135e-01 +3.5225e-03 +4.4825e-01 +1.0626e+00 -1.6111e-01 -1.4200e-01
1795 +8.972349471e+01 +8.972349471e+01 -2.003565053e+02 -2.003565053e+02 -1.6625e-01 -1.3366e-01 -6.9447e-02 +2.4117e-03 +8.7903e-03 -6.0515e-02 +1.6785e-01 -6.1910e-01 -4.2742e-01 +5.3050e-02 +5.7097e-01 -3.9712e-01 -5.9588e-01 -1.6744e-01 -5.8981e-01 +2.5868e-02 +6.3092e-01 +8.4089e-01 -4.9424e-01 -2.1820e-01
2468 +5.846548394e+01 +5.846548394e+01 -2.316145161e+02 -2.316145161e+02 -3.5498e-01 +8.8628e-02 -3.7577e-01 -4.5043e-01 -1.4623e-01 -2.6971e-01 +2.5302e-01 -1.1177e+00 -4.2700e-01 +2.0580e-01 +1.0226e-01 -7.7171e-01 -3.9278e-01 -2.8620e-01 -8.8454e-01 +2.6122e-01 +2.0734e-01 +8.6844e-01 -1.4925e-01 -3.8506e-01
3104 +3.735626611e+01 +3.735626611e+01 -2.527237339e+02 -2.527237339e+02 -2.5631e-01 +2.8613e-01 -4.0076e-01 -5.6948e-01 -2.7443e-01 +3.6999e-03 +3.5429e-01 -1.1350e+00 -2.5435e-01 -1.5363e-02 +2.3578e-01 -9.2305e-01 -4.5695e-01 -1.7729e-01 -7.9192e-01 +2.6674e-01 +2.5551e-01 +5.5858e-01 -3.3719e-01 -2.2227e-01
3491 +2.363284710e+01 +2.363284710e+01 -2.664471529e+02 -2.664471529e+02 -3.4046e-01 +2.3719e-01 -3.7835e-01 -4.9286e-01 -2.2071e-01 -1.1426e-01 +3.7680e-01 -1.1742e+00 -2.8020e-01 -1.6062e-02 +2.0660e-01 -8.1051e-01 -5.8212e-01 -1.0027e-01 -7.4213e-01 +2.8446e-01 +3.7942e-01 +4.0110e-01 -3.6350e-01 -3.0378e-01
% function evaluation | noise-free fitness - Fopt (2.510000000000e+01) | best noise-free fitness - Fopt | measured fitness | best measured fitness | x1 | x2...
1 +6.327495788e+05 +6.327495788e+05 +6.327746788e+05 +6.327746788e+05 +3.1472e+00 +4.0579e+00 -3.7301e+00 +4.1338e+00 +1.3236e+00 -4.0246e+00 -2.2150e+00 +4.6882e-01 +4.5751e+00 +4.6489e+00 -3.4239e+00 +4.7059e+00 +4.5717e+00 -1.4624e-01 +3.0028e+00 -3.5811e+00 -7.8239e-01 +4.1574e+00 +2.9221e+00 +4.5949e+00
3 +2.138839987e+05 +2.138839987e+05 +2.139090987e+05 +2.139090987e+05 -6.1256e-01 -1.1844e+00 +2.6552e+00 +2.9520e+00 -3.1313e+00 -1.0236e-01 -5.4414e-01 +1.4631e+00 +2.0936e+00 +2.5469e+00 -2.2397e+00 +1.7970e+00 +1.5510e+00 -3.3739e+00 -3.8100e+00 -1.6359e-02 +4.5974e+00 -1.5961e+00 +8.5268e-01 -2.7619e+00
4 +1.189525633e+05 +1.189525633e+05 +1.189776633e+05 +1.189776633e+05 +2.5127e+00 -2.4490e+00 +5.9571e-02 +1.9908e+00 +3.9090e+00 +4.5929e+00 +4.7216e-01 -3.6138e+00 -3.5071e+00 -2.4249e+00 +3.4072e+00 -2.4572e+00 +3.1428e+00 -2.5648e+00 +4.2926e+00 -1.5002e+00 -3.0340e+00 -2.4892e+00 +1.1604e+00 -2.6711e-01
43 +6.721400016e+04 +6.721400016e+04 +6.723910016e+04 +6.723910016e+04 -1.1698e+00 -1.8442e-01 +1.9479e+00 +1.9520e+00 -2.1313e+00 -1.1024e+00 +2.5200e-01 +4.6313e-01 +1.0936e+00 +1.5469e+00 -3.2397e+00 +7.9703e-01 +5.5098e-01 -2.3739e+00 -2.8100e+00 +5.1833e-01 +3.5974e+00 -1.1826e+00 +1.2614e-01 -1.7619e+00
65 +5.990034598e+04 +5.990034598e+04 +5.992544598e+04 +5.992544598e+04 +9.2253e-01 +1.1642e+00 +1.4908e+00 +3.4517e+00 -1.9107e+00 +1.0928e+00 -1.6377e+00 -2.8815e+00 +7.3039e-02 +2.8006e-01 -1.4127e+00 +6.1945e-01 +1.7029e+00 -4.9782e-01 +6.2010e-01 +1.6159e-01 +2.4730e+00 +2.3292e+00 -1.4356e+00 +1.3461e-01
123 +3.157163679e+04 +3.157163679e+04 +3.159673679e+04 +3.159673679e+04 -2.1698e+00 +8.1558e-01 +1.3171e+00 +1.0602e+00 -1.2395e+00 -1.9942e+00 +9.6199e-01 -4.2867e-01 +2.0185e-01 +5.4687e-01 -4.1316e+00 -2.0297e-01 -3.4082e-01 -1.5541e+00 -1.9182e+00 +1.5183e+00 +2.5974e+00 -8.1377e-01 -5.2180e-01 -8.7008e-01
130 +2.412292221e+04 +2.412292221e+04 +2.414802221e+04 +2.414802221e+04 +1.3246e+00 -8.2689e-01 +1.1837e+00 -1.1104e+00 -1.3225e-01 -3.7998e+00 +6.8485e-01 -5.8196e-01 +8.0227e-01 -2.2597e+00 +2.2939e+00 +7.5713e-01 -1.4555e-01 -6.4141e-01 -2.5322e+00 -4.0035e-01 +2.0851e+00 -5.9853e-01 +1.1763e+00 +9.4831e-01
212 +1.497805955e+04 +1.497805955e+04 +1.500315955e+04 +1.500315955e+04 -9.6998e-01 +1.2338e+00 +1.8696e-01 -2.3720e-01 +1.0488e+00 +1.7975e+00 +1.3775e+00 -1.9478e+00 -1.4194e+00 -8.9823e-01 +9.4546e-01 -1.3779e+00 -4.0203e-01 +2.6481e-01 -1.9279e+00 -8.2582e-01 +9.6676e-01 +4.4883e-01 +1.7248e+00 -1.2772e-01
220 +8.249007514e+03 +8.249007514e+03 +8.274107514e+03 +8.274107514e+03 -1.4399e+00 +6.1177e-02 +1.1419e+00 +4.0328e-01 +2.4376e-01 +1.8266e+00 -4.8123e-01 -1.0968e+00 +9.2289e-01 -1.2439e+00 +1.2751e+00 +9.8336e-01 +1.7761e-01 -2.5568e-01 -2.0564e+00 -1.7749e+00 +2.2526e+00 -5.5652e-02 -3.8515e-01 -2.1234e-01
282 +4.759075189e+03 +4.759075189e+03 +4.784175189e+03 +4.784175189e+03 -5.2419e-01 -6.4288e-01 +4.9692e-01 +3.3993e-01 -7.0537e-01 -9.0437e-01 -9.8732e-01 +3.4431e-01 -9.4625e-01 -3.0233e-01 +2.0058e+00 -1.5445e+00 +1.8043e-01 -1.0278e+00 -1.1530e+00 -6.8249e-01 +3.0697e+00 -3.0245e-03 +5.0222e-01 -6.5554e-01
312 +3.833127425e+03 +3.833127425e+03 +3.858227425e+03 +3.858227425e+03 -7.2155e-01 -8.2084e-01 -5.3265e-01 +5.4744e-01 -2.5567e-01 -1.5037e+00 -3.4725e-01 -1.6176e+00 +3.9229e-02 +8.2303e-01 +2.1872e+00 -7.1625e-01 +1.0872e+00 -1.2965e+00 -1.3014e+00 -6.5089e-01 +1.8983e+00 -2.7600e-01 -5.5144e-01 +6.7202e-01
546 +1.870386198e+03 +1.870386198e+03 +1.895486198e+03 +1.895486198e+03 -5.6737e-01 +3.7628e-01 -6.2554e-01 +8.4783e-01 +6.2674e-01 +7.6176e-01 -1.5808e+00 -4.1912e-01 +1.2569e-01 -1.7398e-01 +2.6142e-01 -1.7574e-02 +5.6527e-01 +1.1036e-01 -6.1176e-01 -1.3070e+00 +1.4353e+00 +7.4770e-02 -5.9816e-01 -1.8645e-01
586 +1.136053969e+03 +1.136053969e+03 +1.161153969e+03 +1.161153969e+03 -5.6737e-01 +4.8895e-01 -7.0821e-01 +5.3645e-01 +4.2539e-01 +7.6176e-01 -1.2185e+00 +1.8633e-01 +1.9865e-01 -1.7398e-01 +1.4420e-01 +3.8934e-02 +5.6527e-01 +1.1036e-01 -6.1176e-01 -4.7680e-01 +1.2335e+00 +7.4770e-02 -5.2967e-01 +5.7857e-02
751 +8.560717513e+02 +8.560717513e+02 +8.811717513e+02 +8.811717513e+02 -1.6755e-01 +6.7484e-01 -4.5334e-01 +5.3997e-01 +1.7368e-01 +5.3418e-01 -1.1176e+00 +1.9380e-01 -9.0062e-02 -8.8743e-01 +5.8015e-02 +2.0808e-02 +1.8446e-01 -1.3679e-01 -3.1819e-01 -5.6094e-01 +1.0068e+00 +4.3541e-01 -7.4811e-01 -5.5095e-02
848 +5.991332180e+02 +5.991332180e+02 +6.242332180e+02 +6.242332180e+02 -8.2582e-01 +2.4569e-01 -3.5496e-01 +1.2411e+00 +8.7639e-01 +6.0273e-01 -2.2132e-01 +7.6623e-01 -3.8026e-01 -9.1249e-01 -1.5866e-01 +1.6537e-02 -6.6202e-01 +1.6451e-01 -3.5794e-01 -6.1266e-01 +1.5748e-01 +1.8486e-01 -6.4079e-01 -9.0856e-02
1102 +3.442929431e+02 +3.442929431e+02 +3.693929431e+02 +3.693929431e+02 -3.9859e-02 +2.8702e-01 +6.1271e-02 +7.8863e-01 -3.0560e-01 +2.4640e-01 +2.4535e-01 +8.5103e-02 +1.8208e-01 +5.7105e-02 -9.7426e-02 +4.3043e-01 -5.4237e-01 -4.5264e-02 +4.3965e-03 -6.7407e-01 +6.3084e-01 +1.6855e-01 -5.4802e-01 +5.1987e-01
1663 +2.164037138e+02 +2.164037138e+02 +2.415037138e+02 +2.415037138e+02 -7.4375e-02 -2.5082e-01 -2.4054e-01 +9.7419e-01 +7.7848e-02 +5.6180e-01 +5.1570e-01 -9.4248e-02 -7.8804e-02 -9.0087e-02 +4.1564e-01 -1.6379e-01 +1.7177e-01 -5.5351e-01 +2.0688e-01 -6.5988e-01 +2.6012e-01 -7.1847e-02 -8.4719e-01 +4.5440e-01
2468 +1.236743084e+02 +1.236743084e+02 +1.487743084e+02 +1.487743084e+02 +4.8621e-01 +1.8113e-01 -3.3198e-01 +1.0034e+00 +4.8751e-01 -1.0444e-01 +2.0230e-01 -1.4985e-01 +2.1586e-01 -1.7442e-01 +8.0955e-01 +2.1066e-01 -3.2059e-01 -1.4365e-01 +7.8163e-02 -7.1296e-01 +2.4180e-01 -6.4671e-01 -3.0305e-01 +6.2502e-01
2602 +7.274051213e+01 +7.274051213e+01 +9.784051213e+01 +9.784051213e+01 +3.4710e-01 +2.9008e-01 -4.0050e-01 +1.2217e+00 +5.5122e-01 -9.1934e-02 +6.5486e-02 +1.5364e-01 +9.3505e-02 -1.6987e-01 +9.0277e-01 +1.7012e-01 -3.8344e-01 -1.8207e-01 +3.3620e-02 -7.4486e-01 +2.1744e-01 -7.1158e-01 -1.8227e-01 +5.4166e-01
3156 +6.254438499e+01 +6.254438499e+01 +8.764438499e+01 +8.764438499e+01 +3.1939e-01 +2.8179e-01 -6.0415e-01 +1.3311e+00 +3.3004e-01 -1.1188e-02 +6.7738e-02 +2.3799e-01 +1.9392e-01 +6.8375e-02 +1.0311e+00 +1.7356e-01 -4.4504e-01 -1.1484e-01 +6.8700e-02 -5.9002e-01 +2.7296e-01 -5.7470e-01 +6.1066e-03 +4.9880e-01
3476 +3.627743419e+01 +3.627743419e+01 +6.137743419e+01 +6.137743419e+01 +2.8444e-01 +1.3912e-01 -6.8745e-01 +1.5192e+00 +6.1712e-01 -3.5759e-01 +9.3266e-02 +3.9703e-01 -1.5313e-01 +2.2187e-01 +1.0568e+00 +9.9630e-02 -4.2729e-01 -1.9421e-01 +5.1348e-02 -4.3259e-01 +1.6771e-01 -7.3501e-01 +1.0999e-01 +4.0654e-01
3957 +2.483227373e+01 +2.483227373e+01 +4.993227373e+01 +4.993227373e+01 +2.9934e-02 +8.5126e-02 -6.3152e-01 +1.4352e+00 +3.3646e-01 -4.0920e-01 +2.2468e-01 +3.4908e-01 -6.4001e-02 +8.6761e-02 +9.5302e-01 +1.0292e-01 -4.2884e-01 -1.8206e-01 -1.4399e-02 -3.3499e-01 +3.5163e-02 -5.3328e-01 +2.4894e-01 +3.9486e-01
% function evaluation | noise-free fitness - Fopt (-8.756000000000e+01) | best noise-free fitness - Fopt | measured fitness | best measured fitness | x1 | x2...
1 +4.590150210e+05 +4.590150210e+05 +4.589274610e+05 +4.589274610e+05 +3.1472e+00 +4.0579e+00 -3.7301e+00 +4.1338e+00 +1.3236e+00 -4.0246e+00 -2.2150e+00 +4.6882e-01 +4.5751e+00 +4.6489e+00 -3.4239e+00 +4.7059e+00 +4.5717e+00 -1.4624e-01 +3.0028e+00 -3.5811e+00 -7.8239e-01 +4.1574e+00 +2.9221e+00 +4.5949e+00
3 +1.842042387e+05 +1.842042387e+05 +1.841166787e+05 +1.841166787e+05 -6.1256e-01 -1.1844e+00 +2.6552e+00 +2.9520e+00 -3.1313e+00 -1.0236e-01 -5.4414e-01 +1.4631e+00 +2.0936e+00 +2.5469e+00 -2.2397e+00 +1.7970e+00 +1.5510e+00 -3.3739e+00 -3.8100e+00 -1.6359e-02 +4.5974e+00 -1.5961e+00 +8.5268e-01 -2.7619e+00
10 +1.380977726e+05 +1.380977726e+05 +1.380102126e+05 +1.380102126e+05 +4.7009e-01 -2.0368e+00 +2.4469e+00 -3.1104e+00 +1.8678e+00 -3.1649e+00 -1.3152e+00 +1.2562e+00 +2.8023e+00 -4.1887e+00 +4.2939e+00 +2.7571e+00 -1.3208e-01 -6.4141e-01 -5.3216e-01 -1.9365e+00 +8.5087e-02 +1.0772e-01 +3.1763e+00 +2.9483e+00
50 +8.056987206e+04 +8.056987206e+04 +8.048231206e+04 +8.048231206e+04 -5.2991e-01 -1.6346e+00 +1.4469e+00 -2.6807e+00 +8.6775e-01 -2.1649e+00 -2.3152e+00 +2.2327e+00 +1.8023e+00 -3.1887e+00 +3.2939e+00 +3.2089e+00 -6.8580e-01 -1.4452e+00 -1.5322e+00 -1.3531e+00 +1.0851e+00 +2.3643e-02 +2.1763e+00 +1.9483e+00
61 +4.111427039e+04 +4.111427039e+04 +4.102671039e+04 +4.102671039e+04 -1.7711e+00 -3.0577e+00 -1.4763e-02 -1.2908e+00 +1.2492e+00 +2.5019e+00 +3.8531e-01 -3.6640e+00 -3.3119e+00 -8.0400e-01 -6.9136e-01 +2.5445e+00 -1.9238e+00 +2.1998e+00 +1.1836e+00 +3.6865e+00 +1.2490e+00 -7.4854e-01 -3.2439e+00 +1.0379e+00
124 +3.509227936e+04 +3.509227936e+04 +3.500471936e+04 +3.500471936e+04 +5.1267e-01 -2.2600e+00 +5.5843e-01 -9.2328e-03 +1.9090e+00 +2.5929e+00 +3.3333e-02 -2.8688e+00 -3.4222e+00 -4.9603e-01 +1.4072e+00 -4.5718e-01 +1.1428e+00 -1.1952e+00 +2.2926e+00 +2.2961e-01 -1.0340e+00 -7.5465e-01 -8.3955e-01 -8.0349e-01
149 +2.421730108e+04 +2.421730108e+04 +2.412974108e+04 +2.412974108e+04 +1.2172e+00 +2.3530e-01 +1.8777e+00 -2.7950e+00 +6.9114e-01 +7.4239e-01 +1.0925e+00 +7.1312e-01 -3.2260e+00 -8.3981e-01 +9.0407e-01 +2.4930e+00 -2.9173e+00 +2.4348e-01 -6.1355e-01 +2.7893e+00 +1.8577e+00 -1.3275e+00 +1.6198e+00 +2.8987e+00
204 +9.614525936e+03 +9.614525936e+03 +9.526965936e+03 +9.526965936e+03 +2.5588e-01 -1.2600e+00 +1.5584e+00 -1.0092e+00 +9.0903e-01 +1.5929e+00 +1.0333e+00 -1.8688e+00 -3.0751e+00 +6.8203e-02 +4.0717e-01 +5.4282e-01 +1.4285e-01 -1.9518e-01 +1.2926e+00 +1.2296e+00 -3.4047e-02 -2.8763e-01 -1.3039e+00 -2.2780e-02
281 +2.596355263e+03 +2.596355263e+03 +2.508795263e+03 +2.508795263e+03 -3.9613e-01 +5.7919e-02 +2.6987e-01 +1.3376e-01 +9.8971e-01 -6.4885e-01 -1.3491e+00 -1.1442e+00 +5.7507e-01 +1.3697e+00 +5.7613e-01 +7.0593e-01 +5.7167e-01 -3.3897e-01 +5.6831e-01 +4.1886e-01 +1.1117e+00 +1.5736e-01 -4.7410e-01 +1.0200e+00
380 +2.274299063e+03 +2.274299063e+03 +2.186739063e+03 +2.186739063e+03 -2.3757e-01 +1.5700e-01 +7.5595e-01 -2.9142e-01 +6.7179e-01 -1.5004e-01 -1.1079e+00 -1.3655e+00 -2.7834e+00 +1.0618e+00 -2.0717e-01 +1.9727e-01 -6.8845e-01 +8.5058e-01 +8.6039e-01 +2.2513e-01 +3.5152e-01 -3.0934e-01 +6.6848e-02 +1.7191e+00
481 +1.412923847e+03 +1.412923847e+03 +1.325363847e+03 +1.325363847e+03 -2.5333e-01 +5.7919e-02 +2.6987e-01 +1.3376e-01 +1.4257e-01 -2.1717e-01 -6.9162e-01 -6.2157e-01 +5.7507e-01 +1.3697e+00 -1.4167e-01 +7.0593e-01 +7.2375e-01 -3.3897e-01 +6.3808e-01 +5.7010e-01 +9.5039e-01 +1.5736e-01 -2.6201e-01 +9.7796e-01
602 +9.844300196e+02 +9.844300196e+02 +8.968700196e+02 +8.968700196e+02 +3.1986e-01 +2.6849e-01 -8.6958e-02 +5.4494e-01 -1.3736e-01 -1.4512e-01 +3.3718e-01 -4.0170e-01 +7.3364e-01 +1.3298e+00 +6.0510e-02 -2.8615e-01 +6.9100e-01 -8.3492e-01 -3.8713e-01 +3.8881e-01 +7.4106e-01 +9.0588e-02 -1.7624e-01 +5.6260e-01
773 +5.520837257e+02 +5.520837257e+02 +4.645237257e+02 +4.645237257e+02 +7.9634e-01 +5.5980e-01 +2.3033e-01 -1.9462e-01 -1.0011e-01 +3.5167e-01 -2.2454e-01 +3.3400e-01 -4.3417e-01 +9.0181e-01 +5.5996e-03 -5.7580e-01 +9.7203e-01 -3.0826e-01 +4.4810e-01 +7.8883e-01 +6.7262e-02 +4.3368e-01 -9.5724e-01 +1.2990e-01
1172 +3.260566979e+02 +3.260566979e+02 +2.384966979e+02 +2.384966979e+02 -5.2970e-01 +2.3935e-01 -5.0320e-01 -1.3602e-02 +1.1449e-01 +3.9274e-01 -6.2121e-01 -2.6126e-01 +7.4822e-01 +4.2899e-01 -8.4782e-01 -2.6390e-01 +1.0608e+00 -1.5493e-01 +3.2049e-01 +5.2732e-01 +1.4122e-01 +4.7006e-03 +2.2819e-01 +1.0321e+00
1179 +2.083366932e+02 +2.083366932e+02 +1.207766932e+02 +1.207766932e+02 -1.6952e-01 +1.8994e-01 -2.0093e-01 -4.5604e-02 +2.1382e-01 -2.0644e-01 -7.6051e-01 -3.0818e-01 +1.6207e-01 +7.1890e-01 -4.0911e-01 -2.5530e-01 +1.1751e+00 -2.4601e-02 +1.2347e-01 +8.6682e-01 +8.2443e-02 -1.7640e-01 +1.5846e-01 +1.0295e+00
2061 +1.493906779e+02 +1.493906779e+02 +6.183067790e+01 +6.183067790e+01 -3.5524e-01 -5.3952e-01 -3.5669e-01 +4.8772e-02 -1.8319e-01 -7.0821e-01 -6.2509e-01 -6.6922e-01 +2.7404e-01 +5.7608e-01 -2.4239e-01 -2.8803e-01 +3.2743e-01 +8.6057e-02 -2.1356e-02 +5.6035e-01 -7.0356e-02 +5.8326e-02 +2.7667e-01 +9.9321e-01
2774 +8.571455484e+01 +8.571455484e+01 -1.845445155e+00 -1.845445155e+00 -1.0388e-01 +9.1662e-02 -4.4556e-01 +1.5537e-01 -2.3363e-01 -4.9861e-01 -7.6179e-01 -1.7256e-01 +1.4450e-01 +7.5009e-02 -1.0047e-01 -2.5209e-02 +6.7476e-01 -1.6798e-01 +2.4470e-01 +8.7905e-01 -1.5141e-02 +1.7609e-01 +2.2278e-01 +9.3548e-01
3245 +5.857474005e+01 +5.857474005e+01 -2.898525995e+01 -2.898525995e+01 -1.6762e-01 +1.6625e-02 -3.6637e-01 +2.4299e-01 -6.8209e-02 -5.7317e-01 -8.1343e-01 -4.8261e-02 +3.8970e-01 +6.4303e-04 -3.0161e-01 -6.9409e-02 +8.5397e-01 +2.1448e-02 +2.2631e-01 +8.7159e-01 +1.7082e-01 +2.9013e-01 +1.9277e-01 +9.0239e-01
3406 +3.850797536e+01 +3.850797536e+01 -4.905202464e+01 -4.905202464e+01 -1.4330e-01 -8.1217e-02 -3.7631e-01 +2.6617e-01 +3.5217e-01 -8.0169e-01 -8.3795e-01 -1.9912e-01 +2.2520e-01 -6.5864e-02 -2.5965e-01 -4.0182e-02 +4.9410e-01 +1.7364e-01 +2.4229e-01 +5.0907e-01 +1.8684e-01 +2.8746e-01 +1.9645e-01 +8.9376e-01
3983 +2.417078069e+01 +2.417078069e+01 -6.338921931e+01 -6.338921931e+01 -1.3648e-01 +6.6318e-02 -4.1950e-01 +2.7754e-01 +3.2140e-01 -6.0271e-01 -8.3259e-01 -1.4265e-02 +2.7899e-01 -3.7171e-01 -2.2193e-01 -3.1047e-03 +6.8108e-01 +2.6386e-01 +2.0888e-01 +5.3117e-01 +1.0104e-01 +4.5832e-01 +1.1272e-01 +8.6770e-01
% function evaluation | noise-free fitness - Fopt (6.007000000000e+01) | best noise-free fitness - Fopt | measured fitness | best measured fitness | x1 | x2...
1 +1.077440316e+06 +1.077440316e+06 +1.077500386e+06 +1.077500386e+06 +3.1472e+00 +4.0579e+00 -3.7301e+00 +4.1338e+00 +1.3236e+00 -4.0246e+00 -2.2150e+00 +4.6882e-01 +4.5751e+00 +4.6489e+00 -3.4239e+00 +4.7059e+00 +4.5717e+00 -1.4624e-01 +3.0028e+00 -3.5811e+00 -7.8239e-01 +4.1574e+00 +2.9221e+00 +4.5949e+00
3 +6.892266878e+04 +6.892266878e+04 +6.898273878e+04 +6.898273878e+04 -6.1256e-01 -1.1844e+00 +2.6552e+00 +2.9520e+00 -3.1313e+00 -1.0236e-01 -5.4414e-01 +1.4631e+00 +2.0936e+00 +2.5469e+00 -2.2397e+00 +1.7970e+00 +1.5510e+00 -3.3739e+00 -3.8100e+00 -1.6359e-02 +4.5974e+00 -1.5961e+00 +8.5268e-01 -2.7619e+00
50 +4.391185510e+04 +4.391185510e+04 +4.397192510e+04 +4.397192510e+04 -3.9099e-01 -2.3467e+00 +1.9355e+00 -2.1104e+00 +8.6775e-01 -2.1649e+00 -3.8718e-01 +1.3164e+00 +1.9214e+00 -3.1887e+00 +3.2939e+00 +2.2476e+00 +8.6792e-01 -1.6414e+00 -1.5322e+00 -1.4509e+00 +1.0851e+00 -7.3018e-02 +2.1763e+00 +1.9483e+00
123 +3.684940210e+04 +3.684940210e+04 +3.690947210e+04 +3.690947210e+04 -1.0589e+00 -8.3824e-01 +2.1824e+00 +2.1384e+00 -2.4552e+00 -1.2239e+00 -5.2656e-01 +2.0013e+00 +1.9263e+00 +1.8268e+00 -1.9422e+00 +2.5410e+00 +6.8634e-01 -2.7948e+00 -2.2739e+00 -1.4996e-01 +4.0000e+00 -1.2576e+00 +1.4440e+00 -2.5949e+00
124 +2.027791358e+04 +2.027791358e+04 +2.033798358e+04 +2.033798358e+04 +5.1267e-01 -2.1609e+00 +2.0596e+00 +1.9908e+00 +1.9090e+00 +2.5929e+00 -3.6856e-01 -1.6138e+00 -1.5071e+00 -6.3846e-01 +2.2855e+00 -4.5718e-01 +1.1428e+00 -1.4495e+00 +2.2926e+00 -9.7532e-01 -1.0340e+00 -5.2941e-01 +5.1910e-01 -5.3970e-01
204 +1.261763135e+04 +1.261763135e+04 +1.267770135e+04 +1.267770135e+04 -4.8733e-01 -2.3847e+00 +2.6722e+00 +1.3845e+00 +9.0903e-01 +1.5929e+00 +6.3144e-01 -6.1376e-01 -5.0706e-01 -9.6902e-01 +1.2855e+00 -1.4572e+00 +1.4285e-01 -6.7174e-01 +1.2926e+00 -5.0111e-01 -3.4047e-02 +4.3163e-01 +7.1667e-01 -4.3240e-02
215 +9.370122361e+03 +9.370122361e+03 +9.430192361e+03 +9.430192361e+03 -1.6946e+00 -5.5926e-01 +1.1250e+00 +2.1990e+00 +1.0472e+00 -2.2481e-01 +1.7666e-01 +1.4505e+00 +5.3944e-01 +1.0734e+00 -6.4546e-01 -1.5918e+00 +8.6512e-01 -1.7133e+00 -2.4880e+00 -3.2073e-01 +2.1443e+00 -8.7306e-01 +1.6795e+00 +1.4049e+00
281 +6.080379536e+03 +6.080379536e+03 +6.140449536e+03 +6.140449536e+03 -4.9527e-01 +5.7919e-02 +2.6987e-01 +2.5862e-01 +1.6569e-01 -8.1813e-01 +1.7648e+00 +2.1446e+00 +1.0184e+00 +6.4889e-01 -5.9766e-02 +7.0593e-01 +5.7167e-01 -7.0626e-01 +7.5265e-01 -7.3419e-02 +1.5226e+00 +1.5736e-01 -5.5180e-01 +5.9492e-01
294 +3.098805439e+03 +3.098805439e+03 +3.158875439e+03 +3.158875439e+03 -6.2261e-01 -1.4832e-01 +2.7921e-01 +8.4208e-01 -7.0191e-01 -9.2533e-01 +7.6223e-01 +1.7746e+00 +3.4526e-01 +2.1227e-01 -3.1429e-01 -1.7086e-01 +1.5344e+00 -5.8573e-01 +1.4215e+00 +4.1380e-02 +8.4140e-01 +6.6099e-01 +9.1705e-01 +1.1795e-01
369 +1.555153957e+03 +1.555153957e+03 +1.615223957e+03 +1.615223957e+03 -9.8270e-01 -9.1792e-01 +8.4325e-01 +1.9381e-01 -3.7616e-02 -7.9577e-01 -7.2251e-02 +9.9453e-02 +2.1040e+00 +5.7496e-01 +5.1399e-01 -3.5347e-01 +2.8559e-01 +1.5403e-01 -1.6123e-01 -3.8164e-04 +1.0189e+00 -1.2446e+00 -5.5985e-02 +1.0212e+00
531 +9.585793046e+02 +9.585793046e+02 +1.018649305e+03 +1.018649305e+03 -1.5847e+00 -7.0622e-01 +9.3105e-01 -4.1376e-01 +3.3932e-01 -1.0140e+00 -8.7499e-02 +6.2791e-01 +1.4096e+00 +7.0301e-01 +4.0390e-01 -5.5605e-02 +1.3080e-01 +2.5090e-01 -3.3969e-01 -2.9023e-01 +1.2181e+00 -7.0990e-01 +1.5557e-01 +3.5580e-02
829 +6.064760740e+02 +6.064760740e+02 +6.665460740e+02 +6.665460740e+02 -9.7651e-01 -6.7336e-01 +1.0767e+00 -6.5548e-01 +2.0692e-01 -5.6403e-01 -5.4981e-01 +6.1046e-01 +1.9817e+00 -1.3570e-01 +7.6507e-01 +8.0237e-02 +5.0631e-01 +2.9480e-01 -7.5892e-01 -1.8446e-01 +1.6222e+00 -7.0061e-01 +2.1285e-01 -1.4682e-01
1154 +3.707453961e+02 +3.707453961e+02 +4.308153961e+02 +4.308153961e+02 -2.7174e-01 -8.3851e-01 +6.8738e-01 +1.2946e-01 +1.6629e-01 -7.7824e-02 -7.1872e-01 +2.2481e-01 +1.1455e+00 -1.0368e-01 +4.6227e-01 -6.9498e-01 +1.8140e-01 +3.2879e-01 -5.4681e-01 +6.3240e-02 +1.2181e+00 -3.1183e-01 +5.0410e-02 -6.4757e-01
1479 +2.444250572e+02 +2.444250572e+02 +3.044950572e+02 +3.044950572e+02 -3.7479e-01 -1.1675e-01 +4.4027e-02 +3.5549e-01 -6.1404e-02 -2.7313e-01 -5.6681e-01 +6.2781e-01 +6.8920e-01 -5.9719e-04 -5.1047e-01 -4.9875e-01 +5.9358e-01 +3.8461e-01 -9.1045e-01 -3.8196e-01 +9.8632e-01 +8.5669e-02 -5.2386e-01 -5.7455e-01
2135 +1.515849611e+02 +1.515849611e+02 +2.116549611e+02 +2.116549611e+02 -5.6372e-01 -9.2354e-02 +6.3659e-01 +3.3534e-01 -1.2279e-01 +4.4207e-02 -6.4212e-01 +5.6693e-01 +1.0877e+00 -8.3732e-02 -4.1105e-01 -5.1888e-01 +3.3305e-01 +2.2689e-01 -9.7249e-01 -9.0590e-02 +8.5892e-01 +6.4211e-02 +1.8986e-01 -4.8065e-01
3250 +9.987301162e+01 +9.987301162e+01 +1.599430116e+02 +1.599430116e+02 -6.6866e-01 -5.0575e-01 +9.2864e-01 +5.4288e-01 +3.5857e-01 -2.0494e-01 -4.0102e-01 +8.2738e-02 +4.7742e-01 -3.4899e-02 -3.6022e-01 -5.3276e-01 +3.2164e-01 -6.6245e-02 -6.7810e-01 -3.3699e-01 +6.0087e-01 +2.2138e-01 -1.1950e-01 -3.1427e-01
4121 +6.212912144e+01 +6.212912144e+01 +1.221991214e+02 +1.221991214e+02 -1.5730e-01 -4.4297e-01 +3.6187e-01 +9.1055e-01 +4.5766e-01 -5.1911e-01 -4.3344e-01 -4.0867e-01 +2.0706e-01 -1.8308e-01 -2.9737e-01 -7.0249e-01 +2.3035e-01 -2.3432e-01 -4.4903e-01 -3.6012e-01 +9.9002e-03 +2.1562e-01 -4.4485e-01 -3.8606e-01
4425 +3.969151267e+01 +3.969151267e+01 +9.976151267e+01 +9.976151267e+01 -2.2068e-01 -5.0431e-01 +2.9107e-01 +7.2607e-01 +5.1903e-01 -5.7755e-01 -5.3334e-01 -6.8718e-01 -1.9818e-01 -4.1370e-01 -6.4688e-01 -6.4329e-01 +1.7115e-01 -1.7326e-01 -2.4900e-01 -4.7638e-01 +6.7349e-02 +3.1634e-01 -3.5820e-01 -3.9014e-01
% function evaluation | noise-free fitness - Fopt (-1.366300000000e+02) | best noise-free fitness - Fopt | measured fitness | best measured fitness | x1 | x2...
1 +1.052924557e+06 +1.052924557e+06 +1.052787927e+06 +1.052787927e+06 +3.1472e+00 +4.0579e+00 -3.7301e+00 +4.1338e+00 +1.3236e+00 -4.0246e+00 -2.2150e+00 +4.6882e-01 +4.5751e+00 +4.6489e+00 -3.4239e+00 +4.7059e+00 +4.5717e+00 -1.4624e-01 +3.0028e+00 -3.5811e+00 -7.8239e-01 +4.1574e+00 +2.9221e+00 +4.5949e+00
2 +4.971443610e+05 +4.971443610e+05 +4.970077310e+05 +4.970077310e+05 +1.5574e+00 -4.6429e+00 +3.4913e+00 +4.3399e+00 +1.7874e+00 +2.5774e+00 +2.4313e+00 -1.0777e+00 +1.5548e+00 -3.2881e+00 +2.0605e+00 -4.6817e+00 -2.2308e+00 -4.5383e+00 -4.0287e+00 +3.2346e+00 +1.9483e+00 -1.8290e+00 +4.5022e+00 -4.6555e+00
3 +2.049971594e+05 +2.049971594e+05 +2.048605294e+05 +2.048605294e+05 -6.1256e-01 -1.1844e+00 +2.6552e+00 +2.9520e+00 -3.1313e+00 -1.0236e-01 -5.4414e-01 +1.4631e+00 +2.0936e+00 +2.5469e+00 -2.2397e+00 +1.7970e+00 +1.5510e+00 -3.3739e+00 -3.8100e+00 -1.6359e-02 +4.5974e+00 -1.5961e+00 +8.5268e-01 -2.7619e+00
25 +6.105292492e+04 +6.105292492e+04 +6.091629492e+04 +6.091629492e+04 +1.4762e+00 +1.7902e+00 +1.3579e+00 +4.4517e+00 -2.9107e+00 +2.0928e+00 -2.6377e+00 -3.8060e+00 +1.0730e+00 -4.9862e-01 -4.1275e-01 +1.6194e+00 +2.7029e+00 -1.4978e+00 +1.6201e+00 -8.3841e-01 +3.4193e+00 +3.3292e+00 -2.4356e+00 +1.1346e+00
123 +2.614730086e+04 +2.614730086e+04 +2.601067086e+04 +2.601067086e+04 -2.0516e+00 +8.1558e-01 +1.4009e+00 +2.9520e+00 -1.1577e+00 +1.4777e+00 -1.6551e+00 -5.3687e-01 +9.3648e-02 +5.4687e-01 -5.3165e-01 +1.4668e+00 +1.3058e+00 -1.4279e+00 -1.8100e+00 -1.1563e+00 +3.2622e+00 +1.6970e-01 -1.1473e+00 -7.6188e-01
130 +1.823283638e+04 +1.823283638e+04 +1.809620638e+04 +1.809620638e+04 +2.1999e+00 -7.2404e-01 +4.4693e-01 -1.2530e+00 -1.3225e-01 -1.1649e+00 -1.4948e+00 -7.4381e-01 +8.0227e-01 -2.1895e+00 +2.2939e+00 +1.0487e+00 +1.8679e+00 +1.6265e-01 -5.3216e-01 -8.4754e-01 +2.0851e+00 -2.7885e-01 +1.1763e+00 +9.4831e-01
203 +8.057327295e+03 +8.057327295e+03 +7.920697295e+03 +7.920697295e+03 -1.0516e+00 +1.8156e+00 +4.0086e-01 +1.9520e+00 -1.5774e-01 +8.2086e-01 -6.5514e-01 -1.0062e+00 -9.0635e-01 -4.5313e-01 +4.6835e-01 +5.9221e-01 +6.9220e-01 -4.2788e-01 -8.1002e-01 -3.2918e-01 +2.5207e+00 -8.3030e-01 -1.4732e-01 +2.3812e-01
204 +5.352627831e+03 +5.352627831e+03 +5.215997831e+03 +5.215997831e+03 +3.6030e-01 +5.5095e-01 -4.7248e-01 +9.9077e-01 +9.0903e-01 +1.5929e+00 -2.5194e-01 -3.0270e+00 -5.0706e-01 -1.2440e-01 +4.0717e-01 +5.4282e-01 +5.5872e-01 -6.7480e-02 +1.2926e+00 +5.0252e-01 -3.4047e-02 +4.9022e-02 -1.3039e+00 -3.0441e-01
281 +2.518150872e+03 +2.518150872e+03 +2.381520872e+03 +2.381520872e+03 -2.7615e-01 +2.4972e-01 +2.6904e-01 +8.2586e-01 +6.5532e-02 -6.2437e-01 -1.3361e+00 -1.5312e+00 +5.7507e-01 +6.4889e-01 +5.7613e-01 +7.0593e-01 +9.2848e-01 -4.6964e-01 +5.5091e-01 +1.1705e-02 +1.1124e+00 +4.6321e-01 -4.7410e-01 +1.0109e+00
295 +2.034322086e+03 +2.034322086e+03 +1.897692086e+03 +1.897692086e+03 -6.9459e-01 +1.6635e+00 -3.0087e-02 -4.4568e-02 +4.7222e-02 +6.3893e-02 +1.9578e-01 -4.0558e-01 -9.4511e-01 -1.1880e+00 +8.2922e-01 +1.2960e+00 -5.1807e-02 -7.5389e-01 -8.2023e-01 +6.7927e-01 +1.1933e+00 +8.6603e-02 -5.4142e-01 +9.9271e-01
415 +1.566474835e+03 +1.566474835e+03 +1.429844835e+03 +1.429844835e+03 -7.3009e-01 +1.6635e+00 -3.0087e-02 -4.4568e-02 +4.7222e-02 +6.3893e-02 +1.9578e-01 +6.6387e-01 -9.4511e-01 -1.1880e+00 +8.2922e-01 +1.2960e+00 +1.5982e-01 -4.0775e-01 -8.2023e-01 +6.7927e-01 +9.5817e-01 -2.7839e-01 -1.9941e-01 +1.3605e+00
608 +9.637871915e+02 +9.637871915e+02 +8.271571915e+02 +8.271571915e+02 +4.7166e-01 +2.2816e+00 +1.0544e+00 -7.8490e-01 -3.4976e-01 +2.2905e-01 -8.0358e-01 -3.8239e-02 -3.8207e-01 -6.1941e-01 +1.0641e+00 +1.2559e+00 -3.4059e-01 +1.5561e-01 +1.0148e+00 +1.5769e+00 +7.8078e-01 +7.8618e-01 -4.6315e-01 +6.1152e-01
791 +5.039876350e+02 +5.039876350e+02 +3.673576350e+02 +3.673576350e+02 +2.8403e-02 +2.0423e+00 +7.2354e-01 +2.1050e-01 +3.8113e-01 +4.8228e-03 -6.0643e-01 -6.6682e-02 -3.6459e-01 -4.3217e-02 +1.1216e+00 +4.0640e-01 -3.7978e-01 +1.7886e-01 +3.7806e-01 +1.2513e+00 +1.4644e+00 +2.8232e-01 +1.8575e-01 +7.8501e-01
1339 +3.229158044e+02 +3.229158044e+02 +1.862858044e+02 +1.862858044e+02 +6.3130e-04 +1.5829e+00 +1.0865e+00 -3.5297e-01 +3.1933e-01 -8.4442e-02 -7.6642e-01 +9.1142e-01 +6.3698e-01 -4.1067e-02 +5.4373e-01 +1.1722e-01 +4.4378e-02 +1.7707e-01 -2.7961e-01 +1.4086e+00 +1.5005e+00 +9.2713e-01 +6.3488e-02 +3.7770e-01
1771 +2.185867916e+02 +2.185867916e+02 +8.195679156e+01 +8.195679156e+01 +1.4770e-01 +8.8555e-01 +8.0745e-01 -4.6503e-01 -3.3680e-01 -1.4039e-01 -1.0833e-01 +6.6571e-01 -1.5301e-01 +4.9111e-03 +1.6837e-01 -3.7653e-01 -6.6358e-01 +1.8525e-01 -1.3296e-01 +7.5254e-01 +1.3882e+00 +3.7672e-01 +4.0607e-01 +5.9881e-01
2230 +1.573780140e+02 +1.573780140e+02 +2.074801401e+01 +2.074801401e+01 +3.7600e-01 +9.8135e-03 +7.5613e-01 -7.7020e-01 -4.8319e-01 +1.3891e-01 +6.6406e-01 +2.6797e-01 -1.9025e-01 +3.8528e-01 +6.5076e-01 +2.3892e-01 -3.4944e-01 -4.9778e-01 -2.9237e-01 +1.2261e+00 +4.8496e-01 +3.8646e-01 +5.5364e-01 +3.7546e-02
2613 +9.039260893e+01 +9.039260893e+01 -4.623739107e+01 -4.623739107e+01 +3.5187e-01 +4.7912e-01 +7.3767e-01 -1.0443e+00 -4.7657e-01 +1.8678e-02 +1.0144e-01 +4.0500e-01 +3.0969e-02 +1.1233e-01 +5.6039e-01 -5.2292e-01 -1.3553e-01 -2.3724e-01 -3.5802e-01 +9.9512e-01 +9.2160e-01 +3.8465e-01 +7.0239e-01 +2.2515e-01
2920 +5.962734063e+01 +5.962734063e+01 -7.700265937e+01 -7.700265937e+01 +4.3641e-01 +2.3316e-01 +6.7416e-01 -9.2708e-01 -3.0528e-01 -8.5232e-03 +7.8891e-02 +2.6686e-01 +1.7882e-02 -4.1036e-03 +5.2221e-01 -7.8637e-01 -1.3687e-01 -4.5739e-01 +3.8013e-02 +8.3286e-01 +8.1457e-01 -1.3021e-01 +7.0750e-01 +2.5260e-01
3506 +3.967404238e+01 +3.967404238e+01 -9.695595762e+01 -9.695595762e+01 +4.7264e-01 +4.5343e-02 +5.9170e-01 -9.3600e-01 -2.6014e-01 +3.6837e-02 +4.4646e-02 +3.4555e-01 +6.9746e-02 +1.7065e-03 +2.9737e-01 -7.1576e-01 -9.2210e-02 -5.2095e-01 +1.1020e-01 +8.6875e-01 +9.4370e-01 -1.1129e-01 +4.9490e-01 +1.4745e-01
3881 +2.492498702e+01 +2.492498702e+01 -1.117050130e+02 -1.117050130e+02 +4.4869e-01 +1.5761e-01 +5.0555e-01 -9.6566e-01 -2.3558e-01 -3.4301e-02 +1.8222e-01 +2.3846e-01 +1.3921e-02 -2.5710e-02 +2.9740e-01 -6.4374e-01 +3.5169e-03 -4.8199e-01 +6.6307e-02 +1.0924e+00 +9.4861e-01 +1.5791e-01 +5.3778e-01 +9.3012e-02
% function evaluation | noise-free fitness - Fopt (1.639300000000e+02) | best noise-free fitness - Fopt | measured fitness | best measured fitness | x1 | x2...
1 +8.524997799e+05 +8.524997799e+05 +8.526637099e+05 +8.526637099e+05 +3.1472e+00 +4.0579e+00 -3.7301e+00 +4.1338e+00 +1.3236e+00 -4.0246e+00 -2.2150e+00 +4.6882e-01 +4.5751e+00 +4.6489e+00 -3.4239e+00 +4.7059e+00 +4.5717e+00 -1.4624e-01 +3.0028e+00 -3.5811e+00 -7.8239e-01 +4.1574e+00 +2.9221e+00 +4.5949e+00
2 +4.022791340e+05 +4.022791340e+05 +4.024430640e+05 +4.024430640e+05 +1.5574e+00 -4.6429e+00 +3.4913e+00 +4.3399e+00 +1.7874e+00 +2.5774e+00 +2.4313e+00 -1.0777e+00 +1.5548e+00 -3.2881e+00 +2.0605e+00 -4.6817e+00 -2.2308e+00 -4.5383e+00 -4.0287e+00 +3.2346e+00 +1.9483e+00 -1.8290e+00 +4.5022e+00 -4.6555e+00
3 +1.650947761e+05 +1.650947761e+05 +1.652587061e+05 +1.652587061e+05 -6.1256e-01 -1.1844e+00 +2.6552e+00 +2.9520e+00 -3.1313e+00 -1.0236e-01 -5.4414e-01 +1.4631e+00 +2.0936e+00 +2.5469e+00 -2.2397e+00 +1.7970e+00 +1.5510e+00 -3.3739e+00 -3.8100e+00 -1.6359e-02 +4.5974e+00 -1.5961e+00 +8.5268e-01 -2.7619e+00
11 +1.376525020e+05 +1.376525020e+05 +1.378164320e+05 +1.378164320e+05 +1.4432e+00 -1.2139e+00 +3.1158e+00 +3.2826e-01 -1.4927e+00 +4.3900e+00 +3.7594e+00 +5.0156e-01 +1.2248e+00 +8.7045e-01 -2.9226e+00 -1.9875e+00 -2.9077e-01 -2.6951e+00 +3.4431e+00 -3.0524e+00 -2.7408e+00 -3.2929e+00 -2.7234e+00 -6.4301e-01
43 +9.315943076e+04 +9.315943076e+04 +9.332336076e+04 +9.332336076e+04 -1.0557e+00 -6.9273e-01 +2.3009e+00 +1.9520e+00 -2.1313e+00 +8.9764e-01 +4.5586e-01 +1.1293e+00 +1.0936e+00 +1.5469e+00 -3.2397e+00 +7.9703e-01 +5.5098e-01 -3.3002e+00 -2.8100e+00 -1.0164e+00 +3.5974e+00 -2.4255e+00 -1.4732e-01 -1.7619e+00
92 +5.255116370e+04 +5.255116370e+04 +5.271509370e+04 +5.271509370e+04 -1.8980e+00 +3.2338e+00 -1.2834e+00 -2.1518e+00 +8.7855e-02 +1.0097e+00 +3.8870e-01 -3.0004e+00 -1.4194e+00 +1.4058e+00 -1.6925e+00 -1.1543e+00 -7.5059e-01 +1.1122e+00 -2.2919e+00 -3.9524e-01 +7.1951e-01 -2.4104e+00 -1.3448e+00 -1.6713e-01
123 +3.873562795e+04 +3.873562795e+04 +3.889955795e+04 +3.889955795e+04 -2.0557e+00 +3.0727e-01 +1.5506e+00 +9.5200e-01 -1.1489e+00 +1.8976e+00 +1.2937e+00 +1.2926e-01 +9.3648e-02 +5.4687e-01 -3.2503e+00 -2.0297e-01 -4.4902e-01 -2.3002e+00 -1.8100e+00 -9.2001e-01 +2.5974e+00 -3.1601e+00 -1.1473e+00 -7.6188e-01
170 +2.388709565e+04 +2.388709565e+04 +2.405102565e+04 +2.405102565e+04 +1.1413e+00 -3.9262e-01 -1.7712e-01 -1.5052e+00 -1.3225e-01 -1.1649e+00 +6.8485e-01 -6.4026e-01 +1.0633e+00 -2.6539e+00 +2.2939e+00 +3.2340e-01 -4.6304e-01 -6.4141e-01 -2.7026e+00 -1.1358e+00 +3.7732e-01 -1.1526e+00 +1.0475e+00 +1.2345e+00
202 +1.537852322e+04 +1.537852322e+04 +1.554245322e+04 +1.554245322e+04 +2.6435e-01 -1.6429e+00 +9.3748e-01 +1.3399e+00 -1.0817e+00 +1.2283e+00 +2.4372e+00 -1.8785e+00 -8.6809e-01 -9.9355e-01 +1.0605e+00 -1.9996e+00 +4.8006e-01 -1.5383e+00 -1.2190e+00 +2.3458e-01 -6.3302e-01 -2.1254e+00 +1.5022e+00 -1.6555e+00
214 +8.335564525e+03 +8.335564525e+03 +8.499494525e+03 +8.499494525e+03 -1.6226e+00 +1.2679e+00 +1.1329e+00 -3.8161e-02 -1.0129e+00 -3.7514e-01 +1.3536e+00 -1.9306e-01 -6.3447e-01 -6.0571e-01 -9.3238e-01 -3.5148e-01 -1.3121e+00 -2.0948e-01 +5.8865e-01 +1.0372e+00 +9.0923e-01 -1.8006e+00 -7.2072e-01 -2.1902e-02
225 +3.649534290e+03 +3.649534290e+03 +3.813464290e+03 +3.813464290e+03 +2.2808e-01 +5.1278e-01 -1.8292e-02 +1.4517e+00 +5.8569e-02 +8.2790e-01 +3.6231e-01 -1.1246e+00 +6.3882e-01 +1.1472e+00 -2.7564e+00 -9.8284e-01 -2.9714e-01 -1.1100e+00 +6.2010e-01 -4.2072e-01 +4.1929e-01 +3.2917e-01 -5.2298e-01 -8.9624e-01
298 +2.212486228e+03 +2.212486228e+03 +2.376416228e+03 +2.376416228e+03 +5.1630e-01 +1.3580e+00 -4.7323e-01 +4.8811e-01 +1.0044e+00 -2.4150e-01 +1.7058e+00 +4.2737e-01 +1.1774e+00 +8.8669e-01 -4.6244e-01 -1.1050e+00 -1.1530e+00 -8.4520e-01 +1.1369e+00 -1.7071e+00 +6.8563e-01 -3.3756e-01 +9.9080e-01 -7.6147e-01
369 +1.547524453e+03 +1.547524453e+03 +1.711454453e+03 +1.711454453e+03 -3.5150e-01 +9.1546e-01 +4.8398e-01 +6.4235e-01 +5.2659e-01 +1.3030e+00 +5.8184e-02 -4.3865e-01 +2.2304e+00 +2.5334e-01 +3.1069e-01 -1.2559e+00 -1.3655e-02 +1.5403e-01 +1.5909e-01 +8.0654e-01 +4.9448e-01 -1.1096e+00 -5.6824e-01 +2.7971e-01
398 +6.233079374e+02 +6.233079374e+02 +7.872379374e+02 +7.872379374e+02 -9.0862e-01 +4.9418e-01 +7.7485e-01 +5.3754e-01 +1.6102e+00 +1.3283e-01 -2.4238e-02 -2.2887e-01 +9.3371e-01 -4.4071e-01 +2.8766e-01 +7.3820e-02 -4.6103e-02 -2.1853e-01 +3.0948e-02 -4.5634e-01 +1.4883e+00 +1.6838e-01 -2.5315e-01 -2.1533e-01
894 +3.069272937e+02 +3.069272937e+02 +4.708572937e+02 +4.708572937e+02 -3.6120e-02 +5.3156e-01 -1.6383e-01 -2.6253e-01 +9.2011e-01 +5.0407e-01 +1.3036e-01 +4.9756e-01 +9.7400e-01 -6.9626e-01 -3.4750e-02 -2.5582e-01 +9.1613e-02 -3.7527e-01 +2.4104e-01 -5.5822e-01 +7.0732e-01 -1.5743e-01 -9.0052e-02 +9.5600e-01
1083 +1.698721764e+02 +1.698721764e+02 +3.338021764e+02 +3.338021764e+02 +1.8052e-02 +1.3039e-01 -3.4023e-01 -1.9732e-02 +6.7219e-01 +4.5287e-01 +2.9256e-01 +5.2377e-01 +4.7490e-01 +1.7682e-02 -5.2447e-01 -7.6400e-01 +4.0640e-02 +4.0514e-01 +1.7014e-02 +1.8135e-01 -1.1921e-01 +2.0607e-01 +6.3610e-01 +7.4347e-01
1123 +1.522776272e+02 +1.522776272e+02 +3.162076272e+02 +3.162076272e+02 +9.1571e-02 +5.3358e-01 -3.4023e-01 +6.5007e-02 +6.7219e-01 +4.9624e-01 +2.9256e-01 +5.2377e-01 +4.7490e-01 -1.6602e-02 -5.2447e-01 -4.8534e-01 +1.2847e-01 +7.2056e-02 +2.0023e-01 +1.8135e-01 +1.7236e-01 -2.2069e-01 +4.6988e-01 +7.4347e-01
1976 +7.188799133e+01 +7.188799133e+01 +2.358179913e+02 +2.358179913e+02 -1.5863e-01 -2.7651e-02 +7.5948e-01 +3.7150e-01 +4.8779e-01 +5.6501e-01 +8.2431e-01 +5.8225e-01 +2.9637e-01 +1.5646e-02 -3.9036e-01 -5.7956e-01 -1.7790e-02 -1.9501e-01 +2.7932e-01 -1.6904e-04 -6.4890e-03 +3.8941e-01 +4.6730e-01 +4.9992e-01
2225 +5.243210861e+01 +5.243210861e+01 +2.163621086e+02 +2.163621086e+02 -1.7302e-01 -1.9205e-02 +8.6833e-01 +2.9215e-01 +4.9936e-01 +6.1415e-01 +7.9890e-01 +5.9496e-01 +5.0652e-01 +1.6200e-01 -3.8509e-01 -5.9860e-01 -5.7884e-02 -1.8910e-01 +6.7366e-03 -3.5458e-01 +8.1887e-02 +5.2268e-01 +4.8584e-01 +4.9987e-01
2526 +3.957816640e+01 +3.957816640e+01 +2.035081664e+02 +2.035081664e+02 -1.4282e-01 -1.1941e-01 +8.8901e-01 +2.7427e-01 +7.1544e-01 +8.1827e-01 +7.5819e-01 +4.2444e-01 +7.4622e-01 -8.3929e-03 -4.4461e-01 -6.1604e-01 -3.6021e-02 -8.2680e-02 -4.1648e-02 -3.7473e-01 +1.0069e-01 +6.3059e-01 +5.2565e-01 +5.2150e-01
3345 +2.260767341e+01 +2.260767341e+01 +1.865376734e+02 +1.865376734e+02 -1.7588e-01 -1.9892e-01 +6.2002e-01 +6.6080e-01 +5.4182e-01 +7.7808e-01 +5.2560e-01 +6.2771e-01 +5.5244e-01 -5.6962e-02 -4.0740e-01 -6.2681e-01 -8.3671e-02 -7.3907e-02 +2.0414e-01 -1.8783e-01 -7.1570e-02 +5.3159e-01 +7.2521e-01 +4.9237e-01
% function evaluation | noise-free fitness - Fopt (-5.002000000000e+01) | best noise-free fitness - Fopt | measured fitness | best measured fitness | x1 | x2...
1 +8.899045015e+05 +8.899045015e+05 +8.898544815e+05 +8.898544815e+05 +3.1472e+00 +4.0579e+00 -3.7301e+00 +4.1338e+00 +1.3236e+00 -4.0246e+00 -2.2150e+00 +4.6882e-01 +4.5751e+00 +4.6489e+00 -3.4239e+00 +4.7059e+00 +4.5717e+00 -1.4624e-01 +3.0028e+00 -3.5811e+00 -7.8239e-01 +4.1574e+00 +2.9221e+00 +4.5949e+00
3 +8.875433541e+04 +8.875433541e+04 +8.870431541e+04 +8.870431541e+04 -6.1256e-01 -1.1844e+00 +2.6552e+00 +2.9520e+00 -3.1313e+00 -1.0236e-01 -5.4414e-01 +1.4631e+00 +2.0936e+00 +2.5469e+00 -2.2397e+00 +1.7970e+00 +1.5510e+00 -3.3739e+00 -3.8100e+00 -1.6359e-02 +4.5974e+00 -1.5961e+00 +8.5268e-01 -2.7619e+00
121 +6.076399241e+04 +6.076399241e+04 +6.071397241e+04 +6.071397241e+04 +1.1472e+00 +2.0579e+00 -1.7301e+00 +2.1338e+00 -1.3204e-02 -2.6771e+00 -2.1502e-01 +2.1446e+00 +2.5751e+00 +2.6489e+00 -1.4239e+00 +2.7059e+00 +2.5717e+00 -7.0626e-01 +1.0028e+00 -1.5811e+00 +1.1113e+00 +2.1574e+00 +1.0486e+00 +2.5949e+00
123 +3.571579458e+04 +3.571579458e+04 +3.566577458e+04 +3.566577458e+04 -1.2395e+00 -3.4133e-01 +1.9037e+00 +2.1384e+00 -1.4207e+00 -1.2239e+00 -3.6533e-02 +2.0015e+00 +1.8106e+00 +1.8268e+00 -1.9422e+00 +2.6652e+00 +3.7861e-01 -2.7948e+00 -2.2739e+00 -1.5825e-01 +4.0000e+00 -1.3750e+00 +1.4440e+00 -2.5949e+00
201 +1.167438804e+04 +1.167438804e+04 +1.162436804e+04 +1.162436804e+04 +1.4724e-01 +1.0579e+00 -7.3013e-01 +1.2045e+00 -1.0132e+00 -1.6771e+00 +7.8498e-01 +2.5843e+00 +1.5751e+00 +1.6489e+00 -9.9947e-01 +1.7059e+00 +1.5717e+00 -1.7063e+00 +2.5579e-01 -6.8196e-01 +2.4078e-01 +1.1574e+00 +4.8623e-02 +1.5949e+00
204 +7.445703365e+03 +7.445703365e+03 +7.395683365e+03 +7.395683365e+03 -3.5854e-01 -1.9147e+00 +3.0593e+00 +9.9077e-01 +9.0903e-01 +1.6311e+00 +4.2422e-01 -6.1376e-01 -5.0706e-01 +3.6154e-01 +1.2855e+00 +5.4282e-01 +5.9866e-01 -7.3206e-01 +1.2926e+00 -1.0086e+00 -3.4047e-02 +1.1161e-01 +4.0044e-01 -2.0629e-01
240 +5.057904928e+03 +5.057904928e+03 +5.007884928e+03 +5.007884928e+03 +1.5176e-01 -2.4333e+00 +1.9652e+00 -1.3841e+00 -1.9824e-01 -2.8451e-01 +7.8659e-02 -7.1696e-02 -9.5187e-01 -1.0794e+00 -5.0460e-01 +8.5229e-01 +9.0476e-01 -1.0397e-02 +1.0183e+00 -2.2481e+00 -1.2711e+00 -2.7971e+00 +1.0878e-01 +1.4301e+00
318 +2.059942178e+03 +2.059942178e+03 +2.009922178e+03 +2.009922178e+03 -5.0583e-02 -1.0269e+00 +1.4249e+00 -5.5107e-01 +1.4585e-01 -8.6717e-01 -2.8086e-02 +8.1029e-01 -1.8216e-01 -1.4612e-01 -1.3237e+00 -3.2012e-01 +9.5390e-01 -5.4531e-01 +1.5169e-01 -1.2138e+00 -7.3233e-01 -9.2031e-01 +5.4281e-02 -1.0399e+00
358 +1.406939901e+03 +1.406939901e+03 +1.356919901e+03 +1.356919901e+03 -1.6800e-01 -3.0243e-01 +8.8513e-01 -5.5107e-01 +1.4585e-01 -4.2225e-01 +2.8965e-01 +1.1502e+00 +5.8282e-01 -8.7144e-01 -5.2702e-01 +4.5730e-01 +7.3612e-01 -3.4071e-01 +1.5169e-01 +4.4693e-01 +3.3733e-01 +7.8230e-03 +5.4281e-02 -5.1030e-01
610 +7.035915109e+02 +7.035915109e+02 +6.535715109e+02 +6.535715109e+02 +3.9569e-01 -7.1461e-01 +4.6283e-01 -2.2637e-01 +3.0942e-02 -1.0276e+00 +5.3573e-02 +1.5431e+00 +5.6260e-01 -2.1933e-01 -1.1142e+00 +2.4871e-01 +5.8879e-02 +2.4075e-01 +5.8790e-01 -5.0477e-01 +5.9771e-01 -1.9186e-01 +3.1829e-01 -1.7784e-01
1132 +6.192834400e+02 +6.192834400e+02 +5.692634400e+02 +5.692634400e+02 -5.2842e-02 -8.5814e-01 +5.9834e-01 +1.1521e-01 -2.9192e-01 -9.9048e-01 +2.7072e-01 +1.2540e+00 +7.1254e-01 -3.5143e-01 -1.0913e+00 +1.5391e-01 -6.4291e-01 -3.2972e-01 +6.4322e-01 -1.1909e-01 +9.9815e-02 +1.6974e-01 -1.8869e-01 -1.6286e-01
1261 +3.438165143e+02 +3.438165143e+02 +2.937965143e+02 +2.937965143e+02 -2.6134e-01 -1.0287e-02 +6.8590e-01 -4.2592e-01 +1.6166e-01 -6.7058e-01 +6.9668e-02 +1.1818e+00 -5.4130e-03 -2.1150e-01 -9.4524e-01 +2.5515e-01 -1.1450e-01 +8.2303e-02 +3.8474e-01 -4.2829e-01 -3.3018e-01 -3.1663e-01 +8.3803e-02 +1.7404e-01
1595 +2.048531641e+02 +2.048531641e+02 +1.548331641e+02 +1.548331641e+02 -2.0280e-01 -6.0785e-01 +6.0445e-01 -7.3622e-02 +2.4992e-01 -7.3796e-01 -1.6571e-01 +9.2089e-01 +1.2756e-01 -2.0893e-01 -8.8143e-01 +2.6767e-01 -7.4378e-01 +2.8662e-02 -1.7880e-02 -1.9941e-01 -5.0649e-02 +4.5854e-02 -7.3036e-01 +4.0390e-02
2178 +1.568852438e+02 +1.568852438e+02 +1.068652438e+02 +1.068652438e+02 -2.6427e-01 -6.9746e-01 +5.3899e-01 +2.5752e-01 -1.5107e-02 -8.1867e-01 +8.8915e-03 +3.1945e-01 +3.1893e-01 -1.3927e-02 -7.7441e-01 +3.6362e-01 -4.3688e-01 -3.9829e-02 +2.7117e-01 -2.8760e-01 -2.0616e-01 -1.9990e-01 -3.8508e-01 +2.1971e-01
3059 +9.331879142e+01 +9.331879142e+01 +4.329879142e+01 +4.329879142e+01 -3.8758e-01 -4.4568e-01 +6.7525e-01 -1.8935e-01 +2.3527e-02 -3.0867e-01 -3.1479e-02 +4.6357e-01 -8.3984e-02 +2.5148e-02 -3.2844e-01 +3.9666e-01 -7.2294e-01 +1.2975e-01 -2.2421e-01 +3.9048e-01 -6.6919e-01 -1.6272e-01 -6.6857e-01 +6.3895e-01
3347 +6.004402205e+01 +6.004402205e+01 +1.002402205e+01 +1.002402205e+01 -4.3149e-01 -4.5751e-01 +5.0325e-01 -3.9544e-02 -1.4695e-01 -5.5698e-01 -1.3375e-01 +2.9608e-01 -2.3182e-01 +3.4990e-01 -5.2169e-01 +4.8222e-01 -5.7110e-01 +4.7745e-02 -2.9133e-02 +6.0389e-01 -6.7824e-01 -1.1095e-01 -6.9569e-01 +7.3618e-01
3664 +3.768719811e+01 +3.768719811e+01 -1.233280189e+01 -1.233280189e+01 -5.1808e-01 -2.5016e-01 +5.0438e-01 +8.6753e-02 -2.0711e-01 -6.4714e-01 -1.2833e-01 +4.8013e-01 -3.4457e-01 +4.2454e-01 -3.7378e-01 +4.8690e-01 -7.6965e-01 +1.0598e-01 -3.2180e-02 +6.9225e-01 -6.6949e-01 +1.8214e-01 -7.0795e-01 +6.4164e-01
4062 +2.398286018e+01 +2.398286018e+01 -2.603713982e+01 -2.603713982e+01 -6.3181e-01 -2.2419e-01 +2.8742e-01 +5.4722e-02 -2.3011e-01 -7.1825e-01 -9.7840e-02 +4.5333e-01 -1.0839e-01 +2.6135e-01 -2.7008e-01 +5.4404e-01 -6.7210e-01 -3.0537e-02 +1.7748e-02 +6.5511e-01 -6.6427e-01 +2.5859e-01 -6.8561e-01 +6.3558e-01
% function evaluation | noise-free fitness - Fopt (5.888600000000e+02) | best noise-free fitness - Fopt | measured fitness | best measured fitness | x1 | x2...
1 +6.714400547e+05 +6.714400547e+05 +6.720289147e+05 +6.720289147e+05 +3.1472e+00 +4.0579e+00 -3.7301e+00 +4.1338e+00 +1.3236e+00 -4.0246e+00 -2.2150e+00 +4.6882e-01 +4.5751e+00 +4.6489e+00 -3.4239e+00 +4.7059e+00 +4.5717e+00 -1.4624e-01 +3.0028e+00 -3.5811e+00 -7.8239e-01 +4.1574e+00 +2.9221e+00 +4.5949e+00
3 +1.671940467e+05 +1.671940467e+05 +1.677829067e+05 +1.677829067e+05 -6.1256e-01 -1.1844e+00 +2.6552e+00 +2.9520e+00 -3.1313e+00 -1.0236e-01 -5.4414e-01 +1.4631e+00 +2.0936e+00 +2.5469e+00 -2.2397e+00 +1.7970e+00 +1.5510e+00 -3.3739e+00 -3.8100e+00 -1.6359e-02 +4.5974e+00 -1.5961e+00 +8.5268e-01 -2.7619e+00
10 +8.279665456e+04 +8.279665456e+04 +8.338551456e+04 +8.338551456e+04 +4.7009e-01 -2.0368e+00 +2.4469e+00 -3.1104e+00 +1.8678e+00 -3.1649e+00 -1.3152e+00 +1.2562e+00 +2.8023e+00 -4.1887e+00 +4.2939e+00 +2.7571e+00 -1.3208e-01 -6.4141e-01 -5.3216e-01 -1.9365e+00 +8.5087e-02 +1.0772e-01 +3.1763e+00 +2.9483e+00
51 +5.229088982e+04 +5.229088982e+04 +5.287974982e+04 +5.287974982e+04 +1.6070e+00 -2.1441e+00 +3.0704e+00 -6.7174e-01 -4.9273e-01 +3.3900e+00 +2.7594e+00 +7.5609e-01 +4.8650e-01 -1.2955e-01 -1.9226e+00 -9.8754e-01 -2.9409e-01 -1.6951e+00 +2.4431e+00 -2.4274e+00 -2.2441e+00 -2.2929e+00 -1.7234e+00 +3.5699e-01
92 +2.780828072e+04 +2.780828072e+04 +2.839714072e+04 +2.839714072e+04 -2.0405e+00 +3.2338e+00 -1.3110e+00 -2.8442e+00 +8.7855e-02 +5.6040e-01 -3.3565e-01 -2.8888e+00 -1.4194e+00 +4.0579e-01 -1.4976e+00 +6.1949e-01 -5.8608e-01 +1.2464e+00 -2.8537e+00 -5.2027e-01 +9.1160e-01 -1.0418e+00 +1.2475e+00 +1.0786e+00
123 +2.458982320e+04 +2.458982320e+04 +2.517868320e+04 +2.517868320e+04 -2.1763e+00 -2.5887e-01 +1.4936e+00 +9.5200e-01 -1.1489e+00 -1.0236e-01 -8.4510e-01 +7.5587e-01 +1.8706e+00 +5.4687e-01 -4.9484e-01 +1.7970e+00 -4.4902e-01 -1.3739e+00 -1.9567e+00 -1.0530e+00 +2.5974e+00 -6.9781e-01 +2.0259e+00 -7.6188e-01
131 +1.103586549e+04 +1.103586549e+04 +1.162472549e+04 +1.162472549e+04 +6.0703e-01 -1.3309e+00 +2.0704e+00 -1.6717e+00 +5.0727e-01 +2.3900e+00 +1.7594e+00 -2.4391e-01 -5.1350e-01 -3.6897e-01 -9.2258e-01 +7.7291e-03 -3.6056e-01 -6.9512e-01 +1.4431e+00 -1.4274e+00 -1.2441e+00 -1.2929e+00 -7.2336e-01 +1.3570e+00
203 +6.415899261e+03 +6.415899261e+03 +7.004759261e+03 +7.004759261e+03 -1.1763e+00 -1.9290e-01 +4.9361e-01 -4.8001e-02 -1.4888e-01 -1.4427e-01 +1.5490e-01 -2.4413e-01 +8.7060e-01 -4.5313e-01 -1.2604e-01 +8.9768e-01 -1.3025e+00 -3.7388e-01 -9.5671e-01 -1.2283e+00 +1.5974e+00 -1.1702e+00 +1.0259e+00 +2.3812e-01
207 +6.293410460e+03 +6.293410460e+03 +6.882270460e+03 +6.882270460e+03 -9.3347e-01 +1.6190e+00 -1.9537e+00 -2.5090e-01 +3.7161e-01 +1.4183e+00 -1.1556e+00 -1.8134e+00 +2.6356e-01 +6.8480e-04 -6.4913e-01 +1.1065e+00 -1.8153e-01 +4.5560e-01 -1.2566e+00 -7.2797e-01 +6.9292e-01 -1.8823e+00 +1.2824e+00 -5.5045e-01
287 +3.720718279e+03 +3.720718279e+03 +4.309578279e+03 +4.309578279e+03 +6.6528e-02 +6.1898e-01 -9.5366e-01 -8.5908e-01 -6.2839e-01 +9.7768e-01 -1.5564e-01 -2.4044e+00 +8.1011e-01 -5.7309e-01 -1.6491e+00 +3.8073e-01 +6.3470e-01 +6.4428e-01 -2.5663e-01 +2.7203e-01 -3.0708e-01 -2.5373e+00 +2.8241e-01 +4.4955e-01
301 +2.164196873e+03 +2.164196873e+03 +2.753056873e+03 +2.753056873e+03 +9.8364e-01 -5.7707e-02 +1.0918e+00 -1.6017e+00 -7.5412e-01 +9.1919e-02 +8.0862e-01 -6.6396e-01 -3.1194e-01 +7.3226e-01 -1.6914e+00 +1.1146e+00 +2.1619e-03 +1.1019e-01 +7.8140e-01 +6.8649e-01 -1.2363e+00 -6.0849e-01 +5.6292e-02 +4.5471e-01
363 +1.536006513e+03 +1.536006513e+03 +2.124866513e+03 +2.124866513e+03 +8.2370e-01 -2.7867e-01 +7.0657e-01 -9.4411e-01 -1.4888e-01 +3.5710e-01 +4.8557e-01 -3.1984e-01 -5.4696e-01 +5.8941e-01 -6.9588e-01 +1.6298e+00 -9.0829e-01 +5.5727e-01 +1.0433e+00 +1.7353e-01 -3.6919e-01 -9.2790e-01 -3.1981e-01 +2.3812e-01
629 +8.786607058e+02 +8.786607058e+02 +1.467520706e+03 +1.467520706e+03 +4.1515e-01 +4.2147e-01 +1.1139e+00 -4.6047e-02 +1.0249e-01 +4.2666e-01 +3.9410e-01 +1.6685e-01 -9.9318e-01 +4.7499e-01 -4.4710e-01 -1.2926e-01 +6.1147e-01 +9.7026e-01 +2.9373e-01 +8.5655e-03 +3.8616e-02 -3.3589e-01 +1.0250e+00 +1.9573e-01
703 +5.692176387e+02 +5.692176387e+02 +1.158077639e+03 +1.158077639e+03 -3.2106e-01 +3.7727e-01 -5.6429e-03 +4.2471e-01 -1.2167e-01 +4.5823e-01 +2.7839e-01 -6.8812e-01 +2.4392e-01 +1.4318e-02 +1.3214e-01 -1.6211e-01 +6.3358e-01 -1.9937e-01 +5.5383e-01 -8.5409e-02 +3.5519e-01 +3.7331e-01 +8.1617e-01 -3.1770e-01
870 +3.315009160e+02 +3.315009160e+02 +9.203609160e+02 +9.203609160e+02 +4.7582e-01 -4.7151e-02 -3.5335e-01 -3.3824e-01 -1.8088e-01 +2.3446e-01 +4.7106e-01 -4.4611e-01 +1.2519e-01 -3.6175e-02 -5.4424e-02 +3.5511e-02 +4.5060e-01 +5.2838e-02 +9.2705e-01 +4.4252e-01 +2.3794e-01 +1.1971e-01 +2.7559e-01 -6.9969e-01
1205 +2.301970692e+02 +2.301970692e+02 +8.190570692e+02 +8.190570692e+02 +1.7038e-01 -4.3049e-01 -2.4212e-01 -3.6006e-01 +1.4759e-01 +2.4464e-01 -3.0871e-04 -7.7121e-01 +1.6660e-01 -9.3853e-02 -1.1898e-01 +6.9684e-01 -1.0856e-01 +7.0360e-01 +4.1170e-01 +6.2475e-01 -4.4780e-01 -2.8971e-01 -1.3769e-01 +6.9666e-02
2444 +1.348130116e+02 +1.348130116e+02 +7.236730116e+02 +7.236730116e+02 +6.9145e-01 +4.1166e-02 -7.3985e-02 -3.2976e-01 -9.3770e-02 +2.0299e-01 +2.1760e-01 -1.9886e-01 +1.8562e-02 -1.7469e-01 -2.7285e-01 -2.2135e-01 +4.8608e-01 +5.2073e-02 -2.2434e-01 +1.8495e-01 +1.0802e-01 -2.6259e-01 +2.0608e-01 -3.7966e-01
2941 +9.833629192e+01 +9.833629192e+01 +6.871962919e+02 +6.871962919e+02 +5.4412e-01 +3.3951e-01 +7.9844e-03 -2.5750e-01 -2.6960e-01 -9.8789e-02 +3.2730e-01 -4.1919e-01 +2.0200e-01 -1.6708e-01 -4.8734e-01 -2.7774e-01 +6.7808e-01 -1.4927e-01 +3.8866e-01 +2.6733e-01 +1.9760e-01 -2.3565e-02 -1.2202e-01 -5.6784e-01
3542 +6.110998235e+01 +6.110998235e+01 +6.499699824e+02 +6.499699824e+02 +7.5719e-01 +3.5051e-01 +2.9562e-02 -1.5417e-01 -4.6338e-01 -1.0951e-01 +6.6690e-01 -1.5108e-01 +1.1498e-01 -2.7248e-01 -7.5627e-01 -7.8096e-01 +7.1421e-01 -8.2282e-02 +3.6274e-01 +3.1306e-02 +1.4483e-01 +2.4843e-01 -1.5653e-01 -3.5217e-01
3806 +3.623127555e+01 +3.623127555e+01 +6.250912755e+02 +6.250912755e+02 +7.2537e-01 +3.2284e-01 -3.0762e-02 +5.6194e-02 -5.2929e-01 -7.3786e-02 +5.8949e-01 -3.6171e-02 +1.3324e-01 -1.6029e-01 -4.9835e-01 -8.2932e-01 +7.7559e-01 -4.1732e-02 +2.2184e-01 +4.6356e-02 +1.0933e-01 +1.1616e-01 +5.6065e-02 -2.7716e-01
4166 +2.413555436e+01 +2.413555436e+01 +6.129955544e+02 +6.129955544e+02 +8.0334e-01 +4.0775e-01 -4.2181e-02 +1.3393e-01 -6.7833e-01 -7.5361e-02 +6.5142e-01 +1.2844e-01 +4.6437e-02 -1.6110e-01 -6.1498e-01 -9.0291e-01 +8.1164e-01 -6.2739e-02 +2.8368e-01 -4.1444e-02 +9.3367e-02 +1.7826e-01 -4.8331e-02 -9.9264e-02
4862 +1.572206611e+01 +1.572206611e+01 +6.045820661e+02 +6.045820661e+02 +7.5743e-01 +3.4415e-01 -4.5580e-02 +8.7329e-02 -6.3798e-01 +5.1892e-02 +6.0531e-01 +8.4555e-02 -4.6274e-02 -1.3147e-01 -6.3551e-01 -8.6087e-01 +7.8211e-01 -1.2789e-01 +3.4617e-01 -7.1002e-02 +1.0526e-01 +1.8966e-01 -3.8559e-02 -1.8881e-01
% function evaluation | noise-free fitness - Fopt (-3.294000000000e+01) | best noise-free fitness - Fopt | measured fitness | best measured fitness | x1 | x2...
1 +7.426475538e+05 +7.426475538e+05 +7.426146138e+05 +7.426146138e+05 +3.1472e+00 +4.0579e+00 -3.7301e+00 +4.1338e+00 +1.3236e+00 -4.0246e+00 -2.2150e+00 +4.6882e-01 +4.5751e+00 +4.6489e+00 -3.4239e+00 +4.7059e+00 +4.5717e+00 -1.4624e-01 +3.0028e+00 -3.5811e+00 -7.8239e-01 +4.1574e+00 +2.9221e+00 +4.5949e+00
2 +3.596343838e+05 +3.596343838e+05 +3.596014438e+05 +3.596014438e+05 +1.5574e+00 -4.6429e+00 +3.4913e+00 +4.3399e+00 +1.7874e+00 +2.5774e+00 +2.4313e+00 -1.0777e+00 +1.5548e+00 -3.2881e+00 +2.0605e+00 -4.6817e+00 -2.2308e+00 -4.5383e+00 -4.0287e+00 +3.2346e+00 +1.9483e+00 -1.8290e+00 +4.5022e+00 -4.6555e+00
3 +1.319557308e+05 +1.319557308e+05 +1.319227908e+05 +1.319227908e+05 -6.1256e-01 -1.1844e+00 +2.6552e+00 +2.9520e+00 -3.1313e+00 -1.0236e-01 -5.4414e-01 +1.4631e+00 +2.0936e+00 +2.5469e+00 -2.2397e+00 +1.7970e+00 +1.5510e+00 -3.3739e+00 -3.8100e+00 -1.6359e-02 +4.5974e+00 -1.5961e+00 +8.5268e-01 -2.7619e+00
44 +9.702278714e+04 +9.702278714e+04 +9.698984714e+04 +9.698984714e+04 +1.5127e+00 -2.2332e+00 +1.0596e+00 +2.9908e+00 +2.9090e+00 +3.5929e+00 +6.3144e-01 -2.6138e+00 -2.5071e+00 -1.4249e+00 +2.4072e+00 -1.4572e+00 +2.1428e+00 -2.4495e+00 +3.2926e+00 -1.0022e+00 -2.0340e+00 -1.5294e+00 +4.1371e-01 -9.4638e-01
50 +4.678521840e+04 +4.678521840e+04 +4.675227840e+04 +4.675227840e+04 -3.9099e-01 -2.3467e+00 +1.9355e+00 -2.1104e+00 +8.6775e-01 -2.1649e+00 -3.8718e-01 +1.3164e+00 +1.9214e+00 -3.1887e+00 +3.2939e+00 +2.2476e+00 +8.6792e-01 -1.6414e+00 -1.5322e+00 -1.4509e+00 +1.0851e+00 -7.3018e-02 +2.1763e+00 +1.9483e+00
124 +2.860926592e+04 +2.860926592e+04 +2.857632592e+04 +2.857632592e+04 +5.1267e-01 -2.1609e+00 +2.0596e+00 +1.9908e+00 +1.9090e+00 +2.5929e+00 -3.6856e-01 -1.6138e+00 -1.5071e+00 -6.3846e-01 +2.2855e+00 -4.5718e-01 +1.1428e+00 -1.4495e+00 +2.2926e+00 -9.7532e-01 -1.0340e+00 -5.2941e-01 +5.1910e-01 -5.3970e-01
131 +2.358065729e+04 +2.358065729e+04 +2.354771729e+04 +2.354771729e+04 +5.2661e-01 -1.9357e+00 +2.6603e+00 +1.0887e+00 -1.4927e+00 +2.3900e+00 +1.7594e+00 +2.0025e+00 +9.2660e-01 +4.3584e-01 -1.8264e+00 +1.2463e-02 +1.6355e+00 -1.8373e+00 +1.4431e+00 -1.0524e+00 -7.4078e-01 -1.2929e+00 -7.2336e-01 -6.7975e-01
171 +1.478137787e+04 +1.478137787e+04 +1.474843787e+04 +1.474843787e+04 +7.2741e-01 -1.9357e+00 +1.8808e+00 -5.2612e-01 -1.4927e+00 +1.8278e+00 +1.4839e+00 +2.5988e+00 +9.2660e-01 +4.3584e-01 -1.8264e+00 +1.0096e-01 +1.0497e-01 -1.8373e+00 +2.0027e+00 +3.8137e-02 -2.6090e+00 -1.1920e+00 -7.2336e-01 -6.7975e-01
204 +8.214967925e+03 +8.214967925e+03 +8.182027925e+03 +8.182027925e+03 -1.7988e-01 -1.9147e+00 +2.9086e+00 +9.9077e-01 +9.0903e-01 +1.5929e+00 +2.0717e-01 -6.1376e-01 -5.0706e-01 +3.6154e-01 +1.2855e+00 +5.4282e-01 +1.4285e-01 -7.3206e-01 +1.2926e+00 -2.0210e-01 -2.0340e+00 +1.4367e-01 +4.0044e-01 -2.0629e-01
284 +2.895173462e+03 +2.895173462e+03 +2.862233462e+03 +2.862233462e+03 -1.1799e+00 -1.1961e+00 +1.9086e+00 -9.2328e-03 -9.0967e-02 +5.9291e-01 +9.3022e-01 +3.8624e-01 +4.9294e-01 +4.2193e-01 +2.8552e-01 -3.7571e-01 -4.7080e-01 -8.0402e-01 +3.8575e-01 +6.2022e-01 -1.0340e+00 +8.2221e-01 -5.9956e-01 -9.5962e-02
294 +2.362591752e+03 +2.362591752e+03 +2.329651752e+03 +2.329651752e+03 -6.2261e-01 -1.4832e-01 +1.3287e-01 -8.7695e-01 -7.3756e-01 -4.9271e-01 +7.6223e-01 +1.9225e+00 +3.6553e-01 +2.1227e-01 -6.9069e-01 -2.2191e-01 +2.1859e+00 -1.2095e+00 +2.5977e-01 +4.1380e-02 +8.4140e-01 +7.0075e-01 +3.0227e-01 +5.8147e-02
358 +1.341795925e+03 +1.341795925e+03 +1.308855925e+03 +1.308855925e+03 -1.1929e-01 -4.3116e-01 +3.2610e-01 -5.0582e-01 -5.8687e-01 -6.5329e-01 -1.3707e-01 +1.7888e+00 +5.3597e-01 +1.9191e-01 -1.8604e+00 -1.4367e-01 +8.8508e-01 -3.2554e-01 +1.5169e-01 -7.8689e-01 -1.0017e+00 +5.6870e-01 +5.4281e-02 -8.8261e-02
423 +6.457149400e+02 +6.457149400e+02 +6.127749400e+02 +6.127749400e+02 -6.2496e-01 -9.1630e-01 -1.1089e-01 -5.6033e-01 +1.5740e-01 +2.4097e-01 +5.4880e-01 +9.0389e-02 +3.5471e-01 -6.0215e-01 -5.0009e-01 -1.2760e-01 +3.1824e-01 -7.2029e-01 +1.4570e+00 -9.9637e-01 +6.1790e-02 +6.1211e-02 -2.0699e-01 +3.0482e-01
491 +5.904374911e+02 +5.904374911e+02 +5.574974911e+02 +5.574974911e+02 -1.6223e-01 -4.9011e-01 -3.1786e-01 -6.3043e-01 -7.3078e-01 +2.7560e-01 -5.4009e-01 +1.0724e+00 -4.3358e-02 -1.4629e-01 -6.3921e-01 -7.6165e-01 +1.5581e+00 -7.2018e-01 +3.3429e-01 -2.2320e-01 +3.5440e-01 +8.4006e-01 -2.7798e-01 -1.7963e-02
983 +3.661634860e+02 +3.661634860e+02 +3.332234860e+02 +3.332234860e+02 -2.1961e-01 -6.5110e-01 -2.4399e-01 -1.2046e+00 -8.9880e-01 +3.3013e-01 -9.0271e-02 +8.2287e-01 +8.1023e-03 -7.8360e-02 -4.4569e-01 -5.8195e-01 +1.0066e+00 -4.4847e-01 -3.5262e-01 -7.4761e-01 +2.1322e-01 +7.3271e-01 +1.8654e-01 +7.8648e-02
1290 +2.239499343e+02 +2.239499343e+02 +1.910099343e+02 +1.910099343e+02 +7.9362e-02 -5.0258e-01 -2.9874e-01 -9.4939e-01 -2.2207e-01 +7.1898e-02 -9.2538e-02 +1.2525e-01 +4.9823e-01 -1.6750e-01 -4.0181e-02 -5.6483e-01 +9.7289e-01 -7.3074e-01 +5.8101e-01 -4.0944e-01 +2.4226e-01 +8.0792e-01 +6.3224e-01 +7.1841e-01
1499 +1.553516377e+02 +1.553516377e+02 +1.224116377e+02 +1.224116377e+02 -1.7792e-01 -4.3541e-01 -1.0445e-01 -3.6464e-01 -3.8439e-01 -5.7927e-01 -5.6145e-01 +2.0211e-01 +4.7260e-01 -2.5120e-01 +4.2527e-02 -6.1559e-01 -1.0728e-01 -3.8910e-01 +1.1810e-01 -6.6541e-01 -1.7331e-01 +3.7336e-01 +4.5168e-01 +8.7895e-01
1720 +8.790826548e+01 +8.790826548e+01 +5.496826548e+01 +5.496826548e+01 -5.0326e-01 +6.6206e-03 -1.4013e-01 -5.6729e-01 -1.7269e-01 -9.9231e-03 -3.9636e-01 +1.0296e-01 +7.9335e-02 -3.2206e-01 -9.2080e-01 -4.4490e-01 +2.1599e-01 -3.5373e-01 +2.5816e-01 -7.5470e-01 +1.7359e-01 +3.0108e-01 -2.0690e-01 +7.2968e-01
2216 +5.485224901e+01 +5.485224901e+01 +2.191224901e+01 +2.191224901e+01 -5.2797e-01 -2.4413e-01 +3.4846e-02 -3.7007e-01 -1.2924e-01 -1.7133e-01 -4.8256e-01 -8.7162e-02 +2.0627e-02 -8.1936e-01 -4.9778e-01 -5.6535e-01 +1.3590e-01 -6.3040e-01 +2.1975e-01 -2.8620e-01 +3.5405e-02 +2.9739e-01 -2.8032e-01 +3.1723e-01
3161 +3.538274267e+01 +3.538274267e+01 +2.442742674e+00 +2.442742674e+00 -4.2412e-01 -2.6778e-01 +2.2210e-04 -4.7321e-01 -8.4227e-02 -1.8186e-01 -4.8340e-01 +5.3170e-02 +6.2368e-02 -7.8508e-01 -5.6712e-01 -6.2820e-01 +2.4539e-01 -8.3659e-01 +4.2434e-01 -4.1376e-01 +1.4857e-01 +9.3318e-02 -3.7638e-01 +5.0783e-01
3484 +2.448614289e+01 +2.448614289e+01 -8.453857110e+00 -8.453857110e+00 -4.5337e-01 -2.7391e-01 -6.2678e-02 -5.4550e-01 -2.7817e-01 -1.5160e-01 -3.9004e-01 +7.4175e-02 +1.7980e-01 -8.3717e-01 -6.7229e-01 -7.5418e-01 +1.0576e-01 -7.1204e-01 +4.8044e-01 -3.6731e-01 +3.3126e-01 +3.6863e-02 -3.0967e-01 +4.7288e-01
4870 +1.564714469e+01 +1.564714469e+01 -1.729285531e+01 -1.729285531e+01 -3.3415e-01 -2.2365e-01 -8.5736e-02 -5.8716e-01 -2.8541e-01 -2.5697e-02 -3.2761e-01 +4.3440e-02 +9.5105e-02 -8.5866e-01 -6.2785e-01 -7.2101e-01 +9.6007e-02 -7.5503e-01 +5.4247e-01 -3.5815e-01 +2.9091e-01 +9.7638e-02 -3.4346e-01 +5.8035e-01
% function evaluation | noise-free fitness - Fopt (-1.116200000000e+02) | best noise-free fitness - Fopt | measured fitness | best measured fitness | x1 | x2...
1 +8.620998170e+05 +8.620998170e+05 +8.619881970e+05 +8.619881970e+05 +3.1472e+00 +4.0579e+00 -3.7301e+00 +4.1338e+00 +1.3236e+00 -4.0246e+00 -2.2150e+00 +4.6882e-01 +4.5751e+00 +4.6489e+00 -3.4239e+00 +4.7059e+00 +4.5717e+00 -1.4624e-01 +3.0028e+00 -3.5811e+00 -7.8239e-01 +4.1574e+00 +2.9221e+00 +4.5949e+00
2 +4.470685727e+05 +4.470685727e+05 +4.469569527e+05 +4.469569527e+05 +1.5574e+00 -4.6429e+00 +3.4913e+00 +4.3399e+00 +1.7874e+00 +2.5774e+00 +2.4313e+00 -1.0777e+00 +1.5548e+00 -3.2881e+00 +2.0605e+00 -4.6817e+00 -2.2308e+00 -4.5383e+00 -4.0287e+00 +3.2346e+00 +1.9483e+00 -1.8290e+00 +4.5022e+00 -4.6555e+00
3 +2.957480069e+05 +2.957480069e+05 +2.956363869e+05 +2.956363869e+05 -6.1256e-01 -1.1844e+00 +2.6552e+00 +2.9520e+00 -3.1313e+00 -1.0236e-01 -5.4414e-01 +1.4631e+00 +2.0936e+00 +2.5469e+00 -2.2397e+00 +1.7970e+00 +1.5510e+00 -3.3739e+00 -3.8100e+00 -1.6359e-02 +4.5974e+00 -1.5961e+00 +8.5268e-01 -2.7619e+00
11 +1.338359325e+05 +1.338359325e+05 +1.337243125e+05 +1.337243125e+05 +1.4432e+00 -1.2139e+00 +3.1158e+00 +3.2826e-01 -1.4927e+00 +4.3900e+00 +3.7594e+00 +5.0156e-01 +1.2248e+00 +8.7045e-01 -2.9226e+00 -1.9875e+00 -2.9077e-01 -2.6951e+00 +3.4431e+00 -3.0524e+00 -2.7408e+00 -3.2929e+00 -2.7234e+00 -6.4301e-01
44 +8.005906016e+04 +8.005906016e+04 +7.994744016e+04 +7.994744016e+04 +1.5127e+00 -1.4490e+00 -4.4157e-01 +9.9077e-01 +2.9090e+00 +3.5929e+00 -1.9685e-01 -2.6138e+00 -3.5773e+00 -1.4249e+00 +2.4072e+00 -1.4572e+00 +2.1428e+00 -2.1952e+00 +3.2926e+00 -7.7039e-01 -2.0340e+00 -1.4892e+00 +1.6045e-01 -9.1095e-01
51 +4.962530461e+04 +4.962530461e+04 +4.951368461e+04 +4.951368461e+04 +1.3313e+00 -2.1391e-01 +2.1158e+00 -6.7174e-01 -1.3337e+00 +3.3900e+00 +2.7594e+00 +1.5016e+00 +2.2475e-01 +1.8704e+00 -2.8942e+00 -9.8754e-01 -1.2908e+00 -1.6951e+00 +2.4431e+00 -2.0524e+00 -1.7408e+00 -2.2929e+00 -1.8272e+00 +3.5699e-01
124 +2.605678625e+04 +2.605678625e+04 +2.594516625e+04 +2.594516625e+04 +5.1267e-01 -4.4905e-01 -1.4416e+00 -9.2328e-03 +1.9090e+00 +2.5929e+00 -1.1968e+00 -2.0223e+00 -2.9023e+00 -4.2492e-01 +1.4072e+00 -4.5718e-01 +1.1428e+00 -1.1952e+00 +2.2926e+00 -1.4362e-01 -1.0340e+00 -5.4670e-01 -8.3955e-01 -9.2163e-01
131 +1.247751476e+04 +1.247751476e+04 +1.236589476e+04 +1.236589476e+04 +3.3133e-01 +7.8609e-01 +1.1158e+00 -1.6717e+00 -3.9635e-01 +2.3900e+00 +1.7594e+00 +5.0156e-01 -7.7525e-01 +2.8704e+00 -1.8942e+00 +7.7291e-03 -2.2438e+00 -6.9512e-01 +1.4431e+00 -1.0524e+00 -7.4078e-01 -1.2929e+00 -8.2720e-01 +1.3570e+00
210 +7.009260480e+03 +7.009260480e+03 +6.897640480e+03 +6.897640480e+03 -1.4433e+00 +3.6544e-01 +1.9279e-01 -2.3171e+00 -1.1322e+00 -1.6489e-01 -6.6759e-01 +9.4611e-01 -1.9773e-01 -1.1887e+00 +1.2939e+00 +1.2089e+00 -2.6456e+00 +3.4508e-01 -1.5322e+00 -2.8407e-01 +1.0851e+00 -1.5025e+00 +1.7628e-01 +4.5125e-01
281 +1.953479361e+03 +1.953479361e+03 +1.841859361e+03 +1.841859361e+03 -8.5276e-01 +2.4972e-01 +2.6987e-01 +1.3376e-01 -1.8667e+00 -6.4885e-01 -1.5675e+00 +2.8764e-01 +5.7507e-01 +1.3697e+00 -7.6829e-02 +7.0593e-01 +5.7167e-01 -5.2505e-01 -7.4421e-01 +3.1804e-01 +2.5544e-01 +1.5736e-01 -8.3876e-01 +9.4260e-01
394 +1.368681786e+03 +1.368681786e+03 +1.257061786e+03 +1.257061786e+03 -3.4885e-01 +1.3501e-01 +3.5897e-01 -1.2607e+00 -1.3357e+00 +1.8404e-01 -7.2100e-01 -4.8479e-01 +1.7029e-01 +1.3404e+00 -4.2143e-01 +8.2071e-01 -8.5461e-01 +4.1432e-01 -1.8056e+00 -9.8212e-01 -4.4026e-01 +3.8575e-01 -6.8799e-01 +5.8665e-01
549 +7.579714060e+02 +7.579714060e+02 +6.463514060e+02 +6.463514060e+02 -8.4576e-01 -8.0626e-02 +2.8517e-02 -8.5670e-01 -9.4176e-01 -4.7756e-01 -1.3722e+00 -3.8452e-01 +9.0338e-02 +1.4163e+00 -3.7308e-01 +6.8207e-01 -6.5594e-01 +5.9201e-01 -6.4368e-01 -8.7247e-01 -4.6351e-01 -2.8364e-01 -6.5041e-01 +1.5180e-01
776 +5.717424792e+02 +5.717424792e+02 +4.601224792e+02 +4.601224792e+02 -8.3832e-01 +3.0126e-01 +1.1999e+00 -8.4016e-01 -1.6881e-01 -9.6640e-01 -1.3830e+00 -6.5535e-01 -1.9843e-01 +2.6566e-01 -3.6369e-01 -1.4396e-03 -8.6815e-01 -2.6029e-01 +1.6547e-01 -4.9375e-01 -2.7581e-01 +1.5833e-01 +4.6341e-01 -4.3017e-01
817 +3.699697659e+02 +3.699697659e+02 +2.583497659e+02 +2.583497659e+02 -3.6122e-01 +6.6965e-01 +8.4665e-01 +2.4025e-02 -5.7041e-01 +3.7256e-01 -6.9584e-01 -6.4081e-01 -2.1303e-01 +5.8724e-01 +1.4702e-01 +7.1284e-01 -2.2159e-01 +3.4129e-01 +7.2869e-02 -3.7661e-01 -1.2681e+00 -7.8384e-01 -1.1132e-01 +3.1290e-01
1318 +1.662596423e+02 +1.662596423e+02 +5.463964227e+01 +5.463964227e+01 -6.7224e-01 -2.0546e-01 +9.2544e-01 -7.1229e-01 -6.0539e-01 -4.6083e-01 -1.2924e+00 -6.7331e-01 +1.0150e-01 +3.3080e-01 -4.0872e-02 +8.8636e-02 -2.0439e-01 +3.7823e-01 -2.7738e-01 +5.9227e-02 -8.4903e-01 -2.1824e-02 -6.3541e-01 +1.5171e-01
1335 +9.620201532e+01 +9.620201532e+01 -1.541798468e+01 -1.541798468e+01 -7.6161e-01 -2.5319e-01 +1.0902e+00 -7.1825e-01 -3.7614e-01 -4.6132e-01 -7.9617e-01 -6.8949e-01 +7.9154e-02 +5.9623e-01 +5.2241e-02 +1.0378e-01 -1.3532e-01 +4.7903e-01 -1.1822e-01 -1.0550e-01 -6.6174e-01 -1.9186e-01 -6.0883e-01 +8.8658e-02
2055 +6.080366128e+01 +6.080366128e+01 -5.081633872e+01 -5.081633872e+01 -7.5207e-01 -2.3675e-01 +1.0812e+00 -6.7218e-01 +2.5463e-02 -2.6169e-01 -6.9909e-01 -5.1554e-01 +1.7643e-02 +5.4547e-01 +1.0834e-01 -1.7452e-01 -1.9885e-01 +3.8168e-01 -1.6220e-01 -2.6631e-01 -5.5567e-01 -1.6354e-01 -5.4665e-01 +5.2132e-01
2387 +3.741917411e+01 +3.741917411e+01 -7.420082589e+01 -7.420082589e+01 -9.3429e-01 -3.7960e-01 +9.6842e-01 -7.1759e-01 -1.9861e-01 -2.8879e-01 -4.7194e-01 -2.8122e-01 -3.8244e-02 +5.9328e-01 +3.1903e-01 -7.5974e-03 -1.7187e-01 +4.2747e-01 -1.1624e-01 -9.0512e-02 -6.9732e-01 -1.4671e-01 -3.1794e-01 +5.5378e-01
3007 +2.427218122e+01 +2.427218122e+01 -8.734781878e+01 -8.734781878e+01 -8.9317e-01 -3.1692e-01 +7.6698e-01 -6.8699e-01 -2.8578e-01 -3.8969e-01 -5.6651e-01 -3.6248e-01 -1.4422e-01 +6.4665e-01 +1.3613e-01 +2.7223e-02 -3.1419e-01 +4.2431e-01 -1.6237e-01 -8.3495e-02 -6.6788e-01 -5.4092e-02 -2.0565e-01 +5.9822e-01
