% function evaluation | noise-free fitness - Fopt (-1.694000000000e+01) | best noise-free fitness - Fopt | measured fitness | best measured fitness | x1 | x2...
1 +5.146209925e+01 +5.146209925e+01 +3.452209925e+01 +3.452209925e+01 +1.9125e+00 +1.3146e+00 +1.3141e-01 +3.4448e+00 +2.5131e+00
47 +3.724798510e+01 +3.724798510e+01 +2.030798510e+01 +2.030798510e+01 +3.7413e-01 +2.4904e-01 -3.5657e+00 -9.0809e-01 -4.3006e-01
51 +2.246946750e+01 +2.246946750e+01 +5.529467497e+00 +5.529467497e+00 +1.4110e+00 +2.0320e+00 -4.3708e-01 +2.6258e+00 -3.9887e-01
233 +3.623977747e+00 +3.623977747e+00 -1.331602225e+01 -1.331602225e+01 +3.3485e+00 +1.9300e+00 -1.7486e+00 +1.4228e+00 +1.1740e+00
7042 +2.069616829e+00 +2.069616829e+00 -1.487038317e+01 -1.487038317e+01 +3.8473e+00 +3.0591e+00 -1.4514e+00 +1.2609e+00 +1.4962e+00
8962 +1.390045774e+00 +1.390045774e+00 -1.554995423e+01 -1.554995423e+01 +3.6905e+00 +2.8846e+00 -1.4514e+00 +1.3454e+00 +1.3644e+00
16082 +9.160151533e-01 +9.160151533e-01 -1.602398485e+01 -1.602398485e+01 +3.6905e+00 +2.8846e+00 -1.4514e+00 +1.3394e+00 +1.3644e+00
33529 +5.558802836e-01 +5.558802836e-01 -1.638411972e+01 -1.638411972e+01 +3.3283e+00 +2.3571e+00 -1.6885e+00 +1.6770e+00 +1.3027e+00
% function evaluation | noise-free fitness - Fopt (1.881000000000e+01) | best noise-free fitness - Fopt | measured fitness | best measured fitness | x1 | x2...
1 +3.913546184e+01 +3.913546184e+01 +5.794546184e+01 +5.794546184e+01 -3.5933e+00 +2.5681e+00 -2.8725e-01 +5.4581e-02 -1.6463e+00
125 +2.091151233e+01 +2.091151233e+01 +3.972151233e+01 +3.972151233e+01 -9.3678e-02 -5.8384e-01 -2.1946e+00 +2.0306e+00 +1.1444e+00
202 +1.115707648e+01 +1.115707648e+01 +2.996707648e+01 +2.996707648e+01 -3.0715e-01 +3.5627e-01 -4.8572e-01 -1.1245e+00 +1.8827e+00
297 +9.260175996e+00 +9.260175996e+00 +2.807017600e+01 +2.807017600e+01 -5.2336e-01 -6.0444e-02 -8.7134e-01 -6.6036e-01 +5.5251e-01
404 +5.210835727e+00 +5.210835727e+00 +2.402083573e+01 +2.402083573e+01 +4.0462e-01 +2.3713e+00 -9.3338e-01 +8.0460e-03 +2.0312e+00
1387 +3.355234371e+00 +3.355234371e+00 +2.216523437e+01 +2.216523437e+01 -6.0472e-01 +1.4299e+00 -6.4670e-01 +3.8127e-03 +1.1548e+00
2595 +2.247585063e+00 +2.247585063e+00 +2.105758506e+01 +2.105758506e+01 +1.2595e-01 +2.0543e+00 -6.0311e-01 -5.6591e-01 +2.1767e+00
2831 +1.185454656e+00 +1.185454656e+00 +1.999545466e+01 +1.999545466e+01 -2.8930e-01 +1.9800e+00 -8.7383e-01 +8.7670e-02 +1.7009e+00
5554 +9.933086017e-01 +9.933086017e-01 +1.980330860e+01 +1.980330860e+01 -7.3579e-01 +2.9487e+00 -1.1798e+00 +1.4850e+00 +1.8594e-01
7223 +5.906988486e-01 +5.906988486e-01 +1.940069885e+01 +1.940069885e+01 -1.4064e-01 +1.7921e+00 -8.0387e-01 -7.2373e-02 +1.5321e+00
14427 +3.474820993e-01 +3.474820993e-01 +1.915748210e+01 +1.915748210e+01 -1.1357e-01 +1.6102e+00 -7.9446e-01 -2.7154e-01 +1.9181e+00
21552 +2.135728377e-01 +2.135728377e-01 +1.902357284e+01 +1.902357284e+01 -2.0807e-01 +1.7432e+00 -8.3006e-01 -1.8191e-02 +1.6753e+00
41478 +9.776991586e-02 +9.776991586e-02 +1.890776992e+01 +1.890776992e+01 -1.7682e-01 +1.7085e+00 -7.9943e-01 -1.4811e-01 +1.7714e+00
% function evaluation | noise-free fitness - Fopt (2.731500000000e+02) | best noise-free fitness - Fopt | measured fitness | best measured fitness | x1 | x2...
1 +7.911722824e+01 +7.911722824e+01 +3.522672282e+02 +3.522672282e+02 +1.8369e+00 -3.4796e+00 +1.7749e+00 -1.3840e+00 +1.5073e+00
4 +4.735912122e+01 +4.735912122e+01 +3.205091212e+02 +3.205091212e+02 +1.1466e+00 +1.6815e+00 -2.6555e+00 +6.8672e-01 +4.4759e+00
49 +3.614766405e+01 +3.614766405e+01 +3.092976641e+02 +3.092976641e+02 -5.7134e-01 +2.1878e+00 -1.9503e+00 +1.8884e+00 +8.3182e-01
108 +2.328155248e+01 +2.328155248e+01 +2.964315525e+02 +2.964315525e+02 -1.4623e+00 +3.3587e+00 -3.0558e+00 +3.6155e-02 +8.3498e-01
499 +1.454016345e+01 +1.454016345e+01 +2.876901634e+02 +2.876901634e+02 +3.1342e+00 +1.3554e+00 -5.9802e-01 +1.5724e+00 +2.0263e+00
993 +6.402083984e+00 +6.402083984e+00 +2.795520840e+02 +2.795520840e+02 +1.1210e+00 +3.6946e+00 +3.4989e-01 +1.7496e+00 +8.7270e-01
1935 +5.457609833e+00 +5.457609833e+00 +2.786076098e+02 +2.786076098e+02 +3.0026e-01 +4.3154e+00 -3.6741e-01 +1.6443e+00 +1.1094e+00
2513 +3.854623190e+00 +3.854623190e+00 +2.770046232e+02 +2.770046232e+02 +2.2841e+00 +3.6946e+00 +3.8060e-01 +1.7496e+00 +1.1172e+00
4358 +2.469814204e+00 +2.469814204e+00 +2.756198142e+02 +2.756198142e+02 -5.9687e-01 +3.9647e+00 +2.3484e-01 +2.1770e+00 +1.3675e+00
10019 +1.556050342e+00 +1.556050342e+00 +2.747060503e+02 +2.747060503e+02 -3.9604e+00 +3.6928e+00 -6.1869e-01 +2.5042e+00 +2.0996e+00
12579 +9.128250987e-01 +9.128250987e-01 +2.740628251e+02 +2.740628251e+02 -3.9604e+00 +3.6928e+00 -6.1869e-01 +2.6021e+00 +2.0996e+00
31143 +5.294886662e-01 +5.294886662e-01 +2.736794887e+02 +2.736794887e+02 -3.5565e+00 +3.7152e+00 -5.3550e-01 +2.5315e+00 +2.0156e+00
46736 +3.766260840e-01 +3.766260840e-01 +2.735266261e+02 +2.735266261e+02 -3.5137e+00 +3.7167e+00 -4.7309e-01 +2.5419e+00 +2.0150e+00
% function evaluation | noise-free fitness - Fopt (3.718000000000e+01) | best noise-free fitness - Fopt | measured fitness | best measured fitness | x1 | x2...
1 +3.558862262e+02 +3.558862262e+02 +3.930662262e+02 +3.930662262e+02 +2.9516e+00 -2.7628e+00 -4.4721e+00 +2.9005e+00 -2.5250e+00
2 +1.666144740e+02 +1.666144740e+02 +2.037944740e+02 +2.037944740e+02 +2.0298e+00 -2.1496e+00 +4.4440e+00 -2.0131e+00 -2.0800e+00
9 +3.165955390e+01 +3.165955390e+01 +6.883955390e+01 +6.883955390e+01 -1.5162e+00 +1.2563e+00 +5.4239e-01 +2.4679e+00 -3.9915e+00
101 +1.065428480e+01 +1.065428480e+01 +4.783428480e+01 +4.783428480e+01 -4.1302e-01 -1.5210e-02 +4.7149e+00 +9.8792e-01 -9.6840e-01
169 +9.834656806e+00 +9.834656806e+00 +4.701465681e+01 +4.701465681e+01 -3.2853e+00 +1.0655e+00 +1.7058e+00 +1.8290e+00 -5.0000e+00
678 +3.967889351e+00 +3.967889351e+00 +4.114788935e+01 +4.114788935e+01 -3.0324e+00 +1.6115e+00 +2.8202e+00 +1.6802e+00 -4.0672e+00
3539 +9.679183330e-01 +9.679183330e-01 +3.814791833e+01 +3.814791833e+01 -3.4842e+00 +2.1055e+00 +2.5904e+00 +1.5186e+00 -3.4140e+00
27044 +5.557477687e-01 +5.557477687e-01 +3.773574777e+01 +3.773574777e+01 -3.7204e+00 +2.1409e+00 +2.3986e+00 +1.5155e+00 -3.4743e+00
41474 +3.086177541e-01 +3.086177541e-01 +3.748861775e+01 +3.748861775e+01 -4.0074e+00 +2.2043e+00 +2.0597e+00 +1.5945e+00 -3.5583e+00
% function evaluation | noise-free fitness - Fopt (-1.479000000000e+02) | best noise-free fitness - Fopt | measured fitness | best measured fitness | x1 | x2...
1 +1.193330002e+02 +1.193330002e+02 -2.856699982e+01 -2.856699982e+01 +4.4815e+00 -1.9841e+00 -1.6023e+00 -1.7956e+00 +3.2034e+00
2 +8.134300522e+01 +8.134300522e+01 -6.655699478e+01 -6.655699478e+01 +1.1047e+00 +1.4449e+00 -3.0074e+00 +6.1912e-01 +9.7709e-01
5 +4.223883275e+01 +4.223883275e+01 -1.056611673e+02 -1.056611673e+02 -4.4238e-01 -3.6381e+00 +3.0529e+00 -3.2503e+00 -5.8427e-01
19 +3.082378188e+01 +3.082378188e+01 -1.170762181e+02 -1.170762181e+02 -9.0454e-01 +1.4779e+00 +3.3215e+00 +1.3581e+00 -3.2660e+00
59 +2.178808573e+01 +2.178808573e+01 -1.261119143e+02 -1.261119143e+02 -1.4378e-01 +1.8286e+00 +3.6269e+00 +4.9374e-01 -4.0259e+00
645 +1.086112490e+01 +1.086112490e+01 -1.370388751e+02 -1.370388751e+02 -1.2132e+00 -3.9406e-01 +2.7853e+00 -2.0004e+00 -3.1248e+00
1619 +9.370110695e+00 +9.370110695e+00 -1.385298893e+02 -1.385298893e+02 -6.6022e-02 -9.3697e-02 +1.1911e+00 -1.8088e+00 -3.3885e+00
2754 +2.825222444e+00 +2.825222444e+00 -1.450747776e+02 -1.450747776e+02 -1.4753e+00 -9.5547e-02 +9.6678e-01 -1.9054e+00 -3.0581e+00
5863 +1.745758056e+00 +1.745758056e+00 -1.461542419e+02 -1.461542419e+02 -1.7798e+00 +1.9583e-02 +1.5081e+00 -2.1406e+00 -3.1888e+00
8898 +1.476633916e+00 +1.476633916e+00 -1.464233661e+02 -1.464233661e+02 -1.8539e+00 +2.8526e-01 +6.0313e-01 -2.2626e+00 -3.1722e+00
10016 +7.777931445e-01 +7.777931445e-01 -1.471222069e+02 -1.471222069e+02 -1.7634e+00 -1.2564e-01 +1.5306e+00 -1.7617e+00 -2.7628e+00
18004 +5.528501308e-01 +5.528501308e-01 -1.473471499e+02 -1.473471499e+02 -1.6336e+00 +1.1672e-01 +1.2729e+00 -2.0565e+00 -3.0625e+00
25455 +3.512619204e-01 +3.512619204e-01 -1.475487381e+02 -1.475487381e+02 -1.7363e+00 +2.7543e-01 +8.3439e-01 -2.1039e+00 -3.2092e+00
29852 +2.274583650e-01 +2.274583650e-01 -1.476725416e+02 -1.476725416e+02 -1.6486e+00 +1.0587e-01 +1.1686e+00 -1.9995e+00 -3.0789e+00
% function evaluation | noise-free fitness - Fopt (-2.218900000000e+02) | best noise-free fitness - Fopt | measured fitness | best measured fitness | x1 | x2...
1 +8.687481471e+01 +8.687481471e+01 -1.350151853e+02 -1.350151853e+02 +1.5923e+00 +3.5859e+00 +3.8318e+00 -2.3653e+00 -4.4932e-01
6 +6.196161113e+01 +6.196161113e+01 -1.599283889e+02 -1.599283889e+02 -2.6207e+00 +3.0188e+00 +3.0242e+00 +1.4588e+00 -5.8243e-01
22 +2.304730399e+01 +2.304730399e+01 -1.988426960e+02 -1.988426960e+02 -1.1082e-01 -6.7393e-01 +1.8012e+00 +1.2600e+00 -4.0734e+00
242 +1.548968492e+01 +1.548968492e+01 -2.064003151e+02 -2.064003151e+02 -1.2577e+00 -8.0584e-02 -1.4311e+00 -1.4024e+00 -1.7463e+00
819 +6.933445938e+00 +6.933445938e+00 -2.149565541e+02 -2.149565541e+02 -3.5573e-01 -1.3658e+00 -2.6520e+00 -2.3188e+00 -2.2548e+00
1297 +5.889296959e+00 +5.889296959e+00 -2.160007030e+02 -2.160007030e+02 -3.0428e+00 +3.9431e-01 +5.8190e-01 +9.2715e-01 -2.0708e+00
1937 +3.280543919e+00 +3.280543919e+00 -2.186094561e+02 -2.186094561e+02 -4.1701e+00 +3.7187e-01 -1.3990e-01 +9.2715e-01 -2.0708e+00
4514 +2.034539678e+00 +2.034539678e+00 -2.198554603e+02 -2.198554603e+02 -3.6183e+00 +2.4592e-01 -2.6755e-01 +5.9698e-01 -1.8833e+00
5061 +1.375072725e+00 +1.375072725e+00 -2.205149273e+02 -2.205149273e+02 -3.4685e+00 -8.4372e-02 -8.1413e-01 +1.1640e+00 -2.0421e+00
8649 +6.491103636e-01 +6.491103636e-01 -2.212408896e+02 -2.212408896e+02 -3.8604e+00 +1.7168e-01 +2.1335e-01 +8.4417e-01 -1.9277e+00
8836 +5.738226820e-01 +5.738226820e-01 -2.213161773e+02 -2.213161773e+02 -4.3716e+00 +2.8727e-01 +7.0398e-01 +1.3629e+00 -1.8981e+00
20969 +2.600965130e-01 +2.600965130e-01 -2.216299035e+02 -2.216299035e+02 -3.8956e+00 +2.0848e-01 +2.1335e-01 +8.4417e-01 -1.8930e+00
49468 +1.956924264e-01 +1.956924264e-01 -2.216943076e+02 -2.216943076e+02 -3.9436e+00 +2.5379e-01 +2.5707e-01 +8.9708e-01 -1.9427e+00
% function evaluation | noise-free fitness - Fopt (1.195400000000e+02) | best noise-free fitness - Fopt | measured fitness | best measured fitness | x1 | x2...
1 +1.159480488e+02 +1.159480488e+02 +2.354880488e+02 +2.354880488e+02 +7.5490e-02 -4.4641e+00 -3.8698e+00 -9.7454e-01 -4.1049e+00
4 +8.445906367e+01 +8.445906367e+01 +2.039990637e+02 +2.039990637e+02 +3.3478e+00 -2.3425e+00 -7.5781e-01 +1.8275e+00 +2.8518e-01
11 +5.394836857e+01 +5.394836857e+01 +1.734883686e+02 +1.734883686e+02 +8.9544e-01 +2.3085e+00 +4.1890e-01 +4.2627e+00 +1.1138e+00
20 +2.670661792e+01 +2.670661792e+01 +1.462466179e+02 +1.462466179e+02 +2.0446e+00 +7.3964e-01 -4.9051e-01 +4.5423e+00 +3.3115e+00
159 +2.374130927e+01 +2.374130927e+01 +1.432813093e+02 +1.432813093e+02 +1.6835e+00 +1.3334e+00 -2.3206e+00 -8.8825e-01 +2.4333e+00
239 +1.130074765e+01 +1.130074765e+01 +1.308407476e+02 +1.308407476e+02 +2.6835e+00 +2.3334e+00 -1.3206e+00 +1.1175e-01 +3.4333e+00
1079 +8.858237599e+00 +8.858237599e+00 +1.283982376e+02 +1.283982376e+02 +2.6835e+00 +1.5330e+00 -2.3188e+00 +1.1175e-01 +4.2002e+00
3319 +4.771396483e+00 +4.771396483e+00 +1.243113965e+02 +1.243113965e+02 +2.3873e+00 +1.5330e+00 -2.7164e+00 +1.1175e-01 +4.1290e+00
4359 +3.813020961e+00 +3.813020961e+00 +1.233530210e+02 +1.233530210e+02 +1.8646e+00 +1.2127e+00 -2.6402e+00 -4.3418e-01 +4.1290e+00
5149 +2.234688271e+00 +2.234688271e+00 +1.217746883e+02 +1.217746883e+02 +8.5176e-01 +4.0708e-01 -3.3232e+00 -6.8153e-01 +3.5114e+00
10039 +1.471330463e+00 +1.471330463e+00 +1.210113305e+02 +1.210113305e+02 +1.8646e+00 +1.3150e+00 -2.6402e+00 -3.3980e-01 +3.8215e+00
12004 +9.115619644e-01 +9.115619644e-01 +1.204515620e+02 +1.204515620e+02 +1.8357e+00 +1.3569e+00 -2.6342e+00 -9.5342e-02 +3.7769e+00
20245 +2.739755831e-01 +2.739755831e-01 +1.198139756e+02 +1.198139756e+02 +1.4624e+00 +1.0299e+00 -2.9329e+00 -2.9873e-01 +3.7964e+00
33689 +1.298185319e-01 +1.298185319e-01 +1.196698185e+02 +1.196698185e+02 +1.6037e+00 +1.0964e+00 -2.8370e+00 -2.7212e-01 +3.8020e+00
48664 +8.631809372e-02 +8.631809372e-02 +1.196263181e+02 +1.196263181e+02 +1.3010e+00 +9.0572e-01 -3.0846e+00 -3.9686e-01 +3.7793e+00
% function evaluation | noise-free fitness - Fopt (6.983000000000e+01) | best noise-free fitness - Fopt | measured fitness | best measured fitness | x1 | x2...
1 +1.188078956e+02 +1.188078956e+02 +1.886378956e+02 +1.886378956e+02 -4.3778e+00 +3.1157e+00 +2.6301e+00 -3.6394e+00 -2.9245e+00
3 +5.729201007e+01 +5.729201007e+01 +1.271220101e+02 +1.271220101e+02 -4.7640e+00 -3.2779e+00 +3.7097e+00 +2.8680e-01 +1.6623e+00
20 +2.894469990e+01 +2.894469990e+01 +9.877469990e+01 +9.877469990e+01 -4.3423e+00 -1.1588e+00 -2.9560e+00 -4.8466e-01 -9.5892e-01
341 +1.818930917e+01 +1.818930917e+01 +8.801930917e+01 +8.801930917e+01 -1.1233e+00 -1.6939e+00 -3.4958e+00 -1.2790e+00 +2.5287e+00
581 +5.588135116e+00 +5.588135116e+00 +7.541813512e+01 +7.541813512e+01 -1.8072e+00 -1.2497e+00 -4.1279e+00 -2.1180e+00 +1.1989e+00
1703 +2.708413119e+00 +2.708413119e+00 +7.253841312e+01 +7.253841312e+01 -9.7561e-01 -7.4309e-01 -5.0000e+00 -1.1112e+00 -1.6397e-02
2737 +1.682309596e+00 +1.682309596e+00 +7.151230960e+01 +7.151230960e+01 -1.9819e+00 -1.0729e+00 -3.4554e+00 -2.4633e+00 +1.0775e+00
4177 +1.569967057e+00 +1.569967057e+00 +7.139996706e+01 +7.139996706e+01 -1.9707e+00 -1.0729e+00 -3.4554e+00 -2.4633e+00 +1.3138e+00
13140 +8.352202756e-01 +8.352202756e-01 +7.066522028e+01 +7.066522028e+01 -2.2272e+00 -9.1441e-01 -3.2026e+00 -2.8218e+00 +9.7174e-01
15855 +4.616171962e-01 +4.616171962e-01 +7.029161720e+01 +7.029161720e+01 -2.7684e+00 -1.3023e+00 -2.7580e+00 -3.3555e+00 +1.4233e+00
26495 +3.318080678e-01 +3.318080678e-01 +7.016180807e+01 +7.016180807e+01 -2.5665e+00 -1.3023e+00 -2.9315e+00 -3.1808e+00 +1.4233e+00
38652 +1.611287038e-01 +1.611287038e-01 +6.999112870e+01 +6.999112870e+01 -2.8382e+00 -1.4129e+00 -2.6721e+00 -3.4697e+00 +1.5290e+00
48169 +1.482861856e-01 +1.482861856e-01 +6.997828619e+01 +6.997828619e+01 -2.7967e+00 -1.4176e+00 -2.6992e+00 -3.4207e+00 +1.5319e+00
% function evaluation | noise-free fitness - Fopt (7.000000000000e-02) | best noise-free fitness - Fopt | measured fitness | best measured fitness | x1 | x2...
1 +2.855397930e+02 +2.855397930e+02 +2.856097930e+02 +2.856097930e+02 +3.2800e+00 +2.0680e+00 -1.5645e+00 -6.6797e-02 +8.1196e-01
4 +8.108421851e+01 +8.108421851e+01 +8.115421851e+01 +8.115421851e+01 +4.3104e-01 +3.7617e+00 +4.7920e+00 -2.4644e+00 +4.4186e+00
40 +3.207335387e+01 +3.207335387e+01 +3.214335387e+01 +3.214335387e+01 +4.8065e+00 -3.4344e+00 +2.4240e+00 -2.5541e+00 -8.9219e-01
208 +1.757238478e+01 +1.757238478e+01 +1.764238478e+01 +1.764238478e+01 +1.2580e+00 -2.3098e+00 +1.5474e+00 -2.0192e+00 +6.3922e-01
489 +1.529584507e+01 +1.529584507e+01 +1.536584507e+01 +1.536584507e+01 +1.9400e+00 +1.8753e+00 +4.5063e+00 -2.8923e+00 +4.6108e+00
1398 +7.650428602e+00 +7.650428602e+00 +7.720428602e+00 +7.720428602e+00 +3.8017e+00 -1.6530e+00 +2.5183e+00 -3.6254e+00 +2.0429e+00
1638 +5.166389373e+00 +5.166389373e+00 +5.236389373e+00 +5.236389373e+00 +3.0982e+00 -1.6530e+00 +2.6969e+00 -3.6254e+00 +2.0429e+00
2087 +3.369992157e+00 +3.369992157e+00 +3.439992157e+00 +3.439992157e+00 +3.8920e+00 -2.2079e+00 +2.0968e+00 -3.8428e+00 +1.7004e+00
2360 +2.434040237e+00 +2.434040237e+00 +2.504040237e+00 +2.504040237e+00 +3.5849e+00 -1.7016e+00 +1.6077e+00 -5.0000e+00 +1.1994e+00
6197 +1.515248540e+00 +1.515248540e+00 +1.585248540e+00 +1.585248540e+00 +3.4000e+00 -1.8881e+00 +2.6216e+00 -3.5179e+00 +1.8026e+00
9560 +8.065784793e-01 +8.065784793e-01 +8.765784793e-01 +8.765784793e-01 +3.5942e+00 -1.9933e+00 +1.8727e+00 -4.8245e+00 +1.1994e+00
16666 +6.225718027e-01 +6.225718027e-01 +6.925718027e-01 +6.925718027e-01 +3.7231e+00 -1.9931e+00 +2.1785e+00 -3.9587e+00 +1.4229e+00
25546 +1.174674465e-01 +1.174674465e-01 +1.874674465e-01 +1.874674465e-01 +3.7231e+00 -1.9931e+00 +2.2523e+00 -3.8252e+00 +1.5378e+00
49546 +8.978406940e-02 +8.978406940e-02 +1.597840694e-01 +1.597840694e-01 +3.7342e+00 -1.9931e+00 +2.2523e+00 -3.8252e+00 +1.5378e+00
% function evaluation | noise-free fitness - Fopt (4.960000000000e+00) | best noise-free fitness - Fopt | measured fitness | best measured fitness | x1 | x2...
1 +1.384664753e+02 +1.384664753e+02 +1.434264753e+02 +1.434264753e+02 +7.4728e-01 -1.7193e+00 -3.0663e+00 +4.6977e+00 -4.7307e+00
4 +6.615102718e+01 +6.615102718e+01 +7.111102718e+01 +7.111102718e+01 -2.9937e+00 +3.7609e+00 +1.7670e+00 +1.2772e-01 +2.8279e+00
13 +4.313123245e+01 +4.313123245e+01 +4.809123245e+01 +4.809123245e+01 +5.6978e-01 +3.0411e+00 -4.5692e+00 -2.2441e+00 -7.2094e-01
44 +2.739204647e+01 +2.739204647e+01 +3.235204647e+01 +3.235204647e+01 -1.9937e+00 +4.1050e+00 +7.6698e-01 -8.7228e-01 +1.8279e+00
53 +2.229166471e+01 +2.229166471e+01 +2.725166471e+01 +2.725166471e+01 +1.5698e+00 +3.8556e+00 -3.6411e+00 -2.6907e+00 -1.0760e+00
679 +1.335018246e+01 +1.335018246e+01 +1.831018246e+01 +1.831018246e+01 -4.6122e-02 +3.9129e+00 +6.4398e-01 -4.1078e+00 +1.5451e+00
755 +8.197579724e+00 +8.197579724e+00 +1.315757972e+01 +1.315757972e+01 +2.5241e+00 +2.0296e+00 +1.2760e-02 -3.6797e+00 -9.5506e-01
919 +4.109455813e+00 +4.109455813e+00 +9.069455813e+00 +9.069455813e+00 +9.8783e-02 +3.9129e+00 +6.4398e-01 -3.1945e+00 +1.5451e+00
2335 +2.452665507e+00 +2.452665507e+00 +7.412665507e+00 +7.412665507e+00 +9.7164e-01 +3.3595e+00 +5.6588e-01 -3.2103e+00 +8.4051e-01
11075 +1.229821421e+00 +1.229821421e+00 +6.189821421e+00 +6.189821421e+00 +2.8601e+00 +1.8463e+00 -4.2993e-01 -3.7550e+00 -2.5230e+00
18666 +1.026318737e-01 +1.026318737e-01 +5.062631874e+00 +5.062631874e+00 +3.2297e+00 +1.8214e+00 -1.1569e+00 -3.9262e+00 -3.3114e+00
% function evaluation | noise-free fitness - Fopt (1.923000000000e+02) | best noise-free fitness - Fopt | measured fitness | best measured fitness | x1 | x2...
1 +2.203118867e+02 +2.203118867e+02 +4.126118867e+02 +4.126118867e+02 +3.3743e+00 +6.9797e-01 -3.2921e+00 -2.0409e+00 -1.2485e+00
6 +1.224718639e+02 +1.224718639e+02 +3.147718639e+02 +3.147718639e+02 +3.3380e+00 +3.7214e+00 -7.2741e-02 -3.6972e+00 -4.3167e+00
9 +6.398780702e+01 +6.398780702e+01 +2.562878070e+02 +2.562878070e+02 -1.4847e+00 -7.4671e-01 -3.4944e+00 -3.3813e+00 -1.2476e+00
30 +1.710697840e+01 +1.710697840e+01 +2.094069784e+02 +2.094069784e+02 -3.3682e+00 +1.2590e+00 -2.7208e+00 -3.0955e+00 -4.4150e+00
181 +1.452581196e+01 +1.452581196e+01 +2.068258120e+02 +2.068258120e+02 -2.2339e+00 +1.4234e+00 -2.9034e+00 -4.3491e-01 -5.0000e+00
1361 +8.995977891e+00 +8.995977891e+00 +2.012959779e+02 +2.012959779e+02 -1.5356e+00 +8.9965e-01 -3.3868e+00 -1.7034e+00 -2.6101e+00
2739 +5.645386279e+00 +5.645386279e+00 +1.979453863e+02 +1.979453863e+02 -2.5984e+00 +4.4246e+00 -2.2768e+00 -2.0570e-01 -5.0000e+00
3369 +2.042086495e+00 +2.042086495e+00 +1.943420865e+02 +1.943420865e+02 -2.5839e+00 +3.2022e+00 -2.8961e+00 -1.1214e+00 -4.0670e+00
6169 +1.417843908e+00 +1.417843908e+00 +1.937178439e+02 +1.937178439e+02 -2.9741e+00 +4.1128e+00 -2.8961e+00 -1.1214e+00 -4.0670e+00
10978 +8.588329315e-01 +8.588329315e-01 +1.931588329e+02 +1.931588329e+02 -2.4903e+00 +2.6946e+00 -3.1750e+00 -1.2784e+00 -3.7176e+00
15800 +5.921719857e-01 +5.921719857e-01 +1.928921720e+02 +1.928921720e+02 -2.8759e+00 +3.8528e+00 -2.7676e+00 -1.1188e+00 -4.0826e+00
29931 +3.313468171e-01 +3.313468171e-01 +1.926313468e+02 +1.926313468e+02 -2.9707e+00 +3.9199e+00 -2.8069e+00 -1.3233e+00 -3.9316e+00
38491 +2.240001789e-01 +2.240001789e-01 +1.925240002e+02 +1.925240002e+02 -2.8820e+00 +3.7440e+00 -2.8446e+00 -1.2828e+00 -3.9316e+00
% function evaluation | noise-free fitness - Fopt (4.971000000000e+01) | best noise-free fitness - Fopt | measured fitness | best measured fitness | x1 | x2...
1 +2.875285514e+02 +2.875285514e+02 +3.372385514e+02 +3.372385514e+02 +4.9848e+00 +2.0762e+00 +1.0455e-01 -2.5149e+00 +3.6581e+00
3 +2.399417002e+02 +2.399417002e+02 +2.896517002e+02 +2.896517002e+02 -3.0696e+00 +1.4242e+00 +2.4738e+00 +3.2859e+00 -4.3427e+00
5 +7.402814377e+01 +7.402814377e+01 +1.237381438e+02 +1.237381438e+02 +3.6818e+00 +3.1329e+00 -5.3263e-01 +1.3387e-01 -4.1849e-01
35 +5.043382008e+01 +5.043382008e+01 +1.001438201e+02 +1.001438201e+02 +1.1956e-02 -3.6841e+00 +2.5321e+00 -7.3177e-01 -7.4625e-01
51 +3.854135873e+01 +3.854135873e+01 +8.825135873e+01 +8.825135873e+01 -7.4661e-02 -1.7586e+00 +8.3413e-01 +2.1854e+00 +1.4539e+00
128 +2.393330618e+01 +2.393330618e+01 +7.364330618e+01 +7.364330618e+01 -1.2039e+00 -3.2061e-01 +2.4815e+00 -2.4530e+00 -1.8804e+00
574 +1.063297780e+01 +1.063297780e+01 +6.034297780e+01 +6.034297780e+01 +3.7596e-02 -1.5714e+00 -2.4262e+00 +2.0208e+00 -1.2478e+00
4011 +8.959020142e+00 +8.959020142e+00 +5.866902014e+01 +5.866902014e+01 +2.0697e+00 -2.0256e+00 -1.4065e+00 +1.6543e+00 -1.7201e+00
5959 +5.304227384e+00 +5.304227384e+00 +5.501422738e+01 +5.501422738e+01 +3.1476e+00 -2.6402e+00 -1.7301e+00 +1.9763e+00 -3.4610e+00
6039 +2.913148136e+00 +2.913148136e+00 +5.262314814e+01 +5.262314814e+01 +3.2614e+00 -2.6402e+00 -1.7301e+00 +1.9763e+00 -2.3706e+00
12517 +2.207047827e+00 +2.207047827e+00 +5.191704783e+01 +5.191704783e+01 +3.3646e+00 -3.6155e+00 -1.7371e+00 +2.3001e+00 -1.8799e+00
18401 +1.201957329e+00 +1.201957329e+00 +5.091195733e+01 +5.091195733e+01 +3.5452e+00 -3.4690e+00 -1.3346e+00 +2.2040e+00 -1.9480e+00
23477 +9.442690605e-01 +9.442690605e-01 +5.065426906e+01 +5.065426906e+01 +3.5041e+00 -3.4929e+00 -1.3896e+00 +2.2775e+00 -1.5470e+00
% function evaluation | noise-free fitness - Fopt (2.051200000000e+02) | best noise-free fitness - Fopt | measured fitness | best measured fitness | x1 | x2...
1 +2.801709585e+02 +2.801709585e+02 +4.852909585e+02 +4.852909585e+02 -2.0366e+00 -8.2419e-01 -2.5257e+00 -2.6884e-01 -2.8045e+00
2 +6.974214700e+01 +6.974214700e+01 +2.748621470e+02 +2.748621470e+02 +3.7230e+00 -2.2830e+00 -3.7965e+00 -2.4442e+00 +1.0582e+00
3 +5.494174937e+01 +5.494174937e+01 +2.600617494e+02 +2.600617494e+02 -4.6635e+00 +9.8831e-01 -3.2040e+00 -4.3500e+00 -1.8373e-01
61 +3.605972150e+01 +3.605972150e+01 +2.411797215e+02 +2.411797215e+02 -2.2444e+00 +2.7669e+00 -2.0250e+00 -2.6602e+00 -2.6898e+00
103 +2.379879192e+01 +2.379879192e+01 +2.289187919e+02 +2.289187919e+02 +3.8085e+00 +1.5641e+00 -1.5897e+00 -3.7429e+00 +3.8533e+00
341 +1.553526527e+01 +1.553526527e+01 +2.206552653e+02 +2.206552653e+02 -4.3465e-01 +3.7669e+00 -1.0877e+00 -1.6602e+00 -1.1429e+00
823 +9.380145423e+00 +9.380145423e+00 +2.145001454e+02 +2.145001454e+02 +3.8085e+00 +1.5641e+00 -2.5097e+00 -4.7871e+00 +3.8533e+00
1941 +4.702819109e+00 +4.702819109e+00 +2.098228191e+02 +2.098228191e+02 +2.9062e-01 +3.0560e+00 -4.0570e+00 -3.8233e+00 -3.6842e-01
4666 +2.477979140e+00 +2.477979140e+00 +2.075979791e+02 +2.075979791e+02 -5.9052e-02 +3.4668e+00 -3.5562e+00 -3.1263e+00 -7.2330e-01
17207 +1.511044389e+00 +1.511044389e+00 +2.066310444e+02 +2.066310444e+02 -9.6773e-01 +3.7910e+00 -3.4613e+00 -2.3664e+00 -1.9645e+00
19212 +8.106102118e-01 +8.106102118e-01 +2.059306102e+02 +2.059306102e+02 -1.5938e+00 +4.0727e+00 -3.3146e+00 -1.9863e+00 -2.3263e+00
23237 +6.161797743e-01 +6.161797743e-01 +2.057361798e+02 +2.057361798e+02 -1.1552e+00 +3.9152e+00 -3.2788e+00 -2.2359e+00 -2.0463e+00
34802 +3.720869212e-01 +3.720869212e-01 +2.054920869e+02 +2.054920869e+02 -1.4689e+00 +3.9922e+00 -3.3453e+00 -2.0576e+00 -2.2256e+00
% function evaluation | noise-free fitness - Fopt (-1.729000000000e+02) | best noise-free fitness - Fopt | measured fitness | best measured fitness | x1 | x2...
1 +1.925093192e+02 +1.925093192e+02 +1.960931924e+01 +1.960931924e+01 +2.2251e+00 +2.0163e+00 -1.7386e+00 +2.4772e+00 +1.7713e+00
2 +1.192916864e+02 +1.192916864e+02 -5.360831359e+01 -5.360831359e+01 +9.6271e-01 -4.2149e+00 -4.0249e+00 -1.5232e+00 +2.4726e+00
4 +6.481364171e+01 +6.481364171e+01 -1.080863583e+02 -1.080863583e+02 -2.8125e+00 +1.1773e+00 -2.5647e-01 -1.7035e+00 +4.7057e-01
15 +5.113651158e+01 +5.113651158e+01 -1.217634884e+02 -1.217634884e+02 -2.2643e+00 +1.0356e+00 +1.8801e+00 -1.7938e+00 +1.6123e+00
23 +3.042587463e+01 +3.042587463e+01 -1.424741254e+02 -1.424741254e+02 -1.7959e+00 -4.9771e+00 +2.3369e+00 -3.5451e+00 -4.1071e+00
86 +2.190964082e+01 +2.190964082e+01 -1.509903592e+02 -1.509903592e+02 -3.2624e-01 -3.5400e+00 +3.1549e+00 -4.7380e+00 -5.0000e+00
246 +1.541008983e+01 +1.541008983e+01 -1.574899102e+02 -1.574899102e+02 -9.7013e-01 -3.7980e+00 +2.0903e+00 -4.7380e+00 -5.0000e+00
1868 +9.874228880e+00 +9.874228880e+00 -1.630257711e+02 -1.630257711e+02 -1.8987e+00 -2.5305e-01 +3.7863e+00 -3.8366e+00 -3.0535e+00
4108 +5.950789143e+00 +5.950789143e+00 -1.669492109e+02 -1.669492109e+02 -3.0457e+00 +1.3709e-01 +4.3092e+00 -1.1552e+00 -2.8624e+00
4915 +3.110594986e+00 +3.110594986e+00 -1.697894050e+02 -1.697894050e+02 -3.5753e+00 -2.7761e-01 +3.8342e+00 -2.7698e+00 -2.7280e+00
7235 +2.351813928e+00 +2.351813928e+00 -1.705481861e+02 -1.705481861e+02 -3.3825e+00 -2.7761e-01 +3.8342e+00 -3.2200e+00 -2.7280e+00
15075 +1.139866106e+00 +1.139866106e+00 -1.717601339e+02 -1.717601339e+02 -3.2276e+00 -3.7419e-01 +3.9450e+00 -3.2200e+00 -2.7280e+00
18353 +9.270232605e-01 +9.270232605e-01 -1.719729767e+02 -1.719729767e+02 -3.0458e+00 -8.9464e-01 +3.8716e+00 -3.5731e+00 -3.1915e+00
25556 +5.414191586e-01 +5.414191586e-01 -1.723585808e+02 -1.723585808e+02 -2.9801e+00 -9.7184e-01 +3.7685e+00 -3.7162e+00 -3.3584e+00
47948 +3.876689240e-01 +3.876689240e-01 -1.725123311e+02 -1.725123311e+02 -3.2493e+00 -4.2105e-01 +3.9676e+00 -3.1577e+00 -2.7670e+00
% function evaluation | noise-free fitness - Fopt (-3.506200000000e+02) | best noise-free fitness - Fopt | measured fitness | best measured fitness | x1 | x2...
1 +6.835003766e+01 +6.835003766e+01 -2.822699623e+02 -2.822699623e+02 +2.2124e+00 -6.1043e-01 +7.1602e-01 -4.6770e+00 -4.3002e+00
6 +2.362123476e+01 +2.362123476e+01 -3.269987652e+02 -3.269987652e+02 -5.0919e-02 -1.9929e+00 +1.0436e+00 +5.1878e-01 -3.7385e+00
68 +1.503698259e+01 +1.503698259e+01 -3.355830174e+02 -3.355830174e+02 -3.0477e+00 -1.9843e+00 -1.3681e+00 -4.4629e-01 +9.5074e-03
136 +9.825563121e+00 +9.825563121e+00 -3.407944369e+02 -3.407944369e+02 -2.2979e+00 -3.0874e+00 -3.4104e-01 -2.6367e+00 -8.2057e-01
1443 +6.289334619e+00 +6.289334619e+00 -3.443306654e+02 -3.443306654e+02 -1.7926e+00 -1.7989e+00 -9.4623e-01 -1.4503e+00 -1.6523e+00
3709 +3.204016566e+00 +3.204016566e+00 -3.474159834e+02 -3.474159834e+02 -3.4318e+00 -3.4397e+00 -4.6472e-01 -1.3713e+00 +6.3757e-01
4349 +2.025292974e+00 +2.025292974e+00 -3.485947070e+02 -3.485947070e+02 -3.4318e+00 -3.2341e+00 -4.6472e-01 -1.3713e+00 +6.3757e-01
9204 +1.553315570e+00 +1.553315570e+00 -3.490666844e+02 -3.490666844e+02 -4.2053e+00 -3.9554e+00 -3.8465e-01 -2.1164e+00 +1.5373e+00
13390 +7.098307520e-01 +7.098307520e-01 -3.499101692e+02 -3.499101692e+02 -3.6976e+00 -3.6620e+00 +6.9174e-02 -7.7772e-01 +1.1427e+00
25937 +6.144227169e-01 +6.144227169e-01 -3.500055773e+02 -3.500055773e+02 -3.7131e+00 -3.5665e+00 -3.2659e-01 -1.5116e+00 +1.0487e+00
35213 +2.372306637e-01 +2.372306637e-01 -3.503827693e+02 -3.503827693e+02 -3.7999e+00 -3.6702e+00 -2.6831e-01 -1.5496e+00 +1.1831e+00
