% function evaluation | noise-free fitness - Fopt (-4.620900000000e+02) | best noise-free fitness - Fopt | measured fitness | best measured fitness | x1 | x2...
1 +2.425815206e+02 +2.425815206e+02 -2.195084794e+02 -2.195084794e+02 -4.6915e+00 -2.5062e+00
3 +8.143923599e+01 +8.143923599e+01 -3.806507640e+02 -3.806507640e+02 -3.4610e+00 +4.3650e+00
4 +4.078804535e+01 +4.078804535e+01 -4.213019547e+02 -4.213019547e+02 +4.2427e-01 +3.7202e+00
6 +1.357247150e+01 +1.357247150e+01 -4.485175285e+02 -4.485175285e+02 -2.1587e+00 +2.5825e+00
98 +4.797662197e+00 +4.797662197e+00 -4.572923378e+02 -4.572923378e+02 -2.4106e+00 +1.6092e+00
315 +2.220238022e+00 +2.220238022e+00 -4.598697620e+02 -4.598697620e+02 -2.3510e+00 +2.7040e+00
402 +1.296244721e+00 +1.296244721e+00 -4.607937553e+02 -4.607937553e+02 -2.3490e+00 +2.2743e+00
480 +4.892871978e-01 +4.892871978e-01 -4.616007128e+02 -4.616007128e+02 -2.3794e+00 +2.3094e+00
590 +2.065458306e-01 +2.065458306e-01 -4.618834542e+02 -4.618834542e+02 -2.3119e+00 +2.3041e+00
640 +1.541171624e-01 +1.541171624e-01 -4.619358828e+02 -4.619358828e+02 -2.3444e+00 +2.3094e+00
937 +2.630226867e-02 +2.630226867e-02 -4.620636977e+02 -4.620636977e+02 -2.3334e+00 +2.3032e+00
945 +2.311117722e-02 +2.311117722e-02 -4.620668888e+02 -4.620668888e+02 -2.3361e+00 +2.2970e+00
1017 +1.082660635e-02 +1.082660635e-02 -4.620791734e+02 -4.620791734e+02 -2.3334e+00 +2.2999e+00
1048 +3.379114534e-03 +3.379114534e-03 -4.620866209e+02 -4.620866209e+02 -2.3392e+00 +2.3013e+00
1057 +1.435432557e-03 +1.435432557e-03 -4.620885646e+02 -4.620885646e+02 -2.3435e+00 +2.2999e+00
1116 +1.204182225e-04 +1.204182225e-04 -4.620898796e+02 -4.620898796e+02 -2.3414e+00 +2.2998e+00
1177 +5.393986731e-05 +5.393986731e-05 -4.620899461e+02 -4.620899461e+02 -2.3412e+00 +2.2999e+00
1324 +5.505416709e-06 +5.505416709e-06 -4.620899945e+02 -4.620899945e+02 -2.3408e+00 +2.3001e+00
1444 +1.969343089e-07 +1.969343089e-07 -4.620899998e+02 -4.620899998e+02 -2.3408e+00 +2.3000e+00
1632 +1.961137741e-08 +1.961137741e-08 -4.620900000e+02 -4.620900000e+02 -2.3408e+00 +2.3000e+00
1683 +1.380470849e-08 +1.380470849e-08 -4.620900000e+02 -4.620900000e+02 -2.3408e+00 +2.3000e+00
1751 +2.798287824e-09 +2.798287824e-09 -4.620900000e+02 -4.620900000e+02 -2.3408e+00 +2.3000e+00
% function evaluation | noise-free fitness - Fopt (7.766000000000e+01) | best noise-free fitness - Fopt | measured fitness | best measured fitness | x1 | x2...
1 +9.521200761e+01 +9.521200761e+01 +1.728720076e+02 +1.728720076e+02 +1.8621e+00 +1.2094e+00
3 +6.279004183e+01 +6.279004183e+01 +1.404500418e+02 +1.404500418e+02 -2.4471e+00 -1.9200e+00
6 +3.792679129e+01 +3.792679129e+01 +1.155867913e+02 +1.155867913e+02 +4.4182e+00 +4.3127e-01
22 +2.171822409e+01 +2.171822409e+01 +9.937822409e+01 +9.937822409e+01 +5.1911e-01 -1.4094e+00
105 +1.178511887e+01 +1.178511887e+01 +8.944511887e+01 +8.944511887e+01 +3.4916e-01 -1.2165e+00
157 +8.660684101e+00 +8.660684101e+00 +8.632068410e+01 +8.632068410e+01 +1.4495e+00 -1.5857e+00
309 +2.672787657e+00 +2.672787657e+00 +8.033278766e+01 +8.033278766e+01 +2.3262e+00 -4.5833e-01
329 +2.198409889e+00 +2.198409889e+00 +7.985840989e+01 +7.985840989e+01 +2.3911e+00 -4.5223e-01
458 +8.357764312e-01 +8.357764312e-01 +7.849577643e+01 +7.849577643e+01 +2.3676e+00 -8.3558e-01
1173 +3.154764416e-01 +3.154764416e-01 +7.797547644e+01 +7.797547644e+01 +2.4073e+00 -8.4259e-01
1305 +1.675988789e-01 +1.675988789e-01 +7.782759888e+01 +7.782759888e+01 +2.3955e+00 -8.4600e-01
1423 +1.494359305e-01 +1.494359305e-01 +7.780943593e+01 +7.780943593e+01 +2.4033e+00 -8.4683e-01
1438 +6.683961991e-03 +6.683961991e-03 +7.766668396e+01 +7.766668396e+01 +2.4038e+00 -8.5516e-01
1458 +2.423643360e-03 +2.423643360e-03 +7.766242364e+01 +7.766242364e+01 +2.4019e+00 -8.5620e-01
1519 +1.040527367e-03 +1.040527367e-03 +7.766104053e+01 +7.766104053e+01 +2.3992e+00 -8.5669e-01
1640 +5.019140635e-04 +5.019140635e-04 +7.766050191e+01 +7.766050191e+01 +2.3989e+00 -8.5643e-01
1658 +1.836925018e-04 +1.836925018e-04 +7.766018369e+01 +7.766018369e+01 +2.3976e+00 -8.5620e-01
1698 +9.055175285e-05 +9.055175285e-05 +7.766009055e+01 +7.766009055e+01 +2.3981e+00 -8.5620e-01
1703 +3.017558305e-05 +3.017558305e-05 +7.766003018e+01 +7.766003018e+01 +2.3987e+00 -8.5595e-01
1746 +2.194395785e-05 +2.194395785e-05 +7.766002194e+01 +7.766002194e+01 +2.3987e+00 -8.5602e-01
1747 +1.077301354e-05 +1.077301354e-05 +7.766001077e+01 +7.766001077e+01 +2.3986e+00 -8.5601e-01
1874 +5.363290157e-06 +5.363290157e-06 +7.766000536e+01 +7.766000536e+01 +2.3982e+00 -8.5599e-01
1902 +1.377479521e-06 +1.377479521e-06 +7.766000138e+01 +7.766000138e+01 +2.3983e+00 -8.5598e-01
1963 +2.458721013e-07 +2.458721013e-07 +7.766000025e+01 +7.766000025e+01 +2.3984e+00 -8.5599e-01
2094 +1.246954469e-07 +1.246954469e-07 +7.766000012e+01 +7.766000012e+01 +2.3984e+00 -8.5600e-01
2100 +5.533871672e-08 +5.533871672e-08 +7.766000006e+01 +7.766000006e+01 +2.3984e+00 -8.5599e-01
2125 +3.958298578e-08 +3.958298578e-08 +7.766000004e+01 +7.766000004e+01 +2.3984e+00 -8.5600e-01
2208 +1.849642217e-08 +1.849642217e-08 +7.766000002e+01 +7.766000002e+01 +2.3984e+00 -8.5600e-01
2215 +1.276319495e-09 +1.276319495e-09 +7.766000000e+01 +7.766000000e+01 +2.3984e+00 -8.5600e-01
% function evaluation | noise-free fitness - Fopt (1.156800000000e+02) | best noise-free fitness - Fopt | measured fitness | best measured fitness | x1 | x2...
1 +1.503013473e+02 +1.503013473e+02 +2.659813473e+02 +2.659813473e+02 +1.5993e+00 -4.3060e+00
3 +6.366509842e+01 +6.366509842e+01 +1.793450984e+02 +1.793450984e+02 +1.0485e+00 +7.1443e-01
9 +4.502779740e+01 +4.502779740e+01 +1.607077974e+02 +1.607077974e+02 +2.9881e-01 -1.7824e+00
15 +2.850182638e+01 +2.850182638e+01 +1.441818264e+02 +1.441818264e+02 +4.6937e-01 +2.9901e-03
17 +1.864006723e+01 +1.864006723e+01 +1.343200672e+02 +1.343200672e+02 +1.7256e+00 -1.2966e+00
90 +5.076524998e+00 +5.076524998e+00 +1.207565250e+02 +1.207565250e+02 -2.1906e+00 -3.2101e-01
307 +2.817888140e+00 +2.817888140e+00 +1.184978881e+02 +1.184978881e+02 -1.1902e+00 -1.3103e+00
411 +1.097756691e+00 +1.097756691e+00 +1.167777567e+02 +1.167777567e+02 -2.1984e+00 -6.2869e-01
495 +1.265147857e-01 +1.265147857e-01 +1.158065148e+02 +1.158065148e+02 -2.1949e+00 -9.7650e-01
819 +1.927792915e-02 +1.927792915e-02 +1.156992779e+02 +1.156992779e+02 -2.1878e+00 -9.8462e-01
898 +1.455174770e-02 +1.455174770e-02 +1.156945517e+02 +1.156945517e+02 -2.1704e+00 -9.8398e-01
1119 +9.204787437e-03 +9.204787437e-03 +1.156892048e+02 +1.156892048e+02 -2.1851e+00 -9.8396e-01
1186 +3.262683136e-03 +3.262683136e-03 +1.156832627e+02 +1.156832627e+02 -2.1794e+00 -9.8183e-01
1220 +1.990428688e-04 +1.990428688e-04 +1.156801990e+02 +1.156801990e+02 -2.1789e+00 -9.8349e-01
1297 +9.847593425e-05 +9.847593425e-05 +1.156800985e+02 +1.156800985e+02 -2.1786e+00 -9.8297e-01
1417 +5.705108869e-05 +5.705108869e-05 +1.156800571e+02 +1.156800571e+02 -2.1786e+00 -9.8304e-01
1422 +2.005240074e-05 +2.005240074e-05 +1.156800201e+02 +1.156800201e+02 -2.1782e+00 -9.8313e-01
1449 +6.110157074e-07 +6.110157074e-07 +1.156800006e+02 +1.156800006e+02 -2.1784e+00 -9.8319e-01
1663 +1.258635507e-08 +1.258635507e-08 +1.156800000e+02 +1.156800000e+02 -2.1784e+00 -9.8320e-01
1895 +2.724107162e-09 +2.724107162e-09 +1.156800000e+02 +1.156800000e+02 -2.1784e+00 -9.8320e-01
% function evaluation | noise-free fitness - Fopt (-3.710000000000e+00) | best noise-free fitness - Fopt | measured fitness | best measured fitness | x1 | x2...
1 +4.215309777e+01 +4.215309777e+01 +3.844309777e+01 +3.844309777e+01 -1.5569e+00 -1.6690e+00
7 +3.083045559e+01 +3.083045559e+01 +2.712045559e+01 +2.712045559e+01 +4.0259e+00 -3.7176e+00
83 +1.861770968e+01 +1.861770968e+01 +1.490770968e+01 +1.490770968e+01 +4.2040e+00 -2.6836e+00
112 +1.179505336e+01 +1.179505336e+01 +8.085053360e+00 +8.085053360e+00 +1.9899e+00 -1.6558e+00
147 +2.460451597e+00 +2.460451597e+00 -1.249548403e+00 -1.249548403e+00 +2.1817e+00 -2.2843e+00
485 +1.236495810e+00 +1.236495810e+00 -2.473504190e+00 -2.473504190e+00 +2.1019e+00 -2.2892e+00
583 +6.012308772e-01 +6.012308772e-01 -3.108769123e+00 -3.108769123e+00 +3.1327e+00 -2.3119e+00
827 +2.869409394e-01 +2.869409394e-01 -3.423059061e+00 -3.423059061e+00 +3.0984e+00 -2.2843e+00
834 +2.621927085e-02 +2.621927085e-02 -3.683780729e+00 -3.683780729e+00 +3.1313e+00 -2.2959e+00
944 +2.161291714e-02 +2.161291714e-02 -3.688387083e+00 -3.688387083e+00 +3.1092e+00 -2.2951e+00
1057 +7.001529956e-03 +7.001529956e-03 -3.702998470e+00 -3.702998470e+00 +3.1262e+00 -2.2949e+00
1104 +1.104071463e-03 +1.104071463e-03 -3.708895929e+00 -3.708895929e+00 +3.1221e+00 -2.2951e+00
1138 +7.063382825e-04 +7.063382825e-04 -3.709293662e+00 -3.709293662e+00 +3.1213e+00 -2.2947e+00
1263 +1.019041577e-04 +1.019041577e-04 -3.709898096e+00 -3.709898096e+00 +3.1207e+00 -2.2951e+00
1285 +3.737567059e-05 +3.737567059e-05 -3.709962624e+00 -3.709962624e+00 +3.1201e+00 -2.2953e+00
1471 +2.001716577e-05 +2.001716577e-05 -3.709979983e+00 -3.709979983e+00 +3.1203e+00 -2.2952e+00
1484 +4.635868283e-06 +4.635868283e-06 -3.709995364e+00 -3.709995364e+00 +3.1199e+00 -2.2952e+00
1535 +5.733238080e-07 +5.733238080e-07 -3.709999427e+00 -3.709999427e+00 +3.1200e+00 -2.2952e+00
1623 +3.660219643e-07 +3.660219643e-07 -3.709999634e+00 -3.709999634e+00 +3.1200e+00 -2.2952e+00
1718 +1.532173033e-07 +1.532173033e-07 -3.709999847e+00 -3.709999847e+00 +3.1200e+00 -2.2952e+00
1786 +9.193711081e-08 +9.193711081e-08 -3.709999908e+00 -3.709999908e+00 +3.1200e+00 -2.2952e+00
1844 +7.395036139e-09 +7.395036139e-09 -3.709999993e+00 -3.709999993e+00 +3.1200e+00 -2.2952e+00
% function evaluation | noise-free fitness - Fopt (1.321800000000e+02) | best noise-free fitness - Fopt | measured fitness | best measured fitness | x1 | x2...
1 +2.925705598e+02 +2.925705598e+02 +4.247505598e+02 +4.247505598e+02 -4.5492e+00 -3.8506e+00
2 +4.851076440e+01 +4.851076440e+01 +1.806907644e+02 +1.806907644e+02 +5.9207e-01 +4.8940e-01
7 +2.763284579e+01 +2.763284579e+01 +1.598128458e+02 +1.598128458e+02 +3.4579e-01 +7.4255e-01
10 +6.101870423e+00 +6.101870423e+00 +1.382818704e+02 +1.382818704e+02 -2.7533e+00 +1.5417e+00
103 +1.534638485e+00 +1.534638485e+00 +1.337146385e+02 +1.337146385e+02 -3.7933e+00 +1.8196e+00
662 +7.848145214e-01 +7.848145214e-01 +1.329648145e+02 +1.329648145e+02 -3.7158e+00 +1.4711e+00
673 +3.126292567e-01 +3.126292567e-01 +1.324926293e+02 +1.324926293e+02 -3.7950e+00 +1.4743e+00
996 +2.337775124e-01 +2.337775124e-01 +1.324137775e+02 +1.324137775e+02 -3.7925e+00 +1.4766e+00
1131 +4.710817901e-02 +4.710817901e-02 +1.322271082e+02 +1.322271082e+02 -3.7485e+00 +1.4817e+00
1205 +8.553962099e-03 +8.553962099e-03 +1.321885540e+02 +1.321885540e+02 -3.7704e+00 +1.4817e+00
1320 +1.542939287e-03 +1.542939287e-03 +1.321815429e+02 +1.321815429e+02 -3.7616e+00 +1.4828e+00
1417 +1.069935246e-04 +1.069935246e-04 +1.321801070e+02 +1.321801070e+02 -3.7633e+00 +1.4825e+00
1511 +2.115832859e-05 +2.115832859e-05 +1.321800212e+02 +1.321800212e+02 -3.7639e+00 +1.4823e+00
1512 +9.974693370e-06 +9.974693370e-06 +1.321800100e+02 +1.321800100e+02 -3.7639e+00 +1.4825e+00
1578 +8.059130892e-07 +8.059130892e-07 +1.321800008e+02 +1.321800008e+02 -3.7641e+00 +1.4824e+00
1658 +9.953811286e-08 +9.953811286e-08 +1.321800001e+02 +1.321800001e+02 -3.7640e+00 +1.4824e+00
1837 +2.688193490e-08 +2.688193490e-08 +1.321800000e+02 +1.321800000e+02 -3.7640e+00 +1.4824e+00
1972 +1.193114940e-08 +1.193114940e-08 +1.321800000e+02 +1.321800000e+02 -3.7640e+00 +1.4824e+00
1997 +2.352237516e-09 +2.352237516e-09 +1.321800000e+02 +1.321800000e+02 -3.7640e+00 +1.4824e+00
1999 +9.885923191e-10 +9.885923191e-10 +1.321800000e+02 +1.321800000e+02 -3.7640e+00 +1.4824e+00
% function evaluation | noise-free fitness - Fopt (-5.847300000000e+02) | best noise-free fitness - Fopt | measured fitness | best measured fitness | x1 | x2...
1 +1.675096867e+02 +1.675096867e+02 -4.172203133e+02 -4.172203133e+02 +4.9044e+00 -7.7062e-01
3 +3.212063096e+01 +3.212063096e+01 -5.526093690e+02 -5.526093690e+02 -7.0335e-01 -1.6092e+00
12 +1.675050409e+01 +1.675050409e+01 -5.679794959e+02 -5.679794959e+02 -2.8014e+00 -2.0375e+00
20 +1.023932446e+01 +1.023932446e+01 -5.744906755e+02 -5.744906755e+02 -2.5355e+00 -3.3938e+00
90 +9.640664277e+00 +9.640664277e+00 -5.750893357e+02 -5.750893357e+02 -2.8637e+00 -2.6393e+00
161 +5.300399995e+00 +5.300399995e+00 -5.794296000e+02 -5.794296000e+02 -3.6499e+00 -3.7310e+00
324 +3.707973691e-01 +3.707973691e-01 -5.843592026e+02 -5.843592026e+02 -2.6257e+00 -3.0419e+00
1386 +4.077682051e-02 +4.077682051e-02 -5.846892232e+02 -5.846892232e+02 -2.6486e+00 -3.0252e+00
1448 +3.832343896e-03 +3.832343896e-03 -5.847261677e+02 -5.847261677e+02 -2.6496e+00 -3.0296e+00
1528 +8.393728885e-04 +8.393728885e-04 -5.847291606e+02 -5.847291606e+02 -2.6477e+00 -3.0296e+00
1808 +3.466338367e-04 +3.466338367e-04 -5.847296534e+02 -5.847296534e+02 -2.6469e+00 -3.0296e+00
1904 +1.018451904e-04 +1.018451904e-04 -5.847298982e+02 -5.847298982e+02 -2.6458e+00 -3.0294e+00
1947 +5.513502936e-05 +5.513502936e-05 -5.847299449e+02 -5.847299449e+02 -2.6459e+00 -3.0294e+00
2049 +6.833483894e-06 +6.833483894e-06 -5.847299932e+02 -5.847299932e+02 -2.6458e+00 -3.0296e+00
2145 +3.584551678e-06 +3.584551678e-06 -5.847299964e+02 -5.847299964e+02 -2.6457e+00 -3.0296e+00
2221 +1.642586653e-06 +1.642586653e-06 -5.847299984e+02 -5.847299984e+02 -2.6456e+00 -3.0296e+00
2247 +1.025008601e-06 +1.025008601e-06 -5.847299990e+02 -5.847299990e+02 -2.6455e+00 -3.0296e+00
2251 +6.623583886e-07 +6.623583886e-07 -5.847299993e+02 -5.847299993e+02 -2.6457e+00 -3.0296e+00
2290 +6.028827784e-07 +6.028827784e-07 -5.847299994e+02 -5.847299994e+02 -2.6455e+00 -3.0296e+00
2338 +3.943915772e-07 +3.943915772e-07 -5.847299996e+02 -5.847299996e+02 -2.6456e+00 -3.0296e+00
2381 +9.596135442e-08 +9.596135442e-08 -5.847299999e+02 -5.847299999e+02 -2.6456e+00 -3.0296e+00
2485 +1.128250915e-08 +1.128250915e-08 -5.847300000e+02 -5.847300000e+02 -2.6456e+00 -3.0296e+00
2573 +4.320554581e-09 +4.320554581e-09 -5.847300000e+02 -5.847300000e+02 -2.6456e+00 -3.0296e+00
% function evaluation | noise-free fitness - Fopt (-3.654000000000e+01) | best noise-free fitness - Fopt | measured fitness | best measured fitness | x1 | x2...
1 +7.533356952e+01 +7.533356952e+01 +3.879356952e+01 +3.879356952e+01 -1.7520e+00 -3.4718e-01
2 +1.740738674e+01 +1.740738674e+01 -1.913261326e+01 -1.913261326e+01 -3.4342e+00 -1.8505e+00
45 +1.141819365e+01 +1.141819365e+01 -2.512180635e+01 -2.512180635e+01 -1.0814e+00 -2.2936e+00
46 +6.861315727e+00 +6.861315727e+00 -2.967868427e+01 -2.967868427e+01 +1.8442e+00 -1.9064e+00
105 +3.615832609e+00 +3.615832609e+00 -3.292416739e+01 -3.292416739e+01 +7.4535e-01 -2.5388e+00
284 +2.288070513e+00 +2.288070513e+00 -3.425192949e+01 -3.425192949e+01 -1.2020e+00 -2.2060e+00
599 +1.302570084e+00 +1.302570084e+00 -3.523742992e+01 -3.523742992e+01 -1.7820e-01 -2.5519e+00
771 +4.786152920e-01 +4.786152920e-01 -3.606138471e+01 -3.606138471e+01 -1.5554e-01 -2.2323e+00
1025 +3.376159066e-01 +3.376159066e-01 -3.620238409e+01 -3.620238409e+01 -1.7134e-01 -2.2238e+00
1060 +2.129938330e-01 +2.129938330e-01 -3.632700617e+01 -3.632700617e+01 -1.7112e-01 -2.2294e+00
1067 +9.850277984e-02 +9.850277984e-02 -3.644149722e+01 -3.644149722e+01 -1.9246e-01 -2.2265e+00
1156 +2.074491794e-02 +2.074491794e-02 -3.651925508e+01 -3.651925508e+01 -2.1203e-01 -2.2328e+00
1228 +8.380642121e-03 +8.380642121e-03 -3.653161936e+01 -3.653161936e+01 -2.0325e-01 -2.2357e+00
1282 +1.818972623e-04 +1.818972623e-04 -3.653981810e+01 -3.653981810e+01 -2.0244e-01 -2.2334e+00
1522 +7.309314302e-05 +7.309314302e-05 -3.653992691e+01 -3.653992691e+01 -2.0130e-01 -2.2334e+00
1551 +1.508225440e-05 +1.508225440e-05 -3.653998492e+01 -3.653998492e+01 -2.0158e-01 -2.2335e+00
1605 +1.619987948e-06 +1.619987948e-06 -3.653999838e+01 -3.653999838e+01 -2.0162e-01 -2.2336e+00
1799 +6.978697371e-07 +6.978697371e-07 -3.653999930e+01 -3.653999930e+01 -2.0154e-01 -2.2336e+00
1842 +6.243035671e-07 +6.243035671e-07 -3.653999938e+01 -3.653999938e+01 -2.0156e-01 -2.2336e+00
1851 +3.043549768e-07 +3.043549768e-07 -3.653999970e+01 -3.653999970e+01 -2.0161e-01 -2.2336e+00
1875 +1.606009192e-08 +1.606009192e-08 -3.653999998e+01 -3.653999998e+01 -2.0160e-01 -2.2336e+00
2075 +6.658474661e-09 +6.658474661e-09 -3.653999999e+01 -3.653999999e+01 -2.0160e-01 -2.2336e+00
% function evaluation | noise-free fitness - Fopt (1.000000000000e+03) | best noise-free fitness - Fopt | measured fitness | best measured fitness | x1 | x2...
1 +2.192871559e+02 +2.192871559e+02 +1.219287156e+03 +1.219287156e+03 +2.3868e+00 +2.1811e+00
2 +2.472625410e+01 +2.472625410e+01 +1.024726254e+03 +1.024726254e+03 -4.8468e+00 -7.5123e-01
10 +1.192484524e+01 +1.192484524e+01 +1.011924845e+03 +1.011924845e+03 +1.5330e+00 -1.1551e+00
61 +8.269435174e+00 +8.269435174e+00 +1.008269435e+03 +1.008269435e+03 -3.4750e+00 -1.5036e+00
253 +6.268335427e+00 +6.268335427e+00 +1.006268335e+03 +1.006268335e+03 -2.5336e+00 -1.5310e+00
269 +1.598706068e+00 +1.598706068e+00 +1.001598706e+03 +1.001598706e+03 -2.5516e+00 -8.0260e-01
406 +1.297226924e+00 +1.297226924e+00 +1.001297227e+03 +1.001297227e+03 -1.5611e+00 -1.1409e+00
863 +2.738804796e-01 +2.738804796e-01 +1.000273880e+03 +1.000273880e+03 -1.5570e+00 -8.3184e-01
979 +2.151297618e-01 +2.151297618e-01 +1.000215130e+03 +1.000215130e+03 -1.5504e+00 -8.2885e-01
1214 +1.233830147e-01 +1.233830147e-01 +1.000123383e+03 +1.000123383e+03 -1.5512e+00 -8.2434e-01
1225 +5.801350687e-02 +5.801350687e-02 +1.000058014e+03 +1.000058014e+03 -1.5565e+00 -8.2290e-01
1304 +1.902680048e-02 +1.902680048e-02 +1.000019027e+03 +1.000019027e+03 -1.5831e+00 -8.2111e-01
1421 +1.007419543e-02 +1.007419543e-02 +1.000010074e+03 +1.000010074e+03 -1.5662e+00 -8.1980e-01
1464 +7.904016520e-04 +7.904016520e-04 +1.000000790e+03 +1.000000790e+03 -1.5749e+00 -8.2088e-01
1511 +5.245759186e-04 +5.245759186e-04 +1.000000525e+03 +1.000000525e+03 -1.5711e+00 -8.2070e-01
1599 +2.202467317e-05 +2.202467317e-05 +1.000000022e+03 +1.000000022e+03 -1.5730e+00 -8.2071e-01
1664 +1.570727852e-05 +1.570727852e-05 +1.000000016e+03 +1.000000016e+03 -1.5727e+00 -8.2088e-01
1773 +5.500868042e-06 +5.500868042e-06 +1.000000006e+03 +1.000000006e+03 -1.5727e+00 -8.2076e-01
1845 +1.525926336e-07 +1.525926336e-07 +1.000000000e+03 +1.000000000e+03 -1.5728e+00 -8.2079e-01
2003 +4.024320788e-08 +4.024320788e-08 +1.000000000e+03 +1.000000000e+03 -1.5728e+00 -8.2080e-01
2028 +1.623675416e-08 +1.623675416e-08 +1.000000000e+03 +1.000000000e+03 -1.5728e+00 -8.2080e-01
2056 +4.745629667e-09 +4.745629667e-09 +1.000000000e+03 +1.000000000e+03 -1.5728e+00 -8.2080e-01
% function evaluation | noise-free fitness - Fopt (4.661000000000e+01) | best noise-free fitness - Fopt | measured fitness | best measured fitness | x1 | x2...
1 +5.865739810e+01 +5.865739810e+01 +1.052673981e+02 +1.052673981e+02 -3.5988e+00 +4.7698e+00
18 +2.854594518e+01 +2.854594518e+01 +7.515594518e+01 +7.515594518e+01 -3.3908e-01 +2.7571e+00
21 +1.671728297e+01 +1.671728297e+01 +6.332728297e+01 +6.332728297e+01 -1.4963e+00 +3.9219e+00
28 +6.591214602e+00 +6.591214602e+00 +5.320121460e+01 +5.320121460e+01 +6.8688e-01 +4.2440e+00
107 +4.158013553e+00 +4.158013553e+00 +5.076801355e+01 +5.076801355e+01 +8.4585e-01 +4.2234e+00
297 +3.887972998e+00 +3.887972998e+00 +5.049797300e+01 +5.049797300e+01 +1.8618e+00 +4.2407e+00
326 +1.538810541e+00 +1.538810541e+00 +4.814881054e+01 +4.814881054e+01 +8.2336e-01 +4.3115e+00
751 +9.978657918e-01 +9.978657918e-01 +4.760786579e+01 +4.760786579e+01 +8.3217e-01 +4.2804e+00
% function evaluation | noise-free fitness - Fopt (-2.643100000000e+02) | best noise-free fitness - Fopt | measured fitness | best measured fitness | x1 | x2...
1 +4.859218238e+01 +4.859218238e+01 -2.157178176e+02 -2.157178176e+02 +2.6740e+00 -1.8457e+00
2 +2.477323145e+01 +2.477323145e+01 -2.395367686e+02 -2.395367686e+02 -3.6448e+00 -1.0205e+00
108 +9.506448927e+00 +9.506448927e+00 -2.548035511e+02 -2.548035511e+02 -3.1779e+00 -8.8235e-01
160 +4.912074536e+00 +4.912074536e+00 -2.593979255e+02 -2.593979255e+02 -3.1648e+00 -1.0395e+00
227 +1.434106557e+00 +1.434106557e+00 -2.628758934e+02 -2.628758934e+02 -3.2915e+00 -1.0852e+00
701 +9.960457006e-01 +9.960457006e-01 -2.633139543e+02 -2.633139543e+02 -3.2509e+00 -1.0980e+00
% function evaluation | noise-free fitness - Fopt (7.273000000000e+01) | best noise-free fitness - Fopt | measured fitness | best measured fitness | x1 | x2...
1 +3.796765108e+03 +3.796765108e+03 +3.869495108e+03 +3.869495108e+03 +2.3186e+00 +4.4188e+00
2 +2.531478206e+01 +2.531478206e+01 +9.804478206e+01 +9.804478206e+01 -4.0844e+00 -2.6321e+00
11 +1.966424139e+01 +1.966424139e+01 +9.239424139e+01 +9.239424139e+01 -2.4846e+00 -2.1296e+00
16 +1.185703776e+01 +1.185703776e+01 +8.458703776e+01 +8.458703776e+01 -4.4450e+00 -2.5325e+00
46 +4.712986151e+00 +4.712986151e+00 +7.744298615e+01 +7.744298615e+01 -2.6952e+00 -1.8709e+00
257 +3.580112700e+00 +3.580112700e+00 +7.631011270e+01 +7.631011270e+01 -2.4771e+00 -1.8974e+00
280 +1.612820089e+00 +1.612820089e+00 +7.434282009e+01 +7.434282009e+01 -2.5991e+00 -2.6005e+00
466 +8.983520855e-01 +8.983520855e-01 +7.362835209e+01 +7.362835209e+01 -2.5141e+00 -2.2846e+00
826 +4.721883381e-01 +4.721883381e-01 +7.320218834e+01 +7.320218834e+01 -2.6215e+00 -2.2846e+00
872 +2.335276324e-01 +2.335276324e-01 +7.296352763e+01 +7.296352763e+01 -2.5518e+00 -2.2809e+00
921 +6.999081577e-02 +6.999081577e-02 +7.279999082e+01 +7.279999082e+01 -2.5702e+00 -2.2715e+00
922 +5.254933408e-02 +5.254933408e-02 +7.278254933e+01 +7.278254933e+01 -2.5656e+00 -2.2764e+00
936 +2.134041235e-02 +2.134041235e-02 +7.275134041e+01 +7.275134041e+01 -2.5751e+00 -2.2737e+00
1172 +1.018208357e-02 +1.018208357e-02 +7.274018208e+01 +7.274018208e+01 -2.5772e+00 -2.2743e+00
1197 +3.621286293e-03 +3.621286293e-03 +7.273362129e+01 +7.273362129e+01 -2.5804e+00 -2.2748e+00
1287 +1.054337262e-03 +1.054337262e-03 +7.273105434e+01 +7.273105434e+01 -2.5835e+00 -2.2766e+00
1294 +2.224851413e-04 +2.224851413e-04 +7.273022249e+01 +7.273022249e+01 -2.5814e+00 -2.2761e+00
1365 +1.125897738e-04 +1.125897738e-04 +7.273011259e+01 +7.273011259e+01 -2.5831e+00 -2.2759e+00
1385 +3.313038505e-06 +3.313038505e-06 +7.273000331e+01 +7.273000331e+01 -2.5825e+00 -2.2760e+00
1442 +7.702843874e-07 +7.702843874e-07 +7.273000077e+01 +7.273000077e+01 -2.5824e+00 -2.2760e+00
1689 +3.766912897e-07 +3.766912897e-07 +7.273000038e+01 +7.273000038e+01 -2.5824e+00 -2.2760e+00
1729 +1.180636104e-07 +1.180636104e-07 +7.273000012e+01 +7.273000012e+01 -2.5824e+00 -2.2760e+00
1797 +6.361418059e-08 +6.361418059e-08 +7.273000006e+01 +7.273000006e+01 -2.5824e+00 -2.2760e+00
1868 +3.874609433e-08 +3.874609433e-08 +7.273000004e+01 +7.273000004e+01 -2.5824e+00 -2.2760e+00
1878 +1.644788483e-08 +1.644788483e-08 +7.273000002e+01 +7.273000002e+01 -2.5824e+00 -2.2760e+00
1908 +3.957438821e-09 +3.957438821e-09 +7.273000000e+01 +7.273000000e+01 -2.5824e+00 -2.2760e+00
% function evaluation | noise-free fitness - Fopt (1.368700000000e+02) | best noise-free fitness - Fopt | measured fitness | best measured fitness | x1 | x2...
1 +4.167816857e+01 +4.167816857e+01 +1.785481686e+02 +1.785481686e+02 +1.8960e+00 +4.9794e+00
40 +3.241332725e+01 +3.241332725e+01 +1.692833273e+02 +1.692833273e+02 +3.2047e+00 +4.0959e+00
41 +1.464661449e+01 +1.464661449e+01 +1.515166145e+02 +1.515166145e+02 +1.8960e+00 +3.9649e+00
124 +8.171332684e+00 +8.171332684e+00 +1.450413327e+02 +1.450413327e+02 +1.5146e+00 +4.2321e+00
163 +6.122068982e+00 +6.122068982e+00 +1.429920690e+02 +1.429920690e+02 +3.5508e+00 +2.9642e+00
188 +2.528481143e+00 +2.528481143e+00 +1.393984811e+02 +1.393984811e+02 +3.4681e+00 +3.6513e+00
241 +1.055349892e+00 +1.055349892e+00 +1.379253499e+02 +1.379253499e+02 +3.5268e+00 +3.9649e+00
658 +3.473333336e-01 +3.473333336e-01 +1.372173333e+02 +1.372173333e+02 +3.4827e+00 +3.6198e+00
878 +8.714390419e-02 +8.714390419e-02 +1.369571439e+02 +1.369571439e+02 +3.5098e+00 +3.6054e+00
1034 +6.115446694e-02 +6.115446694e-02 +1.369311545e+02 +1.369311545e+02 +3.5080e+00 +3.6177e+00
1065 +1.600186973e-02 +1.600186973e-02 +1.368860019e+02 +1.368860019e+02 +3.5205e+00 +3.6144e+00
1098 +5.771844548e-03 +5.771844548e-03 +1.368757718e+02 +1.368757718e+02 +3.5206e+00 +3.6128e+00
1248 +2.747676756e-03 +2.747676756e-03 +1.368727477e+02 +1.368727477e+02 +3.5125e+00 +3.6122e+00
1284 +2.448747473e-03 +2.448747473e-03 +1.368724487e+02 +1.368724487e+02 +3.5156e+00 +3.6131e+00
1324 +6.285876205e-05 +6.285876205e-05 +1.368700629e+02 +1.368700629e+02 +3.5156e+00 +3.6121e+00
1415 +3.964147726e-05 +3.964147726e-05 +1.368700396e+02 +1.368700396e+02 +3.5163e+00 +3.6121e+00
1464 +1.653019396e-05 +1.653019396e-05 +1.368700165e+02 +1.368700165e+02 +3.5157e+00 +3.6120e+00
1483 +1.022829755e-05 +1.022829755e-05 +1.368700102e+02 +1.368700102e+02 +3.5162e+00 +3.6120e+00
1594 +6.793411018e-06 +6.793411018e-06 +1.368700068e+02 +1.368700068e+02 +3.5160e+00 +3.6121e+00
1599 +5.625775259e-06 +5.625775259e-06 +1.368700056e+02 +1.368700056e+02 +3.5162e+00 +3.6120e+00
1636 +3.065729402e-06 +3.065729402e-06 +1.368700031e+02 +1.368700031e+02 +3.5161e+00 +3.6120e+00
1643 +2.419322811e-06 +2.419322811e-06 +1.368700024e+02 +1.368700024e+02 +3.5159e+00 +3.6120e+00
1673 +1.430255054e-06 +1.430255054e-06 +1.368700014e+02 +1.368700014e+02 +3.5160e+00 +3.6120e+00
1674 +4.738852795e-07 +4.738852795e-07 +1.368700005e+02 +1.368700005e+02 +3.5160e+00 +3.6120e+00
1682 +1.176700550e-07 +1.176700550e-07 +1.368700001e+02 +1.368700001e+02 +3.5160e+00 +3.6120e+00
1782 +9.465159678e-08 +9.465159678e-08 +1.368700001e+02 +1.368700001e+02 +3.5160e+00 +3.6120e+00
1791 +5.736194453e-08 +5.736194453e-08 +1.368700001e+02 +1.368700001e+02 +3.5160e+00 +3.6120e+00
1838 +3.061339271e-08 +3.061339271e-08 +1.368700000e+02 +1.368700000e+02 +3.5160e+00 +3.6120e+00
1851 +5.940961501e-09 +5.940961501e-09 +1.368700000e+02 +1.368700000e+02 +3.5160e+00 +3.6120e+00
% function evaluation | noise-free fitness - Fopt (2.196000000000e+01) | best noise-free fitness - Fopt | measured fitness | best measured fitness | x1 | x2...
1 +1.328825983e+02 +1.328825983e+02 +1.548425983e+02 +1.548425983e+02 -2.8284e+00 -3.4427e+00
2 +6.982752787e+01 +6.982752787e+01 +9.178752787e+01 +9.178752787e+01 +2.7369e+00 -2.8486e+00
4 +4.369857284e+01 +4.369857284e+01 +6.565857284e+01 +6.565857284e+01 +4.2262e+00 -2.1769e+00
11 +2.829073029e+01 +2.829073029e+01 +5.025073029e+01 +5.025073029e+01 +6.2755e-02 +3.5756e-01
20 +1.127165449e+01 +1.127165449e+01 +3.323165449e+01 +3.323165449e+01 +1.4025e+00 +9.1128e-02
142 +2.150498469e+00 +2.150498469e+00 +2.411049847e+01 +2.411049847e+01 +4.2492e+00 -6.3064e-01
342 +2.410857745e-01 +2.410857745e-01 +2.220108577e+01 +2.220108577e+01 +3.2632e+00 -6.3064e-01
1193 +1.127825987e-01 +1.127825987e-01 +2.207278260e+01 +2.207278260e+01 +3.2797e+00 -6.2921e-01
1216 +2.048825337e-02 +2.048825337e-02 +2.198048825e+01 +2.198048825e+01 +3.3000e+00 -6.3298e-01
1525 +8.414214708e-03 +8.414214708e-03 +2.196841421e+01 +2.196841421e+01 +3.2969e+00 -6.3413e-01
1606 +3.849074472e-03 +3.849074472e-03 +2.196384907e+01 +2.196384907e+01 +3.2937e+00 -6.3442e-01
1694 +2.111112850e-03 +2.111112850e-03 +2.196211111e+01 +2.196211111e+01 +3.2964e+00 -6.3536e-01
1718 +1.228294603e-04 +1.228294603e-04 +2.196012283e+01 +2.196012283e+01 +3.2940e+00 -6.3580e-01
1752 +3.447158655e-06 +3.447158655e-06 +2.196000345e+01 +2.196000345e+01 +3.2935e+00 -6.3601e-01
1974 +1.456595218e-06 +1.456595218e-06 +2.196000146e+01 +2.196000146e+01 +3.2936e+00 -6.3597e-01
2102 +5.301657566e-07 +5.301657566e-07 +2.196000053e+01 +2.196000053e+01 +3.2936e+00 -6.3600e-01
2214 +2.196958704e-07 +2.196958704e-07 +2.196000022e+01 +2.196000022e+01 +3.2936e+00 -6.3600e-01
2251 +5.841250328e-08 +5.841250328e-08 +2.196000006e+01 +2.196000006e+01 +3.2936e+00 -6.3600e-01
2325 +1.131631322e-08 +1.131631322e-08 +2.196000001e+01 +2.196000001e+01 +3.2936e+00 -6.3600e-01
2334 +1.535305216e-10 +1.535305216e-10 +2.196000000e+01 +2.196000000e+01 +3.2936e+00 -6.3600e-01
% function evaluation | noise-free fitness - Fopt (-2.139000000000e+01) | best noise-free fitness - Fopt | measured fitness | best measured fitness | x1 | x2...
1 +3.349129989e+01 +3.349129989e+01 +1.210129989e+01 +1.210129989e+01 -1.8089e+00 +3.5541e+00
13 +1.008421250e+01 +1.008421250e+01 -1.130578750e+01 -1.130578750e+01 +3.0850e+00 +3.5419e+00
52 +9.458300354e+00 +9.458300354e+00 -1.193169965e+01 -1.193169965e+01 +3.0655e+00 +3.3957e+00
156 +1.515519079e+00 +1.515519079e+00 -1.987448092e+01 -1.987448092e+01 +3.1569e+00 +2.4965e+00
473 +7.587823421e-01 +7.587823421e-01 -2.063121766e+01 -2.063121766e+01 +3.1368e+00 +2.8041e+00
517 +3.337855188e-01 +3.337855188e-01 -2.105621448e+01 -2.105621448e+01 +3.2257e+00 +2.7912e+00
942 +8.559933544e-02 +8.559933544e-02 -2.130440066e+01 -2.130440066e+01 +3.1949e+00 +2.7964e+00
961 +5.819241831e-02 +5.819241831e-02 -2.133180758e+01 -2.133180758e+01 +3.1910e+00 +2.7991e+00
1094 +3.633602491e-02 +3.633602491e-02 -2.135366398e+01 -2.135366398e+01 +3.2089e+00 +2.8064e+00
1129 +5.800499393e-03 +5.800499393e-03 -2.138419950e+01 -2.138419950e+01 +3.2002e+00 +2.8035e+00
1288 +2.375198272e-03 +2.375198272e-03 -2.138762480e+01 -2.138762480e+01 +3.2040e+00 +2.8035e+00
1365 +1.324311956e-03 +1.324311956e-03 -2.138867569e+01 -2.138867569e+01 +3.2067e+00 +2.8025e+00
1391 +3.655120022e-04 +3.655120022e-04 -2.138963449e+01 -2.138963449e+01 +3.2053e+00 +2.8023e+00
1425 +1.937894245e-04 +1.937894245e-04 -2.138980621e+01 -2.138980621e+01 +3.2034e+00 +2.8027e+00
1445 +4.717072930e-05 +4.717072930e-05 -2.138995283e+01 -2.138995283e+01 +3.2036e+00 +2.8025e+00
1552 +2.125071713e-06 +2.125071713e-06 -2.138999787e+01 -2.138999787e+01 +3.2039e+00 +2.8024e+00
1664 +1.018398876e-06 +1.018398876e-06 -2.138999898e+01 -2.138999898e+01 +3.2039e+00 +2.8024e+00
1681 +2.313590457e-07 +2.313590457e-07 -2.138999977e+01 -2.138999977e+01 +3.2040e+00 +2.8024e+00
1917 +8.445865163e-08 +8.445865163e-08 -2.138999992e+01 -2.138999992e+01 +3.2040e+00 +2.8024e+00
1966 +2.523203335e-08 +2.523203335e-08 -2.138999997e+01 -2.138999997e+01 +3.2040e+00 +2.8024e+00
1989 +2.199146110e-08 +2.199146110e-08 -2.138999998e+01 -2.138999998e+01 +3.2040e+00 +2.8024e+00
2062 +7.256357293e-09 +7.256357293e-09 -2.138999999e+01 -2.138999999e+01 +3.2040e+00 +2.8024e+00
% function evaluation | noise-free fitness - Fopt (5.176600000000e+02) | best noise-free fitness - Fopt | measured fitness | best measured fitness | x1 | x2...
1 +1.570894422e+02 +1.570894422e+02 +6.747494422e+02 +6.747494422e+02 +4.9369e+00 +5.4416e-01
2 +2.956096330e+01 +2.956096330e+01 +5.472209633e+02 +5.472209633e+02 -5.4296e-01 +3.7465e+00
3 +5.827110664e+00 +5.827110664e+00 +5.234871107e+02 +5.234871107e+02 -4.8569e+00 +2.5059e+00
234 +3.737243914e+00 +3.737243914e+00 +5.213972439e+02 +5.213972439e+02 -3.9900e+00 +3.4988e+00
325 +1.004299916e+00 +1.004299916e+00 +5.186642999e+02 +5.186642999e+02 -3.8921e+00 +2.8644e+00
434 +6.465270698e-01 +6.465270698e-01 +5.183065271e+02 +5.183065271e+02 -3.8875e+00 +3.1548e+00
474 +1.712495383e-01 +1.712495383e-01 +5.178312495e+02 +5.178312495e+02 -3.8875e+00 +3.1830e+00
654 +1.356603525e-01 +1.356603525e-01 +5.177956604e+02 +5.177956604e+02 -3.8851e+00 +3.1816e+00
870 +3.705729676e-02 +3.705729676e-02 +5.176970573e+02 +5.176970573e+02 -3.8966e+00 +3.1765e+00
1014 +2.045035230e-02 +2.045035230e-02 +5.176804504e+02 +5.176804504e+02 -3.8851e+00 +3.1763e+00
1131 +1.422677715e-02 +1.422677715e-02 +5.176742268e+02 +5.176742268e+02 -3.8808e+00 +3.1714e+00
1154 +8.648479386e-03 +8.648479386e-03 +5.176686485e+02 +5.176686485e+02 -3.8815e+00 +3.1721e+00
1171 +6.232839583e-03 +6.232839583e-03 +5.176662328e+02 +5.176662328e+02 -3.8831e+00 +3.1736e+00
1214 +1.668746589e-03 +1.668746589e-03 +5.176616687e+02 +5.176616687e+02 -3.8908e+00 +3.1731e+00
1246 +1.560150645e-03 +1.560150645e-03 +5.176615602e+02 +5.176615602e+02 -3.8880e+00 +3.1719e+00
1324 +4.582146744e-06 +4.582146744e-06 +5.176600046e+02 +5.176600046e+02 -3.8881e+00 +3.1728e+00
1425 +1.388361966e-06 +1.388361966e-06 +5.176600014e+02 +5.176600014e+02 -3.8880e+00 +3.1728e+00
1537 +9.127147678e-07 +9.127147678e-07 +5.176600009e+02 +5.176600009e+02 -3.8881e+00 +3.1728e+00
1622 +5.098091833e-07 +5.098091833e-07 +5.176600005e+02 +5.176600005e+02 -3.8880e+00 +3.1728e+00
1661 +2.509826800e-07 +2.509826800e-07 +5.176600003e+02 +5.176600003e+02 -3.8880e+00 +3.1728e+00
1721 +8.257643458e-09 +8.257643458e-09 +5.176600000e+02 +5.176600000e+02 -3.8880e+00 +3.1728e+00
