% function evaluation | noise-free fitness - Fopt (-5.235000000000e+01) | best noise-free fitness - Fopt | measured fitness | best measured fitness | x1 | x2...
1 +1.070415982e+02 +1.070415982e+02 +5.469159816e+01 +5.469159816e+01 +1.4559e+00 -1.2034e+00 +3.9974e+00 +4.6759e+00 -1.1787e+00
2 +8.694242236e+01 +8.694242236e+01 +3.459242236e+01 +3.459242236e+01 -4.0724e+00 +4.4207e+00 +1.2953e+00 +3.3165e+00 -2.2066e+00
6 +3.786265475e+01 +3.786265475e+01 -1.448734525e+01 -1.448734525e+01 +3.9711e-01 -1.7376e+00 +1.7288e+00 +2.2864e+00 -4.2264e+00
7 +1.084136490e+01 +1.084136490e+01 -4.150863510e+01 -4.150863510e+01 -3.4068e+00 -3.8774e-01 +2.4084e+00 -3.6761e+00 +4.4240e-01
10 +4.693538466e+00 +4.693538466e+00 -4.765646153e+01 -4.765646153e+01 -2.8269e+00 +3.2079e-01 +3.4576e+00 -3.8916e+00 -2.3298e+00
37 +3.423488405e+00 +3.423488405e+00 -4.892651160e+01 -4.892651160e+01 -9.2037e-01 +1.2217e+00 +3.5162e+00 -3.4278e+00 -1.1816e+00
145 +1.944205883e+00 +1.944205883e+00 -5.040579412e+01 -5.040579412e+01 -1.8052e+00 -2.3295e+00 +2.2541e+00 -1.7310e+00 -1.9453e+00
345 +1.237481356e+00 +1.237481356e+00 -5.111251864e+01 -5.111251864e+01 -1.8052e+00 -1.8674e+00 +2.5694e+00 -1.9186e+00 -1.9453e+00
477 +4.706062588e-01 +4.706062588e-01 -5.187939374e+01 -5.187939374e+01 -5.4517e-01 -1.2221e+00 +2.1782e+00 -2.2986e+00 -2.0636e+00
543 +2.244631414e-01 +2.244631414e-01 -5.212553686e+01 -5.212553686e+01 -9.9504e-01 -1.3196e+00 +2.7549e+00 -1.8541e+00 -1.5522e+00
696 +1.416965859e-01 +1.416965859e-01 -5.220830341e+01 -5.220830341e+01 -1.1497e+00 -1.2546e+00 +2.5345e+00 -2.7560e+00 -1.5875e+00
737 +9.541215904e-02 +9.541215904e-02 -5.225458784e+01 -5.225458784e+01 -7.8464e-01 -1.2729e+00 +2.9238e+00 -2.1865e+00 -1.4915e+00
839 +3.219825252e-02 +3.219825252e-02 -5.231780175e+01 -5.231780175e+01 -9.1738e-01 -1.2417e+00 +2.5229e+00 -2.2983e+00 -1.4547e+00
905 +1.105652558e-02 +1.105652558e-02 -5.233894347e+01 -5.233894347e+01 -9.2678e-01 -1.3380e+00 +2.6892e+00 -2.4052e+00 -1.5083e+00
1220 +8.137511293e-03 +8.137511293e-03 -5.234186249e+01 -5.234186249e+01 -9.5357e-01 -1.3130e+00 +2.5651e+00 -2.4392e+00 -1.5249e+00
1443 +6.264792531e-03 +6.264792531e-03 -5.234373521e+01 -5.234373521e+01 -9.3772e-01 -1.3143e+00 +2.6189e+00 -2.4674e+00 -1.5265e+00
1715 +3.909956345e-03 +3.909956345e-03 -5.234609004e+01 -5.234609004e+01 -8.9545e-01 -1.2753e+00 +2.6042e+00 -2.3990e+00 -1.5146e+00
2009 +1.832064944e-03 +1.832064944e-03 -5.234816794e+01 -5.234816794e+01 -8.9302e-01 -1.2840e+00 +2.6085e+00 -2.3699e+00 -1.5289e+00
2243 +1.155708286e-03 +1.155708286e-03 -5.234884429e+01 -5.234884429e+01 -8.9853e-01 -1.2840e+00 +2.6129e+00 -2.3947e+00 -1.5600e+00
2760 +5.829470525e-04 +5.829470525e-04 -5.234941705e+01 -5.234941705e+01 -8.9604e-01 -1.2768e+00 +2.5919e+00 -2.3893e+00 -1.5617e+00
3138 +3.524227080e-04 +3.524227080e-04 -5.234964758e+01 -5.234964758e+01 -8.8472e-01 -1.2677e+00 +2.5872e+00 -2.3770e+00 -1.5618e+00
3717 +2.287374506e-04 +2.287374506e-04 -5.234977126e+01 -5.234977126e+01 -8.9273e-01 -1.2708e+00 +2.5805e+00 -2.3843e+00 -1.5342e+00
3913 +1.500805042e-04 +1.500805042e-04 -5.234984992e+01 -5.234984992e+01 -8.8573e-01 -1.2658e+00 +2.5780e+00 -2.3750e+00 -1.5356e+00
6330 +9.871516350e-05 +9.871516350e-05 -5.234990128e+01 -5.234990128e+01 -8.8585e-01 -1.2649e+00 +2.5744e+00 -2.3737e+00 -1.5365e+00
% function evaluation | noise-free fitness - Fopt (-1.795400000000e+02) | best noise-free fitness - Fopt | measured fitness | best measured fitness | x1 | x2...
1 +3.388187548e+01 +3.388187548e+01 -1.456581245e+02 -1.456581245e+02 -1.0742e+00 -8.1387e-02 -5.7633e-01 +1.2955e+00 -1.1127e+00
3 +1.763910602e+01 +1.763910602e+01 -1.619008940e+02 -1.619008940e+02 +6.8312e-01 -3.7226e+00 -2.0041e-01 +1.2219e+00 +4.8057e+00
9 +1.297001295e+01 +1.297001295e+01 -1.665699870e+02 -1.665699870e+02 -7.2004e-01 +2.7354e+00 -8.0736e-01 +2.7458e+00 -9.0526e-01
15 +9.767677432e+00 +9.767677432e+00 -1.697723226e+02 -1.697723226e+02 -2.6638e+00 +2.7902e+00 -4.5683e+00 +3.0552e+00 -1.5889e+00
21 +3.883228842e+00 +3.883228842e+00 -1.756567712e+02 -1.756567712e+02 -5.3192e-01 +1.9694e+00 -1.6341e+00 +2.5489e+00 +3.4487e+00
244 +2.261020805e+00 +2.261020805e+00 -1.772789792e+02 -1.772789792e+02 +7.7427e-01 +1.0463e+00 -5.1034e+00 +3.7181e+00 +3.4939e+00
472 +1.406230686e+00 +1.406230686e+00 -1.781337693e+02 -1.781337693e+02 -1.2517e-01 -2.6969e-01 -2.8986e+00 +2.5168e+00 +3.5769e+00
484 +4.452504068e-01 +4.452504068e-01 -1.790947496e+02 -1.790947496e+02 +7.7427e-01 +1.0463e+00 -3.5514e+00 +2.8011e+00 +3.6942e+00
582 +2.604101930e-01 +2.604101930e-01 -1.792795898e+02 -1.792795898e+02 +9.7110e-01 +9.6282e-01 -3.2140e+00 +2.8054e+00 +3.9293e+00
703 +1.897574953e-01 +1.897574953e-01 -1.793502425e+02 -1.793502425e+02 +4.6619e-01 +8.7629e-01 -3.5432e+00 +2.7188e+00 +4.1523e+00
820 +1.336361375e-01 +1.336361375e-01 -1.794063639e+02 -1.794063639e+02 +8.4955e-01 +4.6509e-01 -3.3597e+00 +2.4174e+00 +3.5757e+00
868 +5.448137553e-02 +5.448137553e-02 -1.794855186e+02 -1.794855186e+02 +9.6033e-01 +5.8234e-01 -3.3065e+00 +2.6574e+00 +3.8140e+00
1220 +3.597024770e-02 +3.597024770e-02 -1.795040298e+02 -1.795040298e+02 +5.9012e-01 +5.7447e-01 -3.5168e+00 +2.3994e+00 +3.9446e+00
1390 +1.838651401e-02 +1.838651401e-02 -1.795216135e+02 -1.795216135e+02 +7.8038e-01 +6.4894e-01 -3.4739e+00 +2.5443e+00 +3.9597e+00
1480 +1.581312182e-02 +1.581312182e-02 -1.795241869e+02 -1.795241869e+02 +9.1332e-01 +3.8648e-01 -3.3995e+00 +2.3727e+00 +3.7243e+00
1539 +6.330238867e-03 +6.330238867e-03 -1.795336698e+02 -1.795336698e+02 +8.7914e-01 +4.0773e-01 -3.4273e+00 +2.3440e+00 +3.7550e+00
1606 +4.555722153e-03 +4.555722153e-03 -1.795354443e+02 -1.795354443e+02 +8.4777e-01 +5.8603e-01 -3.4667e+00 +2.4370e+00 +3.9017e+00
1787 +3.697701235e-03 +3.697701235e-03 -1.795363023e+02 -1.795363023e+02 +8.6668e-01 +4.1754e-01 -3.4426e+00 +2.3445e+00 +3.7738e+00
2206 +2.107671855e-03 +2.107671855e-03 -1.795378923e+02 -1.795378923e+02 +8.5520e-01 +4.5513e-01 -3.4508e+00 +2.3632e+00 +3.8061e+00
2404 +1.514363220e-03 +1.514363220e-03 -1.795384856e+02 -1.795384856e+02 +8.3517e-01 +4.5674e-01 -3.4515e+00 +2.3590e+00 +3.8067e+00
3251 +9.909053295e-04 +9.909053295e-04 -1.795390091e+02 -1.795390091e+02 +8.5129e-01 +4.8639e-01 -3.4503e+00 +2.3754e+00 +3.8223e+00
4370 +6.205418869e-04 +6.205418869e-04 -1.795393795e+02 -1.795393795e+02 +8.3854e-01 +4.8354e-01 -3.4484e+00 +2.3638e+00 +3.8179e+00
% function evaluation | noise-free fitness - Fopt (7.731000000000e+01) | best noise-free fitness - Fopt | measured fitness | best measured fitness | x1 | x2...
1 +6.896319313e+00 +6.896319313e+00 +8.420631931e+01 +8.420631931e+01 +2.4255e-01 -2.1478e+00 -1.0296e+00 -4.2566e+00 +2.8374e+00
44 +6.211123748e+00 +6.211123748e+00 +8.352112375e+01 +8.352112375e+01 -2.0393e+00 +1.8787e+00 -3.5775e-01 -1.0494e+00 -4.9806e-01
177 +3.586453310e+00 +3.586453310e+00 +8.089645331e+01 +8.089645331e+01 +1.6340e-01 -1.5286e+00 -2.9620e+00 -1.9847e+00 -1.9768e+00
274 +2.510482234e+00 +2.510482234e+00 +7.982048223e+01 +7.982048223e+01 +2.0447e+00 -3.8801e-02 -1.8985e+00 -9.8769e-01 +1.1170e-01
364 +1.509822236e+00 +1.509822236e+00 +7.881982224e+01 +7.881982224e+01 +1.5307e+00 -7.5396e-01 -1.4622e+00 -3.2936e+00 +1.7032e+00
447 +9.962401681e-01 +9.962401681e-01 +7.830624017e+01 +7.830624017e+01 +1.6581e+00 -7.3093e-01 -1.3090e+00 -1.7634e+00 +1.9816e-01
494 +3.852220864e-01 +3.852220864e-01 +7.769522209e+01 +7.769522209e+01 +1.2666e+00 -1.1596e+00 -2.4042e+00 -1.7402e+00 +9.2381e-01
627 +1.686506781e-01 +1.686506781e-01 +7.747865068e+01 +7.747865068e+01 +4.4767e-01 -7.8341e-01 -2.2340e+00 -1.9590e+00 +1.1112e+00
658 +4.375877510e-02 +4.375877510e-02 +7.735375878e+01 +7.735375878e+01 +8.8317e-01 -5.9506e-01 -1.8452e+00 -1.9063e+00 +1.0294e+00
661 +3.526163315e-02 +3.526163315e-02 +7.734526163e+01 +7.734526163e+01 +9.4352e-01 -6.9992e-01 -1.9469e+00 -1.7977e+00 +9.5332e-01
889 +2.511043549e-02 +2.511043549e-02 +7.733511044e+01 +7.733511044e+01 +1.0070e+00 -6.2804e-01 -2.0500e+00 -1.7862e+00 +9.6793e-01
932 +1.183049013e-02 +1.183049013e-02 +7.732183049e+01 +7.732183049e+01 +8.8434e-01 -6.8407e-01 -1.9295e+00 -1.8594e+00 +9.9691e-01
1055 +7.435890766e-03 +7.435890766e-03 +7.731743589e+01 +7.731743589e+01 +9.2970e-01 -6.2283e-01 -2.0644e+00 -1.8360e+00 +1.0026e+00
1120 +6.134086532e-03 +6.134086532e-03 +7.731613409e+01 +7.731613409e+01 +9.4278e-01 -5.8530e-01 -2.0783e+00 -1.8923e+00 +9.7137e-01
1136 +3.652650167e-03 +3.652650167e-03 +7.731365265e+01 +7.731365265e+01 +8.7227e-01 -6.4584e-01 -2.0838e+00 -1.9014e+00 +9.9797e-01
1468 +1.466612075e-03 +1.466612075e-03 +7.731146661e+01 +7.731146661e+01 +8.6549e-01 -6.8431e-01 -2.0736e+00 -1.8619e+00 +1.0118e+00
1687 +5.068220122e-04 +5.068220122e-04 +7.731050682e+01 +7.731050682e+01 +8.9123e-01 -6.1399e-01 -2.0794e+00 -1.9097e+00 +9.9462e-01
2545 +2.201441284e-04 +2.201441284e-04 +7.731022014e+01 +7.731022014e+01 +8.8235e-01 -6.1936e-01 -2.1087e+00 -1.8947e+00 +1.0031e+00
3491 +1.335629291e-04 +1.335629291e-04 +7.731013356e+01 +7.731013356e+01 +8.8288e-01 -6.2306e-01 -2.1180e+00 -1.8908e+00 +1.0037e+00
4046 +9.312071627e-05 +9.312071627e-05 +7.731009312e+01 +7.731009312e+01 +8.8754e-01 -6.1670e-01 -2.1118e+00 -1.8937e+00 +1.0012e+00
5045 +5.909968566e-05 +5.909968566e-05 +7.731005910e+01 +7.731005910e+01 +8.8729e-01 -6.1609e-01 -2.1201e+00 -1.8883e+00 +1.0031e+00
7188 +3.169940459e-05 +3.169940459e-05 +7.731003170e+01 +7.731003170e+01 +8.8822e-01 -6.2604e-01 -2.1047e+00 -1.8876e+00 +1.0014e+00
% function evaluation | noise-free fitness - Fopt (3.992000000000e+01) | best noise-free fitness - Fopt | measured fitness | best measured fitness | x1 | x2...
1 +1.274123869e+01 +1.274123869e+01 +5.266123869e+01 +5.266123869e+01 -5.7737e-01 -2.3789e+00 +6.7071e-02 +2.8823e+00 +1.3379e+00
13 +9.892015304e+00 +9.892015304e+00 +4.981201530e+01 +4.981201530e+01 -3.2315e+00 +3.5935e+00 +8.8265e-01 -1.4820e+00 +1.2370e+00
108 +5.890366749e+00 +5.890366749e+00 +4.581036675e+01 +4.581036675e+01 +5.5927e+00 +5.1717e-01 +7.8799e-01 -1.7291e+00 -1.6164e+00
457 +2.877699502e+00 +2.877699502e+00 +4.279769950e+01 +4.279769950e+01 +1.5986e+00 -1.2387e-01 +1.7673e+00 -1.5009e+00 -2.2663e+00
461 +2.387614546e+00 +2.387614546e+00 +4.230761455e+01 +4.230761455e+01 +1.7679e+00 -4.3448e-01 +2.1279e+00 -1.4449e+00 -1.8910e+00
709 +3.382225672e-01 +3.382225672e-01 +4.025822257e+01 +4.025822257e+01 +4.0609e+00 -1.5945e+00 +2.1234e+00 -2.0242e+00 -1.9252e+00
894 +2.019991407e-01 +2.019991407e-01 +4.012199914e+01 +4.012199914e+01 +4.1361e+00 -7.2360e-01 +2.2918e+00 -2.0875e+00 -1.8312e+00
1089 +1.466727326e-01 +1.466727326e-01 +4.006667273e+01 +4.006667273e+01 +3.8649e+00 -1.1897e+00 +2.4181e+00 -2.3341e+00 -1.6726e+00
1169 +2.823873235e-02 +2.823873235e-02 +3.994823873e+01 +3.994823873e+01 +3.8649e+00 -1.1897e+00 +2.4181e+00 -2.3341e+00 -2.1314e+00
1314 +2.412214737e-02 +2.412214737e-02 +3.994412215e+01 +3.994412215e+01 +3.9746e+00 -1.2066e+00 +2.2865e+00 -2.3479e+00 -1.9598e+00
1597 +1.525998783e-02 +1.525998783e-02 +3.993525999e+01 +3.993525999e+01 +4.0517e+00 -1.0925e+00 +2.1819e+00 -2.2505e+00 -2.0049e+00
1730 +8.159860134e-03 +8.159860134e-03 +3.992815986e+01 +3.992815986e+01 +3.9307e+00 -1.1377e+00 +2.3644e+00 -2.3124e+00 -2.0495e+00
1889 +6.027810634e-03 +6.027810634e-03 +3.992602781e+01 +3.992602781e+01 +3.8746e+00 -1.1107e+00 +2.4501e+00 -2.2553e+00 -2.1314e+00
2118 +3.356776919e-03 +3.356776919e-03 +3.992335678e+01 +3.992335678e+01 +3.9927e+00 -1.0508e+00 +2.2913e+00 -2.2749e+00 -2.0532e+00
2347 +2.342101270e-03 +2.342101270e-03 +3.992234210e+01 +3.992234210e+01 +3.9710e+00 -1.0811e+00 +2.3542e+00 -2.3136e+00 -2.0040e+00
2405 +1.468756624e-03 +1.468756624e-03 +3.992146876e+01 +3.992146876e+01 +3.9777e+00 -1.0611e+00 +2.3872e+00 -2.3182e+00 -1.9687e+00
3093 +8.908349042e-04 +8.908349042e-04 +3.992089083e+01 +3.992089083e+01 +3.9945e+00 -1.0626e+00 +2.3569e+00 -2.3027e+00 -1.9636e+00
3457 +6.218313000e-04 +6.218313000e-04 +3.992062183e+01 +3.992062183e+01 +3.9519e+00 -1.0855e+00 +2.4021e+00 -2.3211e+00 -1.9877e+00
3484 +3.041006685e-04 +3.041006685e-04 +3.992030410e+01 +3.992030410e+01 +3.9677e+00 -1.0797e+00 +2.3794e+00 -2.3140e+00 -1.9826e+00
4450 +2.269571261e-04 +2.269571261e-04 +3.992022696e+01 +3.992022696e+01 +3.9625e+00 -1.0744e+00 +2.3888e+00 -2.3063e+00 -1.9951e+00
4850 +1.210122768e-04 +1.210122768e-04 +3.992012101e+01 +3.992012101e+01 +3.9625e+00 -1.0742e+00 +2.3820e+00 -2.3063e+00 -2.0013e+00
5440 +7.887488630e-05 +7.887488630e-05 +3.992007887e+01 +3.992007887e+01 +3.9636e+00 -1.0744e+00 +2.3801e+00 -2.3036e+00 -2.0021e+00
9109 +6.243362841e-05 +6.243362841e-05 +3.992006243e+01 +3.992006243e+01 +3.9625e+00 -1.0733e+00 +2.3828e+00 -2.3025e+00 -2.0035e+00
% function evaluation | noise-free fitness - Fopt (-5.661000000000e+01) | best noise-free fitness - Fopt | measured fitness | best measured fitness | x1 | x2...
1 +1.157097401e+02 +1.157097401e+02 +5.909974011e+01 +5.909974011e+01 -3.5032e+00 +2.7945e+00 -4.4312e+00 -4.8416e+00 +3.1804e+00
2 +3.408118998e+01 +3.408118998e+01 -2.252881002e+01 -2.252881002e+01 +4.0735e+00 -3.8874e+00 -1.7922e+00 -9.0621e-01 -1.4115e+00
3 +1.046404718e+01 +1.046404718e+01 -4.614595282e+01 -4.614595282e+01 +4.3746e+00 +3.8775e+00 +3.5436e+00 +1.4133e+00 -3.9438e+00
24 +9.356889226e+00 +9.356889226e+00 -4.725311077e+01 -4.725311077e+01 +1.3249e+00 +6.7040e-02 +3.2878e+00 +1.5698e-01 -3.2358e+00
203 +5.044762980e+00 +5.044762980e+00 -5.156523702e+01 -5.156523702e+01 +4.3746e+00 +3.1598e+00 +3.5436e+00 -3.2004e-01 -3.9438e+00
233 +3.649460056e+00 +3.649460056e+00 -5.296053994e+01 -5.296053994e+01 +3.2429e+00 +1.6385e+00 +4.6093e+00 -3.1449e+00 -4.1346e+00
304 +1.698777504e+00 +1.698777504e+00 -5.491122250e+01 -5.491122250e+01 +1.3249e+00 +2.4338e+00 +4.3846e+00 -3.5757e+00 -3.9585e+00
412 +1.085951593e+00 +1.085951593e+00 -5.552404841e+01 -5.552404841e+01 +1.0702e+00 +2.3932e+00 +3.1249e+00 -3.3313e+00 -3.7921e+00
541 +5.010973018e-01 +5.010973018e-01 -5.610890270e+01 -5.610890270e+01 +2.1756e+00 +2.8042e+00 +2.5924e+00 -2.7455e+00 -2.9476e+00
590 +1.354863515e-01 +1.354863515e-01 -5.647451365e+01 -5.647451365e+01 +1.7991e+00 +3.0399e+00 +2.8046e+00 -3.0849e+00 -3.0452e+00
810 +6.967281687e-02 +6.967281687e-02 -5.654032718e+01 -5.654032718e+01 +1.7929e+00 +3.0765e+00 +3.3178e+00 -3.2020e+00 -3.0846e+00
838 +5.795898180e-02 +5.795898180e-02 -5.655204102e+01 -5.655204102e+01 +1.7834e+00 +2.9355e+00 +3.5020e+00 -3.3058e+00 -3.0536e+00
1007 +3.245776481e-02 +3.245776481e-02 -5.657754224e+01 -5.657754224e+01 +2.1130e+00 +2.9952e+00 +2.9790e+00 -3.2726e+00 -3.2414e+00
1057 +2.162935796e-02 +2.162935796e-02 -5.658837064e+01 -5.658837064e+01 +1.7900e+00 +2.9491e+00 +3.3112e+00 -3.1143e+00 -3.1723e+00
1330 +1.576519730e-02 +1.576519730e-02 -5.659423480e+01 -5.659423480e+01 +1.8218e+00 +2.9095e+00 +3.2156e+00 -3.1297e+00 -3.1215e+00
1638 +9.568885339e-03 +9.568885339e-03 -5.660043111e+01 -5.660043111e+01 +1.9467e+00 +2.9583e+00 +3.1643e+00 -3.1966e+00 -3.2056e+00
1795 +3.810740368e-03 +3.810740368e-03 -5.660618926e+01 -5.660618926e+01 +1.9002e+00 +2.9597e+00 +3.2344e+00 -3.2208e+00 -3.1378e+00
2745 +1.559112722e-03 +1.559112722e-03 -5.660844089e+01 -5.660844089e+01 +2.0270e+00 +2.9266e+00 +3.1547e+00 -3.3028e+00 -3.1282e+00
2812 +9.256210140e-04 +9.256210140e-04 -5.660907438e+01 -5.660907438e+01 +1.9769e+00 +2.9397e+00 +3.1814e+00 -3.2806e+00 -3.1184e+00
3201 +4.860462953e-04 +4.860462953e-04 -5.660951395e+01 -5.660951395e+01 +1.9852e+00 +2.9355e+00 +3.1492e+00 -3.2771e+00 -3.1213e+00
3514 +3.436438692e-04 +3.436438692e-04 -5.660965636e+01 -5.660965636e+01 +1.9208e+00 +2.9301e+00 +3.2216e+00 -3.2534e+00 -3.0956e+00
4066 +1.876555679e-04 +1.876555679e-04 -5.660981234e+01 -5.660981234e+01 +1.9572e+00 +2.9303e+00 +3.2010e+00 -3.2704e+00 -3.1082e+00
4673 +1.320591511e-04 +1.320591511e-04 -5.660986794e+01 -5.660986794e+01 +1.9551e+00 +2.9302e+00 +3.1943e+00 -3.2686e+00 -3.1065e+00
5109 +9.804561047e-05 +9.804561047e-05 -5.660990195e+01 -5.660990195e+01 +1.9535e+00 +2.9301e+00 +3.1971e+00 -3.2692e+00 -3.1048e+00
5607 +4.439925141e-05 +4.439925141e-05 -5.660995560e+01 -5.660995560e+01 +1.9529e+00 +2.9281e+00 +3.1967e+00 -3.2694e+00 -3.1019e+00
5787 +3.843806027e-05 +3.843806027e-05 -5.660996156e+01 -5.660996156e+01 +1.9596e+00 +2.9297e+00 +3.1924e+00 -3.2727e+00 -3.1053e+00
9459 +2.439159545e-05 +2.439159545e-05 -5.660997561e+01 -5.660997561e+01 +1.9615e+00 +2.9294e+00 +3.1910e+00 -3.2743e+00 -3.1049e+00
% function evaluation | noise-free fitness - Fopt (5.134000000000e+01) | best noise-free fitness - Fopt | measured fitness | best measured fitness | x1 | x2...
1 +1.842881630e+02 +1.842881630e+02 +2.356281630e+02 +2.356281630e+02 +4.6898e+00 +2.1308e+00 -3.0863e+00 -6.2710e-02 +3.1584e+00
2 +7.042756833e+01 +7.042756833e+01 +1.217675683e+02 +1.217675683e+02 -4.9695e-01 -4.6061e+00 +1.6684e+00 -4.2641e+00 +3.1182e-01
3 +4.416723915e+01 +4.416723915e+01 +9.550723915e+01 +9.550723915e+01 +2.1291e+00 +3.5953e+00 -2.1169e-01 +4.7175e+00 +4.3169e+00
9 +2.715158797e+01 +2.715158797e+01 +7.849158797e+01 +7.849158797e+01 +2.7782e+00 -1.6427e+00 +1.7433e+00 +4.3512e+00 -4.6222e+00
13 +2.405583338e+01 +2.405583338e+01 +7.539583338e+01 +7.539583338e+01 +2.0563e-01 +4.4401e+00 +8.2893e-01 +4.7003e+00 +3.3792e+00
18 +1.328375314e+01 +1.328375314e+01 +6.462375314e+01 +6.462375314e+01 -4.7768e+00 +6.8831e-01 +1.8417e+00 -8.1793e-01 +1.8536e+00
21 +7.718351301e+00 +7.718351301e+00 +5.905835130e+01 +5.905835130e+01 -1.9312e+00 -1.3920e+00 +1.3966e+00 +4.9597e+00 -4.3541e+00
23 +5.873255487e+00 +5.873255487e+00 +5.721325549e+01 +5.721325549e+01 -3.6760e+00 +1.3386e+00 -2.9562e-01 +1.1215e-01 +1.3487e+00
191 +3.384367616e+00 +3.384367616e+00 +5.472436762e+01 +5.472436762e+01 -3.0121e+00 +1.2740e-01 +8.9102e-01 +1.4065e+00 +3.1900e-01
194 +1.792767556e+00 +1.792767556e+00 +5.313276756e+01 +5.313276756e+01 -3.0596e+00 -3.1100e+00 +4.2980e-01 +3.6944e+00 -7.9641e-01
242 +1.412870389e+00 +1.412870389e+00 +5.275287039e+01 +5.275287039e+01 -3.3225e+00 -1.8456e+00 +8.5426e-01 +3.7200e+00 -1.9439e-01
316 +2.887916990e-01 +2.887916990e-01 +5.162879170e+01 +5.162879170e+01 -2.3113e+00 -1.9066e+00 -7.7684e-02 +2.5200e+00 +5.9287e-02
466 +2.230508256e-01 +2.230508256e-01 +5.156305083e+01 +5.156305083e+01 -2.3330e+00 -2.1360e+00 +9.1931e-02 +2.7029e+00 -6.7600e-03
578 +1.402285922e-01 +1.402285922e-01 +5.148022859e+01 +5.148022859e+01 -2.4989e+00 -2.1793e+00 +4.2188e-02 +2.5740e+00 +4.2253e-01
664 +8.567090661e-02 +8.567090661e-02 +5.142567091e+01 +5.142567091e+01 -2.6935e+00 -2.0807e+00 +6.5883e-02 +2.5174e+00 +1.9900e-01
742 +3.752715196e-02 +3.752715196e-02 +5.137752715e+01 +5.137752715e+01 -2.5650e+00 -2.2450e+00 +1.3381e-02 +2.7931e+00 +4.2151e-01
978 +2.122614980e-02 +2.122614980e-02 +5.136122615e+01 +5.136122615e+01 -2.3627e+00 -2.1793e+00 +7.1464e-02 +2.8438e+00 +4.2306e-01
1057 +1.346458946e-02 +1.346458946e-02 +5.135346459e+01 +5.135346459e+01 -2.5554e+00 -2.1459e+00 +1.1481e-01 +2.7190e+00 +3.1068e-01
1171 +7.412499474e-03 +7.412499474e-03 +5.134741250e+01 +5.134741250e+01 -2.4525e+00 -2.2015e+00 +1.1307e-01 +2.8078e+00 +4.2146e-01
1234 +4.538714036e-03 +4.538714036e-03 +5.134453871e+01 +5.134453871e+01 -2.4988e+00 -2.2103e+00 +1.2482e-01 +2.7850e+00 +4.1616e-01
1960 +3.586222384e-03 +3.586222384e-03 +5.134358622e+01 +5.134358622e+01 -2.4936e+00 -2.2066e+00 +1.4323e-01 +2.7782e+00 +4.0948e-01
2388 +2.489019298e-03 +2.489019298e-03 +5.134248902e+01 +5.134248902e+01 -2.5292e+00 -2.2104e+00 +1.5163e-01 +2.7796e+00 +4.1420e-01
% function evaluation | noise-free fitness - Fopt (-1.244000000000e+02) | best noise-free fitness - Fopt | measured fitness | best measured fitness | x1 | x2...
1 +2.382585067e+02 +2.382585067e+02 +1.138585067e+02 +1.138585067e+02 +4.4882e+00 +4.8696e+00 +3.9135e+00 +3.5535e+00 +4.1328e+00
2 +7.922644807e+00 +7.922644807e+00 -1.164773552e+02 -1.164773552e+02 +1.0408e+00 -2.2409e+00 +4.4585e+00 -1.3501e+00 +5.8675e-01
24 +5.767335654e+00 +5.767335654e+00 -1.186326643e+02 -1.186326643e+02 +6.6330e-01 +1.1458e+00 +2.4702e+00 -1.1084e+00 -1.0641e-02
88 +2.688475845e+00 +2.688475845e+00 -1.217115242e+02 -1.217115242e+02 -1.0802e+00 +1.4592e+00 +2.6468e+00 -4.6819e-01 -2.6495e+00
121 +1.677558816e+00 +1.677558816e+00 -1.227224412e+02 -1.227224412e+02 -1.1515e+00 +9.6836e-01 +3.3383e+00 -1.3854e+00 -2.2569e+00
424 +1.402136546e+00 +1.402136546e+00 -1.229978635e+02 -1.229978635e+02 +6.6330e-01 -1.6645e-01 +2.9384e+00 -1.4041e+00 -2.0174e+00
490 +9.866173887e-01 +9.866173887e-01 -1.234133826e+02 -1.234133826e+02 +5.1616e-01 +6.5859e-01 +3.9534e+00 -1.9021e+00 -2.7815e+00
602 +5.944299472e-01 +5.944299472e-01 -1.238055701e+02 -1.238055701e+02 +4.3967e-01 +1.9898e-01 +2.6976e+00 -2.3611e+00 -2.2938e+00
742 +3.867602709e-01 +3.867602709e-01 -1.240132397e+02 -1.240132397e+02 -2.2376e-01 +1.1436e+00 +3.2471e+00 -2.4292e+00 -2.4005e+00
772 +1.302008553e-01 +1.302008553e-01 -1.242697991e+02 -1.242697991e+02 +5.8594e-01 +6.1691e-01 +3.0589e+00 -2.1002e+00 -2.6692e+00
833 +5.598218078e-02 +5.598218078e-02 -1.243440178e+02 -1.243440178e+02 +4.0566e-01 +8.1017e-01 +3.0954e+00 -2.1590e+00 -2.6592e+00
1000 +2.931525586e-02 +2.931525586e-02 -1.243706847e+02 -1.243706847e+02 +5.1167e-01 +8.8482e-01 +2.9319e+00 -2.1758e+00 -2.5217e+00
1094 +2.411783014e-02 +2.411783014e-02 -1.243758822e+02 -1.243758822e+02 +1.6424e-01 +8.8020e-01 +2.9893e+00 -2.1661e+00 -2.7414e+00
1125 +1.453230670e-02 +1.453230670e-02 -1.243854677e+02 -1.243854677e+02 +4.2673e-01 +9.2948e-01 +2.9428e+00 -2.1459e+00 -2.5456e+00
1616 +7.730904019e-03 +7.730904019e-03 -1.243922691e+02 -1.243922691e+02 +2.9007e-01 +7.7952e-01 +2.9482e+00 -2.2503e+00 -2.6378e+00
1999 +5.673844480e-03 +5.673844480e-03 -1.243943262e+02 -1.243943262e+02 +3.2762e-01 +8.2119e-01 +2.9324e+00 -2.2460e+00 -2.6002e+00
2230 +3.782550819e-03 +3.782550819e-03 -1.243962174e+02 -1.243962174e+02 +2.7830e-01 +8.4461e-01 +2.9598e+00 -2.2280e+00 -2.6331e+00
3500 +2.430617983e-03 +2.430617983e-03 -1.243975694e+02 -1.243975694e+02 +2.9966e-01 +8.6891e-01 +2.9469e+00 -2.2284e+00 -2.6034e+00
% function evaluation | noise-free fitness - Fopt (6.000000000000e-01) | best noise-free fitness - Fopt | measured fitness | best measured fitness | x1 | x2...
1 +3.760030763e+02 +3.760030763e+02 +3.766030763e+02 +3.766030763e+02 +3.0667e+00 +1.9150e+00 -3.6323e+00 -3.9499e+00 -5.9851e-01
2 +2.082408189e+01 +2.082408189e+01 +2.142408189e+01 +2.142408189e+01 +2.1393e+00 -4.2820e+00 -3.5274e+00 +1.7423e+00 +3.9526e+00
20 +9.071166845e+00 +9.071166845e+00 +9.671166845e+00 +9.671166845e+00 +3.2335e+00 -1.5931e+00 +2.0163e+00 +2.1466e+00 +3.6292e+00
35 +4.687469022e+00 +4.687469022e+00 +5.287469022e+00 +5.287469022e+00 +1.7995e+00 -2.1658e+00 +1.2291e+00 +4.2402e+00 -1.4226e+00
206 +3.632569788e+00 +3.632569788e+00 +4.232569788e+00 +4.232569788e+00 +2.2970e+00 -1.4099e+00 -1.7442e+00 +4.8279e+00 -9.2877e-01
356 +2.005674767e+00 +2.005674767e+00 +2.605674767e+00 +2.605674767e+00 +2.0217e+00 -2.2006e+00 +7.0332e-01 +2.7542e+00 +1.2518e+00
474 +7.277736267e-01 +7.277736267e-01 +1.327773627e+00 +1.327773627e+00 +2.6600e+00 -2.0258e+00 +6.3986e-01 +2.8278e+00 -3.3905e-01
531 +6.146969636e-01 +6.146969636e-01 +1.214696964e+00 +1.214696964e+00 +2.7568e+00 -1.6700e+00 +1.2822e-01 +3.3005e+00 -7.3292e-01
556 +3.559007238e-01 +3.559007238e-01 +9.559007238e-01 +9.559007238e-01 +2.4286e+00 -2.4618e+00 +1.5721e-01 +3.9709e+00 +4.1325e-01
664 +2.188122356e-01 +2.188122356e-01 +8.188122356e-01 +8.188122356e-01 +2.7978e+00 -2.1102e+00 +1.3975e-02 +3.4433e+00 +7.7032e-01
740 +4.101036907e-02 +4.101036907e-02 +6.410103691e-01 +6.410103691e-01 +2.3679e+00 -2.0359e+00 +1.9793e-01 +3.5238e+00 +2.1529e-01
935 +2.035083436e-02 +2.035083436e-02 +6.203508344e-01 +6.203508344e-01 +2.7061e+00 -1.9689e+00 +1.0011e-01 +3.5242e+00 +1.1355e-01
1142 +1.179269763e-02 +1.179269763e-02 +6.117926976e-01 +6.117926976e-01 +2.6291e+00 -1.9709e+00 +1.2797e-01 +3.5073e+00 +1.4859e-01
1174 +6.211017615e-03 +6.211017615e-03 +6.062110176e-01 +6.062110176e-01 +2.6666e+00 -1.9813e+00 +9.3845e-02 +3.6172e+00 +1.8865e-01
1293 +3.312400726e-03 +3.312400726e-03 +6.033124007e-01 +6.033124007e-01 +2.6145e+00 -2.0171e+00 +1.3795e-01 +3.6809e+00 +2.0177e-01
1783 +1.062690403e-03 +1.062690403e-03 +6.010626904e-01 +6.010626904e-01 +2.6047e+00 -1.9614e+00 +9.9711e-02 +3.5163e+00 +1.2715e-01
2032 +7.178736539e-04 +7.178736539e-04 +6.007178737e-01 +6.007178737e-01 +2.5955e+00 -1.9880e+00 +1.1830e-01 +3.5734e+00 +1.7801e-01
2752 +4.689341374e-04 +4.689341374e-04 +6.004689341e-01 +6.004689341e-01 +2.6214e+00 -1.9880e+00 +1.1691e-01 +3.5876e+00 +1.7801e-01
2805 +3.935164849e-04 +3.935164849e-04 +6.003935165e-01 +6.003935165e-01 +2.6234e+00 -1.9868e+00 +1.1503e-01 +3.5852e+00 +1.7836e-01
2915 +1.715426690e-04 +1.715426690e-04 +6.001715427e-01 +6.001715427e-01 +2.6272e+00 -1.9822e+00 +1.0726e-01 +3.5787e+00 +1.6954e-01
3270 +1.063292183e-04 +1.063292183e-04 +6.001063292e-01 +6.001063292e-01 +2.5846e+00 -1.9775e+00 +1.1580e-01 +3.5568e+00 +1.2937e-01
3672 +9.528158249e-05 +9.528158249e-05 +6.000952816e-01 +6.000952816e-01 +2.6142e+00 -1.9809e+00 +1.0959e-01 +3.5701e+00 +1.6294e-01
5069 +6.165121925e-05 +6.165121925e-05 +6.000616512e-01 +6.000616512e-01 +2.6058e+00 -1.9800e+00 +1.1212e-01 +3.5676e+00 +1.5094e-01
5524 +3.208825601e-05 +3.208825601e-05 +6.000320883e-01 +6.000320883e-01 +2.6146e+00 -1.9807e+00 +1.0962e-01 +3.5718e+00 +1.5895e-01
5955 +1.931544497e-05 +1.931544497e-05 +6.000193154e-01 +6.000193154e-01 +2.6034e+00 -1.9808e+00 +1.1250e-01 +3.5700e+00 +1.4923e-01
6827 +1.538361972e-05 +1.538361972e-05 +6.000153836e-01 +6.000153836e-01 +2.6022e+00 -1.9810e+00 +1.1310e-01 +3.5708e+00 +1.4805e-01
7704 +9.860400816e-06 +9.860400816e-06 +6.000098604e-01 +6.000098604e-01 +2.5968e+00 -1.9788e+00 +1.1366e-01 +3.5657e+00 +1.3635e-01
9500 +6.183708851e-06 +6.183708851e-06 +6.000061837e-01 +6.000061837e-01 +2.6060e+00 -1.9806e+00 +1.1237e-01 +3.5709e+00 +1.4877e-01
11433 +3.446615152e-06 +3.446615152e-06 +6.000034466e-01 +6.000034466e-01 +2.6073e+00 -1.9807e+00 +1.1222e-01 +3.5718e+00 +1.4949e-01
11768 +1.544781290e-06 +1.544781290e-06 +6.000015448e-01 +6.000015448e-01 +2.6072e+00 -1.9802e+00 +1.1266e-01 +3.5718e+00 +1.4571e-01
13444 +8.711376528e-07 +8.711376528e-07 +6.000008711e-01 +6.000008711e-01 +2.6070e+00 -1.9792e+00 +1.1146e-01 +3.5687e+00 +1.4486e-01
15018 +6.091038246e-07 +6.091038246e-07 +6.000006091e-01 +6.000006091e-01 +2.6068e+00 -1.9793e+00 +1.1187e-01 +3.5694e+00 +1.4428e-01
19104 +3.827819544e-07 +3.827819544e-07 +6.000003828e-01 +6.000003828e-01 +2.6066e+00 -1.9790e+00 +1.1160e-01 +3.5686e+00 +1.4342e-01
% function evaluation | noise-free fitness - Fopt (-4.071000000000e+01) | best noise-free fitness - Fopt | measured fitness | best measured fitness | x1 | x2...
1 +1.360648407e+01 +1.360648407e+01 -2.710351593e+01 -2.710351593e+01 +8.0832e-01 +1.8738e+00 -3.4556e+00 +1.5247e+00 +3.4254e+00
40 +7.809396990e+00 +7.809396990e+00 -3.290060301e+01 -3.290060301e+01 -1.0364e+00 -3.2313e+00 -2.0312e+00 +2.1391e+00 +3.6350e+00
48 +4.699253127e+00 +4.699253127e+00 -3.601074687e+01 -3.601074687e+01 +8.9334e-01 -1.6326e+00 +1.1569e+00 -7.2310e-02 +2.2883e+00
86 +1.766285544e+00 +1.766285544e+00 -3.894371446e+01 -3.894371446e+01 +6.7098e-02 -1.4283e+00 +1.2344e+00 +1.1834e+00 +6.3473e-02
197 +1.329950125e+00 +1.329950125e+00 -3.938004987e+01 -3.938004987e+01 +2.0588e-01 -3.4759e+00 +2.0266e+00 +2.1462e+00 -1.3765e+00
240 +7.665160838e-01 +7.665160838e-01 -3.994348392e+01 -3.994348392e+01 +4.6049e-01 -3.2313e+00 +2.1080e+00 +2.0522e+00 -1.8844e-02
307 +6.221540518e-01 +6.221540518e-01 -4.008784595e+01 -4.008784595e+01 +2.0642e-01 -2.3951e+00 +8.4163e-01 +2.4314e+00 -3.5261e-01
437 +3.066725520e-01 +3.066725520e-01 -4.040332745e+01 -4.040332745e+01 +3.2893e-01 -2.9245e+00 +1.2620e+00 +1.7170e+00 -9.6022e-01
453 +1.329614164e-01 +1.329614164e-01 -4.057703858e+01 -4.057703858e+01 +5.2853e-01 -2.8844e+00 +1.0811e+00 +2.0876e+00 -6.1646e-01
533 +9.969360315e-02 +9.969360315e-02 -4.061030640e+01 -4.061030640e+01 +5.2853e-01 -2.9666e+00 +1.2655e+00 +2.3345e+00 -6.1646e-01
818 +3.366432341e-02 +3.366432341e-02 -4.067633568e+01 -4.067633568e+01 +4.9226e-01 -2.5292e+00 +1.4841e+00 +2.0376e+00 -6.9937e-01
863 +1.745909019e-02 +1.745909019e-02 -4.069254091e+01 -4.069254091e+01 +5.6562e-01 -2.6607e+00 +1.3579e+00 +2.0095e+00 -6.6145e-01
1092 +1.480952993e-02 +1.480952993e-02 -4.069519047e+01 -4.069519047e+01 +7.2427e-01 -2.7193e+00 +1.3735e+00 +2.2348e+00 -4.9443e-01
1116 +7.120817070e-03 +7.120817070e-03 -4.070287918e+01 -4.070287918e+01 +6.9088e-01 -2.7618e+00 +1.4462e+00 +2.1791e+00 -4.8917e-01
1380 +5.804866931e-03 +5.804866931e-03 -4.070419513e+01 -4.070419513e+01 +6.9661e-01 -2.7918e+00 +1.4281e+00 +2.1612e+00 -4.9858e-01
1381 +1.930031554e-03 +1.930031554e-03 -4.070806997e+01 -4.070806997e+01 +6.9297e-01 -2.7933e+00 +1.3660e+00 +2.2874e+00 -4.9388e-01
1596 +1.093686975e-03 +1.093686975e-03 -4.070890631e+01 -4.070890631e+01 +6.6302e-01 -2.7618e+00 +1.3873e+00 +2.1791e+00 -5.3178e-01
1859 +9.599331442e-04 +9.599331442e-04 -4.070904007e+01 -4.070904007e+01 +6.7166e-01 -2.7747e+00 +1.3749e+00 +2.2090e+00 -5.2348e-01
2245 +5.074918912e-04 +5.074918912e-04 -4.070949251e+01 -4.070949251e+01 +6.6236e-01 -2.7498e+00 +1.3740e+00 +2.2037e+00 -5.3693e-01
2928 +2.137729133e-04 +2.137729133e-04 -4.070978623e+01 -4.070978623e+01 +6.6162e-01 -2.7503e+00 +1.3845e+00 +2.1775e+00 -5.3815e-01
4447 +1.111640486e-04 +1.111640486e-04 -4.070988884e+01 -4.070988884e+01 +6.5775e-01 -2.7441e+00 +1.3881e+00 +2.1751e+00 -5.4164e-01
5208 +9.727167037e-05 +9.727167037e-05 -4.070990273e+01 -4.070990273e+01 +6.5843e-01 -2.7435e+00 +1.3897e+00 +2.1774e+00 -5.4033e-01
8558 +5.738425274e-05 +5.738425274e-05 -4.070994262e+01 -4.070994262e+01 +6.5911e-01 -2.7412e+00 +1.3904e+00 +2.1858e+00 -5.3874e-01
% function evaluation | noise-free fitness - Fopt (8.143200000000e+02) | best noise-free fitness - Fopt | measured fitness | best measured fitness | x1 | x2...
1 +1.201478738e+01 +1.201478738e+01 +8.263347874e+02 +8.263347874e+02 +3.4775e+00 -1.9725e+00 -4.1077e+00 +9.8995e-02 +2.3434e-01
26 +9.959578473e+00 +9.959578473e+00 +8.242795785e+02 +8.242795785e+02 +1.5409e+00 -3.2311e+00 -4.1618e+00 +7.4219e-02 -9.3703e-01
94 +2.996676932e+00 +2.996676932e+00 +8.173166769e+02 +8.173166769e+02 -1.6249e+00 -4.8189e+00 +1.6913e+00 -1.5453e+00 +5.9737e-01
107 +2.192004347e+00 +2.192004347e+00 +8.165120043e+02 +8.165120043e+02 -2.8258e+00 -3.7292e+00 +3.4905e+00 -2.8002e+00 +3.1004e+00
344 +5.912723021e-01 +5.912723021e-01 +8.149112723e+02 +8.149112723e+02 -2.9936e+00 -4.3690e+00 +4.1697e+00 -1.2339e+00 +1.3096e+00
575 +3.397698490e-01 +3.397698490e-01 +8.146597698e+02 +8.146597698e+02 -2.6506e+00 -4.4022e+00 +3.9061e+00 -7.9877e-01 +2.0284e+00
633 +1.234939164e-01 +1.234939164e-01 +8.144434939e+02 +8.144434939e+02 -2.5761e+00 -3.6928e+00 +4.0123e+00 -1.6413e+00 +1.8664e+00
655 +8.343972964e-02 +8.343972964e-02 +8.144034397e+02 +8.144034397e+02 -2.7395e+00 -4.1854e+00 +3.9061e+00 -1.2017e+00 +2.0284e+00
695 +5.694754548e-02 +5.694754548e-02 +8.143769475e+02 +8.143769475e+02 -2.7395e+00 -4.1248e+00 +3.8221e+00 -1.2017e+00 +2.0284e+00
896 +1.773193051e-02 +1.773193051e-02 +8.143377319e+02 +8.143377319e+02 -2.8789e+00 -3.8616e+00 +3.8049e+00 -1.1313e+00 +2.1556e+00
1036 +1.160842423e-02 +1.160842423e-02 +8.143316084e+02 +8.143316084e+02 -2.8099e+00 -3.7819e+00 +3.8382e+00 -1.2259e+00 +2.1659e+00
1162 +6.503020593e-03 +6.503020593e-03 +8.143265030e+02 +8.143265030e+02 -2.7857e+00 -3.7249e+00 +3.8694e+00 -1.2258e+00 +2.0824e+00
1314 +3.553036605e-03 +3.553036605e-03 +8.143235530e+02 +8.143235530e+02 -2.7879e+00 -3.7858e+00 +3.8597e+00 -1.2212e+00 +2.1002e+00
1434 +2.149931357e-03 +2.149931357e-03 +8.143221499e+02 +8.143221499e+02 -2.7795e+00 -3.7858e+00 +3.8597e+00 -1.2212e+00 +2.1002e+00
1842 +1.269803285e-03 +1.269803285e-03 +8.143212698e+02 +8.143212698e+02 -2.7665e+00 -3.8051e+00 +3.8694e+00 -1.2447e+00 +2.0887e+00
1987 +6.618872246e-04 +6.618872246e-04 +8.143206619e+02 +8.143206619e+02 -2.7746e+00 -3.8337e+00 +3.8578e+00 -1.2381e+00 +2.1062e+00
2473 +3.425029213e-04 +3.425029213e-04 +8.143203425e+02 +8.143203425e+02 -2.7822e+00 -3.8281e+00 +3.8593e+00 -1.2256e+00 +2.0872e+00
3048 +1.150684170e-04 +1.150684170e-04 +8.143201151e+02 +8.143201151e+02 -2.7951e+00 -3.8386e+00 +3.8600e+00 -1.2204e+00 +2.0613e+00
3465 +9.472173338e-05 +9.472173338e-05 +8.143200947e+02 +8.143200947e+02 -2.7949e+00 -3.8347e+00 +3.8653e+00 -1.2244e+00 +2.0449e+00
4545 +1.735961280e-05 +1.735961280e-05 +8.143200174e+02 +8.143200174e+02 -2.7987e+00 -3.8544e+00 +3.8563e+00 -1.2195e+00 +2.0637e+00
5742 +1.546744716e-05 +1.546744716e-05 +8.143200155e+02 +8.143200155e+02 -2.7993e+00 -3.8579e+00 +3.8555e+00 -1.2188e+00 +2.0647e+00
8083 +9.972175462e-06 +9.972175462e-06 +8.143200100e+02 +8.143200100e+02 -2.7977e+00 -3.8548e+00 +3.8568e+00 -1.2211e+00 +2.0639e+00
8608 +6.179953516e-06 +6.179953516e-06 +8.143200062e+02 +8.143200062e+02 -2.7973e+00 -3.8549e+00 +3.8566e+00 -1.2213e+00 +2.0651e+00
11015 +3.980124006e-06 +3.980124006e-06 +8.143200040e+02 +8.143200040e+02 -2.7965e+00 -3.8538e+00 +3.8572e+00 -1.2224e+00 +2.0649e+00
% function evaluation | noise-free fitness - Fopt (-6.205000000000e+01) | best noise-free fitness - Fopt | measured fitness | best measured fitness | x1 | x2...
1 +6.160874233e+02 +6.160874233e+02 +5.540374233e+02 +5.540374233e+02 -4.1877e+00 -4.5713e+00 +2.2352e+00 -1.2113e+00 +1.6310e+00
2 +4.570867819e+01 +4.570867819e+01 -1.634132181e+01 -1.634132181e+01 -1.2885e+00 +6.1581e-01 -4.5274e+00 -1.8633e+00 +4.7267e+00
4 +1.472131043e+01 +1.472131043e+01 -4.732868957e+01 -4.732868957e+01 -5.9103e-01 +2.1400e-01 -4.3671e+00 -2.7427e+00 -3.0242e+00
62 +9.631987726e+00 +9.631987726e+00 -5.241801227e+01 -5.241801227e+01 +5.2269e-01 +4.1078e+00 -3.4474e+00 +1.9253e-01 -1.7795e+00
94 +5.265883160e+00 +5.265883160e+00 -5.678411684e+01 -5.678411684e+01 +1.5745e+00 -1.8619e-01 -2.9597e+00 +9.9909e-01 +9.0503e-01
152 +3.407698416e+00 +3.407698416e+00 -5.864230158e+01 -5.864230158e+01 +2.2785e+00 -2.1408e+00 +1.1761e+00 +2.1917e+00 -3.3329e+00
336 +1.371828078e+00 +1.371828078e+00 -6.067817192e+01 -6.067817192e+01 +1.9867e+00 -1.3319e+00 -1.0188e-01 +1.3436e+00 -2.6630e+00
550 +5.235823213e-01 +5.235823213e-01 -6.152641768e+01 -6.152641768e+01 +2.4960e+00 +3.7718e-01 -4.9791e-01 +1.8201e+00 -1.9516e+00
574 +3.193952636e-01 +3.193952636e-01 -6.173060474e+01 -6.173060474e+01 +1.9382e+00 -1.0026e+00 -9.3588e-01 +2.0649e+00 -1.5449e+00
715 +1.973022149e-01 +1.973022149e-01 -6.185269779e+01 -6.185269779e+01 +2.0923e+00 -8.0863e-01 -5.0508e-01 +2.2630e+00 -1.6275e+00
769 +1.056666235e-01 +1.056666235e-01 -6.194433338e+01 -6.194433338e+01 +1.7738e+00 -8.7680e-01 -5.2473e-01 +2.2267e+00 -1.7306e+00
889 +9.146358847e-02 +9.146358847e-02 -6.195853641e+01 -6.195853641e+01 +1.7738e+00 -8.1811e-01 -5.1250e-01 +2.2267e+00 -1.7306e+00
949 +5.530217144e-02 +5.530217144e-02 -6.199469783e+01 -6.199469783e+01 +1.9578e+00 -7.5883e-01 -6.2615e-01 +2.2179e+00 -1.7158e+00
958 +1.281398391e-02 +1.281398391e-02 -6.203718602e+01 -6.203718602e+01 +2.0825e+00 -4.6561e-01 -6.1151e-01 +2.0775e+00 -1.6619e+00
1217 +9.466410282e-03 +9.466410282e-03 -6.204053359e+01 -6.204053359e+01 +2.0397e+00 -5.7484e-01 -6.2413e-01 +2.1336e+00 -1.7097e+00
1286 +6.196582157e-03 +6.196582157e-03 -6.204380342e+01 -6.204380342e+01 +1.9987e+00 -5.2997e-01 -6.2130e-01 +2.0885e+00 -1.7840e+00
1742 +1.955555912e-03 +1.955555912e-03 -6.204804444e+01 -6.204804444e+01 +2.0726e+00 -5.2253e-01 -6.4132e-01 +2.0933e+00 -1.7400e+00
1849 +1.380308314e-03 +1.380308314e-03 -6.204861969e+01 -6.204861969e+01 +2.0823e+00 -5.2614e-01 -6.4477e-01 +2.0941e+00 -1.7356e+00
2370 +8.814541617e-04 +8.814541617e-04 -6.204911855e+01 -6.204911855e+01 +2.0192e+00 -5.4598e-01 -6.2079e-01 +2.0939e+00 -1.7322e+00
3244 +5.573921123e-04 +5.573921123e-04 -6.204944261e+01 -6.204944261e+01 +2.0188e+00 -5.2429e-01 -6.1321e-01 +2.1031e+00 -1.7405e+00
3955 +3.534425200e-04 +3.534425200e-04 -6.204964656e+01 -6.204964656e+01 +2.0448e+00 -5.2091e-01 -6.1776e-01 +2.0988e+00 -1.7222e+00
5068 +2.395969545e-04 +2.395969545e-04 -6.204976040e+01 -6.204976040e+01 +2.0287e+00 -5.2442e-01 -6.1190e-01 +2.0996e+00 -1.7228e+00
7480 +1.533172488e-04 +1.533172488e-04 -6.204984668e+01 -6.204984668e+01 +2.0254e+00 -5.2285e-01 -6.0931e-01 +2.0978e+00 -1.7207e+00
% function evaluation | noise-free fitness - Fopt (-4.328000000000e+01) | best noise-free fitness - Fopt | measured fitness | best measured fitness | x1 | x2...
1 +1.459477024e+02 +1.459477024e+02 +1.026677024e+02 +1.026677024e+02 -2.1412e+00 -3.7691e+00 +3.8501e+00 -4.0751e+00 -4.0110e+00
2 +2.480439568e+01 +2.480439568e+01 -1.847560432e+01 -1.847560432e+01 +4.6266e+00 -1.8740e+00 +3.4696e+00 -2.7709e+00 -1.8133e+00
3 +1.495715399e+01 +1.495715399e+01 -2.832284601e+01 -2.832284601e+01 -2.9825e+00 -2.4124e+00 +2.8526e+00 +4.8829e+00 +4.3994e+00
35 +9.309263866e+00 +9.309263866e+00 -3.397073613e+01 -3.397073613e+01 -2.3834e+00 -3.5945e-01 +4.2391e+00 +3.7647e+00 +2.3783e+00
54 +5.659257819e+00 +5.659257819e+00 -3.762074218e+01 -3.762074218e+01 +1.6474e+00 +3.2184e+00 -3.4254e+00 +2.5366e+00 +6.2315e-01
214 +1.718241569e+00 +1.718241569e+00 -4.156175843e+01 -4.156175843e+01 +8.4559e-03 +3.2184e+00 -3.5141e+00 +2.5366e+00 +1.8099e+00
414 +1.302841436e+00 +1.302841436e+00 -4.197715856e+01 -4.197715856e+01 +8.4559e-03 +3.2184e+00 -3.5141e+00 +2.5366e+00 +3.4370e+00
596 +8.381241559e-01 +8.381241559e-01 -4.244187584e+01 -4.244187584e+01 -1.3574e+00 +3.2081e+00 -2.2762e+00 +2.0641e+00 +2.9945e+00
685 +3.080608800e-01 +3.080608800e-01 -4.297193912e+01 -4.297193912e+01 -6.2119e-01 +2.5806e+00 -2.9817e+00 +2.0451e+00 +3.4556e+00
715 +1.673130078e-01 +1.673130078e-01 -4.311268699e+01 -4.311268699e+01 -4.6875e-01 +2.9098e+00 -2.7494e+00 +1.5581e+00 +2.7864e+00
879 +6.619495658e-02 +6.619495658e-02 -4.321380504e+01 -4.321380504e+01 -4.1386e-01 +2.8501e+00 -2.8500e+00 +1.8247e+00 +3.1608e+00
930 +2.505727042e-02 +2.505727042e-02 -4.325494273e+01 -4.325494273e+01 -4.1550e-01 +2.7122e+00 -2.8952e+00 +1.5756e+00 +3.1396e+00
1107 +1.484951766e-02 +1.484951766e-02 -4.326515048e+01 -4.326515048e+01 -6.5841e-01 +2.7314e+00 -2.8854e+00 +1.5953e+00 +2.9613e+00
1374 +5.214890493e-03 +5.214890493e-03 -4.327478511e+01 -4.327478511e+01 -3.9023e-01 +2.5720e+00 -2.9193e+00 +1.5962e+00 +3.2061e+00
1381 +1.105389254e-03 +1.105389254e-03 -4.327889461e+01 -4.327889461e+01 -4.4566e-01 +2.6185e+00 -2.9085e+00 +1.5935e+00 +3.1735e+00
1972 +8.052512115e-04 +8.052512115e-04 -4.327919475e+01 -4.327919475e+01 -4.3411e-01 +2.6056e+00 -2.9108e+00 +1.6052e+00 +3.1821e+00
2327 +3.646036427e-04 +3.646036427e-04 -4.327963540e+01 -4.327963540e+01 -4.5594e-01 +2.6233e+00 -2.9073e+00 +1.5966e+00 +3.1575e+00
3433 +2.305870336e-04 +2.305870336e-04 -4.327976941e+01 -4.327976941e+01 -4.5795e-01 +2.6286e+00 -2.9041e+00 +1.5913e+00 +3.1657e+00
4692 +1.451518225e-04 +1.451518225e-04 -4.327985485e+01 -4.327985485e+01 -4.6242e-01 +2.6286e+00 -2.9046e+00 +1.5954e+00 +3.1602e+00
% function evaluation | noise-free fitness - Fopt (-3.916000000000e+01) | best noise-free fitness - Fopt | measured fitness | best measured fitness | x1 | x2...
1 +6.399836257e+00 +6.399836257e+00 -3.276016374e+01 -3.276016374e+01 -9.2397e-01 +3.3221e+00 +1.1678e+00 +2.2739e+00 -1.9914e+00
90 +4.849797391e+00 +4.849797391e+00 -3.431020261e+01 -3.431020261e+01 -3.8709e+00 +3.4679e+00 +3.7700e+00 +9.7459e-01 -3.2440e+00
102 +3.754545361e+00 +3.754545361e+00 -3.540545464e+01 -3.540545464e+01 -1.2248e+00 +1.1602e+00 +2.8680e+00 +2.0988e+00 -1.7531e+00
144 +1.194046854e+00 +1.194046854e+00 -3.796595315e+01 -3.796595315e+01 -4.0511e+00 +1.8181e+00 +1.7248e+00 +3.5447e+00 -2.6555e+00
264 +3.128310990e-01 +3.128310990e-01 -3.884716890e+01 -3.884716890e+01 -4.0511e+00 +1.8181e+00 +2.0630e+00 +2.6009e+00 -2.6555e+00
553 +2.391742484e-01 +2.391742484e-01 -3.892082575e+01 -3.892082575e+01 -4.0658e+00 +1.7716e+00 +2.2240e+00 +2.4932e+00 -2.9044e+00
661 +1.430895659e-01 +1.430895659e-01 -3.901691043e+01 -3.901691043e+01 -4.0313e+00 +1.8448e+00 +2.1915e+00 +2.8370e+00 -2.7915e+00
784 +9.074952958e-02 +9.074952958e-02 -3.906925047e+01 -3.906925047e+01 -3.7890e+00 +1.8171e+00 +2.4525e+00 +2.6604e+00 -3.1841e+00
806 +5.645039856e-02 +5.645039856e-02 -3.910354960e+01 -3.910354960e+01 -3.7213e+00 +1.8423e+00 +2.5598e+00 +2.6330e+00 -3.1505e+00
902 +3.844361340e-02 +3.844361340e-02 -3.912155639e+01 -3.912155639e+01 -3.7187e+00 +1.8667e+00 +2.3210e+00 +2.9669e+00 -2.9449e+00
909 +9.457111329e-03 +9.457111329e-03 -3.915054289e+01 -3.915054289e+01 -3.6241e+00 +1.8343e+00 +2.5924e+00 +2.7201e+00 -3.0712e+00
1201 +4.703371284e-03 +4.703371284e-03 -3.915529663e+01 -3.915529663e+01 -3.6237e+00 +1.8469e+00 +2.5768e+00 +2.7553e+00 -3.0581e+00
1523 +3.572172905e-03 +3.572172905e-03 -3.915642783e+01 -3.915642783e+01 -3.6303e+00 +1.8376e+00 +2.5400e+00 +2.7898e+00 -3.0399e+00
1974 +2.470585702e-03 +2.470585702e-03 -3.915752941e+01 -3.915752941e+01 -3.7010e+00 +1.8674e+00 +2.4755e+00 +2.8658e+00 -2.9683e+00
2723 +9.927343637e-04 +9.927343637e-04 -3.915900727e+01 -3.915900727e+01 -3.6303e+00 +1.8724e+00 +2.5527e+00 +2.7982e+00 -3.0057e+00
3284 +6.065714166e-04 +6.065714166e-04 -3.915939343e+01 -3.915939343e+01 -3.6202e+00 +1.8684e+00 +2.5556e+00 +2.8121e+00 -3.0070e+00
4289 +3.746366372e-04 +3.746366372e-04 -3.915962536e+01 -3.915962536e+01 -3.6380e+00 +1.8720e+00 +2.5425e+00 +2.8182e+00 -2.9971e+00
5414 +1.946560720e-04 +1.946560720e-04 -3.915980534e+01 -3.915980534e+01 -3.6567e+00 +1.8738e+00 +2.5144e+00 +2.8435e+00 -2.9789e+00
6250 +1.503022527e-04 +1.503022527e-04 -3.915984970e+01 -3.915984970e+01 -3.6546e+00 +1.8742e+00 +2.5185e+00 +2.8440e+00 -2.9793e+00
7855 +9.825202068e-05 +9.825202068e-05 -3.915990175e+01 -3.915990175e+01 -3.6357e+00 +1.8710e+00 +2.5396e+00 +2.8409e+00 -2.9899e+00
8655 +6.040534370e-05 +6.040534370e-05 -3.915993959e+01 -3.915993959e+01 -3.6355e+00 +1.8710e+00 +2.5396e+00 +2.8428e+00 -2.9893e+00
24161 +3.980628609e-05 +3.980628609e-05 -3.915996019e+01 -3.915996019e+01 -3.6457e+00 +1.8757e+00 +2.5273e+00 +2.8494e+00 -2.9787e+00
% function evaluation | noise-free fitness - Fopt (-1.732800000000e+02) | best noise-free fitness - Fopt | measured fitness | best measured fitness | x1 | x2...
1 +1.248639329e+02 +1.248639329e+02 -4.841606708e+01 -4.841606708e+01 +3.3632e+00 +2.9370e-01 +4.6366e+00 -3.9650e+00 -3.5595e+00
2 +3.564867536e+01 +3.564867536e+01 -1.376313246e+02 -1.376313246e+02 -4.0600e-01 +7.2457e-01 -9.9383e-02 +1.5918e+00 +3.2682e+00
10 +2.028105171e+01 +2.028105171e+01 -1.529989483e+02 -1.529989483e+02 -2.2821e+00 -4.4109e+00 +2.5832e+00 +4.2059e+00 -1.7038e+00
14 +1.227941186e+01 +1.227941186e+01 -1.610005881e+02 -1.610005881e+02 -3.6540e+00 +1.5599e+00 -3.7751e+00 -2.3862e+00 +4.4970e+00
15 +4.278496942e+00 +4.278496942e+00 -1.690015031e+02 -1.690015031e+02 -4.3150e+00 +5.3114e-01 +7.7837e-01 +5.9209e-01 -4.5889e-01
135 +3.396705892e+00 +3.396705892e+00 -1.698832941e+02 -1.698832941e+02 -3.0507e+00 +5.3114e-01 +2.0711e+00 +5.9209e-01 -4.5259e-01
250 +2.302417859e+00 +2.302417859e+00 -1.709775821e+02 -1.709775821e+02 -3.1991e+00 -3.0007e+00 +2.6461e+00 -7.5826e-02 +7.0405e-01
292 +1.274943128e+00 +1.274943128e+00 -1.720050569e+02 -1.720050569e+02 -2.6794e+00 -1.2377e+00 +2.0053e+00 -1.1602e+00 -7.3674e-01
337 +8.939670338e-01 +8.939670338e-01 -1.723860330e+02 -1.723860330e+02 -3.3375e+00 -1.2260e+00 +3.2659e+00 -7.8671e-01 +1.3244e+00
348 +4.421288231e-01 +4.421288231e-01 -1.728378712e+02 -1.728378712e+02 -3.1548e+00 -1.2268e+00 +2.2163e+00 -1.1356e+00 -2.4691e-01
468 +2.387691463e-01 +2.387691463e-01 -1.730412309e+02 -1.730412309e+02 -3.1548e+00 -1.2268e+00 +2.2163e+00 -6.0318e-01 +8.9799e-01
718 +1.230088319e-01 +1.230088319e-01 -1.731569912e+02 -1.731569912e+02 -2.8372e+00 -1.0594e+00 +2.1912e+00 -7.8053e-01 +6.8436e-01
803 +9.169192288e-02 +9.169192288e-02 -1.731883081e+02 -1.731883081e+02 -3.0924e+00 -1.1949e+00 +2.2390e+00 -9.6317e-01 +3.9337e-01
976 +5.062275370e-02 +5.062275370e-02 -1.732293772e+02 -1.732293772e+02 -3.0250e+00 -1.0800e+00 +2.2633e+00 -9.4871e-01 +4.9193e-01
992 +1.746391355e-02 +1.746391355e-02 -1.732625361e+02 -1.732625361e+02 -2.9236e+00 -8.4423e-01 +2.5908e+00 -1.0067e+00 +6.4937e-01
1460 +1.133630555e-02 +1.133630555e-02 -1.732686637e+02 -1.732686637e+02 -3.0725e+00 -1.0024e+00 +2.4569e+00 -9.1116e-01 +5.8653e-01
1520 +7.682216184e-03 +7.682216184e-03 -1.732723178e+02 -1.732723178e+02 -2.8618e+00 -9.2890e-01 +2.4200e+00 -9.2373e-01 +6.4922e-01
1881 +3.100723600e-03 +3.100723600e-03 -1.732768993e+02 -1.732768993e+02 -2.9275e+00 -9.2549e-01 +2.4520e+00 -9.0271e-01 +6.4115e-01
2592 +2.432092558e-03 +2.432092558e-03 -1.732775679e+02 -1.732775679e+02 -2.9924e+00 -9.3430e-01 +2.4715e+00 -9.2008e-01 +5.8059e-01
2707 +1.339312317e-03 +1.339312317e-03 -1.732786607e+02 -1.732786607e+02 -2.9941e+00 -9.4525e-01 +2.4551e+00 -9.3964e-01 +5.5670e-01
3003 +8.920859875e-04 +8.920859875e-04 -1.732791079e+02 -1.732791079e+02 -2.9874e+00 -9.4233e-01 +2.4650e+00 -9.3717e-01 +5.8990e-01
3242 +5.416989752e-04 +5.416989752e-04 -1.732794583e+02 -1.732794583e+02 -2.9717e+00 -9.2640e-01 +2.4752e+00 -9.4946e-01 +5.8118e-01
4952 +3.591356605e-04 +3.591356605e-04 -1.732796409e+02 -1.732796409e+02 -2.9725e+00 -9.3447e-01 +2.4643e+00 -9.4517e-01 +5.8197e-01
9725 +2.499310948e-04 +2.499310948e-04 -1.732797501e+02 -1.732797501e+02 -2.9694e+00 -9.3122e-01 +2.4679e+00 -9.5261e-01 +5.8034e-01
% function evaluation | noise-free fitness - Fopt (-1.017000000000e+01) | best noise-free fitness - Fopt | measured fitness | best measured fitness | x1 | x2...
1 +1.760495879e+02 +1.760495879e+02 +1.658795879e+02 +1.658795879e+02 +1.4666e+00 -1.2994e+00 +2.4100e+00 +3.3253e+00 -1.1021e+00
3 +2.717978146e+01 +2.717978146e+01 +1.700978146e+01 +1.700978146e+01 -4.7233e+00 +1.4049e+00 +8.3423e-02 +1.2181e+00 -2.0273e+00
4 +1.669606454e+01 +1.669606454e+01 +6.526064539e+00 +6.526064539e+00 +3.6447e+00 +3.1937e-01 +2.1955e+00 -1.0433e+00 -4.1839e-01
7 +9.262392165e+00 +9.262392165e+00 -9.076078352e-01 -9.076078352e-01 +3.6016e+00 +3.6068e+00 +3.4895e+00 -2.4834e+00 -1.7613e-01
139 +5.578818734e+00 +5.578818734e+00 -4.591181266e+00 -4.591181266e+00 +2.9751e+00 -7.6588e-01 +5.1127e-01 -1.8213e+00 +4.4908e+00
175 +2.256024326e+00 +2.256024326e+00 -7.913975674e+00 -7.913975674e+00 +2.1527e+00 +7.2311e-01 +3.3665e+00 -8.2435e-01 +3.4519e+00
391 +3.093186882e-01 +3.093186882e-01 -9.860681312e+00 -9.860681312e+00 +1.7090e+00 +2.1488e+00 +2.3251e+00 -2.0247e+00 +2.9917e+00
485 +2.007943619e-01 +2.007943619e-01 -9.969205638e+00 -9.969205638e+00 +1.3313e+00 +1.9090e+00 +3.1458e+00 -1.4551e+00 +3.0119e+00
597 +1.472621782e-01 +1.472621782e-01 -1.002273782e+01 -1.002273782e+01 +1.1821e+00 +1.5769e+00 +2.9602e+00 -1.5750e+00 +3.2042e+00
762 +4.544544432e-02 +4.544544432e-02 -1.012455456e+01 -1.012455456e+01 +1.4236e+00 +1.8444e+00 +2.6925e+00 -1.6533e+00 +3.1720e+00
786 +3.022436089e-02 +3.022436089e-02 -1.013977564e+01 -1.013977564e+01 +1.4611e+00 +1.8613e+00 +2.6844e+00 -1.6136e+00 +3.1105e+00
904 +1.410083260e-02 +1.410083260e-02 -1.015589917e+01 -1.015589917e+01 +1.4453e+00 +1.8430e+00 +2.6894e+00 -1.6864e+00 +3.0174e+00
1351 +8.682710544e-03 +8.682710544e-03 -1.016131729e+01 -1.016131729e+01 +1.4257e+00 +1.8148e+00 +2.6380e+00 -1.7263e+00 +2.9811e+00
1646 +4.176703210e-03 +4.176703210e-03 -1.016582330e+01 -1.016582330e+01 +1.5188e+00 +1.7720e+00 +2.6191e+00 -1.5971e+00 +2.9601e+00
1738 +2.647116450e-03 +2.647116450e-03 -1.016735288e+01 -1.016735288e+01 +1.4610e+00 +1.7390e+00 +2.6151e+00 -1.6299e+00 +2.9347e+00
1987 +2.036251827e-03 +2.036251827e-03 -1.016796375e+01 -1.016796375e+01 +1.4460e+00 +1.7626e+00 +2.6426e+00 -1.6352e+00 +2.9848e+00
2226 +1.382159125e-03 +1.382159125e-03 -1.016861784e+01 -1.016861784e+01 +1.4472e+00 +1.7758e+00 +2.6496e+00 -1.6396e+00 +2.9936e+00
2261 +7.973862941e-04 +7.973862941e-04 -1.016920261e+01 -1.016920261e+01 +1.4491e+00 +1.7659e+00 +2.6524e+00 -1.6394e+00 +2.9714e+00
2387 +3.025096238e-04 +3.025096238e-04 -1.016969749e+01 -1.016969749e+01 +1.4460e+00 +1.7451e+00 +2.6426e+00 -1.6352e+00 +2.9533e+00
3435 +2.117127461e-04 +2.117127461e-04 -1.016978829e+01 -1.016978829e+01 +1.4401e+00 +1.7486e+00 +2.6534e+00 -1.6354e+00 +2.9623e+00
6050 +1.393660640e-04 +1.393660640e-04 -1.016986063e+01 -1.016986063e+01 +1.4498e+00 +1.7472e+00 +2.6507e+00 -1.6274e+00 +2.9577e+00
14227 +9.984082618e-05 +9.984082618e-05 -1.016990016e+01 -1.016990016e+01 +1.4513e+00 +1.7471e+00 +2.6551e+00 -1.6222e+00 +2.9604e+00
