% function evaluation | noise-free fitness - Fopt (7.948000000000e+01) | best noise-free fitness - Fopt | measured fitness | best measured fitness | x1 | x2...
1 +3.557106288e+01 +3.557106288e+01 +1.150510629e+02 +1.150510629e+02 +3.1472e+00 +4.0579e+00
3 +9.370850108e+00 +9.370850108e+00 +8.885085011e+01 +8.885085011e+01 +1.3236e+00 -4.0246e+00
14 +4.752221883e+00 +4.752221883e+00 +8.423222188e+01 +8.423222188e+01 +2.4313e+00 -1.0777e+00
19 +3.326533385e+00 +3.326533385e+00 +8.280653339e+01 +8.280653339e+01 +1.9483e+00 -1.8290e+00
21 +7.496043169e-01 +7.496043169e-01 +8.022960432e+01 +8.022960432e+01 -6.1256e-01 -1.1844e+00
59 +5.911505271e-01 +5.911505271e-01 +8.007115053e+01 +8.007115053e+01 +9.4829e-01 -8.2901e-01
80 +2.041688743e-01 +2.041688743e-01 +7.968416887e+01 +7.968416887e+01 +7.0458e-01 -1.1490e+00
134 +6.072385981e-02 +6.072385981e-02 +7.954072386e+01 +7.954072386e+01 +4.3132e-01 -9.8694e-01
181 +1.402961289e-02 +1.402961289e-02 +7.949402961e+01 +7.949402961e+01 +1.3762e-01 -1.1844e+00
375 +5.007994798e-03 +5.007994798e-03 +7.948500799e+01 +7.948500799e+01 +1.9469e-01 -1.1972e+00
384 +8.262010948e-04 +8.262010948e-04 +7.948082620e+01 +7.948082620e+01 +2.7796e-01 -1.1707e+00
738 +2.663958798e-04 +2.663958798e-04 +7.948026640e+01 +7.948026640e+01 +2.5726e-01 -1.1411e+00
832 +1.983560895e-04 +1.983560895e-04 +7.948019836e+01 +7.948019836e+01 +2.4951e-01 -1.1705e+00
1228 +1.820837832e-05 +1.820837832e-05 +7.948001821e+01 +7.948001821e+01 +2.5273e-01 -1.1611e+00
1390 +7.725584979e-06 +7.725584979e-06 +7.948000773e+01 +7.948000773e+01 +2.5550e-01 -1.1575e+00
2509 +2.334062543e-07 +2.334062543e-07 +7.948000023e+01 +7.948000023e+01 +2.5247e-01 -1.1571e+00
3141 +3.395236092e-08 +3.395236092e-08 +7.948000003e+01 +7.948000003e+01 +2.5274e-01 -1.1570e+00
3221 +3.641702051e-09 +3.641702051e-09 +7.948000000e+01 +7.948000000e+01 +2.5274e-01 -1.1568e+00
3981 +6.374847317e-10 +6.374847317e-10 +7.948000000e+01 +7.948000000e+01 +2.5282e-01 -1.1568e+00
4141 +1.885496204e-10 +1.885496204e-10 +7.948000000e+01 +7.948000000e+01 +2.5280e-01 -1.1568e+00
4528 +6.033928912e-11 +6.033928912e-11 +7.948000000e+01 +7.948000000e+01 +2.5280e-01 -1.1568e+00
4717 +2.546585165e-11 +2.546585165e-11 +7.948000000e+01 +7.948000000e+01 +2.5281e-01 -1.1568e+00
4867 +4.874323167e-12 +4.874323167e-12 +7.948000000e+01 +7.948000000e+01 +2.5280e-01 -1.1568e+00
% function evaluation | noise-free fitness - Fopt (3.944800000000e+02) | best noise-free fitness - Fopt | measured fitness | best measured fitness | x1 | x2...
1 +9.792014090e+01 +9.792014090e+01 +4.924001409e+02 +4.924001409e+02 +3.1472e+00 +4.0579e+00
2 +4.936711767e+01 +4.936711767e+01 +4.438471177e+02 +4.438471177e+02 -3.7301e+00 +4.1338e+00
3 +2.855560573e+01 +2.855560573e+01 +4.230356057e+02 +4.230356057e+02 +1.3236e+00 -4.0246e+00
4 +1.411810230e+01 +1.411810230e+01 +4.085981023e+02 +4.085981023e+02 -2.2150e+00 +4.6882e-01
17 +5.496517893e+00 +5.496517893e+00 +3.999765179e+02 +3.999765179e+02 -2.2308e+00 -4.5383e+00
35 +3.698210353e-01 +3.698210353e-01 +3.948498210e+02 +3.948498210e+02 -3.5071e+00 -2.4249e+00
75 +3.155774456e-02 +3.155774456e-02 +3.945115577e+02 +3.945115577e+02 -4.0760e+00 -2.8930e+00
235 +1.957762992e-02 +1.957762992e-02 +3.944995776e+02 +3.944995776e+02 -3.9998e+00 -2.9868e+00
464 +1.578638891e-02 +1.578638891e-02 +3.944957864e+02 +3.944957864e+02 -4.0068e+00 -2.9539e+00
468 +4.047449158e-03 +4.047449158e-03 +3.944840474e+02 +3.944840474e+02 -3.9588e+00 -2.9103e+00
667 +5.161310247e-05 +5.161310247e-05 +3.944800516e+02 +3.944800516e+02 -3.8936e+00 -2.8850e+00
1467 +3.326050205e-05 +3.326050205e-05 +3.944800333e+02 +3.944800333e+02 -3.8936e+00 -2.8936e+00
2187 +3.579445774e-06 +3.579445774e-06 +3.944800036e+02 +3.944800036e+02 -3.8989e+00 -2.8922e+00
2671 +3.900227625e-07 +3.900227625e-07 +3.944800004e+02 +3.944800004e+02 -3.8978e+00 -2.8903e+00
2875 +6.642756034e-08 +6.642756034e-08 +3.944800001e+02 +3.944800001e+02 -3.8984e+00 -2.8907e+00
3308 +2.859007964e-08 +2.859007964e-08 +3.944800000e+02 +3.944800000e+02 -3.8985e+00 -2.8905e+00
3628 +2.268325261e-08 +2.268325261e-08 +3.944800000e+02 +3.944800000e+02 -3.8984e+00 -2.8905e+00
3817 +8.872291346e-09 +8.872291346e-09 +3.944800000e+02 +3.944800000e+02 -3.8983e+00 -2.8905e+00
3971 +1.211503786e-09 +1.211503786e-09 +3.944800000e+02 +3.944800000e+02 -3.8984e+00 -2.8904e+00
4097 +9.602558748e-10 +9.602558748e-10 +3.944800000e+02 +3.944800000e+02 -3.8984e+00 -2.8904e+00
4297 +1.214743861e-10 +1.214743861e-10 +3.944800000e+02 +3.944800000e+02 -3.8984e+00 -2.8904e+00
4298 +2.074784788e-11 +2.074784788e-11 +3.944800000e+02 +3.944800000e+02 -3.8984e+00 -2.8904e+00
4541 +2.728484105e-12 +2.728484105e-12 +3.944800000e+02 +3.944800000e+02 -3.8984e+00 -2.8904e+00
4768 +2.273736754e-13 +2.273736754e-13 +3.944800000e+02 +3.944800000e+02 -3.8984e+00 -2.8904e+00
% function evaluation | noise-free fitness - Fopt (-2.471100000000e+02) | best noise-free fitness - Fopt | measured fitness | best measured fitness | x1 | x2...
1 +6.310073287e+01 +6.310073287e+01 -1.840092671e+02 -1.840092671e+02 +3.1472e+00 +4.0579e+00
2 +1.545395115e+01 +1.545395115e+01 -2.316560489e+02 -2.316560489e+02 -3.7301e+00 +4.1338e+00
4 +2.577650586e+00 +2.577650586e+00 -2.445323494e+02 -2.445323494e+02 -2.2150e+00 +4.6882e-01
23 +5.384216555e-01 +5.384216555e-01 -2.465715783e+02 -2.465715783e+02 -3.1313e+00 -1.0236e-01
28 +4.834146375e-02 +4.834146375e-02 -2.470616585e+02 -2.470616585e+02 -3.8100e+00 -1.6359e-02
124 +2.963161462e-02 +2.963161462e-02 -2.470803684e+02 -2.470803684e+02 -3.9133e+00 +3.3141e-01
388 +1.325356195e-03 +1.325356195e-03 -2.471086746e+02 -2.471086746e+02 -3.7650e+00 +2.1774e-01
908 +7.184008273e-04 +7.184008273e-04 -2.471092816e+02 -2.471092816e+02 -3.8209e+00 +2.1774e-01
1068 +3.777378586e-04 +3.777378586e-04 -2.471096223e+02 -2.471096223e+02 -3.8113e+00 +2.1774e-01
1155 +2.951722936e-05 +2.951722936e-05 -2.471099705e+02 -2.471099705e+02 -3.7985e+00 +2.0863e-01
1624 +2.496413293e-05 +2.496413293e-05 -2.471099750e+02 -2.471099750e+02 -3.8031e+00 +2.0155e-01
1928 +5.858431194e-06 +5.858431194e-06 -2.471099941e+02 -2.471099941e+02 -3.7980e+00 +2.0082e-01
2184 +2.875507050e-07 +2.875507050e-07 -2.471099997e+02 -2.471099997e+02 -3.7979e+00 +2.0316e-01
3138 +1.858834651e-07 +1.858834651e-07 -2.471099998e+02 -2.471099998e+02 -3.7980e+00 +2.0316e-01
3212 +1.130451892e-07 +1.130451892e-07 -2.471099999e+02 -2.471099999e+02 -3.7987e+00 +2.0337e-01
3372 +3.293371265e-08 +3.293371265e-08 -2.471100000e+02 -2.471100000e+02 -3.7983e+00 +2.0337e-01
3467 +1.508522018e-08 +1.508522018e-08 -2.471100000e+02 -2.471100000e+02 -3.7983e+00 +2.0331e-01
3987 +6.450022738e-10 +6.450022738e-10 -2.471100000e+02 -2.471100000e+02 -3.7984e+00 +2.0321e-01
4347 +4.589537639e-10 +4.589537639e-10 -2.471100000e+02 -2.471100000e+02 -3.7984e+00 +2.0321e-01
4421 +2.895319540e-10 +2.895319540e-10 -2.471100000e+02 -2.471100000e+02 -3.7984e+00 +2.0320e-01
4545 +1.782041181e-10 +1.782041181e-10 -2.471100000e+02 -2.471100000e+02 -3.7984e+00 +2.0321e-01
4688 +1.064108801e-10 +1.064108801e-10 -2.471100000e+02 -2.471100000e+02 -3.7984e+00 +2.0319e-01
4707 +3.311129149e-11 +3.311129149e-11 -2.471100000e+02 -2.471100000e+02 -3.7984e+00 +2.0320e-01
4772 +1.344346856e-11 +1.344346856e-11 -2.471100000e+02 -2.471100000e+02 -3.7984e+00 +2.0320e-01
4848 +1.421085472e-13 +1.421085472e-13 -2.471100000e+02 -2.471100000e+02 -3.7984e+00 +2.0320e-01
% function evaluation | noise-free fitness - Fopt (-1.520400000000e+02) | best noise-free fitness - Fopt | measured fitness | best measured fitness | x1 | x2...
1 +1.859591035e+01 +1.859591035e+01 -1.334440897e+02 -1.334440897e+02 +3.1472e+00 +4.0579e+00
4 +4.706372243e+00 +4.706372243e+00 -1.473336278e+02 -1.473336278e+02 -2.2150e+00 +4.6882e-01
24 +7.822581672e-02 +7.822581672e-02 -1.519617742e+02 -1.519617742e+02 -5.4414e-01 +1.4631e+00
144 +1.095642161e-02 +1.095642161e-02 -1.520290436e+02 -1.520290436e+02 -2.9215e-01 +1.5257e+00
457 +9.736180388e-03 +9.736180388e-03 -1.520302638e+02 -1.520302638e+02 -1.7602e-01 +1.4617e+00
487 +2.091713154e-03 +2.091713154e-03 -1.520379083e+02 -1.520379083e+02 -2.9506e-01 +1.3877e+00
505 +9.402247976e-04 +9.402247976e-04 -1.520390598e+02 -1.520390598e+02 -2.5042e-01 +1.4497e+00
649 +7.058591507e-06 +7.058591507e-06 -1.520399929e+02 -1.520399929e+02 -2.6458e-01 +1.4244e+00
2018 +4.547521826e-06 +4.547521826e-06 -1.520399955e+02 -1.520399955e+02 -2.6932e-01 +1.4238e+00
2235 +3.757001735e-06 +3.757001735e-06 -1.520399962e+02 -1.520399962e+02 -2.6661e-01 +1.4222e+00
2345 +9.843001010e-07 +9.843001010e-07 -1.520399990e+02 -1.520399990e+02 -2.6726e-01 +1.4250e+00
2585 +3.672033699e-08 +3.672033699e-08 -1.520400000e+02 -1.520400000e+02 -2.6730e-01 +1.4242e+00
2745 +1.282708695e-08 +1.282708695e-08 -1.520400000e+02 -1.520400000e+02 -2.6730e-01 +1.4239e+00
3449 +8.384034800e-09 +8.384034800e-09 -1.520400000e+02 -1.520400000e+02 -2.6712e-01 +1.4240e+00
3702 +2.945313327e-09 +2.945313327e-09 -1.520400000e+02 -1.520400000e+02 -2.6721e-01 +1.4241e+00
4123 +2.483034223e-09 +2.483034223e-09 -1.520400000e+02 -1.520400000e+02 -2.6722e-01 +1.4240e+00
4163 +8.815277397e-10 +8.815277397e-10 -1.520400000e+02 -1.520400000e+02 -2.6722e-01 +1.4240e+00
4180 +3.259401637e-10 +3.259401637e-10 -1.520400000e+02 -1.520400000e+02 -2.6721e-01 +1.4240e+00
4368 +2.053468506e-10 +2.053468506e-10 -1.520400000e+02 -1.520400000e+02 -2.6721e-01 +1.4240e+00
4502 +1.034266006e-10 +1.034266006e-10 -1.520400000e+02 -1.520400000e+02 -2.6721e-01 +1.4240e+00
4541 +3.782929525e-11 +3.782929525e-11 -1.520400000e+02 -1.520400000e+02 -2.6720e-01 +1.4240e+00
4688 +5.940137271e-12 +5.940137271e-12 -1.520400000e+02 -1.520400000e+02 -2.6720e-01 +1.4240e+00
4848 +3.097966328e-12 +3.097966328e-12 -1.520400000e+02 -1.520400000e+02 -2.6720e-01 +1.4240e+00
% function evaluation | noise-free fitness - Fopt (-2.525000000000e+01) | best noise-free fitness - Fopt | measured fitness | best measured fitness | x1 | x2...
1 +1.193324929e+01 +1.193324929e+01 -1.331675071e+01 -1.331675071e+01 +3.1472e+00 +4.0579e+00
7 +1.527018826e+00 +1.527018826e+00 -2.372298117e+01 -2.372298117e+01 +4.5717e+00 -1.4624e-01
54 +8.001237295e-01 +8.001237295e-01 -2.444987627e+01 -2.444987627e+01 +3.0742e+00 -7.7730e-02
94 +5.220416543e-01 +5.220416543e-01 -2.472795835e+01 -2.472795835e+01 +2.9234e+00 +8.4621e-01
111 +4.700471873e-02 +4.700471873e-02 -2.520299528e+01 -2.520299528e+01 +3.4169e+00 +5.4577e-01
271 +6.638526597e-03 +6.638526597e-03 -2.524336147e+01 -2.524336147e+01 +3.5353e+00 +6.5455e-01
494 +2.534487623e-03 +2.534487623e-03 -2.524746551e+01 -2.524746551e+01 +3.6436e+00 +6.7623e-01
571 +9.603972214e-04 +9.603972214e-04 -2.524903960e+01 -2.524903960e+01 +3.6168e+00 +6.6610e-01
670 +2.983977743e-04 +2.983977743e-04 -2.524970160e+01 -2.524970160e+01 +3.6149e+00 +6.1793e-01
982 +3.215637649e-05 +3.215637649e-05 -2.524996784e+01 -2.524996784e+01 +3.6143e+00 +6.4087e-01
1717 +1.804863919e-05 +1.804863919e-05 -2.524998195e+01 -2.524998195e+01 +3.6102e+00 +6.3531e-01
1948 +1.631110457e-06 +1.631110457e-06 -2.524999837e+01 -2.524999837e+01 +3.6141e+00 +6.3644e-01
2409 +1.085374482e-06 +1.085374482e-06 -2.524999891e+01 -2.524999891e+01 +3.6135e+00 +6.3462e-01
2957 +9.648979962e-07 +9.648979962e-07 -2.524999904e+01 -2.524999904e+01 +3.6135e+00 +6.3484e-01
2984 +2.134238066e-07 +2.134238066e-07 -2.524999979e+01 -2.524999979e+01 +3.6144e+00 +6.3566e-01
3117 +7.501948929e-08 +7.501948929e-08 -2.524999992e+01 -2.524999992e+01 +3.6146e+00 +6.3534e-01
3597 +2.735078652e-08 +2.735078652e-08 -2.524999997e+01 -2.524999997e+01 +3.6145e+00 +6.3531e-01
3658 +2.011604749e-08 +2.011604749e-08 -2.524999998e+01 -2.524999998e+01 +3.6143e+00 +6.3520e-01
3738 +4.202011183e-09 +4.202011183e-09 -2.525000000e+01 -2.525000000e+01 +3.6143e+00 +6.3521e-01
3818 +9.007479207e-10 +9.007479207e-10 -2.525000000e+01 -2.525000000e+01 +3.6144e+00 +6.3522e-01
3898 +4.967937173e-10 +4.967937173e-10 -2.525000000e+01 -2.525000000e+01 +3.6144e+00 +6.3522e-01
4077 +2.331290716e-10 +2.331290716e-10 -2.525000000e+01 -2.525000000e+01 +3.6144e+00 +6.3520e-01
4298 +1.833910801e-11 +1.833910801e-11 -2.525000000e+01 -2.525000000e+01 +3.6144e+00 +6.3520e-01
4397 +3.552713679e-12 +3.552713679e-12 -2.525000000e+01 -2.525000000e+01 +3.6144e+00 +6.3520e-01
4797 +7.176481631e-13 +7.176481631e-13 -2.525000000e+01 -2.525000000e+01 +3.6144e+00 +6.3520e-01
4877 +3.304023721e-13 +3.304023721e-13 -2.525000000e+01 -2.525000000e+01 +3.6144e+00 +6.3520e-01
% function evaluation | noise-free fitness - Fopt (-2.017200000000e+02) | best noise-free fitness - Fopt | measured fitness | best measured fitness | x1 | x2...
1 +6.935756282e+01 +6.935756282e+01 -1.323624372e+02 -1.323624372e+02 +3.1472e+00 +4.0579e+00
2 +5.488558249e+01 +5.488558249e+01 -1.468344175e+02 -1.468344175e+02 -3.7301e+00 +4.1338e+00
3 +8.783841923e+00 +8.783841923e+00 -1.929361581e+02 -1.929361581e+02 +1.3236e+00 -4.0246e+00
17 +3.321715525e+00 +3.321715525e+00 -1.983982845e+02 -1.983982845e+02 -2.2308e+00 -4.5383e+00
61 +1.223484865e+00 +1.223484865e+00 -2.004965151e+02 -2.004965151e+02 -1.4308e+00 -1.7995e+00
74 +7.976336380e-01 +7.976336380e-01 -2.009223664e+02 -2.009223664e+02 -5.2784e-01 -2.9219e+00
101 +1.256943931e-01 +1.256943931e-01 -2.015943056e+02 -2.015943056e+02 -1.1699e+00 -3.1561e+00
141 +2.618322780e-02 +2.618322780e-02 -2.016938168e+02 -2.016938168e+02 -1.5430e+00 -2.7995e+00
301 +2.317600658e-02 +2.317600658e-02 -2.016968240e+02 -2.016968240e+02 -1.5154e+00 -2.7863e+00
371 +1.068827241e-02 +1.068827241e-02 -2.017093117e+02 -2.017093117e+02 -1.3174e+00 -2.9057e+00
383 +2.630435165e-03 +2.630435165e-03 -2.017173696e+02 -2.017173696e+02 -1.4682e+00 -2.9251e+00
717 +1.694452982e-03 +1.694452982e-03 -2.017183055e+02 -2.017183055e+02 -1.4188e+00 -2.8645e+00
757 +4.704397375e-05 +4.704397375e-05 -2.017199530e+02 -2.017199530e+02 -1.4188e+00 -2.9121e+00
1448 +3.410235507e-05 +3.410235507e-05 -2.017199659e+02 -2.017199659e+02 -1.4170e+00 -2.9100e+00
1468 +9.013579984e-06 +9.013579984e-06 -2.017199910e+02 -2.017199910e+02 -1.4192e+00 -2.9030e+00
1619 +4.790378966e-06 +4.790378966e-06 -2.017199952e+02 -2.017199952e+02 -1.4224e+00 -2.9071e+00
1865 +3.899494089e-06 +3.899494089e-06 -2.017199961e+02 -2.017199961e+02 -1.4190e+00 -2.9049e+00
2021 +1.565615264e-06 +1.565615264e-06 -2.017199984e+02 -2.017199984e+02 -1.4217e+00 -2.9065e+00
2025 +5.236129823e-07 +5.236129823e-07 -2.017199995e+02 -2.017199995e+02 -1.4208e+00 -2.9049e+00
2179 +8.342416891e-08 +8.342416891e-08 -2.017199999e+02 -2.017199999e+02 -1.4207e+00 -2.9059e+00
3052 +4.512764917e-08 +4.512764917e-08 -2.017200000e+02 -2.017200000e+02 -1.4208e+00 -2.9058e+00
3386 +1.317965825e-08 +1.317965825e-08 -2.017200000e+02 -2.017200000e+02 -1.4207e+00 -2.9056e+00
3866 +5.472003295e-09 +5.472003295e-09 -2.017200000e+02 -2.017200000e+02 -1.4207e+00 -2.9056e+00
4057 +2.666212140e-09 +2.666212140e-09 -2.017200000e+02 -2.017200000e+02 -1.4208e+00 -2.9056e+00
4162 +1.093013680e-09 +1.093013680e-09 -2.017200000e+02 -2.017200000e+02 -1.4208e+00 -2.9056e+00
4411 +2.719104941e-10 +2.719104941e-10 -2.017200000e+02 -2.017200000e+02 -1.4208e+00 -2.9056e+00
4460 +1.313082976e-11 +1.313082976e-11 -2.017200000e+02 -2.017200000e+02 -1.4208e+00 -2.9056e+00
4674 +2.131628207e-12 +2.131628207e-12 -2.017200000e+02 -2.017200000e+02 -1.4208e+00 -2.9056e+00
4878 +1.364242053e-12 +1.364242053e-12 -2.017200000e+02 -2.017200000e+02 -1.4208e+00 -2.9056e+00
% function evaluation | noise-free fitness - Fopt (-1.000000000000e+03) | best noise-free fitness - Fopt | measured fitness | best measured fitness | x1 | x2...
1 +2.506269609e+01 +2.506269609e+01 -9.749373039e+02 -9.749373039e+02 +3.1472e+00 +4.0579e+00
4 +4.629967365e+00 +4.629967365e+00 -9.953700326e+02 -9.953700326e+02 -2.2150e+00 +4.6882e-01
21 +2.281952268e+00 +2.281952268e+00 -9.977180477e+02 -9.977180477e+02 -6.1256e-01 -1.1844e+00
80 +1.349191862e+00 +1.349191862e+00 -9.986508081e+02 -9.986508081e+02 +7.1309e-01 -6.2362e-01
114 +8.887956040e-01 +8.887956040e-01 -9.991112044e+02 -9.991112044e+02 +6.7370e-01 -3.4257e-01
134 +3.693460939e-01 +3.693460939e-01 -9.996306539e+02 -9.996306539e+02 +4.3132e-01 +5.6140e-01
139 +3.878911681e-03 +3.878911681e-03 -9.999961211e+02 -9.999961211e+02 -5.1714e-02 +1.7099e-01
572 +6.361879725e-04 +6.361879725e-04 -9.999993638e+02 -9.999993638e+02 -9.9915e-02 +2.1791e-01
1157 +4.875049035e-05 +4.875049035e-05 -9.999999512e+02 -9.999999512e+02 -8.1755e-02 +2.3292e-01
1410 +2.738963769e-05 +2.738963769e-05 -9.999999726e+02 -9.999999726e+02 -7.1572e-02 +2.2777e-01
1710 +1.930734152e-05 +1.930734152e-05 -9.999999807e+02 -9.999999807e+02 -8.0401e-02 +2.3052e-01
1864 +1.753199626e-06 +1.753199626e-06 -9.999999982e+02 -9.999999982e+02 -7.5949e-02 +2.2699e-01
2171 +4.241647957e-07 +4.241647957e-07 -9.999999996e+02 -9.999999996e+02 -7.6897e-02 +2.2736e-01
3139 +3.754637419e-07 +3.754637419e-07 -9.999999996e+02 -9.999999996e+02 -7.6280e-02 +2.2768e-01
3344 +1.157110319e-07 +1.157110319e-07 -9.999999999e+02 -9.999999999e+02 -7.6490e-02 +2.2786e-01
3507 +2.269609922e-08 +2.269609922e-08 -1.000000000e+03 -1.000000000e+03 -7.6694e-02 +2.2811e-01
3698 +1.460011845e-08 +1.460011845e-08 -1.000000000e+03 -1.000000000e+03 -7.6844e-02 +2.2811e-01
3731 +9.593577488e-09 +9.593577488e-09 -1.000000000e+03 -1.000000000e+03 -7.6703e-02 +2.2801e-01
4051 +2.229853635e-09 +2.229853635e-09 -1.000000000e+03 -1.000000000e+03 -7.6754e-02 +2.2799e-01
4070 +1.705302566e-12 +1.705302566e-12 -1.000000000e+03 -1.000000000e+03 -7.6799e-02 +2.2800e-01
% function evaluation | noise-free fitness - Fopt (-4.290000000000e+01) | best noise-free fitness - Fopt | measured fitness | best measured fitness | x1 | x2...
1 +2.923890953e+00 +2.923890953e+00 -3.997610905e+01 -3.997610905e+01 +3.1472e+00 +4.0579e+00
13 +7.373435163e-01 +7.373435163e-01 -4.216265648e+01 -4.216265648e+01 +1.7874e+00 +2.5774e+00
22 +2.759143245e-01 +2.759143245e-01 -4.262408568e+01 -4.262408568e+01 +2.6552e+00 +2.9520e+00
93 +1.461772166e-01 +1.461772166e-01 -4.275382278e+01 -4.275382278e+01 +2.2808e+00 +2.5765e+00
104 +9.690394062e-02 +9.690394062e-02 -4.280309606e+01 -4.280309606e+01 +2.3236e+00 +2.4631e+00
125 +5.147585602e-02 +5.147585602e-02 -4.284852414e+01 -4.284852414e+01 +2.6811e+00 +2.6489e+00
142 +1.747061452e-02 +1.747061452e-02 -4.288252939e+01 -4.288252939e+01 +2.7635e+00 +2.4468e+00
145 +1.325266932e-02 +1.325266932e-02 -4.288674733e+01 -4.288674733e+01 +2.5476e+00 +2.5046e+00
309 +6.889484723e-03 +6.889484723e-03 -4.289311052e+01 -4.289311052e+01 +2.5531e+00 +2.4039e+00
509 +4.568222895e-03 +4.568222895e-03 -4.289543178e+01 -4.289543178e+01 +2.5694e+00 +2.4039e+00
570 +1.778655528e-03 +1.778655528e-03 -4.289822134e+01 -4.289822134e+01 +2.5909e+00 +2.4324e+00
810 +3.505638832e-04 +3.505638832e-04 -4.289964944e+01 -4.289964944e+01 +2.6508e+00 +2.4324e+00
1213 +1.893981484e-04 +1.893981484e-04 -4.289981060e+01 -4.289981060e+01 +2.6435e+00 +2.4185e+00
1312 +1.405799067e-04 +1.405799067e-04 -4.289985942e+01 -4.289985942e+01 +2.6406e+00 +2.4182e+00
1471 +2.202180308e-05 +2.202180308e-05 -4.289997798e+01 -4.289997798e+01 +2.6360e+00 +2.4237e+00
1693 +1.478357551e-05 +1.478357551e-05 -4.289998522e+01 -4.289998522e+01 +2.6299e+00 +2.4247e+00
2006 +6.938262352e-06 +6.938262352e-06 -4.289999306e+01 -4.289999306e+01 +2.6329e+00 +2.4298e+00
2100 +7.879263819e-08 +7.879263819e-08 -4.289999992e+01 -4.289999992e+01 +2.6326e+00 +2.4270e+00
2888 +4.153235977e-08 +4.153235977e-08 -4.289999996e+01 -4.289999996e+01 +2.6329e+00 +2.4271e+00
3665 +3.910290047e-08 +3.910290047e-08 -4.289999996e+01 -4.289999996e+01 +2.6328e+00 +2.4270e+00
3745 +6.242643735e-09 +6.242643735e-09 -4.289999999e+01 -4.289999999e+01 +2.6329e+00 +2.4272e+00
4088 +1.199268240e-09 +1.199268240e-09 -4.290000000e+01 -4.290000000e+01 +2.6328e+00 +2.4272e+00
4368 +7.347864539e-10 +7.347864539e-10 -4.290000000e+01 -4.290000000e+01 +2.6328e+00 +2.4272e+00
4408 +4.863807135e-10 +4.863807135e-10 -4.290000000e+01 -4.290000000e+01 +2.6328e+00 +2.4272e+00
4436 +2.359072937e-10 +2.359072937e-10 -4.290000000e+01 -4.290000000e+01 +2.6328e+00 +2.4272e+00
4508 +1.468336563e-10 +1.468336563e-10 -4.290000000e+01 -4.290000000e+01 +2.6328e+00 +2.4272e+00
4528 +9.525535916e-11 +9.525535916e-11 -4.290000000e+01 -4.290000000e+01 +2.6328e+00 +2.4272e+00
4705 +2.010835942e-11 +2.010835942e-11 -4.290000000e+01 -4.290000000e+01 +2.6328e+00 +2.4272e+00
4717 +3.083755473e-12 +3.083755473e-12 -4.290000000e+01 -4.290000000e+01 +2.6328e+00 +2.4272e+00
% function evaluation | noise-free fitness - Fopt (-1.013200000000e+02) | best noise-free fitness - Fopt | measured fitness | best measured fitness | x1 | x2...
1 +3.800844855e+00 +3.800844855e+00 -9.751915514e+01 -9.751915514e+01 +3.1472e+00 +4.0579e+00
13 +3.981195861e-02 +3.981195861e-02 -1.012801880e+02 -1.012801880e+02 +1.7874e+00 +2.5774e+00
207 +1.566075326e-02 +1.566075326e-02 -1.013043392e+02 -1.013043392e+02 +1.5717e+00 +2.7570e+00
367 +5.447217752e-03 +5.447217752e-03 -1.013145528e+02 -1.013145528e+02 +1.6347e+00 +2.7154e+00
501 +3.646296442e-03 +3.646296442e-03 -1.013163537e+02 -1.013163537e+02 +1.6968e+00 +2.8156e+00
509 +1.730465767e-03 +1.730465767e-03 -1.013182695e+02 -1.013182695e+02 +1.6560e+00 +2.7471e+00
1075 +5.268523046e-04 +5.268523046e-04 -1.013194731e+02 -1.013194731e+02 +1.6820e+00 +2.7727e+00
1226 +2.028296145e-04 +2.028296145e-04 -1.013197972e+02 -1.013197972e+02 +1.6884e+00 +2.7667e+00
1393 +6.000364077e-05 +6.000364077e-05 -1.013199400e+02 -1.013199400e+02 +1.6892e+00 +2.7567e+00
1621 +2.678582094e-05 +2.678582094e-05 -1.013199732e+02 -1.013199732e+02 +1.6940e+00 +2.7596e+00
1684 +1.970717851e-05 +1.970717851e-05 -1.013199803e+02 -1.013199803e+02 +1.7010e+00 +2.7536e+00
2182 +1.089434970e-05 +1.089434970e-05 -1.013199891e+02 -1.013199891e+02 +1.6978e+00 +2.7521e+00
2273 +7.917447661e-06 +7.917447661e-06 -1.013199921e+02 -1.013199921e+02 +1.6944e+00 +2.7567e+00
2329 +3.499678215e-06 +3.499678215e-06 -1.013199965e+02 -1.013199965e+02 +1.6986e+00 +2.7555e+00
2482 +1.938241766e-06 +1.938241766e-06 -1.013199981e+02 -1.013199981e+02 +1.6964e+00 +2.7565e+00
2684 +1.388837447e-06 +1.388837447e-06 -1.013199986e+02 -1.013199986e+02 +1.6968e+00 +2.7540e+00
2844 +2.245475201e-07 +2.245475201e-07 -1.013199998e+02 -1.013199998e+02 +1.6972e+00 +2.7549e+00
3204 +1.129585883e-07 +1.129585883e-07 -1.013199999e+02 -1.013199999e+02 +1.6970e+00 +2.7549e+00
3380 +4.996144298e-08 +4.996144298e-08 -1.013200000e+02 -1.013200000e+02 +1.6970e+00 +2.7551e+00
3382 +2.170973801e-08 +2.170973801e-08 -1.013200000e+02 -1.013200000e+02 +1.6968e+00 +2.7553e+00
3936 +1.320501042e-08 +1.320501042e-08 -1.013200000e+02 -1.013200000e+02 +1.6969e+00 +2.7552e+00
4147 +6.425480592e-09 +6.425480592e-09 -1.013200000e+02 -1.013200000e+02 +1.6968e+00 +2.7551e+00
4185 +3.650455938e-09 +3.650455938e-09 -1.013200000e+02 -1.013200000e+02 +1.6968e+00 +2.7553e+00
4297 +1.584666620e-09 +1.584666620e-09 -1.013200000e+02 -1.013200000e+02 +1.6968e+00 +2.7552e+00
4364 +5.871925168e-10 +5.871925168e-10 -1.013200000e+02 -1.013200000e+02 +1.6968e+00 +2.7552e+00
4379 +3.585967079e-10 +3.585967079e-10 -1.013200000e+02 -1.013200000e+02 +1.6968e+00 +2.7552e+00
4381 +1.189448540e-10 +1.189448540e-10 -1.013200000e+02 -1.013200000e+02 +1.6968e+00 +2.7552e+00
4541 +5.319122920e-11 +5.319122920e-11 -1.013200000e+02 -1.013200000e+02 +1.6968e+00 +2.7552e+00
4768 +3.502975687e-11 +3.502975687e-11 -1.013200000e+02 -1.013200000e+02 +1.6968e+00 +2.7552e+00
4852 +8.341771718e-12 +8.341771718e-12 -1.013200000e+02 -1.013200000e+02 +1.6968e+00 +2.7552e+00
4865 +2.017941370e-12 +2.017941370e-12 -1.013200000e+02 -1.013200000e+02 +1.6968e+00 +2.7552e+00
% function evaluation | noise-free fitness - Fopt (3.650000000000e+00) | best noise-free fitness - Fopt | measured fitness | best measured fitness | x1 | x2...
1 +4.342642042e+01 +4.342642042e+01 +4.707642042e+01 +4.707642042e+01 +3.1472e+00 +4.0579e+00
3 +4.890863573e+00 +4.890863573e+00 +8.540863573e+00 +8.540863573e+00 +1.3236e+00 -4.0246e+00
15 +2.850298131e+00 +2.850298131e+00 +6.500298131e+00 +6.500298131e+00 +1.5548e+00 -3.2881e+00
19 +2.134924817e+00 +2.134924817e+00 +5.784924817e+00 +5.784924817e+00 +1.9483e+00 -1.8290e+00
30 +7.484884774e-01 +7.484884774e-01 +4.398488477e+00 +4.398488477e+00 +8.5268e-01 -2.7619e+00
59 +5.354380565e-01 +5.354380565e-01 +4.185438056e+00 +4.185438056e+00 +9.4829e-01 -1.4004e+00
123 +8.966482498e-02 +8.966482498e-02 +3.739664825e+00 +3.739664825e+00 +7.6200e-01 -2.1088e+00
191 +3.130272176e-02 +3.130272176e-02 +3.681302722e+00 +3.681302722e+00 +6.5824e-01 -1.9076e+00
548 +6.450555205e-03 +6.450555205e-03 +3.656450555e+00 +3.656450555e+00 +4.2442e-01 -1.9350e+00
701 +4.989107699e-04 +4.989107699e-04 +3.650498911e+00 +3.650498911e+00 +4.8213e-01 -1.9557e+00
1135 +8.903294795e-05 +8.903294795e-05 +3.650089033e+00 +3.650089033e+00 +5.0197e-01 -1.9688e+00
1541 +2.592779478e-05 +2.592779478e-05 +3.650025928e+00 +3.650025928e+00 +4.9790e-01 -1.9781e+00
1687 +1.107306820e-05 +1.107306820e-05 +3.650011073e+00 +3.650011073e+00 +4.9649e-01 -1.9718e+00
1885 +5.505583448e-06 +5.505583448e-06 +3.650005506e+00 +3.650005506e+00 +4.9206e-01 -1.9742e+00
2167 +8.366013704e-07 +8.366013704e-07 +3.650000837e+00 +3.650000837e+00 +4.9524e-01 -1.9740e+00
2901 +1.309608901e-07 +1.309608901e-07 +3.650000131e+00 +3.650000131e+00 +4.9476e-01 -1.9745e+00
3141 +4.975415591e-08 +4.975415591e-08 +3.650000050e+00 +3.650000050e+00 +4.9445e-01 -1.9746e+00
3374 +6.195273627e-09 +6.195273627e-09 +3.650000006e+00 +3.650000006e+00 +4.9448e-01 -1.9744e+00
3803 +1.015047157e-09 +1.015047157e-09 +3.650000001e+00 +3.650000001e+00 +4.9443e-01 -1.9744e+00
4305 +7.839418004e-11 +7.839418004e-11 +3.650000000e+00 +3.650000000e+00 +4.9440e-01 -1.9744e+00
4625 +4.334488324e-11 +4.334488324e-11 +3.650000000e+00 +3.650000000e+00 +4.9440e-01 -1.9744e+00
4705 +1.231681424e-11 +1.231681424e-11 +3.650000000e+00 +3.650000000e+00 +4.9440e-01 -1.9744e+00
4785 +5.442757356e-12 +5.442757356e-12 +3.650000000e+00 +3.650000000e+00 +4.9440e-01 -1.9744e+00
4842 +1.737276989e-12 +1.737276989e-12 +3.650000000e+00 +3.650000000e+00 +4.9440e-01 -1.9744e+00
4931 +1.393551941e-12 +1.393551941e-12 +3.650000000e+00 +3.650000000e+00 +4.9440e-01 -1.9744e+00
4945 +8.300027332e-13 +8.300027332e-13 +3.650000000e+00 +3.650000000e+00 +4.9440e-01 -1.9744e+00
% function evaluation | noise-free fitness - Fopt (2.205300000000e+02) | best noise-free fitness - Fopt | measured fitness | best measured fitness | x1 | x2...
1 +6.252619235e+01 +6.252619235e+01 +2.830561923e+02 +2.830561923e+02 +3.1472e+00 +4.0579e+00
3 +2.830809594e+00 +2.830809594e+00 +2.233608096e+02 +2.233608096e+02 +1.3236e+00 -4.0246e+00
8 +7.125212322e-02 +7.125212322e-02 +2.206012521e+02 +2.206012521e+02 +3.0028e+00 -3.5811e+00
136 +3.181743035e-02 +3.181743035e-02 +2.205618174e+02 +2.205618174e+02 +3.1213e+00 -3.9757e+00
351 +1.012903864e-03 +1.012903864e-03 +2.205310129e+02 +2.205310129e+02 +2.9656e+00 -3.8418e+00
831 +2.846960687e-04 +2.846960687e-04 +2.205302847e+02 +2.205302847e+02 +2.9866e+00 -3.8346e+00
883 +2.477885173e-04 +2.477885173e-04 +2.205302478e+02 +2.205302478e+02 +3.0057e+00 -3.8610e+00
914 +1.164295251e-04 +1.164295251e-04 +2.205301164e+02 +2.205301164e+02 +2.9910e+00 -3.8571e+00
1149 +9.983771940e-05 +9.983771940e-05 +2.205300998e+02 +2.205300998e+02 +2.9886e+00 -3.8537e+00
1533 +5.653521950e-05 +5.653521950e-05 +2.205300565e+02 +2.205300565e+02 +2.9899e+00 -3.8449e+00
2004 +1.811719619e-05 +1.811719619e-05 +2.205300181e+02 +2.205300181e+02 +2.9970e+00 -3.8523e+00
2028 +1.005550516e-05 +1.005550516e-05 +2.205300101e+02 +2.205300101e+02 +2.9985e+00 -3.8507e+00
2332 +1.098464679e-06 +1.098464679e-06 +2.205300011e+02 +2.205300011e+02 +2.9959e+00 -3.8486e+00
2737 +3.495327974e-07 +3.495327974e-07 +2.205300003e+02 +2.205300003e+02 +2.9968e+00 -3.8474e+00
3027 +5.521150115e-08 +5.521150115e-08 +2.205300001e+02 +2.205300001e+02 +2.9970e+00 -3.8480e+00
3581 +3.936088433e-08 +3.936088433e-08 +2.205300000e+02 +2.205300000e+02 +2.9968e+00 -3.8482e+00
3617 +5.527994063e-09 +5.527994063e-09 +2.205300000e+02 +2.205300000e+02 +2.9968e+00 -3.8479e+00
3667 +3.361833478e-09 +3.361833478e-09 +2.205300000e+02 +2.205300000e+02 +2.9969e+00 -3.8480e+00
3901 +2.284679113e-09 +2.284679113e-09 +2.205300000e+02 +2.205300000e+02 +2.9968e+00 -3.8480e+00
4325 +4.162075129e-10 +4.162075129e-10 +2.205300000e+02 +2.205300000e+02 +2.9968e+00 -3.8480e+00
4451 +1.855369192e-10 +1.855369192e-10 +2.205300000e+02 +2.205300000e+02 +2.9968e+00 -3.8480e+00
4602 +1.573710051e-10 +1.573710051e-10 +2.205300000e+02 +2.205300000e+02 +2.9968e+00 -3.8480e+00
4717 +4.004618859e-11 +4.004618859e-11 +2.205300000e+02 +2.205300000e+02 +2.9968e+00 -3.8480e+00
4781 +3.834088602e-11 +3.834088602e-11 +2.205300000e+02 +2.205300000e+02 +2.9968e+00 -3.8480e+00
4787 +1.915623216e-11 +1.915623216e-11 +2.205300000e+02 +2.205300000e+02 +2.9968e+00 -3.8480e+00
4877 +1.165290087e-11 +1.165290087e-11 +2.205300000e+02 +2.205300000e+02 +2.9968e+00 -3.8480e+00
% function evaluation | noise-free fitness - Fopt (4.212900000000e+02) | best noise-free fitness - Fopt | measured fitness | best measured fitness | x1 | x2...
1 +5.098666553e+01 +5.098666553e+01 +4.722766655e+02 +4.722766655e+02 +3.1472e+00 +4.0579e+00
2 +7.344602090e-01 +7.344602090e-01 +4.220244602e+02 +4.220244602e+02 -3.7301e+00 +4.1338e+00
18 +1.079569389e-02 +1.079569389e-02 +4.213007957e+02 +4.213007957e+02 -4.0287e+00 +3.2346e+00
282 +1.801852626e-03 +1.801852626e-03 +4.212918019e+02 +4.212918019e+02 -3.9144e+00 +3.2901e+00
616 +6.329095067e-04 +6.329095067e-04 +4.212906329e+02 +4.212906329e+02 -3.9315e+00 +3.3183e+00
1136 +3.316411676e-04 +3.316411676e-04 +4.212903316e+02 +4.212903316e+02 -3.9674e+00 +3.3183e+00
1226 +2.285358808e-04 +2.285358808e-04 +4.212902285e+02 +4.212902285e+02 -3.9426e+00 +3.3168e+00
1355 +1.233736932e-04 +1.233736932e-04 +4.212901234e+02 +4.212901234e+02 -3.9574e+00 +3.2960e+00
1447 +9.013457327e-05 +9.013457327e-05 +4.212900901e+02 +4.212900901e+02 -3.9607e+00 +3.3001e+00
1712 +1.739054585e-05 +1.739054585e-05 +4.212900174e+02 +4.212900174e+02 -3.9505e+00 +3.3092e+00
1781 +8.009829230e-06 +8.009829230e-06 +4.212900080e+02 +4.212900080e+02 -3.9548e+00 +3.3038e+00
1997 +2.133182534e-06 +2.133182534e-06 +4.212900021e+02 +4.212900021e+02 -3.9531e+00 +3.3050e+00
2439 +8.724753116e-07 +8.724753116e-07 +4.212900009e+02 +4.212900009e+02 -3.9545e+00 +3.3066e+00
2649 +2.094846536e-07 +2.094846536e-07 +4.212900002e+02 +4.212900002e+02 -3.9538e+00 +3.3060e+00
3093 +1.463247372e-07 +1.463247372e-07 +4.212900001e+02 +4.212900001e+02 -3.9532e+00 +3.3064e+00
3444 +5.833146588e-08 +5.833146588e-08 +4.212900001e+02 +4.212900001e+02 -3.9537e+00 +3.3062e+00
3638 +2.386866527e-08 +2.386866527e-08 +4.212900000e+02 +4.212900000e+02 -3.9534e+00 +3.3064e+00
3968 +4.381774943e-09 +4.381774943e-09 +4.212900000e+02 +4.212900000e+02 -3.9536e+00 +3.3063e+00
4042 +3.843126706e-09 +3.843126706e-09 +4.212900000e+02 +4.212900000e+02 -3.9537e+00 +3.3064e+00
4208 +1.592525223e-09 +1.592525223e-09 +4.212900000e+02 +4.212900000e+02 -3.9536e+00 +3.3064e+00
4284 +1.130047167e-09 +1.130047167e-09 +4.212900000e+02 +4.212900000e+02 -3.9536e+00 +3.3064e+00
4444 +4.127400643e-10 +4.127400643e-10 +4.212900000e+02 +4.212900000e+02 -3.9536e+00 +3.3064e+00
4524 +2.543174560e-10 +2.543174560e-10 +4.212900000e+02 +4.212900000e+02 -3.9536e+00 +3.3064e+00
4621 +4.513367458e-11 +4.513367458e-11 +4.212900000e+02 +4.212900000e+02 -3.9536e+00 +3.3064e+00
4781 +3.751665645e-11 +3.751665645e-11 +4.212900000e+02 +4.212900000e+02 -3.9536e+00 +3.3064e+00
4843 +2.728484105e-12 +2.728484105e-12 +4.212900000e+02 +4.212900000e+02 -3.9536e+00 +3.3064e+00
% function evaluation | noise-free fitness - Fopt (-7.900000000000e+01) | best noise-free fitness - Fopt | measured fitness | best measured fitness | x1 | x2...
1 +4.671410853e+01 +4.671410853e+01 -3.228589147e+01 -3.228589147e+01 +3.1472e+00 +4.0579e+00
2 +9.242057073e+00 +9.242057073e+00 -6.975794293e+01 -6.975794293e+01 -3.7301e+00 +4.1338e+00
4 +1.187203745e+00 +1.187203745e+00 -7.781279625e+01 -7.781279625e+01 -2.2150e+00 +4.6882e-01
63 +9.152195508e-01 +9.152195508e-01 -7.808478045e+01 -7.808478045e+01 -2.1313e+00 +8.9764e-01
124 +1.659351984e-01 +1.659351984e-01 -7.883406480e+01 -7.883406480e+01 -2.7701e+00 +8.7340e-01
143 +6.935885443e-03 +6.935885443e-03 -7.899306411e+01 -7.899306411e+01 -3.1313e+00 +1.1724e+00
366 +2.553125089e-03 +2.553125089e-03 -7.899744687e+01 -7.899744687e+01 -3.0860e+00 +1.1379e+00
505 +4.914493415e-04 +4.914493415e-04 -7.899950855e+01 -7.899950855e+01 -3.0375e+00 +1.1907e+00
668 +3.766485051e-04 +3.766485051e-04 -7.899962335e+01 -7.899962335e+01 -3.0662e+00 +1.1780e+00
747 +1.375388350e-04 +1.375388350e-04 -7.899986246e+01 -7.899986246e+01 -3.0405e+00 +1.1802e+00
1236 +9.172650293e-05 +9.172650293e-05 -7.899990827e+01 -7.899990827e+01 -3.0396e+00 +1.1666e+00
1316 +4.205711939e-05 +4.205711939e-05 -7.899995794e+01 -7.899995794e+01 -3.0545e+00 +1.1714e+00
1686 +8.887096115e-06 +8.887096115e-06 -7.899999111e+01 -7.899999111e+01 -3.0487e+00 +1.1741e+00
2083 +5.190547611e-06 +5.190547611e-06 -7.899999481e+01 -7.899999481e+01 -3.0459e+00 +1.1721e+00
2275 +2.564966906e-07 +2.564966906e-07 -7.899999974e+01 -7.899999974e+01 -3.0484e+00 +1.1716e+00
2966 +2.398891041e-07 +2.398891041e-07 -7.899999976e+01 -7.899999976e+01 -3.0482e+00 +1.1716e+00
2985 +1.321919143e-07 +1.321919143e-07 -7.899999987e+01 -7.899999987e+01 -3.0477e+00 +1.1714e+00
3149 +4.523656116e-08 +4.523656116e-08 -7.899999995e+01 -7.899999995e+01 -3.0478e+00 +1.1711e+00
3253 +1.152925222e-08 +1.152925222e-08 -7.899999999e+01 -7.899999999e+01 -3.0480e+00 +1.1711e+00
3413 +8.505224969e-09 +8.505224969e-09 -7.899999999e+01 -7.899999999e+01 -3.0480e+00 +1.1711e+00
3888 +5.969624794e-09 +5.969624794e-09 -7.899999999e+01 -7.899999999e+01 -3.0480e+00 +1.1711e+00
4077 +2.070393634e-09 +2.070393634e-09 -7.900000000e+01 -7.900000000e+01 -3.0480e+00 +1.1712e+00
4128 +5.949374327e-10 +5.949374327e-10 -7.900000000e+01 -7.900000000e+01 -3.0480e+00 +1.1712e+00
4173 +3.921343250e-10 +3.921343250e-10 -7.900000000e+01 -7.900000000e+01 -3.0480e+00 +1.1712e+00
4288 +4.426681244e-11 +4.426681244e-11 -7.900000000e+01 -7.900000000e+01 -3.0480e+00 +1.1712e+00
4459 +2.053468506e-11 +2.053468506e-11 -7.900000000e+01 -7.900000000e+01 -3.0480e+00 +1.1712e+00
4608 +1.163869001e-11 +1.163869001e-11 -7.900000000e+01 -7.900000000e+01 -3.0480e+00 +1.1712e+00
4717 +4.362732398e-12 +4.362732398e-12 -7.900000000e+01 -7.900000000e+01 -3.0480e+00 +1.1712e+00
4928 +3.808509064e-12 +3.808509064e-12 -7.900000000e+01 -7.900000000e+01 -3.0480e+00 +1.1712e+00
4957 +1.975308805e-12 +1.975308805e-12 -7.900000000e+01 -7.900000000e+01 -3.0480e+00 +1.1712e+00
% function evaluation | noise-free fitness - Fopt (-4.133000000000e+01) | best noise-free fitness - Fopt | measured fitness | best measured fitness | x1 | x2...
1 +3.757963778e+01 +3.757963778e+01 -3.750362217e+00 -3.750362217e+00 +3.1472e+00 +4.0579e+00
3 +7.391611660e+00 +7.391611660e+00 -3.393838834e+01 -3.393838834e+01 +1.3236e+00 -4.0246e+00
14 +4.049088005e+00 +4.049088005e+00 -3.728091200e+01 -3.728091200e+01 +2.4313e+00 -1.0777e+00
19 +2.378642919e+00 +2.378642919e+00 -3.895135708e+01 -3.895135708e+01 +1.9483e+00 -1.8290e+00
21 +1.206588678e+00 +1.206588678e+00 -4.012341132e+01 -4.012341132e+01 -6.1256e-01 -1.1844e+00
59 +6.288600608e-01 +6.288600608e-01 -4.070113994e+01 -4.070113994e+01 +9.4829e-01 -8.2901e-01
80 +1.528948128e-01 +1.528948128e-01 -4.117710519e+01 -4.117710519e+01 +7.0458e-01 -1.1490e+00
154 +2.755463978e-02 +2.755463978e-02 -4.130244536e+01 -4.130244536e+01 +4.7216e-01 -1.6138e+00
217 +8.380644371e-03 +8.380644371e-03 -4.132161936e+01 -4.132161936e+01 +4.7291e-01 -1.5383e+00
375 +3.429150925e-03 +3.429150925e-03 -4.132657085e+01 -4.132657085e+01 +4.4486e-01 -1.3909e+00
483 +9.891274817e-04 +9.891274817e-04 -4.132901087e+01 -4.132901087e+01 +4.8491e-01 -1.4518e+00
737 +4.611733659e-04 +4.611733659e-04 -4.132953883e+01 -4.132953883e+01 +4.3346e-01 -1.4413e+00
1202 +3.030810197e-04 +3.030810197e-04 -4.132969692e+01 -4.132969692e+01 +4.4038e-01 -1.4601e+00
1213 +1.236533139e-04 +1.236533139e-04 -4.132987635e+01 -4.132987635e+01 +4.4381e-01 -1.4435e+00
1604 +9.747948674e-06 +9.747948674e-06 -4.132999025e+01 -4.132999025e+01 +4.5576e-01 -1.4511e+00
2040 +4.667034716e-06 +4.667034716e-06 -4.132999533e+01 -4.132999533e+01 +4.5561e-01 -1.4496e+00
2203 +4.047121251e-07 +4.047121251e-07 -4.132999960e+01 -4.132999960e+01 +4.5408e-01 -1.4492e+00
2964 +1.406713466e-07 +1.406713466e-07 -4.132999986e+01 -4.132999986e+01 +4.5348e-01 -1.4484e+00
2998 +7.864254314e-08 +7.864254314e-08 -4.132999992e+01 -4.132999992e+01 +4.5376e-01 -1.4486e+00
3248 +2.532349441e-08 +2.532349441e-08 -4.132999997e+01 -4.132999997e+01 +4.5374e-01 -1.4487e+00
3637 +5.916099610e-09 +5.916099610e-09 -4.132999999e+01 -4.132999999e+01 +4.5352e-01 -1.4488e+00
3763 +2.680501154e-09 +2.680501154e-09 -4.133000000e+01 -4.133000000e+01 +4.5365e-01 -1.4488e+00
4003 +2.320568626e-09 +2.320568626e-09 -4.133000000e+01 -4.133000000e+01 +4.5365e-01 -1.4488e+00
4017 +1.090846524e-09 +1.090846524e-09 -4.133000000e+01 -4.133000000e+01 +4.5362e-01 -1.4488e+00
4111 +1.266329264e-10 +1.266329264e-10 -4.133000000e+01 -4.133000000e+01 +4.5361e-01 -1.4488e+00
4557 +4.694555855e-11 +4.694555855e-11 -4.133000000e+01 -4.133000000e+01 +4.5361e-01 -1.4488e+00
4676 +1.366373681e-11 +1.366373681e-11 -4.133000000e+01 -4.133000000e+01 +4.5360e-01 -1.4488e+00
4768 +6.821210263e-13 +6.821210263e-13 -4.133000000e+01 -4.133000000e+01 +4.5360e-01 -1.4488e+00
% function evaluation | noise-free fitness - Fopt (2.127500000000e+02) | best noise-free fitness - Fopt | measured fitness | best measured fitness | x1 | x2...
1 +9.426950493e+01 +9.426950493e+01 +3.070195049e+02 +3.070195049e+02 +3.1472e+00 +4.0579e+00
2 +4.634370388e+01 +4.634370388e+01 +2.590937039e+02 +2.590937039e+02 -3.7301e+00 +4.1338e+00
3 +2.859755029e+01 +2.859755029e+01 +2.413475503e+02 +2.413475503e+02 +1.3236e+00 -4.0246e+00
4 +1.254422092e+01 +1.254422092e+01 +2.252942209e+02 +2.252942209e+02 -2.2150e+00 +4.6882e-01
17 +6.103239215e+00 +6.103239215e+00 +2.188532392e+02 +2.188532392e+02 -2.2308e+00 -4.5383e+00
35 +1.793281480e-01 +1.793281480e-01 +2.129293281e+02 +2.129293281e+02 -3.5071e+00 -2.4249e+00
75 +9.939638096e-02 +9.939638096e-02 +2.128493964e+02 +2.128493964e+02 -4.0760e+00 -2.8930e+00
159 +2.165573216e-02 +2.165573216e-02 +2.127716557e+02 +2.127716557e+02 -3.7043e+00 -2.6901e+00
430 +4.327065044e-03 +4.327065044e-03 +2.127543271e+02 +2.127543271e+02 -3.9042e+00 -2.6349e+00
659 +2.474203004e-04 +2.474203004e-04 +2.127502474e+02 +2.127502474e+02 -3.8445e+00 -2.6582e+00
887 +2.524278429e-05 +2.524278429e-05 +2.127500252e+02 +2.127500252e+02 -3.8467e+00 -2.6762e+00
1846 +2.757614368e-06 +2.757614368e-06 +2.127500028e+02 +2.127500028e+02 -3.8511e+00 -2.6743e+00
2086 +2.296476850e-06 +2.296476850e-06 +2.127500023e+02 +2.127500023e+02 -3.8505e+00 -2.6743e+00
2435 +1.742271536e-07 +1.742271536e-07 +2.127500002e+02 +2.127500002e+02 -3.8506e+00 -2.6732e+00
2515 +4.632835271e-08 +4.632835271e-08 +2.127500000e+02 +2.127500000e+02 -3.8506e+00 -2.6729e+00
3430 +2.896592832e-08 +2.896592832e-08 +2.127500000e+02 +2.127500000e+02 -3.8503e+00 -2.6729e+00
3588 +1.276271178e-08 +1.276271178e-08 +2.127500000e+02 +2.127500000e+02 -3.8504e+00 -2.6727e+00
3821 +5.949232218e-09 +5.949232218e-09 +2.127500000e+02 +2.127500000e+02 -3.8503e+00 -2.6728e+00
4070 +1.611624612e-09 +1.611624612e-09 +2.127500000e+02 +2.127500000e+02 -3.8504e+00 -2.6728e+00
4103 +1.166142738e-10 +1.166142738e-10 +2.127500000e+02 +2.127500000e+02 -3.8504e+00 -2.6728e+00
4508 +1.904254532e-12 +1.904254532e-12 +2.127500000e+02 +2.127500000e+02 -3.8504e+00 -2.6728e+00
