% function evaluation | noise-free fitness - Fopt (7.948000000000e+01) | best noise-free fitness - Fopt | measured fitness | best measured fitness | x1 | x2...
1 +1.878537091e+02 +1.878537091e+02 +2.673337091e+02 +2.673337091e+02 +3.1472e+00 +4.0579e+00 -3.7301e+00 +4.1338e+00 +1.3236e+00 -4.0246e+00 -2.2150e+00 +4.6882e-01 +4.5751e+00 +4.6489e+00
3 +8.015980969e+01 +8.015980969e+01 +1.596398097e+02 +1.596398097e+02 +1.5574e+00 -4.6429e+00 +3.4913e+00 +4.3399e+00 +1.7874e+00 +2.5774e+00 +2.4313e+00 -1.0777e+00 +1.5548e+00 -3.2881e+00
5 +6.096362524e+01 +6.096362524e+01 +1.404436252e+02 +1.404436252e+02 -6.1256e-01 -1.1844e+00 +2.6552e+00 +2.9520e+00 -3.1313e+00 -1.0236e-01 -5.4414e-01 +1.4631e+00 +2.0936e+00 +2.5469e+00
52 +3.773159995e+01 +3.773159995e+01 +1.172115999e+02 +1.172115999e+02 +4.2235e-01 -3.1618e+00 -1.7102e+00 +3.1334e+00 -2.5232e+00 +2.2582e+00 -6.1658e-01 +3.9613e+00 -4.1533e+00 -4.8497e-01
123 +2.289217869e+01 +2.289217869e+01 +1.023721787e+02 +1.023721787e+02 +6.9345e-01 -3.4804e+00 +1.4913e+00 +2.4223e+00 -2.1265e-01 +1.5086e+00 +4.3132e-01 -1.6201e-01 -4.4522e-01 -1.2881e+00
203 +1.379658536e+01 +1.379658536e+01 +9.327658536e+01 +9.327658536e+01 -2.7680e-01 -2.4804e+00 +4.9129e-01 +1.6608e+00 -1.2126e+00 +5.0858e-01 -4.6189e-01 +6.3556e-01 -1.4452e+00 -2.8813e-01
291 +9.691478452e+00 +9.691478452e+00 +8.917147845e+01 +8.917147845e+01 +6.2182e-01 -1.0572e+00 -7.0437e-02 +2.9085e+00 -1.4987e+00 -1.3695e+00 +7.3212e-01 -3.2042e-01 -2.1079e+00 -1.5185e+00
341 +6.235582570e+00 +6.235582570e+00 +8.571558257e+01 +8.571558257e+01 -2.4392e-01 -3.2435e+00 -8.8420e-01 +1.2027e+00 -2.3912e+00 +4.7008e-01 -3.4473e-01 +7.6209e-01 -1.8099e+00 -2.3394e+00
413 +3.180806667e+00 +3.180806667e+00 +8.266080667e+01 +8.266080667e+01 +5.2362e-01 -1.1435e+00 -1.4368e-01 +1.2540e+00 -1.8270e+00 -2.9258e-01 -8.5687e-01 +8.1923e-01 -1.5872e+00 -3.1725e+00
531 +2.244998920e+00 +2.244998920e+00 +8.172499892e+01 +8.172499892e+01 +3.9897e-01 -1.6057e+00 -2.9518e-01 +1.0171e+00 -2.6527e+00 +1.0648e+00 -2.6788e-01 +6.4889e-01 -1.8194e+00 -2.5185e+00
543 +1.400971980e+00 +1.400971980e+00 +8.088097198e+01 +8.088097198e+01 +9.5491e-01 -1.0169e+00 -7.9928e-01 +1.4285e+00 -2.6835e+00 +7.7889e-03 -1.7336e-02 +7.1149e-01 -1.3892e+00 -2.8861e+00
684 +5.183811518e-01 +5.183811518e-01 +7.999838115e+01 +7.999838115e+01 +6.0576e-01 -9.6112e-01 -4.4992e-01 +1.6927e+00 -2.9757e+00 +3.9171e-01 -5.7744e-03 +4.0687e-01 -1.8204e+00 -3.1435e+00
1179 +3.943746913e-01 +3.943746913e-01 +7.987437469e+01 +7.987437469e+01 +2.8419e-01 -1.2357e+00 -6.7986e-01 +1.8205e+00 -2.5924e+00 +2.5318e-01 +3.8947e-02 +5.1107e-01 -1.9950e+00 -3.2145e+00
1450 +1.727277152e-01 +1.727277152e-01 +7.965272772e+01 +7.965272772e+01 +1.9728e-01 -1.1358e+00 -7.5495e-01 +2.1187e+00 -2.7834e+00 +4.1929e-01 +1.8638e-02 +3.9769e-01 -1.6224e+00 -2.8942e+00
1538 +1.002922740e-01 +1.002922740e-01 +7.958029227e+01 +7.958029227e+01 +2.0890e-02 -1.0836e+00 -6.0055e-01 +1.9991e+00 -2.7401e+00 +3.6496e-01 -4.0447e-02 +1.8888e-01 -1.6232e+00 -3.0798e+00
1658 +8.269268769e-02 +8.269268769e-02 +7.956269269e+01 +7.956269269e+01 +2.8986e-01 -9.7968e-01 -6.8752e-01 +1.8879e+00 -2.7420e+00 +6.1065e-01 -2.0026e-01 +1.3908e-01 -1.5840e+00 -3.1128e+00
2139 +6.287131455e-02 +6.287131455e-02 +7.954287131e+01 +7.954287131e+01 +2.8692e-01 -1.1653e+00 -7.6294e-01 +1.8150e+00 -2.5941e+00 +4.7408e-01 +5.9418e-02 +1.1469e-01 -1.7051e+00 -2.9932e+00
2607 +2.984787592e-02 +2.984787592e-02 +7.950984788e+01 +7.950984788e+01 +2.2763e-01 -1.1231e+00 -7.8366e-01 +2.0369e+00 -2.6919e+00 +4.6800e-01 -1.8370e-01 +1.5106e-01 -1.6842e+00 -2.9901e+00
2838 +2.397307286e-02 +2.397307286e-02 +7.950397307e+01 +7.950397307e+01 +1.8252e-01 -1.1043e+00 -8.0791e-01 +1.9357e+00 -2.6960e+00 +4.6491e-01 -1.9396e-01 +1.0143e-01 -1.6327e+00 -3.0072e+00
2998 +1.023290601e-02 +1.023290601e-02 +7.949023291e+01 +7.949023291e+01 +2.3797e-01 -1.1518e+00 -7.4528e-01 +1.9357e+00 -2.6960e+00 +4.5942e-01 -3.7835e-02 +1.0143e-01 -1.6546e+00 -3.0072e+00
3078 +4.054206216e-03 +4.054206216e-03 +7.948405421e+01 +7.948405421e+01 +2.3797e-01 -1.1518e+00 -7.4528e-01 +1.9357e+00 -2.6752e+00 +4.5942e-01 -1.0697e-01 +9.7551e-02 -1.6546e+00 -3.0072e+00
3329 +2.727956125e-03 +2.727956125e-03 +7.948272796e+01 +7.948272796e+01 +2.4235e-01 -1.1703e+00 -7.4643e-01 +1.9056e+00 -2.6702e+00 +4.4685e-01 -1.4331e-01 +1.3682e-01 -1.6284e+00 -3.0351e+00
3425 +2.298703608e-03 +2.298703608e-03 +7.948229870e+01 +7.948229870e+01 +2.4204e-01 -1.1398e+00 -7.5155e-01 +1.9110e+00 -2.6916e+00 +4.2404e-01 -1.1732e-01 +9.6703e-02 -1.6395e+00 -3.0531e+00
3575 +1.409590815e-03 +1.409590815e-03 +7.948140959e+01 +7.948140959e+01 +2.3982e-01 -1.1639e+00 -7.2873e-01 +1.9223e+00 -2.6876e+00 +4.5529e-01 -1.0982e-01 +1.1191e-01 -1.6106e+00 -3.0489e+00
3722 +9.299204375e-04 +9.299204375e-04 +7.948092992e+01 +7.948092992e+01 +2.4855e-01 -1.1637e+00 -7.2172e-01 +1.9106e+00 -2.6932e+00 +4.3230e-01 -1.0227e-01 +1.1359e-01 -1.6258e+00 -3.0551e+00
3946 +5.185933132e-04 +5.185933132e-04 +7.948051859e+01 +7.948051859e+01 +2.4967e-01 -1.1387e+00 -7.1968e-01 +1.9223e+00 -2.6809e+00 +4.3379e-01 -1.1282e-01 +1.1661e-01 -1.6411e+00 -3.0425e+00
4060 +1.281684347e-04 +1.281684347e-04 +7.948012817e+01 +7.948012817e+01 +2.5600e-01 -1.1578e+00 -7.1946e-01 +1.9249e+00 -2.6861e+00 +4.3770e-01 -1.1732e-01 +1.2153e-01 -1.6414e+00 -3.0444e+00
4331 +7.691568663e-05 +7.691568663e-05 +7.948007692e+01 +7.948007692e+01 +2.5448e-01 -1.1572e+00 -7.3024e-01 +1.9298e+00 -2.6800e+00 +4.3542e-01 -1.1823e-01 +1.2092e-01 -1.6397e+00 -3.0501e+00
4531 +6.021916901e-05 +6.021916901e-05 +7.948006022e+01 +7.948006022e+01 +2.5476e-01 -1.1538e+00 -7.2516e-01 +1.9278e+00 -2.6798e+00 +4.3557e-01 -1.1768e-01 +1.1480e-01 -1.6368e+00 -3.0499e+00
4589 +2.844602305e-05 +2.844602305e-05 +7.948002845e+01 +7.948002845e+01 +2.5387e-01 -1.1586e+00 -7.2401e-01 +1.9282e+00 -2.6793e+00 +4.3581e-01 -1.1625e-01 +1.1906e-01 -1.6372e+00 -3.0536e+00
4603 +2.341081297e-05 +2.341081297e-05 +7.948002341e+01 +7.948002341e+01 +2.5430e-01 -1.1571e+00 -7.2207e-01 +1.9263e+00 -2.6792e+00 +4.3588e-01 -1.1645e-01 +1.2175e-01 -1.6377e+00 -3.0520e+00
4921 +1.579078619e-05 +1.579078619e-05 +7.948001579e+01 +7.948001579e+01 +2.5237e-01 -1.1557e+00 -7.2359e-01 +1.9263e+00 -2.6803e+00 +4.3658e-01 -1.1569e-01 +1.1791e-01 -1.6387e+00 -3.0518e+00
% function evaluation | noise-free fitness - Fopt (3.944800000000e+02) | best noise-free fitness - Fopt | measured fitness | best measured fitness | x1 | x2...
1 +2.326997748e+02 +2.326997748e+02 +6.271797748e+02 +6.271797748e+02 +3.1472e+00 +4.0579e+00 -3.7301e+00 +4.1338e+00 +1.3236e+00 -4.0246e+00 -2.2150e+00 +4.6882e-01 +4.5751e+00 +4.6489e+00
3 +1.245346947e+02 +1.245346947e+02 +5.190146947e+02 +5.190146947e+02 +1.5574e+00 -4.6429e+00 +3.4913e+00 +4.3399e+00 +1.7874e+00 +2.5774e+00 +2.4313e+00 -1.0777e+00 +1.5548e+00 -3.2881e+00
10 +6.158015993e+01 +6.158015993e+01 +4.560601599e+02 +4.560601599e+02 -4.2415e+00 -4.4605e+00 +3.0798e-01 +2.7917e+00 +4.3401e+00 -3.7009e+00 +6.8824e-01 -3.0609e-01 -4.8810e+00 -1.6288e+00
74 +3.877842838e+01 +3.877842838e+01 +4.332584284e+02 +4.332584284e+02 -1.5585e+00 -1.6835e+00 -3.8451e+00 +5.0000e+00 -2.3283e+00 -4.3543e+00 -2.7590e-01 -2.0188e+00 -8.1402e-01 -2.1464e+00
238 +2.360816265e+01 +2.360816265e+01 +4.180881626e+02 +4.180881626e+02 -1.4360e+00 -3.8542e+00 -2.1884e+00 +2.2825e+00 +4.7785e-01 -3.6413e+00 +1.0562e+00 -6.1779e-02 -2.2485e+00 -2.0537e+00
291 +1.584181017e+01 +1.584181017e+01 +4.103218102e+02 +4.103218102e+02 -2.6931e+00 -1.0572e+00 -3.4166e+00 +2.9654e+00 +5.1541e-01 -2.9802e+00 +1.6297e+00 -1.0020e+00 -2.1079e+00 -1.5185e+00
448 +7.978685167e+00 +7.978685167e+00 +4.024586852e+02 +4.024586852e+02 -2.0282e+00 -2.4934e+00 -2.8572e+00 +3.4352e+00 -2.2603e-01 -2.9938e+00 +2.8863e+00 +6.5242e-02 -8.3955e-01 -2.6097e+00
521 +6.070296948e+00 +6.070296948e+00 +4.005502969e+02 +4.005502969e+02 -3.6748e+00 -2.9421e+00 -2.8040e+00 +3.4339e+00 +8.5673e-01 -2.0680e+00 +4.1425e+00 +1.9346e-01 +1.8884e-02 -2.2622e+00
613 +2.021807210e+00 +2.021807210e+00 +3.965018072e+02 +3.965018072e+02 -3.4702e+00 -2.9658e+00 -3.9826e+00 +3.4452e+00 +1.5518e+00 -3.6076e+00 +3.7417e+00 -4.1889e-01 -1.8306e-01 -3.8030e+00
855 +1.500317507e+00 +1.500317507e+00 +3.959803175e+02 +3.959803175e+02 -3.5201e+00 -2.2751e+00 -4.2845e+00 +3.8441e+00 +1.5564e+00 -2.9885e+00 +3.4691e+00 -2.5990e-01 -1.1791e+00 -3.9472e+00
999 +8.408723482e-01 +8.408723482e-01 +3.953208723e+02 +3.953208723e+02 -3.5753e+00 -3.3962e+00 -4.0967e+00 +3.6867e+00 +9.2342e-01 -2.9658e+00 +3.1487e+00 -3.1836e-01 -7.6439e-01 -4.1319e+00
1250 +5.483698386e-01 +5.483698386e-01 +3.950283698e+02 +3.950283698e+02 -3.7917e+00 -3.0879e+00 -3.9232e+00 +3.6971e+00 +6.3159e-01 -3.1462e+00 +3.3640e+00 -2.8732e-01 -5.9746e-01 -4.1151e+00
1415 +3.805469022e-01 +3.805469022e-01 +3.948605469e+02 +3.948605469e+02 -3.9642e+00 -3.0678e+00 -4.0254e+00 +4.0978e+00 +9.9510e-01 -3.0537e+00 +3.1041e+00 -5.3766e-01 -5.7106e-01 -3.7587e+00
1649 +1.770714617e-01 +1.770714617e-01 +3.946570715e+02 +3.946570715e+02 -3.7210e+00 -2.8171e+00 -3.7152e+00 +4.0913e+00 +8.6962e-01 -3.1185e+00 +3.2724e+00 -6.0023e-01 -9.5307e-01 -3.6023e+00
1963 +1.531281502e-01 +1.531281502e-01 +3.946331282e+02 +3.946331282e+02 -3.7167e+00 -2.7330e+00 -3.7079e+00 +3.8172e+00 +8.8825e-01 -2.8715e+00 +3.2838e+00 -6.3164e-01 -1.0532e+00 -3.5918e+00
2153 +6.283236942e-02 +6.283236942e-02 +3.945428324e+02 +3.945428324e+02 -3.9123e+00 -2.7733e+00 -3.7370e+00 +4.0485e+00 +8.5859e-01 -2.9410e+00 +3.4130e+00 -4.6560e-01 -9.3935e-01 -3.7595e+00
2203 +3.838680560e-02 +3.838680560e-02 +3.945183868e+02 +3.945183868e+02 -3.8929e+00 -2.8958e+00 -3.7149e+00 +3.9370e+00 +9.7168e-01 -2.9254e+00 +3.3859e+00 -5.3925e-01 -9.3279e-01 -3.8183e+00
2690 +2.438240071e-02 +2.438240071e-02 +3.945043824e+02 +3.945043824e+02 -3.8354e+00 -2.9479e+00 -3.7621e+00 +3.8455e+00 +9.2455e-01 -2.8891e+00 +3.4666e+00 -5.9384e-01 -8.1383e-01 -3.7813e+00
2912 +1.533424435e-02 +1.533424435e-02 +3.944953342e+02 +3.944953342e+02 -3.9047e+00 -2.9175e+00 -3.7221e+00 +3.9141e+00 +8.5216e-01 -2.8794e+00 +3.4199e+00 -5.4733e-01 -8.8658e-01 -3.6725e+00
3018 +8.154836428e-03 +8.154836428e-03 +3.944881548e+02 +3.944881548e+02 -3.9286e+00 -2.8932e+00 -3.7490e+00 +3.9126e+00 +8.8487e-01 -2.8854e+00 +3.4275e+00 -6.2111e-01 -8.8450e-01 -3.6847e+00
3184 +4.113749502e-03 +4.113749502e-03 +3.944841137e+02 +3.944841137e+02 -3.8820e+00 -2.9163e+00 -3.8354e+00 +3.8920e+00 +8.4589e-01 -2.9032e+00 +3.4561e+00 -5.8784e-01 -8.8601e-01 -3.6974e+00
3338 +3.933554100e-03 +3.933554100e-03 +3.944839336e+02 +3.944839336e+02 -3.9163e+00 -2.9206e+00 -3.8087e+00 +3.8662e+00 +8.5594e-01 -2.8910e+00 +3.4455e+00 -6.0565e-01 -8.8600e-01 -3.7058e+00
3642 +9.191463128e-04 +9.191463128e-04 +3.944809191e+02 +3.944809191e+02 -3.9144e+00 -2.8903e+00 -3.7997e+00 +3.8913e+00 +8.6691e-01 -2.8982e+00 +3.4433e+00 -5.8189e-01 -8.8613e-01 -3.7373e+00
3802 +3.432545575e-04 +3.432545575e-04 +3.944803433e+02 +3.944803433e+02 -3.9007e+00 -2.8910e+00 -3.8065e+00 +3.8932e+00 +8.5306e-01 -2.9070e+00 +3.4534e+00 -6.0078e-01 -8.8438e-01 -3.7420e+00
4122 +1.776424804e-04 +1.776424804e-04 +3.944801776e+02 +3.944801776e+02 -3.9033e+00 -2.8848e+00 -3.8041e+00 +3.9109e+00 +8.5541e-01 -2.9070e+00 +3.4382e+00 -5.9807e-01 -8.8477e-01 -3.7398e+00
4282 +1.068512273e-04 +1.068512273e-04 +3.944801069e+02 +3.944801069e+02 -3.9013e+00 -2.8870e+00 -3.8060e+00 +3.9131e+00 +8.6097e-01 -2.9061e+00 +3.4475e+00 -5.9838e-01 -8.8271e-01 -3.7335e+00
4370 +7.703386336e-05 +7.703386336e-05 +3.944800770e+02 +3.944800770e+02 -3.8996e+00 -2.8887e+00 -3.8034e+00 +3.9053e+00 +8.5974e-01 -2.9061e+00 +3.4523e+00 -5.9739e-01 -8.8454e-01 -3.7341e+00
4442 +5.321915245e-05 +5.321915245e-05 +3.944800532e+02 +3.944800532e+02 -3.8992e+00 -2.8882e+00 -3.8023e+00 +3.9030e+00 +8.5797e-01 -2.9062e+00 +3.4476e+00 -5.9779e-01 -8.8258e-01 -3.7302e+00
4690 +3.739382589e-05 +3.739382589e-05 +3.944800374e+02 +3.944800374e+02 -3.8995e+00 -2.8921e+00 -3.8005e+00 +3.9043e+00 +8.5746e-01 -2.9055e+00 +3.4470e+00 -5.9670e-01 -8.8280e-01 -3.7322e+00
4760 +2.289802637e-05 +2.289802637e-05 +3.944800229e+02 +3.944800229e+02 -3.8998e+00 -2.8907e+00 -3.8020e+00 +3.9047e+00 +8.6044e-01 -2.9028e+00 +3.4476e+00 -5.9820e-01 -8.8315e-01 -3.7369e+00
4925 +1.058809340e-05 +1.058809340e-05 +3.944800106e+02 +3.944800106e+02 -3.9004e+00 -2.8905e+00 -3.8024e+00 +3.9069e+00 +8.5975e-01 -2.9040e+00 +3.4457e+00 -6.0019e-01 -8.8277e-01 -3.7334e+00
% function evaluation | noise-free fitness - Fopt (-2.471100000000e+02) | best noise-free fitness - Fopt | measured fitness | best measured fitness | x1 | x2...
1 +2.670300931e+02 +2.670300931e+02 +1.992009307e+01 +1.992009307e+01 +3.1472e+00 +4.0579e+00 -3.7301e+00 +4.1338e+00 +1.3236e+00 -4.0246e+00 -2.2150e+00 +4.6882e-01 +4.5751e+00 +4.6489e+00
2 +2.259991557e+02 +2.259991557e+02 -2.111084426e+01 -2.111084426e+01 -3.4239e+00 +4.7059e+00 +4.5717e+00 -1.4624e-01 +3.0028e+00 -3.5811e+00 -7.8239e-01 +4.1574e+00 +2.9221e+00 +4.5949e+00
4 +1.457908587e+02 +1.457908587e+02 -1.013191413e+02 -1.013191413e+02 +2.0605e+00 -4.6817e+00 -2.2308e+00 -4.5383e+00 -4.0287e+00 +3.2346e+00 +1.9483e+00 -1.8290e+00 +4.5022e+00 -4.6555e+00
6 +5.536345746e+01 +5.536345746e+01 -1.917465425e+02 -1.917465425e+02 -2.2397e+00 +1.7970e+00 +1.5510e+00 -3.3739e+00 -3.8100e+00 -1.6359e-02 +4.5974e+00 -1.5961e+00 +8.5268e-01 -2.7619e+00
205 +3.428440584e+01 +3.428440584e+01 -2.128255942e+02 -2.128255942e+02 -3.4112e+00 +4.3685e-01 +6.3566e-01 -2.1261e-02 -4.0000e+00 -3.8509e-01 +2.4559e+00 -1.5369e+00 +5.5885e-01 +7.9801e-01
294 +2.313227325e+01 +2.313227325e+01 -2.239777267e+02 -2.239777267e+02 -3.9700e+00 +1.0648e-01 +8.1847e-01 -2.2547e+00 -2.4133e+00 -2.3273e-01 +4.0000e+00 -2.8552e+00 +1.0988e+00 -1.2342e-01
371 +1.433663873e+01 +1.433663873e+01 -2.327733613e+02 -2.327733613e+02 -3.6375e+00 -6.4318e-01 +5.7165e-01 -2.4234e+00 -3.6473e+00 -3.6229e-01 +2.6297e+00 -3.4592e+00 +1.3719e+00 +2.2980e+00
476 +9.457561616e+00 +9.457561616e+00 -2.376524384e+02 -2.376524384e+02 -5.0000e+00 -3.0680e-01 -2.6030e-01 -2.9864e+00 -3.5901e+00 +3.1972e-01 +2.7813e+00 -2.9514e+00 +5.3462e-01 +1.6597e+00
549 +6.031982550e+00 +6.031982550e+00 -2.410780175e+02 -2.410780175e+02 -3.1361e+00 +1.4132e-01 +8.5601e-01 -3.7541e+00 -2.9528e+00 +8.4557e-01 +2.6266e+00 -3.4056e+00 +4.2124e-01 +3.2105e+00
615 +3.681589446e+00 +3.681589446e+00 -2.434284106e+02 -2.434284106e+02 -3.8615e+00 +3.1877e-01 +4.2016e-01 -4.2933e+00 -2.8122e+00 +1.0840e+00 +3.6568e+00 -4.1131e+00 +4.1300e-01 +2.8041e+00
620 +2.213485943e+00 +2.213485943e+00 -2.448965141e+02 -2.448965141e+02 -3.7061e+00 -3.6646e-01 -2.2735e-01 -4.4588e+00 -3.3905e+00 +1.6907e+00 +2.8118e+00 -3.3207e+00 -4.3729e-02 +2.5439e+00
861 +1.492354760e+00 +1.492354760e+00 -2.456176452e+02 -2.456176452e+02 -3.5568e+00 -1.6876e-01 -1.0056e-01 -4.0914e+00 -3.5513e+00 +1.7363e+00 +2.8799e+00 -3.8003e+00 -1.0349e-01 +2.4831e+00
984 +8.289585798e-01 +8.289585798e-01 -2.462810414e+02 -2.462810414e+02 -4.1236e+00 +5.8877e-02 -8.4173e-01 -4.0406e+00 -3.5618e+00 +1.9841e+00 +3.5643e+00 -3.8269e+00 -9.5735e-02 +2.4970e+00
1239 +4.379595755e-01 +4.379595755e-01 -2.466720404e+02 -2.466720404e+02 -3.6222e+00 -1.2963e-01 -7.5411e-01 -3.8830e+00 -2.8655e+00 +2.1614e+00 +2.9578e+00 -4.1620e+00 -2.2952e-01 +2.6730e+00
1264 +3.296159569e-01 +3.296159569e-01 -2.467803840e+02 -2.467803840e+02 -3.6130e+00 +2.4653e-01 -6.6844e-01 -3.6835e+00 -2.8847e+00 +1.9338e+00 +3.0824e+00 -3.8266e+00 -1.7843e-02 +2.5572e+00
1483 +1.680806567e-01 +1.680806567e-01 -2.469419193e+02 -2.469419193e+02 -3.6734e+00 +1.2354e-01 -7.9609e-01 -3.8579e+00 -3.1492e+00 +2.2236e+00 +3.2219e+00 -3.8708e+00 -3.3228e-01 +2.6614e+00
1821 +1.338308638e-01 +1.338308638e-01 -2.469761691e+02 -2.469761691e+02 -3.6339e+00 +7.1662e-02 -5.5394e-01 -3.8331e+00 -3.0206e+00 +2.1347e+00 +3.1676e+00 -3.8784e+00 -2.2921e-02 +2.7540e+00
1978 +8.619889988e-02 +8.619889988e-02 -2.470238011e+02 -2.470238011e+02 -3.6797e+00 +2.3399e-01 -7.6126e-01 -3.6949e+00 -3.0597e+00 +2.3404e+00 +3.1703e+00 -3.8378e+00 -2.9467e-01 +2.8972e+00
2212 +4.124239168e-02 +4.124239168e-02 -2.470687576e+02 -2.470687576e+02 -3.7575e+00 +1.7210e-01 -6.6249e-01 -3.6207e+00 -3.0963e+00 +2.3362e+00 +3.3401e+00 -3.8378e+00 -1.9420e-02 +2.7265e+00
2219 +3.540505834e-02 +3.540505834e-02 -2.470745949e+02 -2.470745949e+02 -3.8294e+00 +2.7671e-01 -6.7703e-01 -3.6601e+00 -3.0980e+00 +2.2901e+00 +3.1578e+00 -3.7697e+00 -1.1260e-01 +2.8097e+00
2539 +1.806086936e-02 +1.806086936e-02 -2.470919391e+02 -2.470919391e+02 -3.7951e+00 +2.6579e-01 -6.7273e-01 -3.6186e+00 -3.1118e+00 +2.2912e+00 +3.2682e+00 -3.8757e+00 -1.7181e-02 +2.8514e+00
2699 +1.319535928e-02 +1.319535928e-02 -2.470968046e+02 -2.470968046e+02 -3.8170e+00 +2.3245e-01 -6.7261e-01 -3.6582e+00 -3.1100e+00 +2.2817e+00 +3.2924e+00 -3.9412e+00 -1.8436e-02 +2.8459e+00
2859 +9.124231949e-03 +9.124231949e-03 -2.471008758e+02 -2.471008758e+02 -3.8181e+00 +2.0886e-01 -6.7273e-01 -3.6570e+00 -3.1129e+00 +2.2821e+00 +3.2637e+00 -3.9369e+00 -1.7956e-02 +2.8474e+00
3088 +5.697636334e-03 +5.697636334e-03 -2.471043024e+02 -2.471043024e+02 -3.8165e+00 +2.6512e-01 -6.8995e-01 -3.6960e+00 -3.1074e+00 +2.3265e+00 +3.2289e+00 -3.9211e+00 -4.1312e-02 +2.8412e+00
3179 +3.807733558e-03 +3.807733558e-03 -2.471061923e+02 -2.471061923e+02 -3.8027e+00 +1.9930e-01 -6.9485e-01 -3.6730e+00 -3.1026e+00 +2.3427e+00 +3.2463e+00 -3.9503e+00 -5.3143e-02 +2.8460e+00
3339 +2.046417272e-03 +2.046417272e-03 -2.471079536e+02 -2.471079536e+02 -3.8034e+00 +2.2308e-01 -6.9900e-01 -3.7158e+00 -3.0880e+00 +2.3149e+00 +3.2173e+00 -3.9007e+00 -7.1639e-02 +2.8467e+00
3512 +1.348993154e-03 +1.348993154e-03 -2.471086510e+02 -2.471086510e+02 -3.8177e+00 +2.1063e-01 -6.8236e-01 -3.6851e+00 -3.0817e+00 +2.3155e+00 +3.2085e+00 -3.9328e+00 -7.2092e-02 +2.8315e+00
3674 +7.785884296e-04 +7.785884296e-04 -2.471092214e+02 -2.471092214e+02 -3.8067e+00 +2.0693e-01 -6.7504e-01 -3.6840e+00 -3.0845e+00 +2.3186e+00 +3.2165e+00 -3.9175e+00 -6.8679e-02 +2.8343e+00
3982 +5.162405423e-04 +5.162405423e-04 -2.471094838e+02 -2.471094838e+02 -3.8079e+00 +1.9196e-01 -6.9450e-01 -3.6855e+00 -3.0932e+00 +2.3216e+00 +3.2210e+00 -3.9177e+00 -6.4905e-02 +2.8348e+00
4047 +3.127923310e-04 +3.127923310e-04 -2.471096872e+02 -2.471096872e+02 -3.7986e+00 +2.0814e-01 -6.9442e-01 -3.6849e+00 -3.0962e+00 +2.3279e+00 +3.2153e+00 -3.9103e+00 -6.6375e-02 +2.8277e+00
4142 +2.364859012e-04 +2.364859012e-04 -2.471097635e+02 -2.471097635e+02 -3.8027e+00 +1.9964e-01 -6.9845e-01 -3.6855e+00 -3.1031e+00 +2.3215e+00 +3.2161e+00 -3.9126e+00 -6.5000e-02 +2.8266e+00
4235 +1.465298565e-04 +1.465298565e-04 -2.471098535e+02 -2.471098535e+02 -3.8015e+00 +2.0571e-01 -6.8966e-01 -3.6958e+00 -3.1013e+00 +2.3185e+00 +3.2150e+00 -3.9145e+00 -6.3629e-02 +2.8263e+00
4298 +8.829352279e-05 +8.829352279e-05 -2.471099117e+02 -2.471099117e+02 -3.8029e+00 +2.0208e-01 -6.8554e-01 -3.6905e+00 -3.0966e+00 +2.3171e+00 +3.2214e+00 -3.9151e+00 -6.6348e-02 +2.8215e+00
4465 +5.203889162e-05 +5.203889162e-05 -2.471099480e+02 -2.471099480e+02 -3.8017e+00 +2.0615e-01 -6.9059e-01 -3.6937e+00 -3.0957e+00 +2.3149e+00 +3.2173e+00 -3.9168e+00 -7.2593e-02 +2.8227e+00
4698 +3.511048754e-05 +3.511048754e-05 -2.471099649e+02 -2.471099649e+02 -3.8019e+00 +2.0620e-01 -6.9027e-01 -3.6907e+00 -3.0987e+00 +2.3161e+00 +3.2168e+00 -3.9160e+00 -7.2628e-02 +2.8224e+00
4782 +2.271429162e-05 +2.271429162e-05 -2.471099773e+02 -2.471099773e+02 -3.7973e+00 +2.0552e-01 -6.8987e-01 -3.6885e+00 -3.0977e+00 +2.3159e+00 +3.2196e+00 -3.9152e+00 -6.9554e-02 +2.8219e+00
4874 +1.527811983e-05 +1.527811983e-05 -2.471099847e+02 -2.471099847e+02 -3.7980e+00 +2.0179e-01 -6.8936e-01 -3.6893e+00 -3.0982e+00 +2.3171e+00 +3.2205e+00 -3.9153e+00 -6.9132e-02 +2.8226e+00
4954 +9.054458587e-06 +9.054458587e-06 -2.471099909e+02 -2.471099909e+02 -3.7985e+00 +2.0264e-01 -6.8989e-01 -3.6904e+00 -3.0986e+00 +2.3167e+00 +3.2218e+00 -3.9157e+00 -6.9858e-02 +2.8215e+00
% function evaluation | noise-free fitness - Fopt (-1.520400000000e+02) | best noise-free fitness - Fopt | measured fitness | best measured fitness | x1 | x2...
1 +5.194026838e+01 +5.194026838e+01 -1.000997316e+02 -1.000997316e+02 +3.1472e+00 +4.0579e+00 -3.7301e+00 +4.1338e+00 +1.3236e+00 -4.0246e+00 -2.2150e+00 +4.6882e-01 +4.5751e+00 +4.6489e+00
41 +3.750225237e+01 +3.750225237e+01 -1.145377476e+02 -1.145377476e+02 +3.0084e+00 +3.3275e+00 -3.5528e+00 +4.0814e+00 +1.6763e+00 -3.6648e+00 -1.9657e+00 -3.7070e-01 +3.7989e+00 +4.3242e+00
121 +1.907518423e+01 +1.907518423e+01 -1.329648158e+02 -1.329648158e+02 +2.0084e+00 +2.7160e+00 -3.2770e+00 +3.0814e+00 +2.6763e+00 -2.6648e+00 -9.6566e-01 +6.2930e-01 +2.7989e+00 +4.0340e+00
201 +1.533259673e+01 +1.533259673e+01 -1.367074033e+02 -1.367074033e+02 +1.1248e+00 +2.1756e+00 -3.0334e+00 +2.1978e+00 +3.5599e+00 -1.7812e+00 -8.2056e-02 +1.5129e+00 +1.9153e+00 +3.7777e+00
238 +9.674567092e+00 +9.674567092e+00 -1.423654329e+02 -1.423654329e+02 +6.5296e-01 +1.7627e+00 -4.4379e+00 +2.2825e+00 +2.8202e+00 -2.1161e+00 -1.8555e+00 +2.6188e-01 +1.8462e+00 +3.8299e+00
335 +6.280971331e+00 +6.280971331e+00 -1.457590287e+02 -1.457590287e+02 +2.0300e-01 +2.5267e+00 -5.0000e+00 +3.3257e+00 +2.2094e+00 -9.0055e-01 +3.2748e-02 +2.3319e-01 +1.3642e+00 +2.5766e+00
415 +3.561601277e+00 +3.561601277e+00 -1.484783987e+02 -1.484783987e+02 +2.0300e-01 +2.1750e+00 -3.3903e+00 +2.9280e+00 +2.3903e+00 -9.0055e-01 -6.7629e-01 -9.0420e-02 +1.3642e+00 +2.5766e+00
449 +1.772554858e+00 +1.772554858e+00 -1.502674451e+02 -1.502674451e+02 -8.6389e-02 +1.2702e+00 -3.9216e+00 +3.7166e+00 +3.0083e+00 -2.3837e-01 -6.7589e-01 -1.9211e-01 +1.8128e+00 +2.6782e+00
489 +1.486977641e+00 +1.486977641e+00 -1.505530224e+02 -1.505530224e+02 -5.4131e-02 +1.2702e+00 -3.9216e+00 +3.7166e+00 +2.6813e+00 +3.6504e-01 -6.7589e-01 -4.0774e-01 +1.2525e+00 +2.5119e+00
762 +8.721037791e-01 +8.721037791e-01 -1.511678962e+02 -1.511678962e+02 -1.8915e-01 +1.2483e+00 -4.1699e+00 +3.3761e+00 +2.1116e+00 +8.7177e-01 -9.2548e-01 -4.8113e-01 +1.3128e+00 +3.7420e+00
1074 +5.663143437e-01 +5.663143437e-01 -1.514736857e+02 -1.514736857e+02 -1.3271e-01 +1.9368e+00 -3.9655e+00 +3.2809e+00 +2.4649e+00 +2.5979e-01 -1.2857e+00 -4.4325e-01 +1.4392e+00 +3.2981e+00
1327 +1.718458063e-01 +1.718458063e-01 -1.518681542e+02 -1.518681542e+02 -6.2527e-02 +1.3524e+00 -3.9584e+00 +3.2466e+00 +2.3381e+00 -3.4247e-02 -6.6169e-01 -5.8167e-01 +1.6302e+00 +3.5297e+00
1447 +1.570085796e-01 +1.570085796e-01 -1.518829914e+02 -1.518829914e+02 -6.2527e-02 +1.3524e+00 -3.7627e+00 +3.3289e+00 +2.3381e+00 +1.3050e-01 -6.6808e-01 -6.5828e-01 +1.6302e+00 +3.5936e+00
2033 +7.876776166e-02 +7.876776166e-02 -1.519612322e+02 -1.519612322e+02 -2.0136e-01 +1.3340e+00 -4.0057e+00 +3.1611e+00 +2.3033e+00 +1.3117e-01 -8.2597e-01 -6.8295e-01 +1.4908e+00 +3.3245e+00
2133 +5.437544706e-02 +5.437544706e-02 -1.519856246e+02 -1.519856246e+02 -2.7277e-01 +1.3179e+00 -3.8827e+00 +3.2951e+00 +2.2515e+00 +1.4870e-01 -9.0222e-01 -7.1069e-01 +1.5833e+00 +3.4061e+00
2289 +1.777123303e-02 +1.777123303e-02 -1.520222288e+02 -1.520222288e+02 -2.0662e-01 +1.3952e+00 -3.9250e+00 +3.3249e+00 +2.3417e+00 +1.6699e-01 -8.3467e-01 -7.0922e-01 +1.5461e+00 +3.4351e+00
2689 +1.458814303e-02 +1.458814303e-02 -1.520254119e+02 -1.520254119e+02 -2.7280e-01 +1.4385e+00 -3.9246e+00 +3.2843e+00 +2.3437e+00 +1.4949e-01 -8.1954e-01 -7.0095e-01 +1.5500e+00 +3.5311e+00
2729 +5.662619474e-03 +5.662619474e-03 -1.520343374e+02 -1.520343374e+02 -2.6823e-01 +1.4385e+00 -3.9246e+00 +3.2843e+00 +2.3969e+00 +1.4949e-01 -8.5221e-01 -7.0095e-01 +1.5500e+00 +3.4407e+00
2862 +3.219996717e-03 +3.219996717e-03 -1.520367800e+02 -1.520367800e+02 -2.7146e-01 +1.4597e+00 -3.9424e+00 +3.3162e+00 +2.4195e+00 +1.2609e-01 -8.6951e-01 -6.8374e-01 +1.5164e+00 +3.4771e+00
3249 +2.269277341e-03 +2.269277341e-03 -1.520377307e+02 -1.520377307e+02 -2.7945e-01 +1.4354e+00 -3.9467e+00 +3.3026e+00 +2.3844e+00 +1.5087e-01 -8.8483e-01 -7.0274e-01 +1.5133e+00 +3.4740e+00
3449 +1.017057016e-03 +1.017057016e-03 -1.520389829e+02 -1.520389829e+02 -2.7945e-01 +1.4354e+00 -3.9467e+00 +3.3026e+00 +2.4176e+00 +1.5087e-01 -8.8465e-01 -7.0274e-01 +1.5133e+00 +3.4821e+00
3594 +9.457967680e-04 +9.457967680e-04 -1.520390542e+02 -1.520390542e+02 -2.8206e-01 +1.4343e+00 -3.9425e+00 +3.2878e+00 +2.4259e+00 +1.5145e-01 -8.7803e-01 -7.0500e-01 +1.5126e+00 +3.4789e+00
3814 +5.731695969e-04 +5.731695969e-04 -1.520394268e+02 -1.520394268e+02 -2.7754e-01 +1.4245e+00 -3.9229e+00 +3.3014e+00 +2.4182e+00 +1.6450e-01 -8.7429e-01 -6.8614e-01 +1.5001e+00 +3.4777e+00
3897 +3.760867534e-04 +3.760867534e-04 -1.520396239e+02 -1.520396239e+02 -2.7728e-01 +1.4255e+00 -3.9234e+00 +3.2889e+00 +2.4191e+00 +1.5623e-01 -8.7227e-01 -6.8965e-01 +1.4966e+00 +3.4796e+00
4017 +1.603902762e-04 +1.603902762e-04 -1.520398396e+02 -1.520398396e+02 -2.7203e-01 +1.4255e+00 -3.9234e+00 +3.2957e+00 +2.4191e+00 +1.5623e-01 -8.7227e-01 -7.0063e-01 +1.4924e+00 +3.4796e+00
4054 +1.372195034e-04 +1.372195034e-04 -1.520398628e+02 -1.520398628e+02 -2.7278e-01 +1.4278e+00 -3.9224e+00 +3.2968e+00 +2.4200e+00 +1.5767e-01 -8.8029e-01 -7.0451e-01 +1.4962e+00 +3.4801e+00
4064 +9.764049588e-05 +9.764049588e-05 -1.520399024e+02 -1.520399024e+02 -2.6915e-01 +1.4224e+00 -3.9221e+00 +3.3009e+00 +2.4156e+00 +1.4801e-01 -8.7982e-01 -6.9492e-01 +1.4980e+00 +3.4781e+00
4316 +4.207371194e-05 +4.207371194e-05 -1.520399579e+02 -1.520399579e+02 -2.6593e-01 +1.4261e+00 -3.9245e+00 +3.2924e+00 +2.4212e+00 +1.4880e-01 -8.7974e-01 -6.9887e-01 +1.4984e+00 +3.4793e+00
4376 +3.819759138e-05 +3.819759138e-05 -1.520399618e+02 -1.520399618e+02 -2.6898e-01 +1.4235e+00 -3.9231e+00 +3.2942e+00 +2.4196e+00 +1.5421e-01 -8.7872e-01 -6.9991e-01 +1.4970e+00 +3.4804e+00
4445 +1.952174779e-05 +1.952174779e-05 -1.520399805e+02 -1.520399805e+02 -2.6520e-01 +1.4254e+00 -3.9263e+00 +3.2982e+00 +2.4184e+00 +1.5106e-01 -8.7971e-01 -7.0224e-01 +1.4990e+00 +3.4789e+00
4538 +1.367066542e-05 +1.367066542e-05 -1.520399863e+02 -1.520399863e+02 -2.6722e-01 +1.4259e+00 -3.9244e+00 +3.2986e+00 +2.4187e+00 +1.5081e-01 -8.7986e-01 -7.0166e-01 +1.4989e+00 +3.4793e+00
4715 +7.965181055e-06 +7.965181055e-06 -1.520399920e+02 -1.520399920e+02 -2.6709e-01 +1.4251e+00 -3.9259e+00 +3.2960e+00 +2.4188e+00 +1.4964e-01 -8.7998e-01 -7.0051e-01 +1.4993e+00 +3.4798e+00
4885 +5.474620792e-06 +5.474620792e-06 -1.520399945e+02 -1.520399945e+02 -2.6629e-01 +1.4251e+00 -3.9248e+00 +3.2975e+00 +2.4191e+00 +1.5060e-01 -8.7761e-01 -7.0035e-01 +1.4997e+00 +3.4822e+00
4958 +2.875864908e-06 +2.875864908e-06 -1.520399971e+02 -1.520399971e+02 -2.6697e-01 +1.4250e+00 -3.9250e+00 +3.2975e+00 +2.4192e+00 +1.5052e-01 -8.7748e-01 -7.0106e-01 +1.4998e+00 +3.4813e+00
% function evaluation | noise-free fitness - Fopt (-2.525000000000e+01) | best noise-free fitness - Fopt | measured fitness | best measured fitness | x1 | x2...
1 +1.456007237e+02 +1.456007237e+02 +1.203507237e+02 +1.203507237e+02 +3.1472e+00 +4.0579e+00 -3.7301e+00 +4.1338e+00 +1.3236e+00 -4.0246e+00 -2.2150e+00 +4.6882e-01 +4.5751e+00 +4.6489e+00
7 +8.771690786e+01 +8.771690786e+01 +6.246690786e+01 +6.246690786e+01 +2.5127e+00 -2.4490e+00 +5.9571e-02 +1.9908e+00 +3.9090e+00 +4.5929e+00 +4.7216e-01 -3.6138e+00 -3.5071e+00 -2.4249e+00
8 +4.013438675e+01 +4.013438675e+01 +1.488438675e+01 +1.488438675e+01 +3.4072e+00 -2.4572e+00 +3.1428e+00 -2.5648e+00 +4.2926e+00 -1.5002e+00 -3.0340e+00 -2.4892e+00 +1.1604e+00 -2.6711e-01
48 +3.313387900e+01 +3.313387900e+01 +7.883879004e+00 +7.883879004e+00 +2.9915e+00 -1.9793e+00 +2.5824e+00 -2.9473e+00 +3.5566e+00 -1.3630e+00 -2.7040e+00 -2.4053e+00 +1.0268e+00 -7.1145e-03
139 +2.179439538e+01 +2.179439538e+01 -3.455604619e+00 -3.455604619e+00 +2.4701e+00 -6.9181e-01 +2.1399e+00 -3.2758e+00 +3.8146e+00 -1.1649e+00 -1.3483e+00 -7.4381e-01 +2.1661e+00 -2.1887e+00
219 +1.259487893e+01 +1.259487893e+01 -1.265512107e+01 -1.265512107e+01 +3.4701e+00 -7.8890e-01 +1.1399e+00 -2.2758e+00 +3.5749e+00 -1.0136e+00 -1.5633e+00 -1.7438e+00 +1.1661e+00 -1.1887e+00
238 +7.200804610e+00 +7.200804610e+00 -1.804919539e+01 -1.804919539e+01 +3.5953e+00 -1.0580e+00 -2.0716e-01 -2.3874e+00 +2.7038e+00 -9.1028e-01 -1.9885e+00 -2.3230e+00 +1.3357e+00 -1.5313e+00
278 +4.865248299e+00 +4.865248299e+00 -2.038475170e+01 -2.038475170e+01 +3.5953e+00 -2.1990e-01 -8.3623e-01 -2.3874e+00 +4.6262e+00 +2.6801e-01 -1.9885e+00 -2.3230e+00 +1.1273e+00 -1.5313e+00
318 +2.668540980e+00 +2.668540980e+00 -2.258145902e+01 -2.258145902e+01 +4.0666e+00 -5.7966e-02 -1.0024e+00 -3.0231e+00 +3.7038e+00 +8.9723e-02 -2.7620e+00 -2.4166e+00 +1.5934e+00 -2.1024e+00
476 +1.972651447e+00 +1.972651447e+00 -2.327734855e+01 -2.327734855e+01 +4.0145e+00 -9.7268e-02 -1.3457e+00 -3.1148e+00 +3.0949e+00 -2.5011e-01 -2.1368e+00 -2.0605e+00 +1.0528e+00 -2.8722e+00
780 +1.542189772e+00 +1.542189772e+00 -2.370781023e+01 -2.370781023e+01 +3.5617e+00 +5.9052e-01 -1.1718e+00 -2.8195e+00 +3.0935e+00 -5.1748e-01 -2.2265e+00 -1.0350e+00 +9.3406e-01 -2.6267e+00
865 +9.039695501e-01 +9.039695501e-01 -2.434603045e+01 -2.434603045e+01 +3.1601e+00 +6.2783e-01 -1.1516e+00 -1.8067e+00 +2.9320e+00 -2.4218e-01 -2.4876e+00 -1.5751e+00 +1.7385e+00 -3.0089e+00
1059 +4.457193498e-01 +4.457193498e-01 -2.480428065e+01 -2.480428065e+01 +3.3205e+00 +5.1796e-01 -1.2832e+00 -2.0745e+00 +3.2244e+00 -5.6298e-01 -2.7040e+00 -1.9744e+00 +1.1606e+00 -2.7098e+00
1198 +3.636219718e-01 +3.636219718e-01 -2.488637803e+01 -2.488637803e+01 +3.7788e+00 +4.6182e-01 -1.3586e+00 -2.0848e+00 +3.0672e+00 -5.5017e-01 -2.4611e+00 -1.6170e+00 +1.3588e+00 -2.7220e+00
1622 +2.214512818e-01 +2.214512818e-01 -2.502854872e+01 -2.502854872e+01 +3.6553e+00 +7.3034e-01 -1.3903e+00 -1.9858e+00 +2.9708e+00 -2.9146e-01 -2.5961e+00 -1.6884e+00 +1.2698e+00 -2.7564e+00
1920 +1.505993351e-01 +1.505993351e-01 -2.509940066e+01 -2.509940066e+01 +3.6038e+00 +7.1286e-01 -1.5047e+00 -2.0326e+00 +3.1726e+00 -2.0870e-02 -2.4612e+00 -1.7349e+00 +1.0197e+00 -2.7656e+00
1970 +9.743982385e-02 +9.743982385e-02 -2.515256018e+01 -2.515256018e+01 +3.4357e+00 +6.4944e-01 -1.2810e+00 -2.0735e+00 +3.3610e+00 -2.1228e-01 -2.4664e+00 -1.7313e+00 +1.1997e+00 -2.6184e+00
2123 +5.009016924e-02 +5.009016924e-02 -2.519990983e+01 -2.519990983e+01 +3.6621e+00 +7.4845e-01 -1.4710e+00 -2.1798e+00 +3.2536e+00 +4.4573e-02 -2.4756e+00 -1.7542e+00 +1.2743e+00 -2.6146e+00
2539 +3.598051681e-02 +3.598051681e-02 -2.521401948e+01 -2.521401948e+01 +3.7037e+00 +5.8522e-01 -1.3885e+00 -2.2031e+00 +3.3221e+00 -2.3377e-01 -2.4704e+00 -1.8237e+00 +1.2849e+00 -2.6190e+00
2699 +1.719131914e-02 +1.719131914e-02 -2.523280868e+01 -2.523280868e+01 +3.5741e+00 +5.3973e-01 -1.3910e+00 -2.1431e+00 +3.2776e+00 -4.9585e-02 -2.4741e+00 -1.8098e+00 +1.2822e+00 -2.6356e+00
2739 +1.408696510e-02 +1.408696510e-02 -2.523591303e+01 -2.523591303e+01 +3.5741e+00 +5.8156e-01 -1.4007e+00 -2.0874e+00 +3.2739e+00 -4.9585e-02 -2.4741e+00 -1.8275e+00 +1.2753e+00 -2.6638e+00
2854 +7.258009478e-03 +7.258009478e-03 -2.524274199e+01 -2.524274199e+01 +3.5749e+00 +6.2586e-01 -1.3988e+00 -2.1598e+00 +3.2914e+00 -6.2691e-02 -2.4683e+00 -1.8557e+00 +1.2939e+00 -2.6347e+00
3120 +3.588872600e-03 +3.588872600e-03 -2.524641113e+01 -2.524641113e+01 +3.6215e+00 +5.9630e-01 -1.4052e+00 -2.1661e+00 +3.3097e+00 -1.2281e-01 -2.4523e+00 -1.8062e+00 +1.3283e+00 -2.6618e+00
3428 +1.674900185e-03 +1.674900185e-03 -2.524832510e+01 -2.524832510e+01 +3.6305e+00 +6.2901e-01 -1.4173e+00 -2.1612e+00 +3.3034e+00 -1.1082e-01 -2.4835e+00 -1.8147e+00 +1.3455e+00 -2.6769e+00
3578 +6.981043531e-04 +6.981043531e-04 -2.524930190e+01 -2.524930190e+01 +3.6311e+00 +6.2736e-01 -1.4242e+00 -2.1506e+00 +3.2963e+00 -9.5966e-02 -2.4882e+00 -1.8131e+00 +1.3010e+00 -2.6739e+00
3754 +4.217437020e-04 +4.217437020e-04 -2.524957826e+01 -2.524957826e+01 +3.6185e+00 +6.2698e-01 -1.4240e+00 -2.1575e+00 +3.3046e+00 -1.0329e-01 -2.4875e+00 -1.8141e+00 +1.3166e+00 -2.6639e+00
3920 +3.819357244e-04 +3.819357244e-04 -2.524961806e+01 -2.524961806e+01 +3.6075e+00 +6.4036e-01 -1.4319e+00 -2.1604e+00 +3.3063e+00 -1.0722e-01 -2.4789e+00 -1.8167e+00 +1.3123e+00 -2.6709e+00
3997 +1.690110990e-04 +1.690110990e-04 -2.524983099e+01 -2.524983099e+01 +3.6099e+00 +6.4152e-01 -1.4205e+00 -2.1554e+00 +3.2929e+00 -1.0708e-01 -2.4801e+00 -1.8182e+00 +1.3110e+00 -2.6684e+00
4157 +1.508088392e-04 +1.508088392e-04 -2.524984919e+01 -2.524984919e+01 +3.6100e+00 +6.3896e-01 -1.4228e+00 -2.1553e+00 +3.2957e+00 -1.0709e-01 -2.4818e+00 -1.8204e+00 +1.3102e+00 -2.6720e+00
4295 +8.896639090e-05 +8.896639090e-05 -2.524991103e+01 -2.524991103e+01 +3.6157e+00 +6.3851e-01 -1.4225e+00 -2.1566e+00 +3.2981e+00 -1.0644e-01 -2.4804e+00 -1.8161e+00 +1.3103e+00 -2.6741e+00
4354 +3.615074017e-05 +3.615074017e-05 -2.524996385e+01 -2.524996385e+01 +3.6117e+00 +6.3338e-01 -1.4212e+00 -2.1544e+00 +3.2970e+00 -1.0206e-01 -2.4785e+00 -1.8146e+00 +1.3097e+00 -2.6742e+00
4558 +1.557334335e-05 +1.557334335e-05 -2.524998443e+01 -2.524998443e+01 +3.6141e+00 +6.3423e-01 -1.4230e+00 -2.1525e+00 +3.2971e+00 -1.0096e-01 -2.4774e+00 -1.8142e+00 +1.3134e+00 -2.6704e+00
4873 +7.716617198e-06 +7.716617198e-06 -2.524999228e+01 -2.524999228e+01 +3.6140e+00 +6.3434e-01 -1.4229e+00 -2.1541e+00 +3.2961e+00 -1.0210e-01 -2.4752e+00 -1.8165e+00 +1.3119e+00 -2.6731e+00
4958 +5.299379819e-06 +5.299379819e-06 -2.524999470e+01 -2.524999470e+01 +3.6145e+00 +6.3482e-01 -1.4231e+00 -2.1535e+00 +3.2957e+00 -1.0197e-01 -2.4755e+00 -1.8159e+00 +1.3125e+00 -2.6732e+00
% function evaluation | noise-free fitness - Fopt (-2.017200000000e+02) | best noise-free fitness - Fopt | measured fitness | best measured fitness | x1 | x2...
1 +1.876008095e+02 +1.876008095e+02 -1.411919054e+01 -1.411919054e+01 +3.1472e+00 +4.0579e+00 -3.7301e+00 +4.1338e+00 +1.3236e+00 -4.0246e+00 -2.2150e+00 +4.6882e-01 +4.5751e+00 +4.6489e+00
3 +8.686776694e+01 +8.686776694e+01 -1.148522331e+02 -1.148522331e+02 +1.5574e+00 -4.6429e+00 +3.4913e+00 +4.3399e+00 +1.7874e+00 +2.5774e+00 +2.4313e+00 -1.0777e+00 +1.5548e+00 -3.2881e+00
16 +4.052520925e+01 +4.052520925e+01 -1.611947907e+02 -1.611947907e+02 -8.2733e-01 -4.5035e+00 +4.0272e+00 +4.4479e+00 -9.1359e-02 -1.0747e-01 -1.6228e+00 +4.0005e+00 -1.3075e+00 -3.8880e+00
130 +3.649573757e+01 +3.649573757e+01 -1.652242624e+02 -1.652242624e+02 -2.2415e+00 -4.3152e+00 +2.3080e+00 +4.7917e+00 +2.3401e+00 -1.7009e+00 -1.3061e+00 +1.6939e+00 -2.8810e+00 -2.6671e+00
198 +2.277037192e+01 +2.277037192e+01 -1.789496281e+02 -1.789496281e+02 -4.0522e-02 -2.6156e+00 -5.9646e-01 +2.7290e+00 +3.3281e-01 -1.7939e+00 -8.1132e-01 +7.5724e-01 -2.8917e-01 -1.1701e+00
229 +1.452113612e+01 +1.452113612e+01 -1.871988639e+02 -1.871988639e+02 -1.6946e+00 -5.5926e-01 +1.0002e+00 +2.7992e+00 +1.0472e+00 -1.2146e+00 -1.6493e+00 +3.2962e+00 +5.4894e-02 -2.0943e+00
318 +7.664358940e+00 +7.664358940e+00 -1.940556411e+02 -1.940556411e+02 -1.6976e+00 -2.6609e+00 -7.9633e-01 +3.1579e+00 +9.2522e-01 +8.9723e-02 -1.8023e+00 +1.1373e+00 -3.5631e-01 -2.8273e+00
447 +6.076481149e+00 +6.076481149e+00 -1.956435189e+02 -1.956435189e+02 -2.3219e+00 -2.3791e+00 -2.6406e-01 +2.7362e+00 +1.2663e+00 -8.8721e-01 -1.7760e+00 +2.2152e+00 +6.7050e-02 -2.3186e+00
488 +3.679905673e+00 +3.679905673e+00 -1.980400943e+02 -1.980400943e+02 -1.8141e+00 -1.7670e+00 -1.0477e+00 +2.3917e+00 +1.5185e+00 +1.6900e-01 -2.3296e+00 +1.9614e+00 +5.1710e-02 -3.0256e+00
527 +1.422719740e+00 +1.422719740e+00 -2.002972803e+02 -2.002972803e+02 -2.1386e+00 -2.8082e+00 -1.2641e+00 +1.9810e+00 +2.1720e+00 -5.1550e-02 -2.1177e+00 +2.8403e+00 -8.2512e-02 -3.3186e+00
791 +8.405888676e-01 +8.405888676e-01 -2.008794111e+02 -2.008794111e+02 -1.6183e+00 -3.2325e+00 -9.4680e-01 +2.2096e+00 +1.6444e+00 +1.2025e-01 -1.9887e+00 +3.0627e+00 +2.5875e-01 -2.6911e+00
1171 +4.018844130e-01 +4.018844130e-01 -2.013181156e+02 -2.013181156e+02 -1.4328e+00 -3.0528e+00 -6.8984e-01 +2.4315e+00 +1.7044e+00 +4.0127e-01 -2.5151e+00 +3.3773e+00 +4.9507e-01 -2.9017e+00
1387 +3.939362038e-01 +3.939362038e-01 -2.013260638e+02 -2.013260638e+02 -9.3873e-01 -2.6727e+00 -9.4423e-01 +2.2816e+00 +2.0574e+00 +5.7075e-01 -2.4284e+00 +3.4157e+00 +1.5553e-02 -2.8592e+00
1617 +2.389422354e-01 +2.389422354e-01 -2.014810578e+02 -2.014810578e+02 -1.3166e+00 -2.9463e+00 -8.8341e-01 +2.4729e+00 +2.0890e+00 +3.1190e-01 -2.0927e+00 +3.3239e+00 -8.4322e-02 -2.9491e+00
1771 +1.545788727e-01 +1.545788727e-01 -2.015654211e+02 -2.015654211e+02 -1.4412e+00 -2.9754e+00 -9.8249e-01 +2.4440e+00 +2.1033e+00 +5.5204e-01 -2.2873e+00 +3.3173e+00 +4.9707e-03 -2.8704e+00
1947 +7.993030561e-02 +7.993030561e-02 -2.016400697e+02 -2.016400697e+02 -1.4635e+00 -2.9400e+00 -8.1958e-01 +2.3686e+00 +2.1678e+00 +4.1233e-01 -2.5010e+00 +3.2382e+00 +5.2256e-02 -2.9085e+00
2560 +5.943955606e-02 +5.943955606e-02 -2.016605604e+02 -2.016605604e+02 -1.3892e+00 -2.9281e+00 -9.2055e-01 +2.4251e+00 +1.9530e+00 +4.3503e-01 -2.5514e+00 +3.5079e+00 +5.6678e-02 -2.9662e+00
2768 +2.286514624e-02 +2.286514624e-02 -2.016971349e+02 -2.016971349e+02 -1.4373e+00 -2.8538e+00 -1.0542e+00 +2.2921e+00 +2.0507e+00 +3.5116e-01 -2.4569e+00 +3.3687e+00 +2.0746e-02 -3.0250e+00
2927 +1.243102781e-02 +1.243102781e-02 -2.017075690e+02 -2.017075690e+02 -1.4496e+00 -2.8917e+00 -9.8595e-01 +2.3182e+00 +2.0469e+00 +3.8594e-01 -2.4837e+00 +3.4013e+00 +2.4449e-02 -3.0555e+00
3158 +9.860601013e-03 +9.860601013e-03 -2.017101394e+02 -2.017101394e+02 -1.3871e+00 -2.8675e+00 -9.8196e-01 +2.3394e+00 +1.9736e+00 +3.6733e-01 -2.4823e+00 +3.3802e+00 +2.5349e-02 -3.0372e+00
3188 +5.382244260e-03 +5.382244260e-03 -2.017146178e+02 -2.017146178e+02 -1.4503e+00 -2.8966e+00 -9.8042e-01 +2.3339e+00 +2.0316e+00 +3.3062e-01 -2.4879e+00 +3.3454e+00 +2.0891e-02 -3.0117e+00
3329 +2.745179081e-03 +2.745179081e-03 -2.017172548e+02 -2.017172548e+02 -1.3846e+00 -2.9066e+00 -9.5561e-01 +2.3122e+00 +2.0219e+00 +3.5284e-01 -2.4970e+00 +3.3494e+00 +4.9672e-02 -3.0315e+00
3489 +1.610459719e-03 +1.610459719e-03 -2.017183895e+02 -2.017183895e+02 -1.4017e+00 -2.9204e+00 -9.6307e-01 +2.3214e+00 +2.0138e+00 +3.3916e-01 -2.4998e+00 +3.3477e+00 +5.1594e-02 -3.0574e+00
3649 +1.499738526e-03 +1.499738526e-03 -2.017185003e+02 -2.017185003e+02 -1.3996e+00 -2.9199e+00 -9.5450e-01 +2.3209e+00 +2.0124e+00 +3.3617e-01 -2.4998e+00 +3.3482e+00 +5.1348e-02 -3.0593e+00
3914 +3.952618040e-04 +3.952618040e-04 -2.017196047e+02 -2.017196047e+02 -1.4312e+00 -2.9166e+00 -9.4931e-01 +2.3255e+00 +2.0160e+00 +3.2829e-01 -2.5038e+00 +3.3389e+00 +6.8902e-02 -3.0410e+00
4283 +1.958776400e-04 +1.958776400e-04 -2.017198041e+02 -2.017198041e+02 -1.4218e+00 -2.9122e+00 -9.5358e-01 +2.3342e+00 +2.0156e+00 +3.2932e-01 -2.4922e+00 +3.3480e+00 +6.5268e-02 -3.0369e+00
4471 +1.496336468e-04 +1.496336468e-04 -2.017198504e+02 -2.017198504e+02 -1.4230e+00 -2.9142e+00 -9.4960e-01 +2.3357e+00 +2.0094e+00 +3.2738e-01 -2.4971e+00 +3.3422e+00 +6.1823e-02 -3.0375e+00
4763 +7.894706053e-05 +7.894706053e-05 -2.017199211e+02 -2.017199211e+02 -1.4231e+00 -2.9083e+00 -9.4547e-01 +2.3343e+00 +2.0171e+00 +3.2496e-01 -2.4976e+00 +3.3450e+00 +6.3301e-02 -3.0400e+00
4777 +5.410771516e-05 +5.410771516e-05 -2.017199459e+02 -2.017199459e+02 -1.4218e+00 -2.9097e+00 -9.4645e-01 +2.3344e+00 +2.0090e+00 +3.2851e-01 -2.5007e+00 +3.3461e+00 +6.1207e-02 -3.0418e+00
4857 +3.877639861e-05 +3.877639861e-05 -2.017199612e+02 -2.017199612e+02 -1.4215e+00 -2.9084e+00 -9.4586e-01 +2.3332e+00 +2.0093e+00 +3.3132e-01 -2.5016e+00 +3.3465e+00 +6.0738e-02 -3.0406e+00
4954 +1.474569612e-05 +1.474569612e-05 -2.017199853e+02 -2.017199853e+02 -1.4206e+00 -2.9061e+00 -9.4654e-01 +2.3338e+00 +2.0121e+00 +3.2955e-01 -2.4993e+00 +3.3458e+00 +6.2323e-02 -3.0369e+00
% function evaluation | noise-free fitness - Fopt (-1.000000000000e+03) | best noise-free fitness - Fopt | measured fitness | best measured fitness | x1 | x2...
1 +1.665598554e+02 +1.665598554e+02 -8.334401446e+02 -8.334401446e+02 +3.1472e+00 +4.0579e+00 -3.7301e+00 +4.1338e+00 +1.3236e+00 -4.0246e+00 -2.2150e+00 +4.6882e-01 +4.5751e+00 +4.6489e+00
3 +1.545383784e+02 +1.545383784e+02 -8.454616216e+02 -8.454616216e+02 +1.5574e+00 -4.6429e+00 +3.4913e+00 +4.3399e+00 +1.7874e+00 +2.5774e+00 +2.4313e+00 -1.0777e+00 +1.5548e+00 -3.2881e+00
7 +8.238990765e+01 +8.238990765e+01 -9.176100924e+02 -9.176100924e+02 +2.5127e+00 -2.4490e+00 +5.9571e-02 +1.9908e+00 +3.9090e+00 +4.5929e+00 +4.7216e-01 -3.6138e+00 -3.5071e+00 -2.4249e+00
22 +6.157562555e+01 +6.157562555e+01 -9.384243744e+02 -9.384243744e+02 -2.9226e+00 -1.9875e+00 -2.9077e-01 -2.6951e+00 +3.4431e+00 -3.0524e+00 -2.7408e+00 -3.2929e+00 -2.7234e+00 -6.4301e-01
103 +3.324905325e+01 +3.324905325e+01 -9.667509467e+02 -9.667509467e+02 +2.0420e+00 +6.9572e-01 -1.6979e+00 -2.1518e+00 +3.6086e+00 +1.2827e+00 +3.8870e-01 -3.3229e+00 -1.4194e+00 +8.7198e-02
208 +1.645713878e+01 +1.645713878e+01 -9.835428612e+02 -9.835428612e+02 +1.6720e+00 +5.0463e-01 +1.4285e-01 -2.4518e-01 +1.7621e+00 -1.8245e+00 -3.4047e-02 -3.9664e+00 -1.8396e+00 +1.6845e+00
288 +1.392637091e+01 +1.392637091e+01 -9.860736291e+02 -9.860736291e+02 +1.4474e+00 +1.3466e+00 -7.3256e-01 +3.2292e-01 +8.8664e-01 -9.4905e-01 +8.4136e-01 -4.3744e+00 -2.7150e+00 +2.5599e+00
380 +6.296572920e+00 +6.296572920e+00 -9.937034271e+02 -9.937034271e+02 +5.9351e-01 +6.5478e-01 -1.3376e+00 +1.9344e-01 +2.5364e+00 -6.3680e-01 +1.4359e+00 -4.1964e+00 -1.8237e+00 +3.3554e+00
460 +3.593319076e+00 +3.593319076e+00 -9.964066809e+02 -9.964066809e+02 -2.3140e-01 +1.5659e+00 -3.3761e-01 -4.3979e-01 +3.0967e+00 -1.0566e-01 +1.3155e+00 -4.6311e+00 -2.8237e+00 +3.6124e+00
466 +2.119336427e+00 +2.119336427e+00 -9.978806636e+02 -9.978806636e+02 +2.3667e-01 +1.1541e+00 -7.5542e-03 -2.0917e-01 +3.3451e+00 -1.1720e+00 +1.2664e+00 -3.9357e+00 -3.6175e+00 +3.0521e+00
706 +1.086238839e+00 +1.086238839e+00 -9.989137612e+02 -9.989137612e+02 -1.8762e-01 +5.2586e-01 -1.8887e-01 +2.0111e-01 +3.3845e+00 -1.1446e+00 +1.1491e+00 -3.9525e+00 -3.3957e+00 +3.0749e+00
808 +9.819000895e-01 +9.819000895e-01 -9.990180999e+02 -9.990180999e+02 -1.1755e-01 +3.1733e-01 -6.2845e-01 -3.0011e-02 +3.0572e+00 -1.8205e-01 +1.5062e+00 -3.5164e+00 -3.3442e+00 +3.5832e+00
1009 +6.209932617e-01 +6.209932617e-01 -9.993790067e+02 -9.993790067e+02 -1.3182e-02 +5.0421e-01 -7.4555e-02 +1.6684e-01 +3.5777e+00 -1.1009e+00 +1.3135e+00 -3.5470e+00 -3.5892e+00 +3.7747e+00
1055 +3.815997656e-01 +3.815997656e-01 -9.996184002e+02 -9.996184002e+02 -9.9588e-02 +5.6853e-01 -1.8916e-01 -4.8739e-02 +3.9449e+00 -6.5704e-01 +1.1283e+00 -3.8087e+00 -3.4268e+00 +3.4157e+00
1507 +2.124119045e-01 +2.124119045e-01 -9.997875881e+02 -9.997875881e+02 -1.2115e-01 +2.8398e-01 -1.3697e-01 +5.6972e-02 +3.8980e+00 -4.6354e-01 +1.2064e+00 -3.7193e+00 -3.1185e+00 +3.7371e+00
1584 +1.355835893e-01 +1.355835893e-01 -9.998644164e+02 -9.998644164e+02 +7.2883e-02 +3.9467e-01 -1.5831e-01 -1.7742e-01 +3.5810e+00 -3.9677e-01 +1.2223e+00 -3.7341e+00 -3.4910e+00 +3.7796e+00
2122 +9.563051589e-02 +9.563051589e-02 -9.999043695e+02 -9.999043695e+02 -1.1550e-01 +3.9642e-01 -1.1034e-01 -1.2441e-03 +3.5596e+00 -4.4987e-01 +1.1602e+00 -4.0027e+00 -3.5531e+00 +3.7530e+00
2268 +5.985252741e-02 +5.985252741e-02 -9.999401475e+02 -9.999401475e+02 -3.8778e-02 +3.0587e-01 -2.5589e-01 -3.4295e-04 +3.5032e+00 -5.8978e-01 +1.1694e+00 -3.7998e+00 -3.4438e+00 +3.8256e+00
2531 +3.184853387e-02 +3.184853387e-02 -9.999681515e+02 -9.999681515e+02 +2.4052e-04 +2.8547e-01 -8.1672e-02 +4.5720e-02 +3.6467e+00 -6.0695e-01 +1.1027e+00 -3.8128e+00 -3.4880e+00 +3.8011e+00
2623 +2.064693136e-02 +2.064693136e-02 -9.999793531e+02 -9.999793531e+02 -7.5980e-03 +2.7206e-01 -1.1613e-01 -1.9232e-02 +3.5580e+00 -5.1866e-01 +1.0678e+00 -3.8576e+00 -3.5064e+00 +3.7260e+00
2854 +1.235144975e-02 +1.235144975e-02 -9.999876486e+02 -9.999876486e+02 -1.8218e-02 +2.2305e-01 -1.1671e-01 +4.0911e-02 +3.5731e+00 -5.2020e-01 +1.0781e+00 -3.8092e+00 -3.4251e+00 +3.8356e+00
3054 +6.588572296e-03 +6.588572296e-03 -9.999934114e+02 -9.999934114e+02 -6.5206e-02 +2.2305e-01 -1.1671e-01 +4.0911e-02 +3.5731e+00 -5.2020e-01 +1.0781e+00 -3.8556e+00 -3.4251e+00 +3.8039e+00
3252 +3.131357541e-03 +3.131357541e-03 -9.999968686e+02 -9.999968686e+02 -8.5472e-02 +2.2412e-01 -1.0648e-01 +4.7449e-02 +3.5731e+00 -5.2446e-01 +1.0779e+00 -3.8081e+00 -3.4012e+00 +3.7508e+00
3642 +1.554719306e-03 +1.554719306e-03 -9.999984453e+02 -9.999984453e+02 -6.5989e-02 +2.4185e-01 -1.1660e-01 +3.0186e-02 +3.5940e+00 -5.1641e-01 +1.0859e+00 -3.8311e+00 -3.4127e+00 +3.7658e+00
3917 +8.821009532e-04 +8.821009532e-04 -9.999991179e+02 -9.999991179e+02 -6.4868e-02 +2.1011e-01 -1.3214e-01 +1.9465e-02 +3.6075e+00 -4.8527e-01 +1.0723e+00 -3.8154e+00 -3.4226e+00 +3.7559e+00
4123 +5.278857662e-04 +5.278857662e-04 -9.999994721e+02 -9.999994721e+02 -6.8029e-02 +2.2505e-01 -1.0905e-01 +1.5614e-02 +3.6045e+00 -4.9083e-01 +1.0806e+00 -3.8234e+00 -3.4261e+00 +3.7582e+00
4226 +3.568261640e-04 +3.568261640e-04 -9.999996432e+02 -9.999996432e+02 -6.9891e-02 +2.3179e-01 -1.1828e-01 +1.4144e-02 +3.6109e+00 -5.0390e-01 +1.0775e+00 -3.8228e+00 -3.4324e+00 +3.7551e+00
4402 +1.958051234e-04 +1.958051234e-04 -9.999998042e+02 -9.999998042e+02 -7.2765e-02 +2.2212e-01 -1.2160e-01 +2.1062e-02 +3.6138e+00 -5.0038e-01 +1.0749e+00 -3.8164e+00 -3.4198e+00 +3.7594e+00
4443 +1.332463531e-04 +1.332463531e-04 -9.999998668e+02 -9.999998668e+02 -7.1496e-02 +2.2995e-01 -1.2254e-01 +1.6944e-02 +3.6025e+00 -5.0514e-01 +1.0754e+00 -3.8107e+00 -3.4212e+00 +3.7591e+00
4572 +9.039552310e-05 +9.039552310e-05 -9.999999096e+02 -9.999999096e+02 -7.4509e-02 +2.2055e-01 -1.1824e-01 +1.8457e-02 +3.6090e+00 -5.0071e-01 +1.0734e+00 -3.8113e+00 -3.4205e+00 +3.7497e+00
4691 +4.464388257e-05 +4.464388257e-05 -9.999999554e+02 -9.999999554e+02 -7.9573e-02 +2.2896e-01 -1.1950e-01 +2.3110e-02 +3.6025e+00 -5.0057e-01 +1.0755e+00 -3.8113e+00 -3.4232e+00 +3.7485e+00
4849 +3.631874586e-05 +3.631874586e-05 -9.999999637e+02 -9.999999637e+02 -7.9469e-02 +2.2723e-01 -1.2089e-01 +2.2299e-02 +3.6016e+00 -4.9988e-01 +1.0753e+00 -3.8120e+00 -3.4217e+00 +3.7501e+00
4936 +2.091794818e-05 +2.091794818e-05 -9.999999791e+02 -9.999999791e+02 -7.7154e-02 +2.2811e-01 -1.2211e-01 +2.2189e-02 +3.6079e+00 -4.9915e-01 +1.0752e+00 -3.8122e+00 -3.4221e+00 +3.7504e+00
4942 +1.307974435e-05 +1.307974435e-05 -9.999999869e+02 -9.999999869e+02 -7.7594e-02 +2.2974e-01 -1.2039e-01 +2.2193e-02 +3.6036e+00 -5.0055e-01 +1.0740e+00 -3.8130e+00 -3.4224e+00 +3.7525e+00
4976 +9.535349818e-06 +9.535349818e-06 -9.999999905e+02 -9.999999905e+02 -7.7154e-02 +2.2805e-01 -1.2147e-01 +1.8579e-02 +3.6053e+00 -4.9882e-01 +1.0752e+00 -3.8125e+00 -3.4228e+00 +3.7515e+00
% function evaluation | noise-free fitness - Fopt (-4.290000000000e+01) | best noise-free fitness - Fopt | measured fitness | best measured fitness | x1 | x2...
1 +1.850316507e+02 +1.850316507e+02 +1.421316507e+02 +1.421316507e+02 +3.1472e+00 +4.0579e+00 -3.7301e+00 +4.1338e+00 +1.3236e+00 -4.0246e+00 -2.2150e+00 +4.6882e-01 +4.5751e+00 +4.6489e+00
3 +1.224164025e+02 +1.224164025e+02 +7.951640255e+01 +7.951640255e+01 +1.5574e+00 -4.6429e+00 +3.4913e+00 +4.3399e+00 +1.7874e+00 +2.5774e+00 +2.4313e+00 -1.0777e+00 +1.5548e+00 -3.2881e+00
5 +8.329691429e+01 +8.329691429e+01 +4.039691429e+01 +4.039691429e+01 -6.1256e-01 -1.1844e+00 +2.6552e+00 +2.9520e+00 -3.1313e+00 -1.0236e-01 -5.4414e-01 +1.4631e+00 +2.0936e+00 +2.5469e+00
6 +6.295820946e+01 +6.295820946e+01 +2.005820946e+01 +2.005820946e+01 -2.2397e+00 +1.7970e+00 +1.5510e+00 -3.3739e+00 -3.8100e+00 -1.6359e-02 +4.5974e+00 -1.5961e+00 +8.5268e-01 -2.7619e+00
46 +3.632205891e+01 +3.632205891e+01 -6.577941095e+00 -6.577941095e+00 -1.2397e+00 +7.9703e-01 +2.5510e+00 -3.2291e+00 -2.8100e+00 -1.0164e+00 +3.5974e+00 -5.9614e-01 +1.5828e+00 -3.7619e+00
100 +1.904538806e+01 +1.904538806e+01 -2.385461194e+01 -2.385461194e+01 +3.3946e+00 +1.7571e+00 +8.6792e-01 -1.6414e+00 -1.1408e+00 -2.9365e+00 +3.4473e-01 +5.4122e-01 +2.1763e+00 -1.5520e+00
295 +1.168062358e+01 +1.168062358e+01 -3.121937642e+01 -3.121937642e+01 +2.9306e+00 +1.9894e+00 +2.5095e+00 -1.9895e+00 -1.8211e+00 -2.2973e+00 -2.8169e-02 +2.3319e-01 +8.3908e-01 -1.8076e+00
399 +8.635174210e+00 +8.635174210e+00 -3.426482579e+01 -3.426482579e+01 +2.5181e+00 +2.0065e+00 +2.0621e+00 -7.3436e-01 -1.5339e+00 -1.7337e-01 +1.1557e+00 +1.6592e-01 +3.0788e+00 -2.4356e+00
483 +5.951333153e+00 +5.951333153e+00 -3.694866685e+01 -3.694866685e+01 +2.2567e+00 +7.4734e-01 +4.1271e+00 -1.8516e+00 -3.4238e+00 -1.4226e+00 +1.2797e+00 -1.1745e-02 +1.9502e+00 -3.2488e+00
539 +3.230081974e+00 +3.230081974e+00 -3.966991803e+01 -3.966991803e+01 +3.0167e+00 +2.2629e+00 +4.2353e+00 -1.7044e+00 -3.4392e+00 -1.3435e+00 +8.0932e-01 -3.2855e-01 +3.1024e+00 -2.4435e+00
686 +2.261885765e+00 +2.261885765e+00 -4.063811424e+01 -4.063811424e+01 +2.8352e+00 +2.7967e+00 +4.2054e+00 -3.9813e-01 -3.4748e+00 -1.4820e+00 +5.4539e-01 +4.5588e-01 +2.9700e+00 -2.6476e+00
708 +1.224037707e+00 +1.224037707e+00 -4.167596229e+01 -4.167596229e+01 +2.8059e+00 +1.7409e+00 +3.9012e+00 -8.1634e-01 -2.8290e+00 -1.7350e+00 +1.3060e+00 -4.7824e-03 +2.6026e+00 -3.1301e+00
983 +9.721295111e-01 +9.721295111e-01 -4.192787049e+01 -4.192787049e+01 +3.0566e+00 +2.3112e+00 +3.9658e+00 -2.3671e-01 -2.6051e+00 -2.0498e+00 +8.7346e-01 -3.3210e-01 +2.5651e+00 -3.5676e+00
1086 +1.953029386e-01 +1.953029386e-01 -4.270469706e+01 -4.270469706e+01 +2.8228e+00 +2.4695e+00 +3.9085e+00 -6.6616e-01 -2.4628e+00 -1.6559e+00 +5.2869e-01 -2.4544e-01 +2.7571e+00 -3.5371e+00
1512 +1.098128920e-01 +1.098128920e-01 -4.279018711e+01 -4.279018711e+01 +2.8049e+00 +2.4102e+00 +3.9024e+00 -9.1482e-01 -2.4127e+00 -1.6491e+00 +6.2597e-01 +2.5677e-03 +2.9548e+00 -3.5477e+00
1872 +9.640929023e-02 +9.640929023e-02 -4.280359071e+01 -4.280359071e+01 +2.7948e+00 +2.3436e+00 +4.0068e+00 -8.9853e-01 -2.5475e+00 -1.7498e+00 +6.9068e-01 +4.0500e-02 +2.9548e+00 -3.6032e+00
2006 +5.242802592e-02 +5.242802592e-02 -4.284757197e+01 -4.284757197e+01 +2.7324e+00 +2.3177e+00 +3.8997e+00 -8.4825e-01 -2.6163e+00 -1.8349e+00 +5.7894e-01 -1.5955e-02 +2.8440e+00 -3.6167e+00
2074 +2.468790839e-02 +2.468790839e-02 -4.287531209e+01 -4.287531209e+01 +2.5891e+00 +2.5210e+00 +3.8816e+00 -7.8530e-01 -2.5963e+00 -1.7311e+00 +6.6191e-01 +8.9165e-03 +2.8164e+00 -3.5794e+00
2566 +1.400755835e-02 +1.400755835e-02 -4.288599244e+01 -4.288599244e+01 +2.6904e+00 +2.4221e+00 +3.8238e+00 -8.4926e-01 -2.6175e+00 -1.6727e+00 +6.4651e-01 +3.4969e-02 +2.8585e+00 -3.5763e+00
2718 +7.935935414e-03 +7.935935414e-03 -4.289206406e+01 -4.289206406e+01 +2.5826e+00 +2.3703e+00 +3.8651e+00 -8.9504e-01 -2.6291e+00 -1.6982e+00 +6.1920e-01 +3.8954e-02 +2.8089e+00 -3.5631e+00
2921 +3.356818756e-03 +3.356818756e-03 -4.289664318e+01 -4.289664318e+01 +2.6534e+00 +2.4170e+00 +3.8978e+00 -8.7629e-01 -2.6301e+00 -1.6656e+00 +5.9420e-01 +2.5057e-02 +2.8116e+00 -3.5337e+00
3164 +2.405846665e-03 +2.405846665e-03 -4.289759415e+01 -4.289759415e+01 +2.6550e+00 +2.4258e+00 +3.8598e+00 -8.5476e-01 -2.6108e+00 -1.6809e+00 +6.0734e-01 +1.6991e-02 +2.8088e+00 -3.5459e+00
3567 +1.252084187e-03 +1.252084187e-03 -4.289874792e+01 -4.289874792e+01 +2.6449e+00 +2.4201e+00 +3.9002e+00 -8.6126e-01 -2.6241e+00 -1.7044e+00 +6.0552e-01 +3.1410e-02 +2.8101e+00 -3.5226e+00
3674 +7.687822880e-04 +7.687822880e-04 -4.289923122e+01 -4.289923122e+01 +2.6475e+00 +2.4215e+00 +3.8774e+00 -8.5530e-01 -2.6314e+00 -1.6904e+00 +6.0752e-01 +2.5997e-02 +2.8078e+00 -3.5250e+00
3820 +4.279308993e-04 +4.279308993e-04 -4.289957207e+01 -4.289957207e+01 +2.6377e+00 +2.4209e+00 +3.8764e+00 -8.5699e-01 -2.6390e+00 -1.6987e+00 +6.0471e-01 +2.7109e-02 +2.8062e+00 -3.5235e+00
3895 +3.055865322e-04 +3.055865322e-04 -4.289969441e+01 -4.289969441e+01 +2.6413e+00 +2.4268e+00 +3.8760e+00 -8.7190e-01 -2.6388e+00 -1.7092e+00 +6.1174e-01 +2.6803e-02 +2.8039e+00 -3.5202e+00
4048 +2.333306774e-04 +2.333306774e-04 -4.289976667e+01 -4.289976667e+01 +2.6383e+00 +2.4341e+00 +3.8701e+00 -8.7108e-01 -2.6324e+00 -1.7109e+00 +6.0723e-01 +2.3724e-02 +2.7970e+00 -3.5282e+00
4324 +1.432949362e-04 +1.432949362e-04 -4.289985671e+01 -4.289985671e+01 +2.6267e+00 +2.4301e+00 +3.8695e+00 -8.7037e-01 -2.6293e+00 -1.7055e+00 +6.1850e-01 +2.9170e-02 +2.7977e+00 -3.5264e+00
4380 +8.772620325e-05 +8.772620325e-05 -4.289991227e+01 -4.289991227e+01 +2.6284e+00 +2.4283e+00 +3.8703e+00 -8.6987e-01 -2.6318e+00 -1.7029e+00 +6.0957e-01 +2.9140e-02 +2.7988e+00 -3.5269e+00
4527 +6.031865926e-05 +6.031865926e-05 -4.289993968e+01 -4.289993968e+01 +2.6322e+00 +2.4261e+00 +3.8783e+00 -8.7116e-01 -2.6322e+00 -1.7080e+00 +6.1335e-01 +2.7332e-02 +2.7989e+00 -3.5326e+00
4635 +3.881866004e-05 +3.881866004e-05 -4.289996118e+01 -4.289996118e+01 +2.6324e+00 +2.4298e+00 +3.8708e+00 -8.6945e-01 -2.6353e+00 -1.7060e+00 +6.1602e-01 +2.8947e-02 +2.8006e+00 -3.5324e+00
4706 +2.402055751e-05 +2.402055751e-05 -4.289997598e+01 -4.289997598e+01 +2.6320e+00 +2.4288e+00 +3.8727e+00 -8.6884e-01 -2.6326e+00 -1.7059e+00 +6.1476e-01 +2.9041e-02 +2.8030e+00 -3.5331e+00
4769 +1.388531096e-05 +1.388531096e-05 -4.289998611e+01 -4.289998611e+01 +2.6355e+00 +2.4257e+00 +3.8732e+00 -8.6691e-01 -2.6323e+00 -1.7047e+00 +6.1361e-01 +2.9561e-02 +2.8010e+00 -3.5298e+00
4928 +6.856063479e-06 +6.856063479e-06 -4.289999314e+01 -4.289999314e+01 +2.6333e+00 +2.4270e+00 +3.8720e+00 -8.6603e-01 -2.6339e+00 -1.7067e+00 +6.1424e-01 +2.8905e-02 +2.8008e+00 -3.5313e+00
4929 +5.408543011e-06 +5.408543011e-06 -4.289999459e+01 -4.289999459e+01 +2.6323e+00 +2.4283e+00 +3.8734e+00 -8.6711e-01 -2.6327e+00 -1.7063e+00 +6.1498e-01 +2.9456e-02 +2.8008e+00 -3.5307e+00
% function evaluation | noise-free fitness - Fopt (-1.013200000000e+02) | best noise-free fitness - Fopt | measured fitness | best measured fitness | x1 | x2...
1 +2.157951376e+02 +2.157951376e+02 +1.144751376e+02 +1.144751376e+02 +3.1472e+00 +4.0579e+00 -3.7301e+00 +4.1338e+00 +1.3236e+00 -4.0246e+00 -2.2150e+00 +4.6882e-01 +4.5751e+00 +4.6489e+00
5 +1.159424691e+02 +1.159424691e+02 +1.462246911e+01 +1.462246911e+01 -6.1256e-01 -1.1844e+00 +2.6552e+00 +2.9520e+00 -3.1313e+00 -1.0236e-01 -5.4414e-01 +1.4631e+00 +2.0936e+00 +2.5469e+00
6 +6.631465462e+01 +6.631465462e+01 -3.500534538e+01 -3.500534538e+01 -2.2397e+00 +1.7970e+00 +1.5510e+00 -3.3739e+00 -3.8100e+00 -1.6359e-02 +4.5974e+00 -1.5961e+00 +8.5268e-01 -2.7619e+00
26 +4.685438512e+01 +4.685438512e+01 -5.446561488e+01 -5.446561488e+01 +4.6309e+00 +4.6806e-01 +2.1136e-01 -2.6841e+00 -1.1102e-01 +1.2406e+00 +1.7914e+00 -1.0448e+00 -1.3256e+00 +4.8798e+00
134 +3.551090658e+01 +3.551090658e+01 -6.580909342e+01 -6.580909342e+01 +1.3141e+00 +2.1065e+00 -1.2098e+00 -3.0680e+00 -1.5446e+00 -1.6393e+00 +1.6929e+00 -1.2030e+00 -1.5014e+00 -1.5505e+00
218 +1.813031342e+01 +1.813031342e+01 -8.318968658e+01 -8.318968658e+01 +3.4780e-01 +1.5232e+00 +8.4933e-01 -1.9624e+00 -4.0466e+00 -2.1221e+00 +1.2510e+00 -3.9610e-01 -1.4061e+00 +2.3928e+00
310 +1.355061562e+01 +1.355061562e+01 -8.776938438e+01 -8.776938438e+01 +7.0463e-01 +1.2747e+00 +1.1671e+00 -1.2426e+00 -2.5982e+00 -1.2581e+00 +9.1140e-01 -1.3620e+00 -3.6483e+00 +2.8572e+00
366 +9.725006002e+00 +9.725006002e+00 -9.159499400e+01 -9.159499400e+01 +1.8617e+00 +1.5749e+00 +2.0850e+00 -1.2823e+00 -3.2825e+00 -6.0997e-01 +1.3770e+00 -1.2435e+00 -3.3726e+00 +2.2381e+00
472 +6.236829307e+00 +6.236829307e+00 -9.508317069e+01 -9.508317069e+01 +9.0173e-01 +1.6771e+00 +1.2506e-01 -3.4140e+00 -2.3943e+00 -1.4486e+00 +2.7132e+00 -2.2132e+00 -3.2833e+00 +2.3317e+00
530 +3.916074906e+00 +3.916074906e+00 -9.740392509e+01 -9.740392509e+01 +1.3746e+00 +2.5395e+00 +1.3103e+00 -2.9626e+00 -2.6599e+00 -1.0783e+00 +1.4569e+00 -2.7699e+00 -4.1454e+00 +2.1855e+00
546 +1.958870585e+00 +1.958870585e+00 -9.936112942e+01 -9.936112942e+01 +1.0775e+00 +2.0000e+00 +1.8732e+00 -2.6053e+00 -3.3530e+00 -1.0260e+00 +2.4601e+00 -2.5389e+00 -3.1589e+00 +1.7750e+00
699 +1.203422229e+00 +1.203422229e+00 -1.001165778e+02 -1.001165778e+02 +1.7636e+00 +2.3261e+00 +1.4249e+00 -2.9790e+00 -3.7632e+00 -1.5248e+00 +2.3325e+00 -2.7810e+00 -2.9184e+00 +2.2493e+00
987 +9.332000427e-01 +9.332000427e-01 -1.003868000e+02 -1.003868000e+02 +1.4759e+00 +2.2842e+00 +2.2932e+00 -3.1132e+00 -2.9680e+00 -1.0416e+00 +2.6349e+00 -3.2263e+00 -2.8518e+00 +2.4039e+00
1387 +5.326748365e-01 +5.326748365e-01 -1.007873252e+02 -1.007873252e+02 +2.0336e+00 +2.4115e+00 +1.9684e+00 -2.8833e+00 -3.2884e+00 -1.0416e+00 +2.6420e+00 -2.8766e+00 -2.9290e+00 +2.3836e+00
1479 +3.504924837e-01 +3.504924837e-01 -1.009695075e+02 -1.009695075e+02 +1.3573e+00 +2.7573e+00 +1.9639e+00 -2.9581e+00 -3.2808e+00 -1.2947e+00 +3.1220e+00 -2.8881e+00 -2.8673e+00 +2.3395e+00
1688 +1.243113790e-01 +1.243113790e-01 -1.011956886e+02 -1.011956886e+02 +1.6603e+00 +2.7323e+00 +2.0328e+00 -2.8686e+00 -3.2240e+00 -1.4507e+00 +2.8183e+00 -2.7344e+00 -2.9679e+00 +2.6091e+00
1839 +8.799994086e-02 +8.799994086e-02 -1.012320001e+02 -1.012320001e+02 +1.5457e+00 +2.7609e+00 +1.9413e+00 -3.0675e+00 -3.2120e+00 -1.5730e+00 +2.7301e+00 -2.7098e+00 -3.0121e+00 +2.4867e+00
1879 +5.870506372e-02 +5.870506372e-02 -1.012612949e+02 -1.012612949e+02 +1.6572e+00 +2.7609e+00 +1.9413e+00 -3.0675e+00 -3.0853e+00 -1.3865e+00 +2.7089e+00 -2.5713e+00 -3.1933e+00 +2.4867e+00
2163 +3.766431646e-02 +3.766431646e-02 -1.012823357e+02 -1.012823357e+02 +1.6166e+00 +2.7739e+00 +2.0170e+00 -3.1651e+00 -3.1927e+00 -1.3872e+00 +2.7583e+00 -2.6534e+00 -3.1443e+00 +2.5023e+00
2635 +2.089440348e-02 +2.089440348e-02 -1.012991056e+02 -1.012991056e+02 +1.6349e+00 +2.7929e+00 +1.9505e+00 -2.9860e+00 -3.2104e+00 -1.3919e+00 +2.8380e+00 -2.6638e+00 -3.1438e+00 +2.3920e+00
2685 +1.140894158e-02 +1.140894158e-02 -1.013085911e+02 -1.013085911e+02 +1.6375e+00 +2.7438e+00 +1.9643e+00 -3.0724e+00 -3.1990e+00 -1.3918e+00 +2.7963e+00 -2.7564e+00 -3.1352e+00 +2.3566e+00
2876 +9.089217698e-03 +9.089217698e-03 -1.013109108e+02 -1.013109108e+02 +1.6498e+00 +2.7440e+00 +2.0392e+00 -3.1097e+00 -3.1536e+00 -1.4019e+00 +2.8152e+00 -2.7167e+00 -3.1513e+00 +2.4071e+00
3030 +6.258851191e-03 +6.258851191e-03 -1.013137411e+02 -1.013137411e+02 +1.6480e+00 +2.7738e+00 +1.9649e+00 -3.0766e+00 -3.1518e+00 -1.4041e+00 +2.8338e+00 -2.7055e+00 -3.1949e+00 +2.3888e+00
3445 +3.836779382e-03 +3.836779382e-03 -1.013161632e+02 -1.013161632e+02 +1.6784e+00 +2.7569e+00 +1.9915e+00 -3.0457e+00 -3.1886e+00 -1.3981e+00 +2.8005e+00 -2.7153e+00 -3.1656e+00 +2.4066e+00
3591 +1.490741219e-03 +1.490741219e-03 -1.013185093e+02 -1.013185093e+02 +1.6719e+00 +2.7648e+00 +1.9803e+00 -3.0701e+00 -3.1840e+00 -1.4002e+00 +2.8218e+00 -2.7209e+00 -3.1585e+00 +2.4157e+00
3830 +9.900142686e-04 +9.900142686e-04 -1.013190100e+02 -1.013190100e+02 +1.7019e+00 +2.7710e+00 +1.9874e+00 -3.0703e+00 -3.1842e+00 -1.4030e+00 +2.8318e+00 -2.7209e+00 -3.1501e+00 +2.4102e+00
3931 +5.888204062e-04 +5.888204062e-04 -1.013194112e+02 -1.013194112e+02 +1.7128e+00 +2.7526e+00 +1.9676e+00 -3.0877e+00 -3.1708e+00 -1.4092e+00 +2.8374e+00 -2.7317e+00 -3.1469e+00 +2.4129e+00
4066 +3.273262853e-04 +3.273262853e-04 -1.013196727e+02 -1.013196727e+02 +1.7031e+00 +2.7504e+00 +1.9706e+00 -3.0685e+00 -3.1587e+00 -1.4126e+00 +2.8325e+00 -2.7280e+00 -3.1608e+00 +2.4119e+00
4126 +1.392748334e-04 +1.392748334e-04 -1.013198607e+02 -1.013198607e+02 +1.6973e+00 +2.7561e+00 +1.9792e+00 -3.0794e+00 -3.1648e+00 -1.4126e+00 +2.8345e+00 -2.7295e+00 -3.1490e+00 +2.4152e+00
4365 +4.733205911e-05 +4.733205911e-05 -1.013199527e+02 -1.013199527e+02 +1.7017e+00 +2.7546e+00 +1.9709e+00 -3.0765e+00 -3.1673e+00 -1.4149e+00 +2.8368e+00 -2.7295e+00 -3.1560e+00 +2.4168e+00
4525 +3.577722302e-05 +3.577722302e-05 -1.013199642e+02 -1.013199642e+02 +1.6990e+00 +2.7565e+00 +1.9701e+00 -3.0744e+00 -3.1726e+00 -1.4131e+00 +2.8371e+00 -2.7332e+00 -3.1570e+00 +2.4171e+00
4586 +2.469137775e-05 +2.469137775e-05 -1.013199753e+02 -1.013199753e+02 +1.6962e+00 +2.7564e+00 +1.9736e+00 -3.0728e+00 -3.1716e+00 -1.4137e+00 +2.8360e+00 -2.7335e+00 -3.1560e+00 +2.4195e+00
4726 +1.387866426e-05 +1.387866426e-05 -1.013199861e+02 -1.013199861e+02 +1.6978e+00 +2.7559e+00 +1.9725e+00 -3.0719e+00 -3.1690e+00 -1.4138e+00 +2.8362e+00 -2.7297e+00 -3.1544e+00 +2.4178e+00
4844 +7.452601054e-06 +7.452601054e-06 -1.013199925e+02 -1.013199925e+02 +1.6971e+00 +2.7559e+00 +1.9727e+00 -3.0729e+00 -3.1689e+00 -1.4142e+00 +2.8364e+00 -2.7298e+00 -3.1556e+00 +2.4176e+00
4953 +5.047936753e-06 +5.047936753e-06 -1.013199950e+02 -1.013199950e+02 +1.6964e+00 +2.7545e+00 +1.9726e+00 -3.0733e+00 -3.1707e+00 -1.4146e+00 +2.8365e+00 -2.7314e+00 -3.1561e+00 +2.4171e+00
% function evaluation | noise-free fitness - Fopt (3.650000000000e+00) | best noise-free fitness - Fopt | measured fitness | best measured fitness | x1 | x2...
1 +2.114182724e+02 +2.114182724e+02 +2.150682724e+02 +2.150682724e+02 +3.1472e+00 +4.0579e+00 -3.7301e+00 +4.1338e+00 +1.3236e+00 -4.0246e+00 -2.2150e+00 +4.6882e-01 +4.5751e+00 +4.6489e+00
3 +9.714551103e+01 +9.714551103e+01 +1.007955110e+02 +1.007955110e+02 +1.5574e+00 -4.6429e+00 +3.4913e+00 +4.3399e+00 +1.7874e+00 +2.5774e+00 +2.4313e+00 -1.0777e+00 +1.5548e+00 -3.2881e+00
24 +4.023048485e+01 +4.023048485e+01 +4.388048485e+01 +4.388048485e+01 +9.4896e-01 -2.3779e+00 +1.0284e+00 +2.1122e+00 -2.7825e+00 -3.8258e+00 -2.0332e+00 -1.8122e+00 -7.5833e-01 +7.8583e-02
136 +3.888872508e+01 +3.888872508e+01 +4.253872508e+01 +4.253872508e+01 +8.8176e-01 -2.5035e+00 +2.0542e+00 +2.9582e+00 -2.0914e+00 -2.1075e+00 -2.6543e+00 +2.0005e+00 -6.5640e-01 -1.8880e+00
217 +2.139884238e+01 +2.139884238e+01 +2.504884238e+01 +2.504884238e+01 +2.9588e-01 -2.8482e+00 +4.1691e-01 +2.0391e+00 -1.1142e+00 -3.8725e+00 +1.6840e+00 +2.4463e+00 -5.3363e-01 -1.8191e+00
291 +1.576722680e+01 +1.576722680e+01 +1.941722680e+01 +1.941722680e+01 +7.9563e-02 -1.0572e+00 +1.7497e+00 +2.6753e+00 -1.6427e+00 -2.9802e+00 +9.8189e-02 -4.5921e-01 -1.2260e+00 -1.5185e+00
398 +8.853783085e+00 +8.853783085e+00 +1.250378308e+01 +1.250378308e+01 -1.2378e-02 -2.3417e+00 +1.5276e+00 +2.7422e+00 -1.1627e+00 -2.2517e+00 +1.6024e+00 +4.5235e-01 -1.8069e+00 -2.8402e+00
469 +5.456948390e+00 +5.456948390e+00 +9.106948390e+00 +9.106948390e+00 +9.6026e-01 -3.4054e+00 +5.2237e-01 +3.2711e+00 -1.9528e+00 -2.2788e+00 +1.2312e+00 +2.7081e-01 -2.5821e+00 -2.5713e+00
589 +3.284769528e+00 +3.284769528e+00 +6.934769528e+00 +6.934769528e+00 +9.6026e-01 -2.6568e+00 +5.2237e-01 +3.8890e+00 -1.9362e+00 -2.6741e+00 +1.2312e+00 +2.7081e-01 -2.5821e+00 -2.3349e+00
761 +1.894585989e+00 +1.894585989e+00 +5.544585989e+00 +5.544585989e+00 +2.7733e-01 -1.6680e+00 +9.4582e-01 +3.8002e+00 -2.2188e+00 -2.1891e+00 +2.0457e+00 +1.1607e-01 -3.2193e+00 -2.8309e+00
819 +1.343141765e+00 +1.343141765e+00 +4.993141765e+00 +4.993141765e+00 +9.8743e-01 -1.7253e+00 +6.3654e-02 +4.1865e+00 -2.2394e+00 -2.9512e+00 +2.0776e+00 -2.6243e-01 -3.6306e+00 -2.3258e+00
1009 +3.905095569e-01 +3.905095569e-01 +4.040509557e+00 +4.040509557e+00 +6.0643e-01 -2.1991e+00 +2.3245e-01 +3.5991e+00 -2.2958e+00 -2.4853e+00 +2.0735e+00 +3.9983e-01 -3.7524e+00 -2.2512e+00
1472 +1.676876229e-01 +1.676876229e-01 +3.817687623e+00 +3.817687623e+00 +6.5409e-01 -1.8632e+00 +4.3084e-01 +3.6199e+00 -2.0916e+00 -2.9419e+00 +2.0435e+00 +7.0100e-01 -3.8248e+00 -2.1295e+00
1577 +1.569960605e-01 +1.569960605e-01 +3.806996060e+00 +3.806996060e+00 +6.6459e-01 -2.1490e+00 +4.7776e-01 +3.6659e+00 -1.9546e+00 -2.8929e+00 +2.1454e+00 +4.6525e-01 -3.9722e+00 -2.1917e+00
1668 +8.174990093e-02 +8.174990093e-02 +3.731749901e+00 +3.731749901e+00 +5.5716e-01 -2.1915e+00 +5.0789e-01 +3.6572e+00 -2.2029e+00 -2.9939e+00 +1.9018e+00 +4.1609e-01 -4.0226e+00 -2.1279e+00
2318 +5.999258071e-02 +5.999258071e-02 +3.709992581e+00 +3.709992581e+00 +5.1258e-01 -1.9585e+00 +4.1114e-01 +3.5919e+00 -2.2687e+00 -2.8921e+00 +2.0715e+00 +2.4082e-01 -3.9846e+00 -2.1995e+00
2478 +3.921709086e-02 +3.921709086e-02 +3.689217091e+00 +3.689217091e+00 +5.0812e-01 -1.9045e+00 +6.0009e-01 +3.7666e+00 -2.1805e+00 -2.9512e+00 +1.9635e+00 +2.9653e-01 -3.9843e+00 -2.1586e+00
2782 +2.473841158e-02 +2.473841158e-02 +3.674738412e+00 +3.674738412e+00 +4.4250e-01 -1.9284e+00 +5.5351e-01 +3.5780e+00 -2.2943e+00 -2.9576e+00 +1.9860e+00 +3.6886e-01 -3.8733e+00 -2.1489e+00
3018 +1.461354644e-02 +1.461354644e-02 +3.664613546e+00 +3.664613546e+00 +4.7682e-01 -1.9349e+00 +4.8433e-01 +3.6494e+00 -2.2028e+00 -2.9636e+00 +2.0216e+00 +3.3387e-01 -3.9763e+00 -2.1203e+00
3184 +8.816766117e-03 +8.816766117e-03 +3.658816766e+00 +3.658816766e+00 +4.6945e-01 -1.9388e+00 +5.2992e-01 +3.6725e+00 -2.2008e+00 -2.9553e+00 +2.0384e+00 +3.8260e-01 -3.9742e+00 -2.1270e+00
3201 +5.759754937e-03 +5.759754937e-03 +3.655759755e+00 +3.655759755e+00 +4.9465e-01 -1.9697e+00 +5.2208e-01 +3.6495e+00 -2.1563e+00 -2.9604e+00 +2.0264e+00 +3.9369e-01 -3.9295e+00 -2.1570e+00
3361 +3.767873642e-03 +3.767873642e-03 +3.653767874e+00 +3.653767874e+00 +4.9465e-01 -1.9697e+00 +5.2208e-01 +3.6582e+00 -2.2191e+00 -2.9429e+00 +2.0264e+00 +3.6286e-01 -3.8897e+00 -2.1735e+00
3502 +2.459911410e-03 +2.459911410e-03 +3.652459911e+00 +3.652459911e+00 +5.0652e-01 -1.9700e+00 +5.4024e-01 +3.6551e+00 -2.2265e+00 -2.9417e+00 +1.9996e+00 +3.6613e-01 -3.9027e+00 -2.1560e+00
3751 +1.168250263e-03 +1.168250263e-03 +3.651168250e+00 +3.651168250e+00 +5.0620e-01 -1.9761e+00 +5.3244e-01 +3.6558e+00 -2.2226e+00 -2.9178e+00 +2.0112e+00 +4.0392e-01 -3.9332e+00 -2.1349e+00
3811 +8.929000940e-04 +8.929000940e-04 +3.650892900e+00 +3.650892900e+00 +4.9808e-01 -1.9636e+00 +5.2702e-01 +3.6814e+00 -2.2114e+00 -2.9115e+00 +2.0093e+00 +4.0281e-01 -3.9271e+00 -2.1349e+00
3994 +5.990533382e-04 +5.990533382e-04 +3.650599053e+00 +3.650599053e+00 +4.9590e-01 -1.9680e+00 +5.2613e-01 +3.6790e+00 -2.2026e+00 -2.9084e+00 +2.0171e+00 +3.9339e-01 -3.9222e+00 -2.1443e+00
4069 +2.925053543e-04 +2.925053543e-04 +3.650292505e+00 +3.650292505e+00 +4.9463e-01 -1.9709e+00 +5.2881e-01 +3.6615e+00 -2.2090e+00 -2.9096e+00 +2.0153e+00 +3.9124e-01 -3.8995e+00 -2.1441e+00
4158 +2.338007273e-04 +2.338007273e-04 +3.650233801e+00 +3.650233801e+00 +4.9673e-01 -1.9809e+00 +5.2989e-01 +3.6557e+00 -2.2087e+00 -2.9095e+00 +2.0132e+00 +3.9371e-01 -3.9092e+00 -2.1448e+00
4296 +1.551554887e-04 +1.551554887e-04 +3.650155155e+00 +3.650155155e+00 +4.9479e-01 -1.9725e+00 +5.2622e-01 +3.6600e+00 -2.2059e+00 -2.9087e+00 +2.0021e+00 +3.9428e-01 -3.9086e+00 -2.1475e+00
4382 +9.666432530e-05 +9.666432530e-05 +3.650096664e+00 +3.650096664e+00 +4.9504e-01 -1.9728e+00 +5.2809e-01 +3.6614e+00 -2.2073e+00 -2.9112e+00 +2.0125e+00 +3.9433e-01 -3.9147e+00 -2.1437e+00
4551 +5.841408014e-05 +5.841408014e-05 +3.650058414e+00 +3.650058414e+00 +4.9715e-01 -1.9774e+00 +5.2915e-01 +3.6614e+00 -2.2073e+00 -2.9115e+00 +2.0044e+00 +3.9273e-01 -3.9106e+00 -2.1438e+00
4683 +3.748033906e-05 +3.748033906e-05 +3.650037480e+00 +3.650037480e+00 +4.9711e-01 -1.9740e+00 +5.2770e-01 +3.6620e+00 -2.2079e+00 -2.9121e+00 +2.0067e+00 +3.9281e-01 -3.9104e+00 -2.1432e+00
4718 +2.351265946e-05 +2.351265946e-05 +3.650023513e+00 +3.650023513e+00 +4.9651e-01 -1.9732e+00 +5.2899e-01 +3.6623e+00 -2.2071e+00 -2.9123e+00 +2.0061e+00 +3.9136e-01 -3.9112e+00 -2.1409e+00
4857 +1.476671818e-05 +1.476671818e-05 +3.650014767e+00 +3.650014767e+00 +4.9545e-01 -1.9732e+00 +5.2834e-01 +3.6631e+00 -2.2064e+00 -2.9151e+00 +2.0048e+00 +3.8985e-01 -3.9094e+00 -2.1411e+00
% function evaluation | noise-free fitness - Fopt (2.205300000000e+02) | best noise-free fitness - Fopt | measured fitness | best measured fitness | x1 | x2...
1 +1.312489486e+02 +1.312489486e+02 +3.517789486e+02 +3.517789486e+02 +3.1472e+00 +4.0579e+00 -3.7301e+00 +4.1338e+00 +1.3236e+00 -4.0246e+00 -2.2150e+00 +4.6882e-01 +4.5751e+00 +4.6489e+00
5 +9.496901050e+01 +9.496901050e+01 +3.154990105e+02 +3.154990105e+02 -6.1256e-01 -1.1844e+00 +2.6552e+00 +2.9520e+00 -3.1313e+00 -1.0236e-01 -5.4414e-01 +1.4631e+00 +2.0936e+00 +2.5469e+00
8 +6.181888034e+01 +6.181888034e+01 +2.823488803e+02 +2.823488803e+02 +3.4072e+00 -2.4572e+00 +3.1428e+00 -2.5648e+00 +4.2926e+00 -1.5002e+00 -3.0340e+00 -2.4892e+00 +1.1604e+00 -2.6711e-01
216 +3.881737805e+01 +3.881737805e+01 +2.593473781e+02 +2.593473781e+02 +2.1727e+00 -1.6198e+00 +3.7013e+00 +1.5643e+00 +2.6787e+00 -2.6387e+00 -4.5064e+00 +1.1510e+00 +1.5761e+00 -8.8797e-01
365 +1.740186286e+01 +1.740186286e+01 +2.379318629e+02 +2.379318629e+02 +3.3690e+00 -1.1704e+00 +1.1756e+00 +1.1418e+00 +1.7458e+00 -4.1529e+00 -2.2195e+00 +2.3875e+00 -1.5342e-01 +2.1643e+00
447 +1.510821760e+01 +1.510821760e+01 +2.356382176e+02 +2.356382176e+02 +2.3079e+00 -1.1830e+00 +4.3584e-01 +6.9083e-01 +1.8792e+00 -1.4071e+00 -2.9380e+00 +2.3862e+00 +5.0062e-01 +2.0319e+00
529 +9.852431919e+00 +9.852431919e+00 +2.303824319e+02 +2.303824319e+02 +3.7875e+00 -2.5495e+00 +1.0899e+00 +2.1411e+00 +2.3719e+00 -3.0978e+00 -2.9898e+00 +2.9725e+00 -1.9551e-01 +2.2298e+00
616 +5.272021523e+00 +5.272021523e+00 +2.258020215e+02 +2.258020215e+02 +2.9181e+00 -3.3324e+00 +8.2194e-01 +1.0050e+00 +3.3876e+00 -2.9282e+00 -2.1471e+00 +2.9530e+00 -7.8736e-01 +3.4883e+00
684 +3.908837698e+00 +3.908837698e+00 +2.244388377e+02 +2.244388377e+02 +3.8920e+00 -3.6655e+00 +3.9664e-01 +1.0189e+00 +3.1803e+00 -3.3471e+00 -2.7677e+00 +4.3179e+00 +4.1282e-01 +2.9092e+00
766 +1.561684164e+00 +1.561684164e+00 +2.220916842e+02 +2.220916842e+02 +3.0861e+00 -3.9909e+00 +7.7331e-01 +3.5902e-01 +3.2301e+00 -1.6461e+00 -3.0472e+00 +3.4506e+00 +7.5668e-01 +3.1302e+00
1009 +7.691976345e-01 +7.691976345e-01 +2.212991976e+02 +2.212991976e+02 +3.2872e+00 -3.8386e+00 +1.0457e+00 +1.1241e-01 +3.4784e+00 -2.3668e+00 -3.2132e+00 +3.7810e+00 +8.7049e-01 +2.6700e+00
1129 +4.758605656e-01 +4.758605656e-01 +2.210058606e+02 +2.210058606e+02 +3.1063e+00 -3.9866e+00 +1.0457e+00 +8.0922e-02 +3.4784e+00 -2.3668e+00 -3.2132e+00 +3.7763e+00 +8.7049e-01 +3.1527e+00
1325 +3.570776305e-01 +3.570776305e-01 +2.208870776e+02 +2.208870776e+02 +2.8049e+00 -4.1115e+00 +1.2741e+00 -4.9792e-02 +3.5081e+00 -2.7398e+00 -3.1855e+00 +3.4597e+00 +1.1038e+00 +3.2152e+00
1449 +2.462874185e-01 +2.462874185e-01 +2.207762874e+02 +2.207762874e+02 +3.1063e+00 -3.9531e+00 +1.0457e+00 +1.4072e-02 +3.4784e+00 -2.6635e+00 -3.2132e+00 +3.6792e+00 +8.7049e-01 +3.1527e+00
1851 +1.037017289e-01 +1.037017289e-01 +2.206337017e+02 +2.206337017e+02 +2.8584e+00 -3.8231e+00 +1.0231e+00 +1.2473e-01 +3.4634e+00 -2.7438e+00 -3.2061e+00 +3.4831e+00 +8.3594e-01 +3.0346e+00
1907 +8.963498385e-02 +8.963498385e-02 +2.206196350e+02 +2.206196350e+02 +2.9658e+00 -3.7956e+00 +1.0090e+00 -2.5659e-03 +3.5599e+00 -2.7808e+00 -3.2478e+00 +3.1754e+00 +7.3963e-01 +3.2539e+00
2107 +5.293708398e-02 +5.293708398e-02 +2.205829371e+02 +2.205829371e+02 +2.9658e+00 -3.8096e+00 +1.0090e+00 +8.0935e-02 +3.5301e+00 -2.6827e+00 -3.3131e+00 +3.1754e+00 +8.6484e-01 +3.2624e+00
2471 +3.254299101e-02 +3.254299101e-02 +2.205625430e+02 +2.205625430e+02 +2.9813e+00 -3.7903e+00 +1.0054e+00 +1.2230e-01 +3.5087e+00 -2.6871e+00 -3.2787e+00 +3.3242e+00 +9.3184e-01 +3.2445e+00
2798 +2.424813774e-02 +2.424813774e-02 +2.205542481e+02 +2.205542481e+02 +2.9787e+00 -3.8225e+00 +1.0546e+00 +1.8321e-01 +3.4924e+00 -2.7197e+00 -3.3084e+00 +3.3072e+00 +9.2917e-01 +3.1872e+00
3132 +1.469287494e-02 +1.469287494e-02 +2.205446929e+02 +2.205446929e+02 +2.9957e+00 -3.8286e+00 +9.2480e-01 +2.4515e-01 +3.5130e+00 -2.8162e+00 -3.2953e+00 +3.3393e+00 +8.6438e-01 +3.1919e+00
3180 +9.840512226e-03 +9.840512226e-03 +2.205398405e+02 +2.205398405e+02 +3.0377e+00 -3.8684e+00 +9.9152e-01 +1.5891e-01 +3.5475e+00 -2.7442e+00 -3.2624e+00 +3.3111e+00 +9.0254e-01 +3.2139e+00
3380 +4.941576352e-03 +4.941576352e-03 +2.205349416e+02 +2.205349416e+02 +3.0290e+00 -3.8684e+00 +9.4695e-01 +1.5891e-01 +3.5225e+00 -2.7708e+00 -3.2537e+00 +3.2941e+00 +9.1422e-01 +3.1777e+00
3564 +3.828211623e-03 +3.828211623e-03 +2.205338282e+02 +2.205338282e+02 +2.9900e+00 -3.8810e+00 +9.3957e-01 +1.6401e-01 +3.5492e+00 -2.7965e+00 -3.2557e+00 +3.2544e+00 +9.0941e-01 +3.1762e+00
3604 +2.203762852e-03 +2.203762852e-03 +2.205322038e+02 +2.205322038e+02 +2.9855e+00 -3.8460e+00 +9.3957e-01 +1.7985e-01 +3.5450e+00 -2.7965e+00 -3.2505e+00 +3.2544e+00 +9.0941e-01 +3.1762e+00
3755 +1.436266362e-03 +1.436266362e-03 +2.205314363e+02 +2.205314363e+02 +2.9861e+00 -3.8370e+00 +9.3745e-01 +1.8862e-01 +3.5637e+00 -2.7669e+00 -3.2530e+00 +3.2584e+00 +9.0620e-01 +3.1797e+00
3875 +8.241088609e-04 +8.241088609e-04 +2.205308241e+02 +2.205308241e+02 +2.9861e+00 -3.8370e+00 +9.5391e-01 +1.9788e-01 +3.5697e+00 -2.7724e+00 -3.2530e+00 +3.2584e+00 +8.9361e-01 +3.1677e+00
4063 +4.814061617e-04 +4.814061617e-04 +2.205304814e+02 +2.205304814e+02 +2.9941e+00 -3.8419e+00 +9.6200e-01 +1.9788e-01 +3.5702e+00 -2.7715e+00 -3.2497e+00 +3.2794e+00 +8.8750e-01 +3.1519e+00
4262 +2.540244685e-04 +2.540244685e-04 +2.205302540e+02 +2.205302540e+02 +2.9930e+00 -3.8409e+00 +9.5895e-01 +1.9870e-01 +3.5612e+00 -2.7843e+00 -3.2568e+00 +3.2813e+00 +8.9425e-01 +3.1572e+00
4394 +2.089455300e-04 +2.089455300e-04 +2.205302089e+02 +2.205302089e+02 +2.9965e+00 -3.8505e+00 +9.5378e-01 +2.0145e-01 +3.5591e+00 -2.7824e+00 -3.2601e+00 +3.2858e+00 +8.9356e-01 +3.1581e+00
4454 +1.291086618e-04 +1.291086618e-04 +2.205301291e+02 +2.205301291e+02 +2.9970e+00 -3.8508e+00 +9.5073e-01 +1.9470e-01 +3.5556e+00 -2.7804e+00 -3.2589e+00 +3.2822e+00 +9.0183e-01 +3.1648e+00
4614 +9.886720679e-05 +9.886720679e-05 +2.205300989e+02 +2.205300989e+02 +2.9979e+00 -3.8501e+00 +9.4893e-01 +1.9865e-01 +3.5572e+00 -2.7777e+00 -3.2548e+00 +3.2850e+00 +8.9736e-01 +3.1645e+00
4687 +5.089491125e-05 +5.089491125e-05 +2.205300509e+02 +2.205300509e+02 +2.9981e+00 -3.8469e+00 +9.5553e-01 +1.9295e-01 +3.5608e+00 -2.7779e+00 -3.2553e+00 +3.2811e+00 +8.9353e-01 +3.1595e+00
4769 +3.911190854e-05 +3.911190854e-05 +2.205300391e+02 +2.205300391e+02 +2.9947e+00 -3.8493e+00 +9.5601e-01 +1.9223e-01 +3.5561e+00 -2.7768e+00 -3.2557e+00 +3.2777e+00 +8.9506e-01 +3.1604e+00
4932 +1.324954866e-05 +1.324954866e-05 +2.205300132e+02 +2.205300132e+02 +2.9989e+00 -3.8477e+00 +9.5345e-01 +1.9709e-01 +3.5588e+00 -2.7765e+00 -3.2547e+00 +3.2780e+00 +8.9617e-01 +3.1619e+00
% function evaluation | noise-free fitness - Fopt (4.212900000000e+02) | best noise-free fitness - Fopt | measured fitness | best measured fitness | x1 | x2...
1 +2.407277601e+02 +2.407277601e+02 +6.620177601e+02 +6.620177601e+02 +3.1472e+00 +4.0579e+00 -3.7301e+00 +4.1338e+00 +1.3236e+00 -4.0246e+00 -2.2150e+00 +4.6882e-01 +4.5751e+00 +4.6489e+00
2 +1.248138146e+02 +1.248138146e+02 +5.461038146e+02 +5.461038146e+02 -3.4239e+00 +4.7059e+00 +4.5717e+00 -1.4624e-01 +3.0028e+00 -3.5811e+00 -7.8239e-01 +4.1574e+00 +2.9221e+00 +4.5949e+00
6 +7.009901483e+01 +7.009901483e+01 +4.913890148e+02 +4.913890148e+02 -2.2397e+00 +1.7970e+00 +1.5510e+00 -3.3739e+00 -3.8100e+00 -1.6359e-02 +4.5974e+00 -1.5961e+00 +8.5268e-01 -2.7619e+00
11 +5.809590906e+01 +5.809590906e+01 +4.793859091e+02 +4.793859091e+02 -3.3782e+00 +2.9428e+00 -1.8878e+00 +2.8533e-01 -3.3435e+00 +1.0198e+00 -2.3703e+00 +1.5408e+00 +1.8921e+00 +2.4815e+00
51 +3.493310969e+01 +3.493310969e+01 +4.562231097e+02 +4.562231097e+02 -4.0279e+00 +2.5172e+00 -8.8785e-01 -7.1467e-01 -2.3435e+00 +4.2331e-01 -1.3703e+00 +2.5408e+00 +2.8921e+00 +1.4815e+00
166 +2.507928616e+01 +2.507928616e+01 +4.463692862e+02 +4.463692862e+02 -3.5369e+00 +2.4205e+00 -4.4902e-01 -1.6518e+00 -1.8100e+00 +1.6808e+00 +2.5974e+00 +4.0386e-01 +2.6841e+00 -9.3094e-01
272 +1.346174840e+01 +1.346174840e+01 +4.347517484e+02 +4.347517484e+02 -3.5925e+00 +1.4809e+00 +2.5801e+00 -6.0325e-01 +1.4477e-01 +2.5772e+00 +6.7534e-01 +3.8245e+00 +8.4188e-01 -2.1419e+00
365 +5.408740528e+00 +5.408740528e+00 +4.266987405e+02 +4.266987405e+02 -5.0000e+00 +2.5684e+00 +3.2330e-01 -2.0480e+00 -7.9616e-01 +3.5514e+00 +4.7065e-02 +3.8776e+00 +2.3375e+00 -1.2997e+00
405 +3.457461531e+00 +3.457461531e+00 +4.247474615e+02 +4.247474615e+02 -4.2161e+00 +3.0242e+00 +5.8263e-01 -2.0480e+00 -1.0815e+00 +3.5514e+00 +4.2971e-01 +3.8776e+00 +1.2238e+00 -1.1339e+00
667 +2.256617403e+00 +2.256617403e+00 +4.235466174e+02 +4.235466174e+02 -4.0000e+00 +2.8950e+00 +7.4891e-01 -2.1684e+00 -5.1889e-01 +3.8826e+00 +2.1418e-01 +3.5316e+00 +1.3481e+00 -1.3774e+00
786 +6.911088149e-01 +6.911088149e-01 +4.219811088e+02 +4.219811088e+02 -4.4079e+00 +2.8734e+00 +9.3701e-01 -2.7088e+00 -7.7215e-01 +3.1284e+00 -8.6202e-02 +2.8629e+00 +1.6007e+00 -1.5949e+00
859 +6.073141736e-01 +6.073141736e-01 +4.218973142e+02 +4.218973142e+02 -4.2994e+00 +3.1567e+00 +7.7231e-01 -2.3371e+00 -6.1028e-01 +3.0817e+00 -1.3576e-01 +2.9337e+00 +1.4413e+00 -1.7450e+00
1028 +3.938096267e-01 +3.938096267e-01 +4.216838096e+02 +4.216838096e+02 -3.8386e+00 +3.1639e+00 +8.3060e-01 -3.1795e+00 -3.4934e-01 +3.2684e+00 -4.3406e-01 +2.7783e+00 +1.3902e+00 -1.7782e+00
1348 +1.724922524e-01 +1.724922524e-01 +4.214624923e+02 +4.214624923e+02 -3.8571e+00 +3.1627e+00 +1.0535e+00 -2.8112e+00 -6.3544e-01 +3.1005e+00 -1.3931e-01 +2.7021e+00 +1.4298e+00 -2.0817e+00
1438 +1.542147058e-01 +1.542147058e-01 +4.214442147e+02 +4.214442147e+02 -4.0716e+00 +3.1843e+00 +9.2467e-01 -2.8786e+00 -4.8331e-01 +3.0349e+00 -2.3240e-01 +2.7200e+00 +1.4458e+00 -1.7714e+00
2024 +7.938787379e-02 +7.938787379e-02 +4.213693879e+02 +4.213693879e+02 -3.9340e+00 +3.1667e+00 +9.9750e-01 -2.9098e+00 -6.0624e-01 +2.9909e+00 -1.0584e-01 +2.8254e+00 +1.5149e+00 -1.8663e+00
2235 +5.727618499e-02 +5.727618499e-02 +4.213472762e+02 +4.213472762e+02 -4.0152e+00 +3.2654e+00 +9.8979e-01 -2.8071e+00 -5.5013e-01 +2.9576e+00 -2.5866e-01 +2.9023e+00 +1.3175e+00 -1.9282e+00
2419 +2.947571850e-02 +2.947571850e-02 +4.213194757e+02 +4.213194757e+02 -3.8800e+00 +3.2338e+00 +9.8099e-01 -2.8992e+00 -4.6526e-01 +3.0692e+00 -7.2721e-02 +2.9230e+00 +1.4057e+00 -1.9176e+00
2526 +2.342868994e-02 +2.342868994e-02 +4.213134287e+02 +4.213134287e+02 -3.9242e+00 +3.2439e+00 +1.0625e+00 -2.9566e+00 -4.6238e-01 +3.1408e+00 -1.2548e-01 +3.0161e+00 +1.3506e+00 -1.9150e+00
2979 +1.572370591e-02 +1.572370591e-02 +4.213057237e+02 +4.213057237e+02 -3.9010e+00 +3.2545e+00 +1.0193e+00 -2.8992e+00 -4.5406e-01 +3.0433e+00 -7.2721e-02 +2.9943e+00 +1.4057e+00 -1.9078e+00
3197 +7.499960794e-03 +7.499960794e-03 +4.212975000e+02 +4.212975000e+02 -3.9272e+00 +3.3302e+00 +1.0288e+00 -2.9453e+00 -4.6499e-01 +3.0432e+00 -1.6246e-01 +2.9812e+00 +1.3860e+00 -1.9211e+00
3321 +3.770146829e-03 +3.770146829e-03 +4.212937701e+02 +4.212937701e+02 -3.9504e+00 +3.3016e+00 +1.0335e+00 -2.9286e+00 -5.2632e-01 +3.0171e+00 -1.4524e-01 +3.0276e+00 +1.3684e+00 -1.8934e+00
3567 +1.862113800e-03 +1.862113800e-03 +4.212918621e+02 +4.212918621e+02 -3.9503e+00 +3.2893e+00 +1.0488e+00 -2.9148e+00 -5.2290e-01 +3.0171e+00 -1.4165e-01 +2.9775e+00 +1.3960e+00 -1.8825e+00
3681 +1.568678934e-03 +1.568678934e-03 +4.212915687e+02 +4.212915687e+02 -3.9521e+00 +3.3014e+00 +1.0593e+00 -2.9356e+00 -4.9758e-01 +3.0293e+00 -1.4065e-01 +2.9618e+00 +1.3717e+00 -1.8981e+00
3834 +9.502701888e-04 +9.502701888e-04 +4.212909503e+02 +4.212909503e+02 -3.9382e+00 +3.2940e+00 +1.0622e+00 -2.9262e+00 -5.0045e-01 +3.0296e+00 -1.3181e-01 +2.9789e+00 +1.3742e+00 -1.8969e+00
3971 +6.118075436e-04 +6.118075436e-04 +4.212906118e+02 +4.212906118e+02 -3.9435e+00 +3.2953e+00 +1.0573e+00 -2.9267e+00 -5.1256e-01 +3.0387e+00 -1.2982e-01 +2.9754e+00 +1.3843e+00 -1.8992e+00
4138 +2.846760126e-04 +2.846760126e-04 +4.212902847e+02 +4.212902847e+02 -3.9519e+00 +3.3065e+00 +1.0609e+00 -2.9145e+00 -5.1525e-01 +3.0370e+00 -1.2987e-01 +2.9877e+00 +1.3908e+00 -1.8996e+00
4289 +2.151177356e-04 +2.151177356e-04 +4.212902151e+02 +4.212902151e+02 -3.9446e+00 +3.3048e+00 +1.0589e+00 -2.9218e+00 -5.1855e-01 +3.0242e+00 -1.2864e-01 +2.9863e+00 +1.3766e+00 -1.9009e+00
4409 +1.500693424e-04 +1.500693424e-04 +4.212901501e+02 +4.212901501e+02 -3.9465e+00 +3.3048e+00 +1.0589e+00 -2.9218e+00 -5.1855e-01 +3.0296e+00 -1.2864e-01 +2.9870e+00 +1.3766e+00 -1.9009e+00
4572 +8.269053126e-05 +8.269053126e-05 +4.212900827e+02 +4.212900827e+02 -3.9478e+00 +3.3089e+00 +1.0623e+00 -2.9185e+00 -5.1586e-01 +3.0264e+00 -1.2624e-01 +2.9855e+00 +1.3775e+00 -1.9041e+00
4692 +6.159154316e-05 +6.159154316e-05 +4.212900616e+02 +4.212900616e+02 -3.9486e+00 +3.3049e+00 +1.0614e+00 -2.9182e+00 -5.1568e-01 +3.0276e+00 -1.2655e-01 +2.9868e+00 +1.3789e+00 -1.9047e+00
4763 +3.455186805e-05 +3.455186805e-05 +4.212900346e+02 +4.212900346e+02 -3.9528e+00 +3.3100e+00 +1.0614e+00 -2.9164e+00 -5.1759e-01 +3.0298e+00 -1.2608e-01 +2.9865e+00 +1.3788e+00 -1.9051e+00
4843 +1.710567864e-05 +1.710567864e-05 +4.212900171e+02 +4.212900171e+02 -3.9548e+00 +3.3075e+00 +1.0616e+00 -2.9160e+00 -5.1759e-01 +3.0316e+00 -1.2583e-01 +2.9862e+00 +1.3786e+00 -1.9077e+00
4955 +9.378392463e-06 +9.378392463e-06 +4.212900094e+02 +4.212900094e+02 -3.9540e+00 +3.3070e+00 +1.0619e+00 -2.9184e+00 -5.1570e-01 +3.0308e+00 -1.2635e-01 +2.9843e+00 +1.3785e+00 -1.9089e+00
% function evaluation | noise-free fitness - Fopt (-7.900000000000e+01) | best noise-free fitness - Fopt | measured fitness | best measured fitness | x1 | x2...
1 +1.474941212e+02 +1.474941212e+02 +6.849412117e+01 +6.849412117e+01 +3.1472e+00 +4.0579e+00 -3.7301e+00 +4.1338e+00 +1.3236e+00 -4.0246e+00 -2.2150e+00 +4.6882e-01 +4.5751e+00 +4.6489e+00
5 +3.102266446e+01 +3.102266446e+01 -4.797733554e+01 -4.797733554e+01 -6.1256e-01 -1.1844e+00 +2.6552e+00 +2.9520e+00 -3.1313e+00 -1.0236e-01 -5.4414e-01 +1.4631e+00 +2.0936e+00 +2.5469e+00
11 +1.865109693e+01 +1.865109693e+01 -6.034890307e+01 -6.034890307e+01 -3.3782e+00 +2.9428e+00 -1.8878e+00 +2.8533e-01 -3.3435e+00 +1.0198e+00 -2.3703e+00 +1.5408e+00 +1.8921e+00 +2.4815e+00
51 +1.479230770e+01 +1.479230770e+01 -6.420769230e+01 -6.420769230e+01 -3.2301e+00 +3.0162e+00 -1.2220e+00 -1.3807e-01 -3.6710e+00 +3.3441e-01 -1.5786e+00 +1.8028e+00 +1.8552e+00 +2.7323e+00
131 +6.749501063e+00 +6.749501063e+00 -7.225049894e+01 -7.225049894e+01 -3.1860e+00 +2.0162e+00 -2.2196e-01 +8.6193e-01 -3.8332e+00 -4.2204e-01 -5.7859e-01 +1.6844e+00 +1.9777e+00 +1.9961e+00
205 +3.931145073e+00 +3.931145073e+00 -7.506885493e+01 -7.506885493e+01 -3.6126e+00 +2.9807e-01 +1.0123e+00 +1.1691e-01 -4.1401e+00 -7.5493e-01 -1.2098e+00 +6.0122e-01 +2.1860e+00 +8.2313e-01
451 +2.320307712e+00 +2.320307712e+00 -7.667969229e+01 -7.667969229e+01 -3.6750e+00 +1.2020e+00 +1.4074e+00 +3.1130e-01 -3.5241e+00 -1.0030e+00 -1.9836e+00 +8.2139e-01 +1.3490e+00 +1.1150e+00
633 +9.818849113e-01 +9.818849113e-01 -7.801811509e+01 -7.801811509e+01 -3.1722e+00 +1.3482e+00 -2.1286e-02 +6.8784e-01 -3.2716e+00 -9.7270e-01 -1.3461e+00 +9.5908e-01 +7.3035e-01 +9.4603e-01
1106 +3.953484350e-01 +3.953484350e-01 -7.860465157e+01 -7.860465157e+01 -2.8840e+00 +1.0088e+00 +3.8648e-01 +7.5110e-01 -3.7977e+00 -9.3400e-01 -1.1481e+00 +1.0190e+00 +7.6842e-01 +4.2429e-01
1226 +1.700241255e-01 +1.700241255e-01 -7.882997587e+01 -7.882997587e+01 -3.0843e+00 +9.8146e-01 +4.0808e-01 +4.9706e-01 -3.9732e+00 -9.3400e-01 -1.5742e+00 +8.3530e-01 +1.0578e+00 +4.5424e-01
1740 +1.450206092e-01 +1.450206092e-01 -7.885497939e+01 -7.885497939e+01 -3.1129e+00 +1.1799e+00 +4.5918e-01 +3.1172e-01 -3.8242e+00 -9.5849e-01 -1.5443e+00 +6.2844e-01 +8.4472e-01 +5.9386e-01
1912 +8.239833933e-02 +8.239833933e-02 -7.891760166e+01 -7.891760166e+01 -3.0996e+00 +1.0957e+00 +4.6247e-01 +5.6327e-01 -3.8560e+00 -1.0086e+00 -1.5755e+00 +7.8242e-01 +7.2509e-01 +5.8624e-01
1940 +5.570201479e-02 +5.570201479e-02 -7.894429799e+01 -7.894429799e+01 -3.1109e+00 +1.1799e+00 +4.5918e-01 +4.9079e-01 -3.8242e+00 -9.5849e-01 -1.6415e+00 +8.6281e-01 +8.8683e-01 +5.9386e-01
2174 +3.124485691e-02 +3.124485691e-02 -7.896875514e+01 -7.896875514e+01 -3.0423e+00 +1.1538e+00 +5.1325e-01 +2.8923e-01 -3.8865e+00 -8.9732e-01 -1.6512e+00 +9.2818e-01 +7.9954e-01 +5.9433e-01
2362 +2.162211417e-02 +2.162211417e-02 -7.897837789e+01 -7.897837789e+01 -3.0693e+00 +1.1768e+00 +4.1418e-01 +4.5392e-01 -3.8314e+00 -9.1047e-01 -1.6506e+00 +9.1043e-01 +7.4266e-01 +4.8378e-01
2762 +6.447507990e-03 +6.447507990e-03 -7.899355249e+01 -7.899355249e+01 -3.0327e+00 +1.1640e+00 +4.8818e-01 +4.0999e-01 -3.9063e+00 -8.6825e-01 -1.6377e+00 +9.4991e-01 +7.5018e-01 +4.9855e-01
2893 +6.128853520e-03 +6.128853520e-03 -7.899387115e+01 -7.899387115e+01 -3.0207e+00 +1.1654e+00 +4.9165e-01 +4.4208e-01 -3.8804e+00 -8.6018e-01 -1.6019e+00 +9.7342e-01 +7.3400e-01 +5.0297e-01
3218 +2.948901552e-03 +2.948901552e-03 -7.899705110e+01 -7.899705110e+01 -3.0567e+00 +1.1404e+00 +4.7394e-01 +4.4312e-01 -3.8870e+00 -8.7220e-01 -1.5702e+00 +9.6124e-01 +7.3434e-01 +5.5017e-01
3253 +1.944089119e-03 +1.944089119e-03 -7.899805591e+01 -7.899805591e+01 -3.0534e+00 +1.1531e+00 +4.4011e-01 +4.4113e-01 -3.8894e+00 -8.6570e-01 -1.5756e+00 +9.4058e-01 +7.3476e-01 +5.4576e-01
3418 +1.090197220e-03 +1.090197220e-03 -7.899890980e+01 -7.899890980e+01 -3.0590e+00 +1.1508e+00 +4.5694e-01 +4.2244e-01 -3.8916e+00 -8.4750e-01 -1.5786e+00 +9.5501e-01 +7.4412e-01 +5.4362e-01
3591 +9.100163293e-04 +9.100163293e-04 -7.899908998e+01 -7.899908998e+01 -3.0590e+00 +1.1514e+00 +4.6915e-01 +4.2383e-01 -3.8945e+00 -8.6873e-01 -1.5844e+00 +9.4803e-01 +7.5930e-01 +5.3667e-01
3698 +5.623472287e-04 +5.623472287e-04 -7.899943765e+01 -7.899943765e+01 -3.0590e+00 +1.1720e+00 +4.5579e-01 +4.2028e-01 -3.8951e+00 -8.4750e-01 -1.5786e+00 +9.3504e-01 +7.4886e-01 +5.4362e-01
3907 +3.660677942e-04 +3.660677942e-04 -7.899963393e+01 -7.899963393e+01 -3.0508e+00 +1.1724e+00 +4.6691e-01 +4.1195e-01 -3.9034e+00 -8.6578e-01 -1.5741e+00 +9.3692e-01 +7.5199e-01 +5.5472e-01
4046 +1.955440359e-04 +1.955440359e-04 -7.899980446e+01 -7.899980446e+01 -3.0417e+00 +1.1717e+00 +4.6786e-01 +4.2456e-01 -3.9043e+00 -8.5959e-01 -1.5813e+00 +9.4185e-01 +7.4504e-01 +5.5062e-01
4193 +9.162661203e-05 +9.162661203e-05 -7.899990837e+01 -7.899990837e+01 -3.0481e+00 +1.1691e+00 +4.5969e-01 +4.1975e-01 -3.9003e+00 -8.6427e-01 -1.5806e+00 +9.4152e-01 +7.5145e-01 +5.5092e-01
4311 +4.676776767e-05 +4.676776767e-05 -7.899995323e+01 -7.899995323e+01 -3.0489e+00 +1.1707e+00 +4.6106e-01 +4.1855e-01 -3.9052e+00 -8.6254e-01 -1.5827e+00 +9.4186e-01 +7.5058e-01 +5.5058e-01
4540 +3.229623152e-05 +3.229623152e-05 -7.899996770e+01 -7.899996770e+01 -3.0470e+00 +1.1720e+00 +4.5938e-01 +4.1911e-01 -3.9086e+00 -8.5914e-01 -1.5824e+00 +9.4285e-01 +7.5282e-01 +5.4759e-01
4711 +1.388338643e-05 +1.388338643e-05 -7.899998612e+01 -7.899998612e+01 -3.0490e+00 +1.1695e+00 +4.6195e-01 +4.1971e-01 -3.9033e+00 -8.6098e-01 -1.5818e+00 +9.4423e-01 +7.5259e-01 +5.4470e-01
4717 +9.604546179e-06 +9.604546179e-06 -7.899999040e+01 -7.899999040e+01 -3.0483e+00 +1.1706e+00 +4.6159e-01 +4.1956e-01 -3.9068e+00 -8.6142e-01 -1.5823e+00 +9.4428e-01 +7.5248e-01 +5.4605e-01
4883 +6.237741374e-06 +6.237741374e-06 -7.899999376e+01 -7.899999376e+01 -3.0483e+00 +1.1703e+00 +4.6199e-01 +4.1977e-01 -3.9050e+00 -8.6081e-01 -1.5821e+00 +9.4515e-01 +7.5124e-01 +5.4562e-01
% function evaluation | noise-free fitness - Fopt (-4.133000000000e+01) | best noise-free fitness - Fopt | measured fitness | best measured fitness | x1 | x2...
1 +1.548805758e+02 +1.548805758e+02 +1.135505758e+02 +1.135505758e+02 +3.1472e+00 +4.0579e+00 -3.7301e+00 +4.1338e+00 +1.3236e+00 -4.0246e+00 -2.2150e+00 +4.6882e-01 +4.5751e+00 +4.6489e+00
8 +4.813068686e+01 +4.813068686e+01 +6.800686864e+00 +6.800686864e+00 +3.4072e+00 -2.4572e+00 +3.1428e+00 -2.5648e+00 +4.2926e+00 -1.5002e+00 -3.0340e+00 -2.4892e+00 +1.1604e+00 -2.6711e-01
22 +1.910097690e+01 +1.910097690e+01 -2.222902310e+01 -2.222902310e+01 -2.9226e+00 -1.9875e+00 -2.9077e-01 -2.6951e+00 +3.4431e+00 -3.0524e+00 -2.7408e+00 -3.2929e+00 -2.7234e+00 -6.4301e-01
135 +1.244990613e+01 +1.244990613e+01 -2.888009387e+01 -2.888009387e+01 +1.5303e+00 -7.7945e-01 +4.5791e-01 -1.8675e+00 +1.0181e+00 -2.5142e+00 -3.1681e+00 -2.3940e+00 -2.0286e+00 -6.0047e-01
208 +7.989936119e+00 +7.989936119e+00 -3.334006388e+01 -3.334006388e+01 +7.8818e-01 +2.7190e-01 +1.4285e-01 -2.5761e+00 +2.1929e+00 -3.0166e+00 -3.1460e+00 -3.1347e+00 -1.8396e+00 +3.9372e-02
320 +5.517827921e+00 +5.517827921e+00 -3.581217208e+01 -3.581217208e+01 +6.3082e-02 -2.0346e-01 -6.8113e-01 -1.5058e+00 +1.7497e+00 -1.6699e+00 -2.7474e+00 -3.4964e+00 -1.3295e+00 +7.8766e-01
365 +3.560912868e+00 +3.560912868e+00 -3.776908713e+01 -3.776908713e+01 +2.5751e-01 -1.8430e+00 -7.7976e-01 -1.9775e+00 +1.7494e+00 -3.2884e+00 -2.5868e+00 -3.4309e+00 -2.7615e+00 +1.5772e-01
385 +2.322597039e+00 +2.322597039e+00 -3.900740296e+01 -3.900740296e+01 +5.8655e-01 -1.6775e+00 -4.4259e-01 -8.6106e-01 +1.8288e+00 -2.6395e+00 -2.9002e+00 -3.6808e+00 -1.8009e+00 +6.3241e-01
632 +1.217127153e+00 +1.217127153e+00 -4.011287285e+01 -4.011287285e+01 +4.1286e-01 -9.2563e-01 -7.8734e-01 -1.0392e+00 +2.0243e+00 -3.0858e+00 -3.3435e+00 -3.9342e+00 -2.1001e+00 +1.8787e+00
787 +7.224191539e-01 +7.224191539e-01 -4.060758085e+01 -4.060758085e+01 +6.2522e-01 -1.8624e+00 -1.0100e+00 -1.3676e+00 +2.1319e+00 -2.9357e+00 -3.2044e+00 -3.6180e+00 -1.7526e+00 +1.3317e+00
1096 +4.662883706e-01 +4.662883706e-01 -4.086371163e+01 -4.086371163e+01 +2.2243e-01 -1.1107e+00 -8.8434e-01 -1.6305e+00 +2.1926e+00 -3.0707e+00 -3.0710e+00 -4.0009e+00 -2.0420e+00 +1.3701e+00
1216 +3.361001154e-01 +3.361001154e-01 -4.099389988e+01 -4.099389988e+01 +2.2243e-01 -1.1107e+00 -8.8434e-01 -1.6305e+00 +2.5918e+00 -3.1097e+00 -3.0086e+00 -4.0009e+00 -2.0420e+00 +1.6560e+00
1682 +2.501355355e-01 +2.501355355e-01 -4.107986446e+01 -4.107986446e+01 +2.1173e-01 -1.6450e+00 -8.7760e-01 -1.4279e+00 +2.5680e+00 -2.6224e+00 -3.0800e+00 -3.7091e+00 -2.3396e+00 +1.4049e+00
1810 +1.355412360e-01 +1.355412360e-01 -4.119445876e+01 -4.119445876e+01 +5.4446e-01 -1.4236e+00 -1.0210e+00 -1.3711e+00 +2.7363e+00 -3.1245e+00 -3.1752e+00 -3.8573e+00 -2.0670e+00 +1.4257e+00
2273 +9.156216574e-02 +9.156216574e-02 -4.123843783e+01 -4.123843783e+01 +3.7140e-01 -1.4618e+00 -1.0029e+00 -1.6058e+00 +2.5767e+00 -3.1135e+00 -3.1379e+00 -3.9333e+00 -2.1492e+00 +1.4388e+00
2635 +5.693698402e-02 +5.693698402e-02 -4.127306302e+01 -4.127306302e+01 +2.8400e-01 -1.5532e+00 -9.5320e-01 -1.4506e+00 +2.6403e+00 -2.9135e+00 -3.1035e+00 -3.7853e+00 -2.2046e+00 +1.4889e+00
2948 +3.950242519e-02 +3.950242519e-02 -4.129049757e+01 -4.129049757e+01 +4.5365e-01 -1.3051e+00 -9.6494e-01 -1.5766e+00 +2.6480e+00 -2.8880e+00 -2.9989e+00 -3.8129e+00 -2.2435e+00 +1.4638e+00
3182 +1.620247717e-02 +1.620247717e-02 -4.131379752e+01 -4.131379752e+01 +5.1239e-01 -1.4968e+00 -9.2828e-01 -1.5290e+00 +2.6393e+00 -2.9139e+00 -3.0689e+00 -3.7981e+00 -2.2531e+00 +1.4834e+00
3302 +1.362903072e-02 +1.362903072e-02 -4.131637097e+01 -4.131637097e+01 +5.1239e-01 -1.4227e+00 -9.2828e-01 -1.5146e+00 +2.6393e+00 -2.9235e+00 -3.0593e+00 -3.7981e+00 -2.2531e+00 +1.4834e+00
3342 +9.653500001e-03 +9.653500001e-03 -4.132034650e+01 -4.132034650e+01 +4.9322e-01 -1.4289e+00 -9.2709e-01 -1.5323e+00 +2.6393e+00 -2.9177e+00 -3.0290e+00 -3.7985e+00 -2.2149e+00 +1.4933e+00
3446 +5.924568204e-03 +5.924568204e-03 -4.132407543e+01 -4.132407543e+01 +4.5783e-01 -1.4683e+00 -9.3929e-01 -1.5232e+00 +2.6400e+00 -2.9443e+00 -2.9978e+00 -3.7872e+00 -2.2065e+00 +1.4697e+00
3658 +1.861897446e-03 +1.861897446e-03 -4.132813810e+01 -4.132813810e+01 +4.6294e-01 -1.4493e+00 -9.3291e-01 -1.5354e+00 +2.6253e+00 -2.9565e+00 -3.0596e+00 -3.7764e+00 -2.2059e+00 +1.4582e+00
3858 +1.146579611e-03 +1.146579611e-03 -4.132885342e+01 -4.132885342e+01 +4.5560e-01 -1.4493e+00 -9.2554e-01 -1.5155e+00 +2.6253e+00 -2.9566e+00 -3.0541e+00 -3.7616e+00 -2.1956e+00 +1.4659e+00
3882 +8.640563155e-04 +8.640563155e-04 -4.132913594e+01 -4.132913594e+01 +4.6203e-01 -1.4551e+00 -9.2994e-01 -1.5096e+00 +2.6001e+00 -2.9615e+00 -3.0401e+00 -3.7459e+00 -2.1974e+00 +1.4620e+00
3995 +5.119304830e-04 +5.119304830e-04 -4.132948807e+01 -4.132948807e+01 +4.4762e-01 -1.4563e+00 -9.3448e-01 -1.5337e+00 +2.6063e+00 -2.9617e+00 -3.0434e+00 -3.7542e+00 -2.2055e+00 +1.4634e+00
4228 +3.267795105e-04 +3.267795105e-04 -4.132967322e+01 -4.132967322e+01 +4.5437e-01 -1.4489e+00 -9.1846e-01 -1.5225e+00 +2.6138e+00 -2.9625e+00 -3.0418e+00 -3.7432e+00 -2.2050e+00 +1.4652e+00
4397 +1.972239801e-04 +1.972239801e-04 -4.132980278e+01 -4.132980278e+01 +4.5397e-01 -1.4516e+00 -9.2496e-01 -1.5299e+00 +2.6131e+00 -2.9619e+00 -3.0428e+00 -3.7448e+00 -2.2059e+00 +1.4640e+00
4522 +1.485240901e-04 +1.485240901e-04 -4.132985148e+01 -4.132985148e+01 +4.5374e-01 -1.4462e+00 -9.2920e-01 -1.5283e+00 +2.6129e+00 -2.9635e+00 -3.0457e+00 -3.7412e+00 -2.2008e+00 +1.4609e+00
4528 +9.242943035e-05 +9.242943035e-05 -4.132990757e+01 -4.132990757e+01 +4.5113e-01 -1.4485e+00 -9.2814e-01 -1.5259e+00 +2.6107e+00 -2.9635e+00 -3.0409e+00 -3.7403e+00 -2.1955e+00 +1.4538e+00
4635 +5.699174790e-05 +5.699174790e-05 -4.132994301e+01 -4.132994301e+01 +4.5521e-01 -1.4491e+00 -9.2694e-01 -1.5258e+00 +2.6131e+00 -2.9620e+00 -3.0397e+00 -3.7417e+00 -2.2031e+00 +1.4522e+00
4827 +3.657101508e-05 +3.657101508e-05 -4.132996343e+01 -4.132996343e+01 +4.5726e-01 -1.4473e+00 -9.2215e-01 -1.5332e+00 +2.6108e+00 -2.9598e+00 -3.0422e+00 -3.7431e+00 -2.2001e+00 +1.4548e+00
4860 +2.303961629e-05 +2.303961629e-05 -4.132997696e+01 -4.132997696e+01 +4.5482e-01 -1.4476e+00 -9.2362e-01 -1.5290e+00 +2.6095e+00 -2.9603e+00 -3.0412e+00 -3.7405e+00 -2.2004e+00 +1.4524e+00
% function evaluation | noise-free fitness - Fopt (2.127500000000e+02) | best noise-free fitness - Fopt | measured fitness | best measured fitness | x1 | x2...
1 +1.759748700e+02 +1.759748700e+02 +3.887248700e+02 +3.887248700e+02 +3.1472e+00 +4.0579e+00 -3.7301e+00 +4.1338e+00 +1.3236e+00 -4.0246e+00 -2.2150e+00 +4.6882e-01 +4.5751e+00 +4.6489e+00
5 +1.000223985e+02 +1.000223985e+02 +3.127723985e+02 +3.127723985e+02 -6.1256e-01 -1.1844e+00 +2.6552e+00 +2.9520e+00 -3.1313e+00 -1.0236e-01 -5.4414e-01 +1.4631e+00 +2.0936e+00 +2.5469e+00
11 +8.688093774e+01 +8.688093774e+01 +2.996309377e+02 +2.996309377e+02 -3.3782e+00 +2.9428e+00 -1.8878e+00 +2.8533e-01 -3.3435e+00 +1.0198e+00 -2.3703e+00 +1.5408e+00 +1.8921e+00 +2.4815e+00
38 +3.854670635e+01 +3.854670635e+01 +2.512967063e+02 +2.512967063e+02 +1.4476e+00 -1.2373e+00 -3.0908e+00 -7.1747e-01 -1.7978e-01 -3.7939e+00 +8.9507e-01 -2.7381e+00 -1.1538e+00 +8.2986e-01
193 +2.228541377e+01 +2.228541377e+01 +2.350354138e+02 +2.350354138e+02 -1.8707e+00 -1.5474e+00 -6.2725e-01 +8.7659e-01 -1.9403e+00 -3.0074e+00 -4.6841e-02 -2.1706e+00 +1.1778e+00 +2.5380e+00
251 +1.156045190e+01 +1.156045190e+01 +2.243104519e+02 +2.243104519e+02 -2.3091e+00 -9.5000e-01 -3.7891e+00 -8.1810e-01 -4.8937e-01 -2.0810e+00 +6.2971e-01 -1.4592e+00 -4.9341e-01 +1.4815e+00
371 +7.125806525e+00 +7.125806525e+00 +2.198758065e+02 +2.198758065e+02 -2.9823e+00 -1.7351e+00 -3.6281e+00 -9.3403e-01 -6.2908e-01 -1.9802e+00 +5.0512e-01 -2.2613e+00 -9.8774e-01 +2.3122e+00
465 +2.694864362e+00 +2.694864362e+00 +2.154448644e+02 +2.154448644e+02 -3.4572e+00 -2.2265e+00 -2.8994e+00 -1.0038e+00 -1.3274e+00 -2.8221e+00 -1.7958e-01 -1.2719e+00 -4.2621e-01 +3.0138e+00
623 +2.436481786e+00 +2.436481786e+00 +2.151864818e+02 +2.151864818e+02 -4.2040e+00 -3.2149e+00 -3.7703e+00 -1.0736e+00 -2.1879e+00 -3.2025e+00 +9.6454e-01 -2.0452e+00 -7.5207e-01 +3.6611e+00
762 +1.173741581e+00 +1.173741581e+00 +2.139237416e+02 +2.139237416e+02 -3.9060e+00 -2.9903e+00 -3.5834e+00 -7.9622e-01 -1.8511e+00 -3.9915e+00 +1.2834e+00 -1.0772e+00 -7.8262e-02 +2.6970e+00
781 +8.980393465e-01 +8.980393465e-01 +2.136480393e+02 +2.136480393e+02 -4.1157e+00 -3.0237e+00 -3.2172e+00 -1.4267e+00 -1.9894e+00 -3.5436e+00 +7.5677e-01 -1.2790e+00 -2.2877e-02 +3.2761e+00
1083 +5.499541228e-01 +5.499541228e-01 +2.132999541e+02 +2.132999541e+02 -4.0000e+00 -3.1423e+00 -3.5562e+00 -1.6835e+00 -1.8697e+00 -3.6264e+00 +8.9924e-01 -1.3435e+00 -7.4318e-01 +2.9173e+00
1340 +3.438105216e-01 +3.438105216e-01 +2.130938105e+02 +2.130938105e+02 -3.9012e+00 -2.4075e+00 -3.4298e+00 -1.7657e+00 -1.6690e+00 -3.7761e+00 +7.8134e-01 -1.7188e+00 -3.1805e-01 +2.6115e+00
1600 +2.175054357e-01 +2.175054357e-01 +2.129675054e+02 +2.129675054e+02 -3.7347e+00 -2.7313e+00 -3.5011e+00 -1.3058e+00 -1.6120e+00 -3.5915e+00 +9.5932e-01 -1.3218e+00 -5.6382e-01 +3.0561e+00
2105 +8.070035433e-02 +8.070035433e-02 +2.128307004e+02 +2.128307004e+02 -3.9094e+00 -2.4971e+00 -3.3609e+00 -1.2777e+00 -1.5811e+00 -3.6627e+00 +6.7423e-01 -1.4127e+00 -4.3290e-01 +2.7045e+00
2475 +5.660619025e-02 +5.660619025e-02 +2.128066062e+02 +2.128066062e+02 -3.8411e+00 -2.6400e+00 -3.3828e+00 -1.2701e+00 -1.6771e+00 -3.6622e+00 +6.3655e-01 -1.5288e+00 -4.3011e-01 +2.6358e+00
2697 +3.639433695e-02 +3.639433695e-02 +2.127863943e+02 +2.127863943e+02 -3.9106e+00 -2.6650e+00 -3.4075e+00 -1.3124e+00 -1.6860e+00 -3.7134e+00 +9.1603e-01 -1.4771e+00 -3.9349e-01 +2.7735e+00
2845 +2.474586215e-02 +2.474586215e-02 +2.127747459e+02 +2.127747459e+02 -3.9118e+00 -2.6833e+00 -3.4528e+00 -1.3625e+00 -1.6653e+00 -3.7313e+00 +7.0957e-01 -1.5104e+00 -4.2532e-01 +2.7406e+00
2938 +1.436469373e-02 +1.436469373e-02 +2.127643647e+02 +2.127643647e+02 -3.8173e+00 -2.6762e+00 -3.4313e+00 -1.3521e+00 -1.6910e+00 -3.7115e+00 +7.3127e-01 -1.5096e+00 -4.3614e-01 +2.7332e+00
3165 +7.388866255e-03 +7.388866255e-03 +2.127573889e+02 +2.127573889e+02 -3.8455e+00 -2.6525e+00 -3.3964e+00 -1.3586e+00 -1.6588e+00 -3.7081e+00 +8.0751e-01 -1.5201e+00 -4.4078e-01 +2.7215e+00
3512 +5.653002526e-03 +5.653002526e-03 +2.127556530e+02 +2.127556530e+02 -3.8304e+00 -2.6948e+00 -3.3495e+00 -1.3800e+00 -1.6524e+00 -3.6834e+00 +7.4956e-01 -1.5106e+00 -4.8309e-01 +2.7409e+00
3572 +3.182935224e-03 +3.182935224e-03 +2.127531829e+02 +2.127531829e+02 -3.8611e+00 -2.6716e+00 -3.3925e+00 -1.3754e+00 -1.6402e+00 -3.7077e+00 +7.8021e-01 -1.5058e+00 -4.9140e-01 +2.7404e+00
3782 +2.452064421e-03 +2.452064421e-03 +2.127524521e+02 +2.127524521e+02 -3.8533e+00 -2.6804e+00 -3.3562e+00 -1.3749e+00 -1.6577e+00 -3.7181e+00 +7.6114e-01 -1.4722e+00 -5.0238e-01 +2.7230e+00
3913 +1.558328560e-03 +1.558328560e-03 +2.127515583e+02 +2.127515583e+02 -3.8540e+00 -2.6548e+00 -3.3753e+00 -1.3797e+00 -1.6543e+00 -3.7223e+00 +7.8289e-01 -1.4829e+00 -4.8587e-01 +2.7512e+00
3963 +8.471456475e-04 +8.471456475e-04 +2.127508471e+02 +2.127508471e+02 -3.8398e+00 -2.6676e+00 -3.3603e+00 -1.3733e+00 -1.6661e+00 -3.7355e+00 +8.0082e-01 -1.4880e+00 -5.0174e-01 +2.7341e+00
4059 +5.007970652e-04 +5.007970652e-04 +2.127505008e+02 +2.127505008e+02 -3.8513e+00 -2.6698e+00 -3.3650e+00 -1.3624e+00 -1.6717e+00 -3.7329e+00 +7.9201e-01 -1.4839e+00 -5.1246e-01 +2.7407e+00
4127 +3.880577791e-04 +3.880577791e-04 +2.127503881e+02 +2.127503881e+02 -3.8453e+00 -2.6623e+00 -3.3560e+00 -1.3708e+00 -1.6695e+00 -3.7250e+00 +7.9011e-01 -1.4813e+00 -5.0232e-01 +2.7490e+00
4245 +2.151182859e-04 +2.151182859e-04 +2.127502151e+02 +2.127502151e+02 -3.8535e+00 -2.6708e+00 -3.3593e+00 -1.3659e+00 -1.6750e+00 -3.7250e+00 +7.9287e-01 -1.4806e+00 -4.9427e-01 +2.7545e+00
4382 +1.414262622e-04 +1.414262622e-04 +2.127501414e+02 +2.127501414e+02 -3.8525e+00 -2.6779e+00 -3.3573e+00 -1.3660e+00 -1.6811e+00 -3.7184e+00 +7.8566e-01 -1.4931e+00 -4.9438e-01 +2.7533e+00
4478 +9.519435770e-05 +9.519435770e-05 +2.127500952e+02 +2.127500952e+02 -3.8508e+00 -2.6731e+00 -3.3602e+00 -1.3661e+00 -1.6807e+00 -3.7233e+00 +7.9677e-01 -1.4942e+00 -5.0366e-01 +2.7497e+00
4622 +4.597593909e-05 +4.597593909e-05 +2.127500460e+02 +2.127500460e+02 -3.8528e+00 -2.6742e+00 -3.3603e+00 -1.3652e+00 -1.6784e+00 -3.7260e+00 +7.8933e-01 -1.4924e+00 -4.9951e-01 +2.7515e+00
4714 +2.905089326e-05 +2.905089326e-05 +2.127500291e+02 +2.127500291e+02 -3.8466e+00 -2.6737e+00 -3.3607e+00 -1.3663e+00 -1.6784e+00 -3.7192e+00 +7.9214e-01 -1.4916e+00 -4.9956e-01 +2.7495e+00
4780 +2.118775666e-05 +2.118775666e-05 +2.127500212e+02 +2.127500212e+02 -3.8479e+00 -2.6732e+00 -3.3610e+00 -1.3645e+00 -1.6790e+00 -3.7197e+00 +7.8984e-01 -1.4915e+00 -4.9988e-01 +2.7503e+00
4783 +1.395969002e-05 +1.395969002e-05 +2.127500140e+02 +2.127500140e+02 -3.8506e+00 -2.6738e+00 -3.3606e+00 -1.3671e+00 -1.6781e+00 -3.7221e+00 +7.9188e-01 -1.4918e+00 -4.9787e-01 +2.7505e+00
