% function evaluation | noise-free fitness - Fopt (-1.000000000000e+03) | best noise-free fitness - Fopt | measured fitness | best measured fitness | x1 | x2...
1 +8.265853631e+01 +8.265853631e+01 -9.173414637e+02 -9.173414637e+02 +1.0162e+00 +5.4355e-01 +3.4216e-01 +1.4024e+00 +7.7903e-01 +4.0795e-01 +4.9656e-01 +4.5585e-01 +1.0457e+00 +7.2870e-01 +4.2413e-01 +6.2647e-01 +6.3651e-01 +2.4253e-01 -8.3005e-02 +5.7340e-01 +5.1932e-01 +6.8926e-01 +1.2033e+00 +4.4604e-01
172 +6.082370603e+01 +6.082370603e+01 -9.391762940e+02 -9.391762940e+02 +4.3223e+00 +3.1196e+00 +1.3763e-01 +2.8534e+00 +1.1522e+00 +4.8798e-01 +2.2862e+00 -6.9520e-01 +1.2185e+00 +1.8899e+00 +1.5214e+00 +2.2932e+00 +5.3213e-01 -1.8567e+00 -2.5541e-03 +2.4537e+00 -3.2432e-01 +5.0956e-01 +3.2904e-01 -1.2257e+00
327 +3.258646156e+01 +3.258646156e+01 -9.674135384e+02 -9.674135384e+02 +4.6426e+00 +4.3059e+00 -1.6017e-01 +3.0310e+00 +1.1650e+00 +7.3497e-02 +1.2893e+00 -2.0866e+00 +5.4718e-01 +2.6764e+00 +3.2441e+00 +4.6642e+00 +4.2299e-01 -3.3817e+00 -1.6528e+00 +4.0844e+00 +7.1609e-01 +1.0196e+00 -8.4534e-01 -4.3910e+00
385 +2.277045232e+01 +2.277045232e+01 -9.772295477e+02 -9.772295477e+02 +4.9525e+00 +3.5299e+00 -9.7783e-02 +2.5736e+00 +1.0327e+00 +3.6029e-01 +2.7513e+00 -2.2320e+00 +1.5683e+00 +3.1776e+00 +4.3239e+00 +4.1660e+00 -6.6185e-01 -3.8088e+00 -1.2112e+00 +3.4297e+00 -1.4930e+00 +1.3217e+00 -3.9152e-01 -2.9406e+00
% function evaluation | noise-free fitness - Fopt (1.000000000000e+03) | best noise-free fitness - Fopt | measured fitness | best measured fitness | x1 | x2...
1 +8.293025332e+01 +8.293025332e+01 +1.082930253e+03 +1.082930253e+03 +1.0162e+00 +5.4355e-01 +3.4216e-01 +1.4024e+00 +7.7903e-01 +4.0795e-01 +4.9656e-01 +4.5585e-01 +1.0457e+00 +7.2870e-01 +4.2413e-01 +6.2647e-01 +6.3651e-01 +2.4253e-01 -8.3005e-02 +5.7340e-01 +5.1932e-01 +6.8926e-01 +1.2033e+00 +4.4604e-01
134 +5.994848627e+01 +5.994848627e+01 +1.059948486e+03 +1.059948486e+03 -1.9035e+00 +2.7613e+00 -1.0586e+00 +2.1767e-01 +1.2458e+00 +1.3253e+00 -6.8744e-01 -1.5220e+00 +8.1839e-01 +4.3587e-02 -7.6322e-01 -7.9054e-01 +1.5917e+00 -7.1765e-01 +5.2972e-01 +1.4095e+00 +3.1196e-01 +4.0427e+00 -4.0403e-02 +6.0266e-02
305 +3.395236671e+01 +3.395236671e+01 +1.033952367e+03 +1.033952367e+03 -2.0058e+00 +3.1784e+00 -1.8929e+00 +1.4097e+00 -1.8654e+00 +2.4405e+00 -6.5888e-01 +2.6850e-01 -4.4694e-01 -2.8223e-01 -2.5046e+00 -8.1593e-01 +3.6906e+00 -1.0049e+00 -1.0248e-01 +1.2683e+00 +7.1208e-02 +4.3820e+00 +9.4707e-01 -5.7625e-01
441 +2.266871363e+01 +2.266871363e+01 +1.022668714e+03 +1.022668714e+03 -3.1491e+00 +3.4072e+00 -1.4356e+00 +1.2874e+00 -2.3957e+00 +2.4082e+00 -9.6014e-01 -1.0482e+00 -3.5060e-01 -7.4798e-02 -2.1530e+00 -2.0098e+00 +2.9777e+00 -2.7006e+00 -1.3922e+00 +2.7793e+00 +4.9643e-01 +4.4276e+00 +5.0238e-01 -7.4347e-01
660 +1.509534974e+01 +1.509534974e+01 +1.015095350e+03 +1.015095350e+03 -2.9937e+00 +3.2712e+00 -6.7923e-01 +1.6432e+00 -2.7583e+00 +2.3052e+00 -4.5275e-01 +4.2625e-01 -1.8506e+00 +8.6716e-01 -2.7789e+00 -2.6518e+00 +2.7665e+00 -4.0117e+00 -2.8641e+00 +2.1012e+00 +1.8367e-02 +4.7913e+00 -3.5355e-01 +1.7325e-01
1038 +9.989418625e+00 +9.989418625e+00 +1.009989419e+03 +1.009989419e+03 -3.0873e+00 +4.1446e+00 -6.6798e-01 +1.2378e+00 -3.9119e+00 +1.7886e+00 -7.3761e-02 +8.5492e-01 -2.4870e+00 +1.0439e+00 -2.8570e+00 -2.1306e+00 +2.4370e+00 -3.6539e+00 -3.6056e+00 +2.2816e+00 +2.0595e-01 +4.4356e+00 -1.3007e+00 -1.2463e-01
% function evaluation | noise-free fitness - Fopt (-4.913000000000e+01) | best noise-free fitness - Fopt | measured fitness | best measured fitness | x1 | x2...
1 +8.263772982e+01 +8.263772982e+01 +3.350772982e+01 +3.350772982e+01 +1.0162e+00 +5.4355e-01 +3.4216e-01 +1.4024e+00 +7.7903e-01 +4.0795e-01 +4.9656e-01 +4.5585e-01 +1.0457e+00 +7.2870e-01 +4.2413e-01 +6.2647e-01 +6.3651e-01 +2.4253e-01 -8.3005e-02 +5.7340e-01 +5.1932e-01 +6.8926e-01 +1.2033e+00 +4.4604e-01
128 +6.236348169e+01 +6.236348169e+01 +1.323348169e+01 +1.323348169e+01 +2.6850e-01 +2.0792e+00 +1.8577e-01 +8.9098e-01 +3.9143e+00 +1.8907e+00 +1.3695e+00 +3.8411e+00 +1.6906e+00 +3.6432e+00 -2.0661e+00 -6.3999e-01 +3.3954e+00 +3.0383e+00 +1.7521e+00 +3.0416e-01 +1.8130e+00 -1.1109e+00 +1.4030e+00 -7.7241e-01
180 +3.088546426e+01 +3.088546426e+01 -1.824453574e+01 -1.824453574e+01 +1.3038e+00 +2.2799e+00 +2.4079e+00 -1.0428e+00 +3.5642e+00 +1.3764e-01 -8.1859e-01 +4.4264e+00 +2.9049e+00 +3.3551e+00 -2.1659e+00 +3.7070e-01 +2.6414e+00 +3.3317e+00 +1.8664e+00 -7.4336e-01 +1.8432e+00 -3.3003e+00 +4.8739e-01 -1.4218e+00
188 +2.391620823e+01 +2.391620823e+01 -2.521379177e+01 -2.521379177e+01 +1.2283e+00 +3.0850e+00 +1.8750e+00 +3.2883e-01 +4.6620e+00 +6.3779e-01 -1.2390e+00 +3.8733e+00 +1.7027e+00 +4.9045e+00 -4.0706e+00 -9.7616e-02 +2.6080e+00 +3.8441e+00 +1.7220e+00 -4.6709e-01 +1.6276e+00 -3.1763e+00 +9.3215e-01 -2.4341e+00
284 +1.330686075e+01 +1.330686075e+01 -3.582313925e+01 -3.582313925e+01 +1.9507e+00 +4.1385e+00 +2.2303e+00 +1.1785e+00 +5.4905e+00 +2.1436e+00 -2.9900e+00 +4.7114e+00 +2.4731e+00 +3.7946e+00 -3.9657e+00 -1.6669e+00 +3.2780e+00 +1.7655e+00 +1.5854e+00 +2.1721e-01 +3.5108e+00 -2.7992e+00 -1.1433e-01 -2.5173e+00
351 +8.384022041e+00 +8.384022041e+00 -4.074597796e+01 -4.074597796e+01 +2.1766e+00 +3.5962e+00 +2.0095e+00 +7.0114e-01 +4.1410e+00 +3.2536e+00 -3.1433e+00 +4.7242e+00 +4.3819e+00 +4.1738e+00 -3.8813e+00 -3.8993e-01 +4.0424e+00 +3.1434e+00 +1.4356e+00 -3.2254e-01 +2.2004e+00 -2.6111e+00 -1.0951e+00 -1.5514e+00
447 +6.131791455e+00 +6.131791455e+00 -4.299820855e+01 -4.299820855e+01 +2.4222e+00 +3.7458e+00 +2.9507e+00 +2.9301e-01 +5.1642e+00 +2.9426e+00 -3.3509e+00 +4.7983e+00 +3.2585e+00 +3.6103e+00 -3.8654e+00 -1.5727e+00 +4.0184e+00 +4.2001e+00 +1.2354e+00 +2.7994e-01 +2.1854e+00 -2.6216e+00 -1.4709e+00 -2.0772e+00
495 +3.377923680e+00 +3.377923680e+00 -4.575207632e+01 -4.575207632e+01 +1.7664e+00 +3.8133e+00 +3.4059e+00 -7.5746e-02 +4.5732e+00 +2.6793e+00 -2.8273e+00 +4.5666e+00 +3.6004e+00 +3.8099e+00 -3.9402e+00 -1.0363e+00 +3.1953e+00 +3.8775e+00 +1.0413e+00 +3.7731e-01 +2.1160e+00 -2.5491e+00 -1.0764e+00 -2.1631e+00
% function evaluation | noise-free fitness - Fopt (2.977300000000e+02) | best noise-free fitness - Fopt | measured fitness | best measured fitness | x1 | x2...
1 +8.081494719e+01 +8.081494719e+01 +3.785449472e+02 +3.785449472e+02 +1.0162e+00 +5.4355e-01 +3.4216e-01 +1.4024e+00 +7.7903e-01 +4.0795e-01 +4.9656e-01 +4.5585e-01 +1.0457e+00 +7.2870e-01 +4.2413e-01 +6.2647e-01 +6.3651e-01 +2.4253e-01 -8.3005e-02 +5.7340e-01 +5.1932e-01 +6.8926e-01 +1.2033e+00 +4.4604e-01
95 +6.298349095e+01 +6.298349095e+01 +3.607134910e+02 +3.607134910e+02 -6.2618e-01 +2.3266e+00 +2.0446e-01 -4.3703e-01 +5.7634e-01 -1.2292e-01 +1.7635e-01 +1.2186e+00 +1.2292e+00 +3.7442e-02 +5.1000e-01 +1.0613e+00 -6.2046e-02 -4.3060e-01 +2.1205e+00 +4.4519e-03 +8.0884e-01 +1.1743e+00 -1.0928e+00 +1.6513e+00
145 +2.835476390e+01 +2.835476390e+01 +3.260847639e+02 +3.260847639e+02 -1.0128e+00 +2.5992e+00 +1.0649e+00 -5.6700e-01 +2.7561e+00 +6.3340e-02 +5.1225e-02 +1.3918e+00 +1.4553e+00 -1.2642e+00 -8.4548e-02 +1.7812e+00 +8.0822e-01 +7.3912e-01 +2.8382e+00 +8.9022e-01 +4.2178e-01 +1.1690e+00 -2.7535e+00 +2.1952e+00
178 +2.444040002e+01 +2.444040002e+01 +3.221704000e+02 +3.221704000e+02 -1.4166e+00 +2.7555e+00 +8.2227e-01 -6.4236e-01 +2.9713e+00 -5.8937e-01 +1.4544e+00 +1.5902e+00 +1.6344e+00 -2.9110e+00 +2.0872e-01 +1.5803e+00 -9.6286e-01 +4.5793e-01 +3.4359e+00 +1.0591e+00 +1.3619e+00 +1.0770e+00 -4.0700e+00 +8.7094e-01
204 +1.513338234e+01 +1.513338234e+01 +3.128633823e+02 +3.128633823e+02 -1.3635e+00 +3.5102e+00 +8.3301e-01 -1.0280e+00 +3.9420e+00 -1.7300e+00 +1.1077e+00 +5.0693e-01 +3.0500e+00 -3.1567e+00 -3.5879e-03 +2.2701e+00 -6.5501e-01 +8.0822e-02 +4.3331e+00 +8.2683e-02 +1.6446e+00 +1.3711e+00 -4.7660e+00 +2.0944e+00
280 +9.476963699e+00 +9.476963699e+00 +3.072069637e+02 +3.072069637e+02 -2.6250e+00 +3.1269e+00 -5.3138e-01 -2.7707e+00 +2.6300e+00 -1.8076e+00 +5.9271e-01 +1.5934e+00 +1.8002e+00 -3.7346e+00 -1.1840e+00 +2.7943e+00 +1.5548e+00 -1.7444e+00 +3.4146e+00 +2.2390e+00 +2.0916e-01 +5.0418e-01 -2.7209e+00 +3.1203e+00
353 +6.037821790e+00 +6.037821790e+00 +3.037678218e+02 +3.037678218e+02 -2.8120e+00 +2.2944e+00 -9.2536e-01 -3.6366e+00 +3.3221e+00 -2.5113e+00 -4.0312e-01 +6.8270e-01 +1.3782e+00 -3.9508e+00 -8.0926e-01 +1.5433e+00 -4.6005e-02 -1.6100e-01 +3.3451e+00 +7.3756e-01 +1.5280e+00 -2.2581e-02 -3.1733e+00 +3.0315e+00
385 +3.358375363e+00 +3.358375363e+00 +3.010883754e+02 +3.010883754e+02 -1.7926e+00 +3.2901e+00 -2.3752e-01 -2.4535e+00 +2.9996e+00 -2.6648e+00 -1.8331e-01 +1.5326e-01 +1.0781e+00 -3.3618e+00 -1.2635e+00 +2.4336e+00 +6.5537e-02 -2.7765e-01 +3.6447e+00 +1.3030e+00 +1.1488e+00 +1.2733e+00 -2.5759e+00 +3.5238e+00
393 +2.098472958e+00 +2.098472958e+00 +2.998284730e+02 +2.998284730e+02 -2.6816e+00 +3.4216e+00 +5.7465e-02 -2.0880e+00 +3.4843e+00 -2.4109e+00 +4.3383e-01 +7.9417e-01 +1.4100e+00 -3.7622e+00 -7.7218e-01 +1.6994e+00 -1.3662e-01 -2.5461e-01 +3.1562e+00 +1.4069e+00 +1.5085e+00 +2.7341e-01 -2.7394e+00 +2.9839e+00
555 +1.380883049e+00 +1.380883049e+00 +2.991108830e+02 +2.991108830e+02 -2.2364e+00 +3.8588e+00 +5.5388e-01 -2.2103e+00 +3.3086e+00 -2.7992e+00 -3.2708e-02 +8.1708e-01 +1.5588e+00 -3.7234e+00 -7.0825e-01 +2.0229e+00 +3.3776e-01 -4.4374e-02 +3.7920e+00 +9.7872e-01 +1.0661e+00 +1.9872e-01 -3.4096e+00 +3.2489e+00
642 +9.811318075e-01 +9.811318075e-01 +2.987111318e+02 +2.987111318e+02 -2.2170e+00 +3.3630e+00 +3.2843e-01 -2.4276e+00 +3.5918e+00 -2.7550e+00 -1.3402e-01 +5.1005e-01 +1.3569e+00 -3.6658e+00 -9.0419e-01 +1.7416e+00 +1.6378e-01 -1.2004e-01 +3.5625e+00 +1.4321e+00 +9.1585e-01 +4.7589e-01 -3.5418e+00 +3.1823e+00
% function evaluation | noise-free fitness - Fopt (5.157000000000e+01) | best noise-free fitness - Fopt | measured fitness | best measured fitness | x1 | x2...
1 +8.324420216e+01 +8.324420216e+01 +1.348142022e+02 +1.348142022e+02 +1.0162e+00 +5.4355e-01 +3.4216e-01 +1.4024e+00 +7.7903e-01 +4.0795e-01 +4.9656e-01 +4.5585e-01 +1.0457e+00 +7.2870e-01 +4.2413e-01 +6.2647e-01 +6.3651e-01 +2.4253e-01 -8.3005e-02 +5.7340e-01 +5.1932e-01 +6.8926e-01 +1.2033e+00 +4.4604e-01
146 +6.215057784e+01 +6.215057784e+01 +1.137205778e+02 +1.137205778e+02 +2.6970e-01 +3.3889e+00 -1.3091e+00 +3.6150e+00 +1.0504e+00 +4.7774e-01 -3.1067e+00 -1.3146e+00 +6.1357e-01 +4.0856e+00 -1.7722e+00 -9.7233e-01 +1.0303e+00 +7.2989e-01 +1.9587e+00 +1.0841e+00 -2.2318e-01 +2.9615e-01 +2.9522e+00 +4.1055e+00
314 +3.782788259e+01 +3.782788259e+01 +8.939788259e+01 +8.939788259e+01 -8.3433e-01 +3.5594e+00 +1.8749e+00 +4.6122e+00 +3.5484e+00 -1.0916e+00 -4.6881e+00 -1.5622e+00 +9.4671e-01 +5.4478e+00 -3.6439e+00 -1.9236e+00 +1.4953e+00 +1.7357e-01 +3.3548e+00 +3.5427e+00 +4.8673e-01 +1.7849e+00 +2.4987e+00 +5.3227e+00
353 +2.249519894e+01 +2.249519894e+01 +7.406519894e+01 +7.406519894e+01 -7.5646e-01 +4.6528e+00 +3.3669e-01 +4.6926e+00 +2.5630e+00 -1.9151e-01 -4.7202e+00 -2.0853e+00 +2.6595e+00 +4.2042e+00 -4.4155e+00 -1.0199e+00 +3.8968e-01 +2.9896e-01 +4.0131e+00 +2.8508e+00 -1.7203e+00 +4.5288e-01 +2.4611e+00 +4.5291e+00
502 +1.571901532e+01 +1.571901532e+01 +6.728901532e+01 +6.728901532e+01 -1.7035e+00 +4.5333e+00 +4.5783e-01 +4.4797e+00 +2.6251e+00 -8.3670e-01 -5.1900e+00 -3.9243e-01 +1.5700e+00 +4.3936e+00 -4.0498e+00 +3.4067e-01 +9.1283e-01 -1.7849e+00 +4.1136e+00 +3.6357e+00 -6.9533e-01 +4.0015e-01 +2.5241e+00 +3.9539e+00
% function evaluation | noise-free fitness - Fopt (3.943000000000e+01) | best noise-free fitness - Fopt | measured fitness | best measured fitness | x1 | x2...
1 +7.997811034e+01 +7.997811034e+01 +1.194081103e+02 +1.194081103e+02 +1.0162e+00 +5.4355e-01 +3.4216e-01 +1.4024e+00 +7.7903e-01 +4.0795e-01 +4.9656e-01 +4.5585e-01 +1.0457e+00 +7.2870e-01 +4.2413e-01 +6.2647e-01 +6.3651e-01 +2.4253e-01 -8.3005e-02 +5.7340e-01 +5.1932e-01 +6.8926e-01 +1.2033e+00 +4.4604e-01
148 +6.253474429e+01 +6.253474429e+01 +1.019647443e+02 +1.019647443e+02 -8.9569e-01 -9.4375e-01 +1.1010e+00 -1.4868e+00 +1.1144e+00 +1.2193e-01 +5.7782e-01 +2.0453e+00 +1.7527e+00 +1.6315e+00 -4.1411e-01 +6.4645e-01 +1.0887e+00 +1.5503e+00 +6.1773e-01 +2.7831e+00 +2.9420e-01 +5.1282e-02 +6.4148e-01 +1.9092e+00
193 +3.448836861e+01 +3.448836861e+01 +7.391836861e+01 +7.391836861e+01 -2.5460e-01 -1.3320e+00 +5.4971e-01 -2.7807e+00 +1.8096e+00 +2.5028e+00 +1.6060e+00 +3.1213e+00 +1.4258e+00 +7.0846e-01 +2.4422e-01 -2.9563e-01 +1.3868e+00 +1.0336e+00 +2.4276e-01 +3.8379e+00 +1.5116e+00 +8.3661e-01 -5.7748e-01 +4.7307e+00
343 +2.494815079e+01 +2.494815079e+01 +6.437815079e+01 +6.437815079e+01 -1.1058e+00 -3.2523e+00 +6.0469e-01 -3.8168e+00 +3.3205e+00 +2.2282e+00 +2.6693e+00 +3.4594e+00 +2.0229e+00 -6.4720e-01 +1.4745e+00 -1.0571e+00 +2.9519e+00 +1.0877e+00 +4.6108e-01 +3.7668e+00 +2.1412e+00 +1.4161e+00 -9.8618e-01 +4.3759e+00
434 +1.381071560e+01 +1.381071560e+01 +5.324071560e+01 +5.324071560e+01 -2.1296e+00 -3.9822e+00 +1.4309e+00 -2.6878e+00 +4.1448e+00 +1.7562e+00 +2.6738e+00 +3.2112e+00 +1.7479e+00 -1.8333e-01 -4.7501e-01 -3.0988e-01 +2.2501e+00 +1.9682e+00 -4.8202e-01 +2.5602e+00 +1.3179e+00 -4.3078e-01 -3.1392e-02 +3.6510e+00
648 +9.919728715e+00 +9.919728715e+00 +4.934972871e+01 +4.934972871e+01 -2.5673e+00 -4.2615e+00 +1.7497e+00 -3.1759e+00 +4.2243e+00 +2.4342e+00 +2.3310e+00 +2.9491e+00 +2.1818e+00 -6.9204e-01 -6.3126e-01 -6.4058e-01 +2.4281e+00 +1.7597e+00 -1.9412e-01 +3.4777e+00 +2.0196e+00 +4.8752e-01 -1.1931e+00 +4.2761e+00
% function evaluation | noise-free fitness - Fopt (1.322900000000e+02) | best noise-free fitness - Fopt | measured fitness | best measured fitness | x1 | x2...
1 +8.119717079e+01 +8.119717079e+01 +2.134871708e+02 +2.134871708e+02 +1.0162e+00 +5.4355e-01 +3.4216e-01 +1.4024e+00 +7.7903e-01 +4.0795e-01 +4.9656e-01 +4.5585e-01 +1.0457e+00 +7.2870e-01 +4.2413e-01 +6.2647e-01 +6.3651e-01 +2.4253e-01 -8.3005e-02 +5.7340e-01 +5.1932e-01 +6.8926e-01 +1.2033e+00 +4.4604e-01
145 +6.178611049e+01 +6.178611049e+01 +1.940761105e+02 +1.940761105e+02 +8.6299e-01 +1.6008e+00 -1.3793e+00 +7.8174e-01 +2.6221e+00 +5.8902e-01 +9.5268e-01 +9.2944e-01 +1.8728e+00 +3.6086e+00 +1.0085e+00 +1.5870e+00 +5.9380e-01 +1.3050e+00 +1.9067e-01 +3.4362e+00 -4.6759e-01 -2.2707e+00 +1.8967e+00 -1.1612e+00
415 +3.946997310e+01 +3.946997310e+01 +1.717599731e+02 +1.717599731e+02 +1.7738e+00 +2.6550e+00 -2.8438e+00 +1.1156e+00 +4.6097e+00 +6.7017e-01 +1.5081e+00 +1.2635e+00 +2.4982e+00 +4.0888e+00 +2.9859e+00 +1.5521e+00 +4.4962e-01 +3.1450e+00 +1.5219e+00 +3.8010e+00 +2.0449e-01 -2.9306e+00 +2.4367e+00 -1.6970e+00
% function evaluation | noise-free fitness - Fopt (-4.871000000000e+01) | best noise-free fitness - Fopt | measured fitness | best measured fitness | x1 | x2...
1 +8.081178642e+01 +8.081178642e+01 +3.210178642e+01 +3.210178642e+01 +1.0162e+00 +5.4355e-01 +3.4216e-01 +1.4024e+00 +7.7903e-01 +4.0795e-01 +4.9656e-01 +4.5585e-01 +1.0457e+00 +7.2870e-01 +4.2413e-01 +6.2647e-01 +6.3651e-01 +2.4253e-01 -8.3005e-02 +5.7340e-01 +5.1932e-01 +6.8926e-01 +1.2033e+00 +4.4604e-01
188 +6.252015717e+01 +6.252015717e+01 +1.381015717e+01 +1.381015717e+01 +2.6235e+00 -7.1253e-01 -1.2468e+00 +1.7010e+00 +3.1249e+00 +1.0777e+00 -1.8532e+00 +1.6908e+00 +1.7981e+00 +2.0508e+00 +2.1483e+00 +3.9119e+00 +1.2206e+00 -8.0662e-01 +9.2938e-01 -2.9363e+00 +1.3293e+00 +3.6793e+00 -1.6624e+00 -8.5024e-01
292 +3.544655693e+01 +3.544655693e+01 -1.326344307e+01 -1.326344307e+01 +1.8936e+00 -2.9428e+00 -3.1909e+00 +2.5828e+00 +2.7880e+00 +1.3601e+00 -6.0374e-01 +3.6677e+00 +1.3798e+00 +7.6338e-01 +4.2332e+00 +4.6710e+00 +1.9242e+00 -2.5302e+00 +1.2372e-01 -3.4648e+00 +2.8892e+00 +8.4551e-01 -2.9697e+00 -2.1614e+00
463 +2.467634230e+01 +2.467634230e+01 -2.403365770e+01 -2.403365770e+01 +2.2097e+00 -2.0110e+00 -4.3777e+00 +2.1167e+00 +3.4764e+00 +8.3387e-01 +6.7754e-01 +3.2447e+00 +1.8935e+00 +1.9375e+00 +4.4729e+00 +3.9822e+00 +1.8733e+00 -2.3736e+00 -5.6918e-01 -2.1942e+00 +2.0403e+00 +1.9955e+00 -2.2415e+00 -1.3608e+00
% function evaluation | noise-free fitness - Fopt (-2.833000000000e+01) | best noise-free fitness - Fopt | measured fitness | best measured fitness | x1 | x2...
1 +8.390781129e+01 +8.390781129e+01 +5.557781129e+01 +5.557781129e+01 +1.0162e+00 +5.4355e-01 +3.4216e-01 +1.4024e+00 +7.7903e-01 +4.0795e-01 +4.9656e-01 +4.5585e-01 +1.0457e+00 +7.2870e-01 +4.2413e-01 +6.2647e-01 +6.3651e-01 +2.4253e-01 -8.3005e-02 +5.7340e-01 +5.1932e-01 +6.8926e-01 +1.2033e+00 +4.4604e-01
157 +4.538846345e+01 +4.538846345e+01 +1.705846345e+01 +1.705846345e+01 +1.0007e+00 +1.1366e+00 -2.8224e+00 -7.9189e-01 -3.5293e-01 -6.5533e-01 -2.7558e+00 -2.6611e-01 +2.3275e+00 +3.2760e+00 +4.2019e+00 -1.5843e+00 -1.4497e-01 +1.7409e+00 -2.2496e+00 -2.1468e-01 +2.2493e+00 +2.3280e+00 -2.6441e+00 +3.0015e+00
182 +3.549337500e+01 +3.549337500e+01 +7.163375002e+00 +7.163375002e+00 +2.2595e+00 +1.3735e+00 -9.3354e-01 -5.5787e-01 +2.7135e-01 +1.2579e+00 -3.7215e+00 +8.3903e-01 +3.2247e+00 +3.9250e+00 +4.2602e+00 -2.9047e+00 -1.8359e-01 +2.2444e+00 -2.8405e+00 -1.5083e+00 +1.8521e+00 +3.5928e+00 -8.8897e-01 +1.7448e+00
335 +2.477168991e+01 +2.477168991e+01 -3.558310092e+00 -3.558310092e+00 +3.6405e+00 +2.0700e+00 -4.4427e+00 +8.3749e-01 +4.9709e-02 +2.5662e-01 -4.6383e+00 +5.6869e-01 +4.4616e+00 +2.8818e+00 +5.2146e+00 -2.6368e+00 -3.7437e-01 +1.7230e+00 -2.9799e+00 -2.5950e+00 +1.7789e+00 +4.6527e+00 -2.5848e+00 +2.4720e+00
443 +1.421277977e+01 +1.421277977e+01 -1.411722023e+01 -1.411722023e+01 +3.3158e+00 +4.4933e-01 -2.8086e+00 -9.2923e-01 -1.8047e+00 -1.1426e-01 -3.5661e+00 +5.1225e-01 +3.9093e+00 +3.2173e+00 +4.8147e+00 -2.2394e+00 -1.1045e+00 +2.6486e+00 -2.7339e+00 -2.8816e+00 +3.0095e+00 +4.6320e+00 -1.9269e+00 +3.0545e+00
603 +9.996222587e+00 +9.996222587e+00 -1.833377741e+01 -1.833377741e+01 +3.2669e+00 +1.4189e+00 -3.5256e+00 -7.5943e-01 -1.8066e+00 +6.4214e-01 -3.4654e+00 +3.7036e-01 +3.3800e+00 +3.2512e+00 +3.7530e+00 -2.5582e+00 -9.3453e-01 +1.6616e+00 -3.6224e+00 -2.5915e+00 +2.9528e+00 +4.6547e+00 -2.5727e+00 +2.7316e+00
% function evaluation | noise-free fitness - Fopt (-1.516100000000e+02) | best noise-free fitness - Fopt | measured fitness | best measured fitness | x1 | x2...
1 +8.276030206e+01 +8.276030206e+01 -6.884969794e+01 -6.884969794e+01 +1.0162e+00 +5.4355e-01 +3.4216e-01 +1.4024e+00 +7.7903e-01 +4.0795e-01 +4.9656e-01 +4.5585e-01 +1.0457e+00 +7.2870e-01 +4.2413e-01 +6.2647e-01 +6.3651e-01 +2.4253e-01 -8.3005e-02 +5.7340e-01 +5.1932e-01 +6.8926e-01 +1.2033e+00 +4.4604e-01
152 +6.292765219e+01 +6.292765219e+01 -8.868234781e+01 -8.868234781e+01 +1.1615e+00 +2.3130e+00 -7.0506e-01 +1.4858e+00 -9.2808e-01 -6.4400e-01 +3.2534e-03 +3.3450e-01 +1.2080e+00 +2.0547e+00 +3.6806e-01 +1.3149e+00 +1.4977e+00 +3.8407e+00 -1.4552e+00 +1.2248e+00 -3.9622e-01 +1.2462e+00 +6.0668e-01 +1.1345e+00
330 +3.796474143e+01 +3.796474143e+01 -1.136452586e+02 -1.136452586e+02 +1.8424e+00 +1.5100e+00 -2.0221e+00 +1.2458e+00 -1.8546e+00 +2.5851e-01 +1.3505e-02 -1.7656e+00 +4.4790e-01 +2.2679e+00 +1.2315e-01 +5.1375e-01 +1.3884e+00 +5.1778e+00 +1.4128e-01 +2.6628e+00 -1.1560e+00 -2.1362e-01 -1.6838e+00 +1.6080e+00
515 +2.478393289e+01 +2.478393289e+01 -1.268260671e+02 -1.268260671e+02 +1.9885e+00 +1.8205e+00 -2.6074e+00 +1.6339e-01 -2.0623e+00 +1.1437e-01 +8.6191e-01 -2.3443e+00 +1.0847e+00 +2.2548e+00 +3.6743e-01 +6.4727e-01 +1.6844e+00 +4.3546e+00 -1.0159e-01 +2.5200e+00 -2.9224e-01 -2.3245e-01 -1.6428e+00 +8.7433e-01
% function evaluation | noise-free fitness - Fopt (-1.069900000000e+02) | best noise-free fitness - Fopt | measured fitness | best measured fitness | x1 | x2...
1 +8.350563058e+01 +8.350563058e+01 -2.348436942e+01 -2.348436942e+01 +1.0162e+00 +5.4355e-01 +3.4216e-01 +1.4024e+00 +7.7903e-01 +4.0795e-01 +4.9656e-01 +4.5585e-01 +1.0457e+00 +7.2870e-01 +4.2413e-01 +6.2647e-01 +6.3651e-01 +2.4253e-01 -8.3005e-02 +5.7340e-01 +5.1932e-01 +6.8926e-01 +1.2033e+00 +4.4604e-01
160 +6.091688844e+01 +6.091688844e+01 -4.607311156e+01 -4.607311156e+01 +4.2002e+00 -9.3572e-01 +3.0997e+00 -1.0904e+00 +4.7081e-02 -1.4972e+00 +1.6223e+00 -2.7053e-01 +8.9068e-01 -9.9977e-01 -1.3351e+00 +2.2755e+00 +4.4873e-01 +1.1621e+00 +3.6499e-01 -1.5725e+00 -1.6001e+00 +7.5900e-01 -1.8999e+00 -1.0472e+00
201 +3.535852097e+01 +3.535852097e+01 -7.163147903e+01 -7.163147903e+01 +3.4876e+00 -9.1610e-01 +3.6027e+00 -1.0929e+00 -2.2775e+00 -1.4554e+00 +2.9883e+00 +2.5793e-01 +1.3423e+00 -9.7294e-01 -5.4150e-01 +3.3580e+00 +2.2407e+00 +1.1410e+00 +9.7896e-03 -2.9823e+00 -2.0416e+00 +1.3105e-01 -2.4454e+00 -3.6713e+00
415 +2.355741258e+01 +2.355741258e+01 -8.343258742e+01 -8.343258742e+01 +2.8587e+00 +1.9757e-01 +3.2188e+00 -1.6551e+00 -2.2979e+00 -1.5707e+00 +4.3082e+00 -4.1761e-01 +2.9519e+00 -1.8407e+00 -3.4160e-01 +3.1230e+00 +3.0470e+00 +6.5126e-01 +6.1512e-01 -2.9682e+00 -3.4890e+00 -3.5928e-01 -4.5652e+00 -1.4452e+00
% function evaluation | noise-free fitness - Fopt (1.000300000000e+02) | best noise-free fitness - Fopt | measured fitness | best measured fitness | x1 | x2...
1 +8.188047193e+01 +8.188047193e+01 +1.819104719e+02 +1.819104719e+02 +1.0162e+00 +5.4355e-01 +3.4216e-01 +1.4024e+00 +7.7903e-01 +4.0795e-01 +4.9656e-01 +4.5585e-01 +1.0457e+00 +7.2870e-01 +4.2413e-01 +6.2647e-01 +6.3651e-01 +2.4253e-01 -8.3005e-02 +5.7340e-01 +5.1932e-01 +6.8926e-01 +1.2033e+00 +4.4604e-01
166 +5.977799151e+01 +5.977799151e+01 +1.598079915e+02 +1.598079915e+02 -1.1971e+00 -6.9049e-01 +2.9262e+00 +2.2314e+00 +1.7442e+00 -3.3770e+00 +3.1987e-01 -7.5647e-01 +7.9493e-01 +2.9112e+00 -1.3661e+00 +1.6102e+00 -1.0787e+00 -8.4191e-03 +1.1197e+00 +1.1834e+00 +4.0088e-01 -2.4738e+00 +4.0693e+00 +2.6307e+00
% function evaluation | noise-free fitness - Fopt (-2.788900000000e+02) | best noise-free fitness - Fopt | measured fitness | best measured fitness | x1 | x2...
1 +8.370159723e+01 +8.370159723e+01 -1.951884028e+02 -1.951884028e+02 +1.0162e+00 +5.4355e-01 +3.4216e-01 +1.4024e+00 +7.7903e-01 +4.0795e-01 +4.9656e-01 +4.5585e-01 +1.0457e+00 +7.2870e-01 +4.2413e-01 +6.2647e-01 +6.3651e-01 +2.4253e-01 -8.3005e-02 +5.7340e-01 +5.1932e-01 +6.8926e-01 +1.2033e+00 +4.4604e-01
236 +5.602628320e+01 +5.602628320e+01 -2.228637168e+02 -2.228637168e+02 +3.3607e+00 +1.7874e+00 -2.2010e+00 -8.9567e-01 -2.3004e+00 -2.8934e+00 -1.2038e-01 +3.2240e-01 +6.3160e-01 -5.0374e-01 +4.9363e-01 -4.0059e-02 +4.5440e-01 +1.7349e+00 +1.4088e+00 +1.6816e+00 +4.0436e+00 +1.2966e+00 +3.8201e+00 -1.0282e+00
389 +3.978667974e+01 +3.978667974e+01 -2.391033203e+02 -2.391033203e+02 +5.4156e+00 +2.3355e+00 -2.5596e+00 -1.6396e-02 -3.5692e+00 -2.4502e+00 -1.4353e+00 +1.6117e+00 -3.7786e-01 +1.0834e-01 +1.6496e+00 -5.8022e-01 -1.1469e+00 +1.2310e+00 -8.5427e-01 +2.8081e+00 +4.1812e+00 +1.3405e+00 +3.0235e+00 -1.6954e+00
% function evaluation | noise-free fitness - Fopt (5.142200000000e+02) | best noise-free fitness - Fopt | measured fitness | best measured fitness | x1 | x2...
1 +8.086225849e+01 +8.086225849e+01 +5.950822585e+02 +5.950822585e+02 +1.0162e+00 +5.4355e-01 +3.4216e-01 +1.4024e+00 +7.7903e-01 +4.0795e-01 +4.9656e-01 +4.5585e-01 +1.0457e+00 +7.2870e-01 +4.2413e-01 +6.2647e-01 +6.3651e-01 +2.4253e-01 -8.3005e-02 +5.7340e-01 +5.1932e-01 +6.8926e-01 +1.2033e+00 +4.4604e-01
123 +6.247200383e+01 +6.247200383e+01 +5.766920038e+02 +5.766920038e+02 +6.6329e-01 +1.0550e+00 +1.6491e+00 +6.6390e-01 -1.6647e+00 +1.0583e-01 -2.7278e-01 +1.4924e+00 +1.3888e+00 +2.5599e+00 +1.2518e+00 -4.5797e-02 -7.8178e-01 +1.5321e+00 +1.1132e+00 +3.4675e-01 +5.6559e-01 -1.3514e+00 +1.3202e+00 +2.3105e+00
159 +2.644428547e+01 +2.644428547e+01 +5.406642855e+02 +5.406642855e+02 +1.3935e+00 +1.4963e+00 +3.3486e+00 +4.0083e-01 -3.0182e+00 -5.1412e-01 -9.6358e-01 +2.8702e+00 +2.7768e+00 +3.6633e+00 +2.3109e+00 +1.1142e+00 -1.6855e+00 +3.0526e+00 +6.3103e-01 +1.0021e+00 -8.1126e-01 -3.9877e+00 +2.8310e-01 +2.3877e+00
178 +2.393205244e+01 +2.393205244e+01 +5.381520524e+02 +5.381520524e+02 +4.8843e-01 +2.1041e+00 +3.6837e+00 +5.3411e-01 -2.5930e+00 +2.8811e-03 -1.1951e+00 +3.3423e+00 +3.0389e+00 +4.6210e+00 +2.7494e+00 +1.3718e+00 -1.9938e+00 +3.0973e+00 +1.2156e+00 +3.1068e-01 -6.1957e-01 -3.4942e+00 -3.9521e-01 +2.3167e+00
434 +1.466015379e+01 +1.466015379e+01 +5.288801538e+02 +5.288801538e+02 +2.0314e+00 +1.6548e+00 +4.1594e+00 +3.5145e-02 -4.0840e+00 +3.7129e-01 -1.2355e+00 +1.1701e+00 +2.7502e+00 +4.7938e+00 +3.2355e+00 +7.7485e-01 -1.5882e+00 +1.8846e+00 +5.6541e-01 -2.2598e-01 +1.4251e-01 -3.6320e+00 -8.1709e-01 +3.5301e+00
% function evaluation | noise-free fitness - Fopt (6.098800000000e+02) | best noise-free fitness - Fopt | measured fitness | best measured fitness | x1 | x2...
1 +8.072912790e+01 +8.072912790e+01 +6.906091279e+02 +6.906091279e+02 +1.0162e+00 +5.4355e-01 +3.4216e-01 +1.4024e+00 +7.7903e-01 +4.0795e-01 +4.9656e-01 +4.5585e-01 +1.0457e+00 +7.2870e-01 +4.2413e-01 +6.2647e-01 +6.3651e-01 +2.4253e-01 -8.3005e-02 +5.7340e-01 +5.1932e-01 +6.8926e-01 +1.2033e+00 +4.4604e-01
125 +6.172654129e+01 +6.172654129e+01 +6.716065413e+02 +6.716065413e+02 +7.3409e-01 -9.3249e-01 +2.5296e-01 -2.4121e-01 +3.7290e-01 -1.8106e+00 +3.4227e+00 -1.0571e+00 +1.8049e+00 +1.3608e+00 -9.3234e-01 +1.2282e+00 -1.3408e+00 -9.2491e-01 +5.4004e-01 +1.0488e+00 +2.3765e+00 +1.3629e+00 +1.9406e+00 +5.5645e-01
163 +3.425216218e+01 +3.425216218e+01 +6.441321622e+02 +6.441321622e+02 +5.5065e-01 -2.0476e+00 -2.4057e+00 -1.0937e+00 +9.3581e-01 -3.4964e+00 +2.5154e+00 -1.1127e+00 +5.0273e-01 +2.6063e+00 +1.9572e-01 +5.5118e-01 -1.4959e+00 -3.2188e+00 +9.3724e-01 +1.2039e-01 +2.6652e+00 +1.4297e+00 +7.4465e-01 +6.2334e-01
226 +2.363626948e+01 +2.363626948e+01 +6.335162695e+02 +6.335162695e+02 -1.6331e+00 -2.7978e+00 -1.8951e+00 -1.8097e+00 +7.4132e-01 -3.9234e+00 +3.4970e+00 -2.2906e+00 +1.2068e-01 +3.1045e+00 -2.0467e+00 +8.4637e-01 -3.2680e+00 -4.2941e+00 +1.4205e+00 +1.2799e+00 +5.0758e+00 +4.2787e-01 +3.2024e+00 +2.7875e+00
269 +1.184489518e+01 +1.184489518e+01 +6.217248952e+02 +6.217248952e+02 +7.9024e-01 -2.4067e+00 -1.8773e+00 -1.5570e+00 +1.5115e-01 -3.0345e+00 +2.4636e+00 -2.6812e+00 +4.3326e-01 +2.5317e+00 -1.8791e+00 +1.6239e+00 -3.9875e+00 -2.9164e+00 +2.2231e+00 +1.1018e+00 +4.1159e+00 +2.3941e+00 +1.7321e+00 +2.8394e+00
367 +8.628760254e+00 +8.628760254e+00 +6.185087603e+02 +6.185087603e+02 +1.0661e-01 -3.3940e+00 -2.5253e+00 -1.1507e+00 -4.9825e-01 -3.9571e+00 +1.7486e+00 -2.2763e+00 +1.8655e+00 +2.2384e+00 -7.8120e-01 +1.7046e+00 -4.6599e+00 -2.3611e+00 +1.7728e+00 -4.9678e-01 +4.2050e+00 +1.0863e+00 +7.6151e-01 +4.0478e+00
376 +5.119598924e+00 +5.119598924e+00 +6.149995989e+02 +6.149995989e+02 +8.7278e-03 -3.0299e+00 -3.3320e+00 -1.3415e+00 -1.8063e-02 -2.6514e+00 +2.0568e+00 -2.5794e+00 +1.3872e+00 +1.7791e+00 -9.8746e-01 +6.2115e-01 -4.0401e+00 -2.5203e+00 +1.6726e+00 +1.4149e+00 +4.2699e+00 +1.2275e+00 +6.3797e-01 +4.0748e+00
393 +3.673456983e+00 +3.673456983e+00 +6.135534570e+02 +6.135534570e+02 -1.2881e+00 -3.7161e+00 -3.1459e+00 -1.1886e+00 -2.1823e-01 -3.0499e+00 +1.6235e+00 -3.5775e+00 +1.3241e+00 +1.6822e+00 -5.1988e-01 +1.1716e+00 -3.6853e+00 -2.8249e+00 +1.6372e+00 +2.2103e-01 +5.0723e+00 +6.5317e-01 +1.1308e+00 +4.1373e+00
518 +2.401066791e+00 +2.401066791e+00 +6.122810668e+02 +6.122810668e+02 -8.6576e-01 -3.0924e+00 -3.3802e+00 -1.0169e+00 -3.5482e-01 -2.7601e+00 +1.6247e+00 -3.2646e+00 +1.3585e+00 +1.7312e+00 -9.5217e-01 +1.1196e+00 -4.2605e+00 -3.1995e+00 +1.7448e+00 +3.3617e-01 +4.6868e+00 +9.3499e-01 +1.2240e+00 +3.2678e+00
% function evaluation | noise-free fitness - Fopt (1.224600000000e+02) | best noise-free fitness - Fopt | measured fitness | best measured fitness | x1 | x2...
1 +8.119217678e+01 +8.119217678e+01 +2.036521768e+02 +2.036521768e+02 +1.0162e+00 +5.4355e-01 +3.4216e-01 +1.4024e+00 +7.7903e-01 +4.0795e-01 +4.9656e-01 +4.5585e-01 +1.0457e+00 +7.2870e-01 +4.2413e-01 +6.2647e-01 +6.3651e-01 +2.4253e-01 -8.3005e-02 +5.7340e-01 +5.1932e-01 +6.8926e-01 +1.2033e+00 +4.4604e-01
330 +6.203412968e+01 +6.203412968e+01 +1.844941297e+02 +1.844941297e+02 -2.9982e+00 -1.0028e+00 +2.2676e+00 +5.3323e-01 -3.3714e-02 -1.9137e+00 +9.6878e-01 -1.4591e+00 +7.3043e-01 -1.5739e+00 -3.8340e-01 +1.8400e+00 +1.1171e+00 +1.3017e+00 -5.7395e-01 +2.6612e+00 +1.0360e+00 -2.9173e-01 -4.5904e+00 +2.5505e+00
% function evaluation | noise-free fitness - Fopt (-1.295000000000e+01) | best noise-free fitness - Fopt | measured fitness | best measured fitness | x1 | x2...
1 +8.051351955e+01 +8.051351955e+01 +6.756351955e+01 +6.756351955e+01 +1.0162e+00 +5.4355e-01 +3.4216e-01 +1.4024e+00 +7.7903e-01 +4.0795e-01 +4.9656e-01 +4.5585e-01 +1.0457e+00 +7.2870e-01 +4.2413e-01 +6.2647e-01 +6.3651e-01 +2.4253e-01 -8.3005e-02 +5.7340e-01 +5.1932e-01 +6.8926e-01 +1.2033e+00 +4.4604e-01
95 +5.978985784e+01 +5.978985784e+01 +4.683985784e+01 +4.683985784e+01 +2.8506e+00 +1.6238e+00 -5.0580e-01 -2.7588e-02 +1.2643e+00 -1.3230e+00 +2.4744e+00 -1.1789e+00 +2.0353e+00 +6.8814e-01 +3.3390e-01 +1.2150e+00 +1.6375e-01 +1.9177e+00 +1.9644e+00 -1.9392e-01 -5.2477e-01 +6.9518e-01 +4.9943e-01 +1.2788e+00
135 +3.881861129e+01 +3.881861129e+01 +2.586861129e+01 +2.586861129e+01 +4.0734e+00 +2.7645e+00 -2.1380e+00 -9.7583e-01 +3.2695e-01 -1.5735e+00 +1.4245e+00 -1.7006e+00 +1.7805e+00 +1.1889e+00 -6.1857e-01 +1.0580e+00 -1.2498e+00 +9.1685e-01 +2.4199e+00 -8.0185e-01 -1.2611e+00 +4.3611e-01 -1.1724e-01 +7.6909e-01
200 +2.321061751e+01 +2.321061751e+01 +1.026061751e+01 +1.026061751e+01 +4.1728e+00 +8.3358e-01 -1.8882e+00 -3.2738e+00 +1.0987e+00 -2.5622e+00 +2.9017e+00 +5.6914e-02 +2.6353e+00 +1.8997e+00 -2.0455e+00 +2.3637e-01 -1.9354e+00 +1.1000e+00 +3.8736e+00 -6.9935e-01 -1.1909e+00 +5.3594e-01 -2.3655e-01 -7.7694e-03
290 +9.857342683e+00 +9.857342683e+00 -3.092657317e+00 -3.092657317e+00 +4.2480e+00 -3.1914e-01 -2.2944e+00 -3.1542e+00 +2.3662e+00 -2.2895e+00 +2.1615e+00 -1.3765e+00 +1.7574e+00 +2.2292e+00 -1.0323e+00 +6.9578e-01 -1.8844e+00 +2.1985e+00 +3.6814e+00 -2.0926e+00 -1.4322e+00 -1.2976e+00 +1.1855e-01 -4.6964e-02
385 +5.152906420e+00 +5.152906420e+00 -7.797093580e+00 -7.797093580e+00 +3.1778e+00 -7.1573e-01 -1.8447e+00 -4.0433e+00 +1.3212e+00 -1.3860e+00 +2.3950e+00 -2.4365e+00 +4.1995e-02 +2.2381e+00 -9.3752e-01 +4.6451e-01 -3.6393e+00 +9.6877e-01 +2.4351e+00 -1.1651e+00 -1.1507e+00 -1.4221e+00 +4.2735e-01 -1.6376e-01
443 +3.000382662e+00 +3.000382662e+00 -9.949617338e+00 -9.949617338e+00 +2.5855e+00 -6.0169e-01 -2.7044e+00 -4.2632e+00 +1.3709e+00 -2.3937e+00 +2.8772e+00 -2.1172e+00 +8.1737e-01 +2.6386e+00 -1.0397e+00 -5.5887e-01 -4.2645e+00 +1.8309e+00 +2.4599e+00 -2.1082e+00 -1.8081e+00 -1.3949e+00 +1.2286e+00 +1.1760e+00
495 +2.201760623e+00 +2.201760623e+00 -1.074823938e+01 -1.074823938e+01 +3.2834e+00 -8.8690e-01 -2.5426e+00 -3.3470e+00 +1.4466e+00 -1.4566e+00 +3.1689e+00 -1.8526e+00 +9.1593e-01 +2.6568e+00 -6.3512e-01 +3.7717e-01 -3.8852e+00 +2.2440e+00 +1.9111e+00 -2.1273e+00 -7.7855e-01 -1.8122e+00 +7.9150e-01 +1.5743e+00
619 +1.301408496e+00 +1.301408496e+00 -1.164859150e+01 -1.164859150e+01 +2.6906e+00 -1.5330e+00 -3.0540e+00 -4.0321e+00 +1.2905e+00 -1.3795e+00 +2.7784e+00 -2.3044e+00 +3.9206e-01 +2.0399e+00 -4.4414e-01 -1.5742e-01 -4.1135e+00 +2.1165e+00 +2.0475e+00 -1.9423e+00 -1.2301e+00 -1.6627e+00 +1.1543e+00 +3.8831e-01
847 +9.995487389e-01 +9.995487389e-01 -1.195045126e+01 -1.195045126e+01 +3.4193e+00 -1.7952e+00 -3.0644e+00 -4.2185e+00 +1.5524e+00 -2.1188e+00 +2.8768e+00 -2.5947e+00 +3.4098e-01 +2.3703e+00 -6.2526e-01 -1.3464e-01 -4.3273e+00 +1.6099e+00 +2.1409e+00 -1.5852e+00 -5.8186e-01 -1.3148e+00 +1.2268e+00 +7.1201e-01
% function evaluation | noise-free fitness - Fopt (-6.727000000000e+01) | best noise-free fitness - Fopt | measured fitness | best measured fitness | x1 | x2...
1 +8.421578390e+01 +8.421578390e+01 +1.694578390e+01 +1.694578390e+01 +1.0162e+00 +5.4355e-01 +3.4216e-01 +1.4024e+00 +7.7903e-01 +4.0795e-01 +4.9656e-01 +4.5585e-01 +1.0457e+00 +7.2870e-01 +4.2413e-01 +6.2647e-01 +6.3651e-01 +2.4253e-01 -8.3005e-02 +5.7340e-01 +5.1932e-01 +6.8926e-01 +1.2033e+00 +4.4604e-01
184 +6.114207345e+01 +6.114207345e+01 -6.127926546e+00 -6.127926546e+00 -5.4781e-01 +2.0908e-01 +1.2524e+00 -1.4229e+00 +1.1191e+00 +2.0685e+00 -2.3989e+00 +1.8654e+00 +9.9629e-01 +1.3895e+00 +2.8592e+00 +1.1408e-01 +3.1563e+00 +1.2132e+00 +2.7141e+00 +1.1789e+00 -5.5367e-01 +3.3333e+00 -1.9277e+00 -8.1761e-01
224 +3.444306153e+01 +3.444306153e+01 -3.282693847e+01 -3.282693847e+01 -2.1240e+00 +2.5617e-01 +3.5460e+00 -2.1450e+00 +1.4360e+00 +3.2282e+00 -2.1971e-02 +1.9306e+00 -1.6257e-01 +8.6666e-01 +2.4134e+00 -8.0400e-01 +3.8852e+00 +3.8999e+00 +3.0953e+00 +3.7931e-01 -1.5070e+00 +2.2778e+00 -2.3180e+00 -2.7494e+00
245 +2.356538552e+01 +2.356538552e+01 -4.370461448e+01 -4.370461448e+01 -4.2096e-01 -1.1755e+00 +2.1476e+00 -1.5246e+00 +2.1386e+00 +2.3447e+00 -9.6882e-01 +2.6625e+00 -1.9346e+00 +1.9392e+00 +2.0996e+00 -8.6458e-01 +3.3432e+00 +3.8345e+00 +1.2651e+00 -5.2124e-01 -1.1616e+00 +3.1780e+00 -2.2416e+00 -3.7505e+00
360 +1.243227649e+01 +1.243227649e+01 -5.483772351e+01 -5.483772351e+01 -8.3583e-01 -2.8678e+00 +4.0528e+00 -7.5010e-01 -1.3678e+00 +2.5755e+00 -2.1792e+00 +2.9662e+00 -3.0117e-01 +1.6097e+00 +4.6707e+00 -4.7927e+00 +1.5808e+00 +4.2444e+00 +2.4640e+00 -4.7436e-01 -1.1979e+00 +2.9402e+00 -3.3749e+00 -3.1042e+00
376 +8.171067101e+00 +8.171067101e+00 -5.909893290e+01 -5.909893290e+01 -1.3954e+00 -2.4919e+00 +2.9338e+00 -6.4981e-01 -6.5877e-01 +1.7161e+00 -1.8841e+00 +2.0808e+00 +5.3178e-02 +1.9770e-01 +2.9975e+00 -3.6855e+00 +1.4731e+00 +2.6987e+00 +1.9760e+00 -1.2004e-01 -1.4361e+00 +2.1613e+00 -4.2126e+00 -3.7380e+00
455 +5.965714397e+00 +5.965714397e+00 -6.130428560e+01 -6.130428560e+01 -2.0974e+00 -2.5097e+00 +4.4228e+00 -2.0322e+00 -2.0121e-01 +1.3089e+00 -2.1678e+00 +2.9095e+00 -1.5174e+00 +7.8290e-01 +2.8976e+00 -3.5847e+00 +1.7964e+00 +3.5443e+00 +2.6846e+00 +9.1179e-01 -8.9189e-01 +2.9726e+00 -3.5775e+00 -5.2724e+00
483 +2.883634548e+00 +2.883634548e+00 -6.438636545e+01 -6.438636545e+01 -2.2602e+00 -2.1575e+00 +4.0456e+00 -1.1986e+00 -3.2417e-01 +2.0865e+00 -1.3837e+00 +3.2188e+00 -9.1118e-01 +5.6568e-01 +2.4855e+00 -3.8090e+00 +2.0350e+00 +3.3987e+00 +1.7445e+00 +1.7163e+00 -1.9772e+00 +3.8045e+00 -3.0958e+00 -3.8738e+00
495 +2.283552507e+00 +2.283552507e+00 -6.498644749e+01 -6.498644749e+01 -1.7979e+00 -1.8805e+00 +3.9580e+00 -1.7664e+00 -2.4918e-01 +1.8616e+00 -1.3921e+00 +3.7439e+00 -1.0461e+00 +1.4028e+00 +2.6772e+00 -4.0631e+00 +2.3946e+00 +3.6752e+00 +1.5791e+00 +5.0466e-01 -1.1146e+00 +2.7972e+00 -2.9699e+00 -3.9755e+00
682 +1.342535214e+00 +1.342535214e+00 -6.592746479e+01 -6.592746479e+01 -2.2655e+00 -2.8792e+00 +3.9682e+00 -8.2701e-01 -2.4919e-02 +2.1753e+00 -2.0914e+00 +3.1543e+00 -9.4844e-01 +1.0022e+00 +3.1245e+00 -4.2679e+00 +2.3116e+00 +3.4884e+00 +1.5908e+00 +6.0748e-01 -1.8752e+00 +3.1489e+00 -3.1119e+00 -4.1142e+00
832 +9.146562607e-01 +9.146562607e-01 -6.635534374e+01 -6.635534374e+01 -2.0688e+00 -2.6488e+00 +4.1364e+00 -1.0846e+00 +2.0958e-01 +2.0076e+00 -1.5725e+00 +3.3093e+00 -1.0988e+00 +4.6380e-01 +3.0452e+00 -3.9320e+00 +2.3520e+00 +3.3037e+00 +1.8353e+00 +6.5843e-01 -1.9536e+00 +2.8895e+00 -3.1955e+00 -4.3018e+00
% function evaluation | noise-free fitness - Fopt (-7.900000000000e-01) | best noise-free fitness - Fopt | measured fitness | best measured fitness | x1 | x2...
1 +8.123652830e+01 +8.123652830e+01 +8.044652830e+01 +8.044652830e+01 +1.0162e+00 +5.4355e-01 +3.4216e-01 +1.4024e+00 +7.7903e-01 +4.0795e-01 +4.9656e-01 +4.5585e-01 +1.0457e+00 +7.2870e-01 +4.2413e-01 +6.2647e-01 +6.3651e-01 +2.4253e-01 -8.3005e-02 +5.7340e-01 +5.1932e-01 +6.8926e-01 +1.2033e+00 +4.4604e-01
110 +5.268151734e+01 +5.268151734e+01 +5.189151734e+01 +5.189151734e+01 +2.1851e+00 +1.0635e+00 -4.1577e-01 +2.3825e+00 +1.8216e+00 +1.8151e-02 +1.1752e+00 -5.5737e-01 -3.9217e-01 +1.7606e+00 -1.5215e+00 -1.9808e+00 +1.1829e-01 -2.0406e+00 -1.9719e+00 -1.0768e+00 +1.5039e+00 +4.4263e-01 +1.2817e+00 -8.7072e-02
134 +3.672285536e+01 +3.672285536e+01 +3.593285536e+01 +3.593285536e+01 +1.5984e+00 +1.0999e+00 -1.2209e+00 +2.7341e+00 +1.8862e+00 +1.3593e+00 +6.4791e-01 -1.1329e+00 -2.9791e-01 +6.8917e-02 -2.2811e+00 -2.3681e+00 +4.0768e-01 -3.9238e+00 -3.3046e+00 -3.7849e-01 +1.9280e+00 +4.8540e-01 +7.2793e-01 -1.7278e+00
174 +2.324446234e+01 +2.324446234e+01 +2.245446234e+01 +2.245446234e+01 +1.1865e+00 +2.5142e+00 -6.6819e-01 +2.7098e+00 +3.2369e+00 -7.7861e-02 +1.6273e+00 +1.1945e+00 +4.1891e-01 -1.2442e-01 -2.5797e+00 -2.3250e+00 -2.2955e-02 -3.1663e+00 -3.0495e+00 -7.0784e-01 +2.1033e+00 -7.2277e-01 +1.5413e+00 -4.2380e-01
313 +1.325754078e+01 +1.325754078e+01 +1.246754078e+01 +1.246754078e+01 +2.2254e+00 +3.7257e+00 -1.4149e+00 +2.3112e+00 +3.8302e+00 +7.6719e-01 +2.3394e-01 +3.1260e-01 -1.5309e-01 -3.6927e-01 -4.7140e+00 -2.8856e+00 +1.2888e+00 -2.2609e+00 -5.3185e-01 -3.1235e+00 +4.3751e+00 -5.2376e-01 +3.2466e-01 -1.1774e+00
354 +9.994603725e+00 +9.994603725e+00 +9.204603725e+00 +9.204603725e+00 +3.5082e+00 +1.3803e+00 -1.0337e+00 +3.0907e+00 +4.0876e+00 +1.3512e+00 +6.0302e-01 +7.8998e-02 +1.4052e-01 +2.6502e-03 -3.9485e+00 -2.8396e+00 +5.1580e-01 -4.1852e+00 -9.6213e-01 -1.6121e+00 +3.9661e+00 -8.1451e-01 -4.2270e-01 -1.5551e+00
388 +6.258651157e+00 +6.258651157e+00 +5.468651157e+00 +5.468651157e+00 +2.0201e+00 +2.6392e+00 -7.9072e-01 +2.8520e+00 +3.5447e+00 +1.0897e+00 +1.4494e+00 -2.7722e-01 +1.0063e+00 -3.3949e-01 -4.3740e+00 -2.6474e+00 +5.8695e-01 -3.2452e+00 -9.2906e-01 -1.0789e+00 +3.7460e+00 -2.6547e-01 -1.1481e-01 -9.3780e-01
495 +3.672849470e+00 +3.672849470e+00 +2.882849470e+00 +2.882849470e+00 +2.6526e+00 +3.0575e+00 -1.6333e+00 +2.4094e+00 +4.7099e+00 +1.3293e+00 +1.7742e+00 +2.4765e-01 -2.1995e-03 -2.5590e-01 -4.0356e+00 -3.0031e+00 +5.6720e-01 -3.3380e+00 -1.0593e+00 -1.2903e+00 +3.9461e+00 -3.4077e-02 +8.4772e-01 -1.1008e+00
538 +2.411001391e+00 +2.411001391e+00 +1.621001391e+00 +1.621001391e+00 +2.6467e+00 +2.1934e+00 -1.6004e+00 +2.7395e+00 +4.1703e+00 +1.1088e+00 +1.6827e+00 +3.3718e-01 +7.7970e-01 -1.8643e-01 -4.6066e+00 -3.4771e+00 +3.6787e-01 -3.2767e+00 -1.1160e+00 -1.0895e+00 +4.3840e+00 -6.5455e-01 +8.5949e-01 -8.7982e-01
% function evaluation | noise-free fitness - Fopt (4.417000000000e+01) | best noise-free fitness - Fopt | measured fitness | best measured fitness | x1 | x2...
1 +8.405595431e+01 +8.405595431e+01 +1.282259543e+02 +1.282259543e+02 +1.0162e+00 +5.4355e-01 +3.4216e-01 +1.4024e+00 +7.7903e-01 +4.0795e-01 +4.9656e-01 +4.5585e-01 +1.0457e+00 +7.2870e-01 +4.2413e-01 +6.2647e-01 +6.3651e-01 +2.4253e-01 -8.3005e-02 +5.7340e-01 +5.1932e-01 +6.8926e-01 +1.2033e+00 +4.4604e-01
174 +6.110970962e+01 +6.110970962e+01 +1.052797096e+02 +1.052797096e+02 -1.4184e+00 +2.9715e+00 -6.1349e-01 -1.6065e+00 +3.4052e-01 +5.7992e-01 -2.6058e+00 +3.3540e-01 +6.3378e-03 +1.6869e+00 -5.0272e-01 -2.1701e+00 -8.9562e-01 +9.1402e-01 +2.5008e-01 -9.9303e-01 -9.0921e-02 -1.3738e+00 +7.8618e-01 +1.0158e+00
193 +2.944772577e+01 +2.944772577e+01 +7.361772577e+01 +7.361772577e+01 -1.2726e+00 +4.2039e+00 -5.4596e-01 -2.7550e+00 +1.8685e+00 -4.3678e-01 -2.9530e+00 +8.3731e-01 -2.5870e-01 +8.8832e-01 -1.6390e+00 -3.7383e+00 -4.2794e-01 +7.8684e-01 -3.3957e-01 -1.1653e-01 +8.2079e-01 -1.3857e+00 +3.3777e+00 +1.9853e+00
258 +2.405690558e+01 +2.405690558e+01 +6.822690558e+01 +6.822690558e+01 -5.6232e-01 +5.4342e+00 +7.2593e-04 -3.3585e+00 +4.0088e+00 +1.4451e+00 -4.1884e+00 +1.3420e+00 -9.6479e-01 +1.2378e+00 -1.8767e+00 -3.2060e+00 +3.8001e-01 +1.3232e+00 -6.3052e-01 -2.3729e+00 +1.1399e+00 -1.4652e+00 +4.3751e+00 +3.8210e+00
281 +1.573397533e+01 +1.573397533e+01 +5.990397533e+01 +5.990397533e+01 +3.9350e-01 +2.8846e+00 -7.5363e-01 -3.6915e+00 +4.2018e+00 +2.1452e+00 -2.7208e+00 -9.5585e-02 -1.6460e+00 +1.0141e+00 -2.2731e+00 -2.8156e+00 -1.0143e+00 +1.2097e+00 -1.6976e+00 -2.3205e+00 -2.6689e-01 -1.6033e+00 +6.4918e+00 +2.4578e+00
379 +7.654428035e+00 +7.654428035e+00 +5.182442804e+01 +5.182442804e+01 -5.7940e-01 +3.3256e+00 -3.2859e+00 -3.7785e+00 +3.9749e+00 +1.8237e+00 -3.5455e+00 -1.0288e-01 -9.8398e-01 +2.9449e-01 -1.4596e+00 -2.7579e+00 -2.2707e+00 +4.7636e-01 -8.4746e-01 -1.7870e+00 +1.4295e+00 -1.2057e+00 +4.1979e+00 +1.5668e+00
393 +5.501118156e+00 +5.501118156e+00 +4.967111816e+01 +4.967111816e+01 -7.7333e-01 +3.8239e+00 -1.7491e+00 -4.0647e+00 +5.4881e+00 +2.0023e+00 -3.2872e+00 +7.2464e-01 -1.8950e+00 +6.0649e-01 -1.8373e+00 -3.5043e+00 -2.6115e+00 +4.1738e-01 -1.8683e+00 -1.9638e+00 +1.2796e+00 -7.5858e-01 +4.5471e+00 +2.6678e+00
443 +2.721384051e+00 +2.721384051e+00 +4.689138405e+01 +4.689138405e+01 -5.4882e-02 +4.0048e+00 -2.0237e+00 -4.2532e+00 +4.7588e+00 +2.4069e+00 -3.8549e+00 +9.4027e-01 -2.2625e+00 -2.5018e-01 -1.6231e+00 -3.5007e+00 -8.4331e-01 +2.6281e-01 -1.3253e+00 -2.4517e+00 +2.0995e+00 -7.0848e-01 +3.9101e+00 +2.4584e+00
495 +2.094061164e+00 +2.094061164e+00 +4.626406116e+01 +4.626406116e+01 +2.8702e-01 +3.9153e+00 -1.9965e+00 -3.5197e+00 +4.0366e+00 +1.8371e+00 -3.3726e+00 +5.0780e-01 -1.7839e+00 -4.0419e-01 -1.7790e+00 -4.1145e+00 -2.5121e+00 +1.4064e+00 -1.6855e+00 -1.8995e+00 +1.6535e+00 -1.2156e+00 +4.2206e+00 +3.4322e+00
670 +1.311789431e+00 +1.311789431e+00 +4.548178943e+01 +4.548178943e+01 -3.2643e-01 +3.8865e+00 -1.9043e+00 -3.8915e+00 +4.5065e+00 +2.5104e+00 -3.5064e+00 +1.1161e-01 -1.7523e+00 -3.7799e-01 -2.0077e+00 -3.6630e+00 -1.5641e+00 +9.2267e-01 -1.4127e+00 -1.7005e+00 +1.4693e+00 -1.1348e+00 +4.3265e+00 +3.2207e+00
763 +9.859724874e-01 +9.859724874e-01 +4.515597249e+01 +4.515597249e+01 -1.8349e-01 +3.7102e+00 -1.9564e+00 -3.9237e+00 +4.6089e+00 +2.5134e+00 -3.8732e+00 +1.7349e-01 -1.7901e+00 -4.8756e-01 -1.7534e+00 -3.5081e+00 -1.6360e+00 +9.4130e-01 -1.1342e+00 -1.8401e+00 +1.8638e+00 -1.1922e+00 +4.1165e+00 +2.8280e+00
% function evaluation | noise-free fitness - Fopt (4.886000000000e+01) | best noise-free fitness - Fopt | measured fitness | best measured fitness | x1 | x2...
1 +8.239207491e+01 +8.239207491e+01 +1.312520749e+02 +1.312520749e+02 +1.0162e+00 +5.4355e-01 +3.4216e-01 +1.4024e+00 +7.7903e-01 +4.0795e-01 +4.9656e-01 +4.5585e-01 +1.0457e+00 +7.2870e-01 +4.2413e-01 +6.2647e-01 +6.3651e-01 +2.4253e-01 -8.3005e-02 +5.7340e-01 +5.1932e-01 +6.8926e-01 +1.2033e+00 +4.4604e-01
136 +6.225727384e+01 +6.225727384e+01 +1.111172738e+02 +1.111172738e+02 +3.0837e+00 +1.6499e+00 +1.7596e+00 +2.5564e+00 +1.2880e+00 +1.0495e+00 -2.2901e+00 +1.1747e+00 +1.4700e+00 +2.5241e+00 -1.7054e+00 +2.3826e+00 +7.0280e-01 +2.7564e+00 +9.4929e-01 -1.7236e+00 -6.4758e-01 +2.0567e+00 +7.9506e-01 +1.3325e+00
269 +3.905896355e+01 +3.905896355e+01 +8.791896355e+01 +8.791896355e+01 +4.3388e+00 +2.1526e+00 +4.4533e+00 +3.5644e+00 +3.8666e+00 +3.9351e+00 -3.2779e+00 -2.8766e-01 +3.3259e+00 +2.1813e+00 -1.1026e+00 +1.9960e+00 +8.3349e-01 +4.2997e+00 +6.9910e-01 -3.6085e+00 -5.9393e-01 +3.7666e+00 +1.8198e+00 +3.3787e+00
363 +2.502704061e+01 +2.502704061e+01 +7.388704061e+01 +7.388704061e+01 +3.7271e+00 +4.7875e-01 +3.2978e+00 +2.2980e+00 +2.3710e+00 +4.3122e+00 -4.0743e+00 +3.4028e-01 +3.3806e+00 +1.6293e+00 -1.9043e+00 +3.7874e+00 +5.1694e-01 +4.0260e+00 +5.8750e-01 -1.6225e+00 -6.8988e-01 +3.1984e+00 +2.3663e+00 +2.9814e+00
% function evaluation | noise-free fitness - Fopt (-3.442000000000e+01) | best noise-free fitness - Fopt | measured fitness | best measured fitness | x1 | x2...
1 +7.252151892e+01 +7.252151892e+01 +3.810151892e+01 +3.810151892e+01 +1.0162e+00 +5.4355e-01 +3.4216e-01 +1.4024e+00 +7.7903e-01 +4.0795e-01 +4.9656e-01 +4.5585e-01 +1.0457e+00 +7.2870e-01 +4.2413e-01 +6.2647e-01 +6.3651e-01 +2.4253e-01 -8.3005e-02 +5.7340e-01 +5.1932e-01 +6.8926e-01 +1.2033e+00 +4.4604e-01
70 +6.190736286e+01 +6.190736286e+01 +2.748736286e+01 +2.748736286e+01 +1.0554e+00 +6.1843e-01 +7.3623e-01 +1.0873e+00 +2.5235e-01 -4.7783e-01 +1.7077e+00 -3.9630e-01 +4.2283e-01 +5.0789e-01 +4.3103e-01 +8.8790e-01 +1.8014e+00 -1.1875e+00 +3.5288e-01 +1.0887e+00 +4.3613e-01 +1.3855e-01 +1.1716e+00 +5.9030e-01
128 +3.628784159e+01 +3.628784159e+01 +1.867841594e+00 +1.867841594e+00 +8.5933e-01 +3.8446e-02 +1.2877e+00 +8.6293e-01 +4.6068e-01 -5.9632e-01 +1.9001e+00 -2.1375e+00 -4.6565e-02 +6.6896e-02 -6.6246e-01 +1.2744e+00 +2.1329e+00 -2.2774e+00 -1.2077e+00 +2.9718e+00 +4.6068e-01 -8.2140e-01 +8.2945e-01 +7.2414e-01
158 +2.064940829e+01 +2.064940829e+01 -1.377059171e+01 -1.377059171e+01 +2.8865e-01 -2.6270e-01 +1.7759e+00 -5.7785e-02 +9.9586e-01 -8.1498e-01 +2.7613e+00 -2.6543e+00 -6.0607e-01 +1.2484e-01 +3.5199e-01 +1.1300e+00 +2.2628e+00 -3.0137e+00 -1.6445e+00 +2.6139e+00 +3.1632e-01 -2.3263e-01 +3.0267e-01 -3.1510e-01
201 +1.277096358e+01 +1.277096358e+01 -2.164903642e+01 -2.164903642e+01 -8.1388e-02 +2.7309e-01 +2.0553e+00 -8.0109e-01 +8.3955e-01 -1.5502e+00 +3.1102e+00 -3.5246e+00 -7.5593e-01 -7.3327e-02 -4.7985e-01 +1.8342e+00 +4.1194e+00 -3.6979e+00 -1.4934e+00 +3.1131e+00 +1.1057e-01 +1.3808e+00 -2.1926e-01 -1.0744e+00
494 +9.836289124e+00 +9.836289124e+00 -2.458371088e+01 -2.458371088e+01 -3.7033e-01 +5.4892e-01 +1.4660e+00 -4.0933e-01 +1.0947e+00 -1.3644e+00 +2.6836e+00 -4.0755e+00 -8.0274e-01 +5.1705e-01 -1.0728e+00 +1.5960e+00 +3.8581e+00 -3.2204e+00 -1.1355e+00 +2.6818e+00 +5.2157e-01 +4.6712e-01 -5.4694e-01 -1.4469e+00
% function evaluation | noise-free fitness - Fopt (-1.379300000000e+02) | best noise-free fitness - Fopt | measured fitness | best measured fitness | x1 | x2...
1 +8.173691798e+01 +8.173691798e+01 -5.619308202e+01 -5.619308202e+01 +1.0162e+00 +5.4355e-01 +3.4216e-01 +1.4024e+00 +7.7903e-01 +4.0795e-01 +4.9656e-01 +4.5585e-01 +1.0457e+00 +7.2870e-01 +4.2413e-01 +6.2647e-01 +6.3651e-01 +2.4253e-01 -8.3005e-02 +5.7340e-01 +5.1932e-01 +6.8926e-01 +1.2033e+00 +4.4604e-01
85 +5.727600546e+01 +5.727600546e+01 -8.065399454e+01 -8.065399454e+01 +2.7052e+00 +9.7520e-01 -5.1786e-01 +2.1123e+00 +4.6260e-01 +1.3190e-01 -3.0574e-01 +2.4283e-01 +1.0876e+00 +5.6981e-01 -2.0039e-01 +7.4240e-01 -4.5826e-01 +1.4074e+00 +6.8437e-01 -2.4454e-01 -2.3800e+00 +2.3092e+00 +1.8414e+00 +9.3330e-01
129 +2.707292732e+01 +2.707292732e+01 -1.108570727e+02 -1.108570727e+02 +4.3145e+00 +2.4425e+00 -1.1345e+00 +2.3924e+00 +6.6969e-01 -3.7487e-02 -4.9128e-01 -1.0275e+00 +1.4084e+00 -7.0678e-01 -6.7984e-01 +1.3665e+00 -1.9863e+00 +1.7791e+00 +2.3121e-01 -9.2882e-01 -2.1288e+00 +3.1085e+00 +2.8572e+00 +7.6546e-01
139 +2.163059866e+01 +2.163059866e+01 -1.162994013e+02 -1.162994013e+02 +3.0098e+00 +2.5533e+00 -1.0013e+00 +1.9307e+00 +4.3861e-01 -3.1272e-01 -1.6509e-01 -1.1216e+00 +9.2862e-01 -1.6937e+00 -1.2857e+00 +1.1457e+00 -2.2271e-01 +1.5836e+00 -3.7007e-01 -3.5454e-01 -2.2042e+00 +3.4320e+00 +2.5351e+00 +2.6766e-01
292 +8.973975494e+00 +8.973975494e+00 -1.289560245e+02 -1.289560245e+02 +3.4705e+00 +2.8563e+00 -1.1866e-01 +2.7474e+00 -1.9612e+00 +5.7777e-01 +3.9823e-01 -6.3139e-01 +3.5285e-01 -1.9586e+00 +1.1382e+00 +2.5395e+00 -2.6742e+00 +1.0903e+00 -1.3784e+00 -8.1098e-01 -3.1769e+00 +3.6833e+00 -6.5950e-02 +2.8611e-01
459 +4.866358468e+00 +4.866358468e+00 -1.330636415e+02 -1.330636415e+02 +4.7465e+00 +3.6747e+00 -1.0321e+00 +3.1577e+00 -1.6021e+00 +1.3537e+00 -6.6601e-01 -5.4850e-01 -5.8311e-01 -2.4918e+00 +6.6312e-01 +1.6734e+00 -2.1314e+00 +1.4475e+00 -1.4405e+00 -1.0393e+00 -3.6864e+00 +2.4132e+00 -1.6862e-01 -2.3415e-01
495 +3.913678710e+00 +3.913678710e+00 -1.340163213e+02 -1.340163213e+02 +5.1242e+00 +3.6300e+00 -8.0581e-01 +3.1929e+00 -2.0698e+00 +8.7217e-01 -9.9608e-01 -2.1875e-01 -7.0509e-01 -3.1598e+00 +1.0082e+00 +1.9069e+00 -1.8878e+00 +1.5405e+00 -1.3863e+00 -1.4991e+00 -3.6250e+00 +2.1324e+00 -3.6405e-01 +2.4604e-01
543 +2.163773655e+00 +2.163773655e+00 -1.357662263e+02 -1.357662263e+02 +4.5184e+00 +4.0062e+00 -1.6746e+00 +3.2280e+00 -1.8990e+00 +1.1576e+00 -7.9664e-01 -6.4020e-01 -5.4688e-03 -3.3575e+00 +7.7442e-01 +1.4621e+00 -1.4161e+00 +2.0051e+00 -1.6871e+00 -9.6546e-01 -3.0649e+00 +2.4338e+00 -9.5563e-01 +4.0773e-02
1022 +1.534347705e+00 +1.534347705e+00 -1.363956523e+02 -1.363956523e+02 +4.8311e+00 +4.1713e+00 -1.1532e+00 +3.4985e+00 -2.3893e+00 +8.3024e-01 -1.4150e+00 -6.3293e-01 -5.7475e-02 -3.5769e+00 +9.4020e-01 +1.3204e+00 -1.3579e+00 +2.0622e+00 -2.0785e+00 -1.2139e+00 -2.9706e+00 +3.4459e+00 -1.5967e+00 -5.4646e-01
1297 +9.588700246e-01 +9.588700246e-01 -1.369711300e+02 -1.369711300e+02 +4.8319e+00 +4.2062e+00 -1.6416e+00 +3.2954e+00 -2.2987e+00 +4.7613e-01 -1.3705e+00 -7.7978e-01 +2.6919e-01 -3.4526e+00 +1.0054e+00 +1.2800e+00 -1.3625e+00 +1.8923e+00 -2.3758e+00 -1.5685e+00 -3.2104e+00 +3.4491e+00 -1.6862e+00 -5.2378e-01
% function evaluation | noise-free fitness - Fopt (1.000000000000e+03) | best noise-free fitness - Fopt | measured fitness | best measured fitness | x1 | x2...
1 +8.263698725e+01 +8.263698725e+01 +1.082636987e+03 +1.082636987e+03 +1.0162e+00 +5.4355e-01 +3.4216e-01 +1.4024e+00 +7.7903e-01 +4.0795e-01 +4.9656e-01 +4.5585e-01 +1.0457e+00 +7.2870e-01 +4.2413e-01 +6.2647e-01 +6.3651e-01 +2.4253e-01 -8.3005e-02 +5.7340e-01 +5.1932e-01 +6.8926e-01 +1.2033e+00 +4.4604e-01
159 +6.082755950e+01 +6.082755950e+01 +1.060827559e+03 +1.060827559e+03 +9.9579e-01 +4.4696e+00 -6.5289e-01 +2.9171e-01 -1.5747e+00 +2.3545e+00 +1.8502e+00 -1.4204e+00 -4.7050e-01 -8.3890e-02 +1.3640e+00 +2.7658e-02 +6.1598e-01 +3.6998e+00 -1.0371e+00 +1.3767e+00 -2.1485e+00 +2.4083e-01 +1.4893e+00 +4.5804e+00
196 +3.893780032e+01 +3.893780032e+01 +1.038937800e+03 +1.038937800e+03 +8.5490e-01 +4.3960e+00 -3.3377e+00 +1.6921e+00 -1.8089e+00 +3.2994e+00 +1.0517e+00 -2.1152e+00 -4.2513e-01 -2.2169e-01 +5.5354e-01 -2.1695e+00 -1.0299e+00 +2.0496e+00 -2.8821e+00 +1.8752e+00 +1.1513e-02 +4.8581e-01 +3.2049e+00 +5.9091e+00
284 +1.903118912e+01 +1.903118912e+01 +1.019031189e+03 +1.019031189e+03 -9.9021e-02 +3.0171e+00 -3.8086e+00 +2.2457e+00 -2.5366e+00 +2.7424e+00 +2.0478e+00 -1.4109e+00 -7.4200e-01 -6.4991e-01 +8.9283e-01 -2.5212e-01 -1.5496e+00 +3.2143e+00 -1.1849e+00 +1.9106e+00 -2.7051e+00 +3.7275e+00 +2.1473e+00 +5.2226e+00
340 +1.536484384e+01 +1.536484384e+01 +1.015364844e+03 +1.015364844e+03 -9.8339e-01 +2.8898e+00 -3.5041e+00 +8.2084e-01 -2.1634e+00 +2.0143e+00 +2.8011e+00 -1.9638e+00 -1.4163e+00 +1.7894e+00 +1.1550e+00 -1.3685e+00 -2.2174e+00 +4.1675e+00 -1.2621e+00 +1.1539e+00 -1.7164e+00 +3.5891e+00 +2.6836e+00 +4.5150e+00
376 +9.726970592e+00 +9.726970592e+00 +1.009726971e+03 +1.009726971e+03 -6.6672e-02 +3.4083e+00 -3.7536e+00 -1.6195e-01 -3.5093e+00 +2.4937e+00 +9.1984e-01 -2.7069e+00 -6.7925e-01 -8.2510e-01 +1.7876e+00 -1.3816e+00 -2.4596e+00 +4.0282e+00 -1.3074e+00 +2.7550e+00 -4.5414e-01 +1.3506e+00 +2.3301e+00 +4.9659e+00
385 +5.359869814e+00 +5.359869814e+00 +1.005359870e+03 +1.005359870e+03 -6.7601e-01 +3.3067e+00 -4.2762e+00 +2.8890e-01 -3.7937e+00 +2.6182e+00 +8.4468e-01 -2.1916e+00 -2.2131e+00 -3.3047e-01 +8.9687e-01 -2.2909e+00 -2.3247e+00 +4.8314e+00 -1.7626e+00 +2.1390e+00 -1.1942e+00 +3.0427e+00 +2.0614e+00 +5.7079e+00
483 +3.889096060e+00 +3.889096060e+00 +1.003889096e+03 +1.003889096e+03 -6.6656e-02 +3.0717e+00 -4.3064e+00 +9.3756e-01 -4.5188e+00 +3.6682e+00 +1.3263e+00 -1.9381e+00 -1.5610e+00 -5.9811e-01 +1.6517e+00 -1.4282e+00 -3.1138e+00 +3.8504e+00 -1.6038e+00 +1.6309e+00 -2.4946e+00 +3.4845e+00 +2.5412e+00 +4.7012e+00
520 +2.374086550e+00 +2.374086550e+00 +1.002374087e+03 +1.002374087e+03 -5.0306e-01 +2.9950e+00 -4.2440e+00 -3.7254e-01 -4.7896e+00 +3.8306e+00 +2.2847e+00 -2.1045e+00 -8.9517e-01 -3.7517e-01 +1.2076e+00 -2.8869e+00 -2.1780e+00 +3.8509e+00 -2.4604e+00 +2.1238e+00 -2.3674e+00 +3.8322e+00 +2.1706e+00 +4.9567e+00
644 +1.564945973e+00 +1.564945973e+00 +1.001564946e+03 +1.001564946e+03 -5.5658e-01 +2.9722e+00 -4.4183e+00 -4.8775e-02 -4.2627e+00 +3.2155e+00 +1.9658e+00 -2.5766e+00 -7.4978e-01 +2.5257e-01 +1.5062e+00 -2.2015e+00 -2.7994e+00 +4.2825e+00 -1.5468e+00 +2.4227e+00 -1.9207e+00 +3.0435e+00 +2.4924e+00 +4.8810e+00
770 +9.323877868e-01 +9.323877868e-01 +1.000932388e+03 +1.000932388e+03 -5.1671e-01 +3.2840e+00 -4.6646e+00 +8.3202e-02 -4.4405e+00 +3.0660e+00 +1.8399e+00 -2.2527e+00 -7.8758e-01 -2.3099e-01 +1.6826e+00 -2.2636e+00 -2.5706e+00 +4.5704e+00 -1.8323e+00 +2.3316e+00 -2.0707e+00 +3.2523e+00 +2.6311e+00 +5.0958e+00
