% function evaluation | noise-free fitness - Fopt (1.491500000000e+02) | best noise-free fitness - Fopt | measured fitness | best measured fitness | x1 | x2...
1 +9.497767909e+03 +9.497767909e+03 +9.646917909e+03 +9.646917909e+03 -7.8594e-01 -2.0320e+00 +2.1370e+00 +1.2453e+00 -3.1256e+00
27 +2.872953252e+03 +2.872953252e+03 +3.022103252e+03 +3.022103252e+03 +1.0098e+00 -2.1305e+00 -1.1988e+00 +2.3218e+00 -6.9395e-01
98 +1.872233223e+03 +1.872233223e+03 +2.021383223e+03 +2.021383223e+03 -1.5553e+00 -2.5905e+00 -2.4006e+00 +1.1455e+00 -1.4098e+00
430 +1.564173935e+03 +1.564173935e+03 +1.713323935e+03 +1.713323935e+03 -3.0378e+00 -1.3672e-01 -1.9216e+00 +4.9555e-01 -2.8244e+00
534 +9.428980861e+02 +9.428980861e+02 +1.092048086e+03 +1.092048086e+03 -1.6260e+00 -1.3932e+00 -2.6913e+00 +1.8205e+00 -1.2310e+00
1226 +3.204242758e+02 +3.204242758e+02 +4.695742758e+02 +4.695742758e+02 -1.6074e+00 -9.3553e-01 -3.7241e-02 +2.5970e+00 +6.7579e-01
2434 +2.174261583e+01 +2.174261583e+01 +1.708926158e+02 +1.708926158e+02 -1.2002e+00 -1.1911e+00 -1.2091e+00 +6.3753e-01 -3.7578e+00
% function evaluation | noise-free fitness - Fopt (-1.000000000000e+03) | best noise-free fitness - Fopt | measured fitness | best measured fitness | x1 | x2...
1 +4.297456667e+05 +4.297456667e+05 +4.287456667e+05 +4.287456667e+05 +3.9112e+00 -5.0056e-01 +1.6558e+00 +2.7999e+00 +1.6653e+00
3 +1.372980056e+05 +1.372980056e+05 +1.362980056e+05 +1.362980056e+05 +1.4778e+00 -3.8979e+00 -6.8316e-01 -1.7818e+00 -8.7417e-01
4 +8.527617823e+04 +8.527617823e+04 +8.427617823e+04 +8.427617823e+04 +4.0218e-01 -3.9002e+00 -1.6215e+00 -9.1461e-01 -1.3931e+00
6 +5.072759322e+04 +5.072759322e+04 +4.972759322e+04 +4.972759322e+04 +9.3854e-01 +1.0650e+00 +1.4683e+00 -4.4768e+00 -3.0795e+00
7 +1.601645165e+04 +1.601645165e+04 +1.501645165e+04 +1.501645165e+04 -4.9036e+00 -2.8895e+00 +3.5139e+00 -1.5047e+00 +4.3013e+00
12 +7.061332857e+03 +7.061332857e+03 +6.061332857e+03 +6.061332857e+03 -3.3293e+00 -1.5518e+00 -1.9092e+00 -6.8009e-01 -4.0846e+00
19 +3.696739847e+03 +3.696739847e+03 +2.696739847e+03 +2.696739847e+03 -1.9459e+00 -1.5239e+00 +1.5612e+00 -3.1554e+00 -1.1607e+00
75 +1.425209211e+03 +1.425209211e+03 +4.252092107e+02 +4.252092107e+02 -3.6166e+00 -9.4105e-01 +1.5103e+00 -4.9619e+00 +3.8609e+00
92 +5.788150972e+02 +5.788150972e+02 -4.211849028e+02 -4.211849028e+02 -3.6490e+00 +7.6028e-03 -7.6653e-01 -1.8563e+00 -4.2893e+00
722 +2.041466948e+02 +2.041466948e+02 -7.958533052e+02 -7.958533052e+02 -2.5188e+00 +1.1573e+00 +1.8709e+00 -1.8486e+00 -2.3573e+00
4380 +3.546941446e+01 +3.546941446e+01 -9.645305855e+02 -9.645305855e+02 -3.3029e+00 +6.6383e-01 +8.0394e-01 -2.2207e+00 -2.4456e+00
% function evaluation | noise-free fitness - Fopt (9.862000000000e+01) | best noise-free fitness - Fopt | measured fitness | best measured fitness | x1 | x2...
1 +1.798749370e+05 +1.798749370e+05 +1.799735570e+05 +1.799735570e+05 -2.8830e+00 -2.4960e+00 -2.5167e-01 +3.5391e+00 +3.4141e+00
2 +6.717279031e+04 +6.717279031e+04 +6.727141031e+04 +6.727141031e+04 +3.3569e+00 +7.7992e-01 +1.7764e-01 -3.9702e+00 -2.0584e+00
4 +4.923360526e+04 +4.923360526e+04 +4.933222526e+04 +4.933222526e+04 +3.9133e-01 +2.0842e+00 -1.1407e+00 -4.5514e+00 +4.4070e+00
5 +2.670953730e+04 +2.670953730e+04 +2.680815730e+04 +2.680815730e+04 -3.5029e+00 -2.7705e+00 -2.5130e+00 -2.6892e+00 +2.7671e+00
12 +9.356494847e+03 +9.356494847e+03 +9.455114847e+03 +9.455114847e+03 +5.5172e-01 -4.4067e+00 +1.0216e+00 -2.8815e+00 -1.3147e+00
19 +3.429565177e+03 +3.429565177e+03 +3.528185177e+03 +3.528185177e+03 -3.0580e+00 -3.7207e+00 +1.0817e+00 -3.2880e+00 -4.1028e+00
49 +2.888435384e+02 +2.888435384e+02 +3.874635384e+02 +3.874635384e+02 -2.1774e+00 -3.1818e+00 +1.7369e+00 -3.7072e+00 +8.5696e-01
64 +2.446342224e+02 +2.446342224e+02 +3.432542224e+02 +3.432542224e+02 -9.5821e-01 -7.6891e-01 +2.6351e+00 -2.6153e+00 +1.1936e+00
3376 +1.270742841e+02 +1.270742841e+02 +2.256942841e+02 +2.256942841e+02 -2.3004e+00 -1.8615e+00 +1.8027e+00 -2.6483e+00 -7.4168e-01
% function evaluation | noise-free fitness - Fopt (-4.715000000000e+01) | best noise-free fitness - Fopt | measured fitness | best measured fitness | x1 | x2...
1 +1.872727947e+05 +1.872727947e+05 +1.872256447e+05 +1.872256447e+05 -4.4214e-01 -4.9739e+00 +4.1602e+00 +1.4410e+00 -1.9222e+00
2 +6.190051011e+03 +6.190051011e+03 +6.142901011e+03 +6.142901011e+03 +5.7691e-01 -4.0806e+00 -1.5551e+00 -4.5130e+00 -7.3491e-01
52 +2.254871626e+03 +2.254871626e+03 +2.207721626e+03 +2.207721626e+03 -2.1343e+00 -2.8570e+00 -3.9239e+00 -3.3919e+00 +9.4275e-01
100 +8.264327896e+02 +8.264327896e+02 +7.792827896e+02 +7.792827896e+02 -1.0121e+00 -2.7665e+00 -3.2540e+00 -3.6840e+00 -1.0836e+00
281 +2.372917206e+02 +2.372917206e+02 +1.901417206e+02 +1.901417206e+02 -4.0317e-01 -1.0691e+00 -2.5024e+00 -2.5084e+00 -8.0279e-01
390 +1.396338246e+02 +1.396338246e+02 +9.248382456e+01 +9.248382456e+01 -1.0552e+00 -1.5042e+00 -2.6655e+00 -2.1096e+00 +1.2959e+00
% function evaluation | noise-free fitness - Fopt (3.752000000000e+01) | best noise-free fitness - Fopt | measured fitness | best measured fitness | x1 | x2...
1 +4.123377593e+05 +4.123377593e+05 +4.123752793e+05 +4.123752793e+05 +1.5182e+00 -4.9492e-01 -3.4061e+00 +4.7970e+00 -4.7497e+00
2 +9.054520480e+04 +9.054520480e+04 +9.058272480e+04 +9.058272480e+04 -2.2403e+00 +7.1548e-01 -2.7065e+00 -2.3729e+00 -2.9754e+00
3 +1.227896151e+04 +1.227896151e+04 +1.231648151e+04 +1.231648151e+04 +2.9094e+00 -1.6487e+00 +4.6520e+00 -3.3325e+00 -4.3196e+00
5 +7.410281841e+03 +7.410281841e+03 +7.447801841e+03 +7.447801841e+03 +1.5268e+00 -4.5921e-01 +3.2833e+00 -3.8802e-01 -2.6097e-01
25 +9.328855454e+02 +9.328855454e+02 +9.704055454e+02 +9.704055454e+02 +1.5401e+00 -2.7151e+00 +2.5734e+00 -4.1953e+00 +2.9541e+00
44 +5.023312698e+02 +5.023312698e+02 +5.398512698e+02 +5.398512698e+02 +2.7395e-01 -2.9909e+00 +2.0189e+00 -4.0751e+00 +4.4920e+00
573 +3.740683622e+02 +3.740683622e+02 +4.115883622e+02 +4.115883622e+02 +2.2766e+00 -3.5516e+00 +1.8344e+00 -1.8646e+00 +1.0499e+00
2311 +2.248710347e+02 +2.248710347e+02 +2.623910347e+02 +2.623910347e+02 +7.4573e-01 -3.3124e+00 +2.7487e+00 -8.4833e-01 +4.8474e+00
% function evaluation | noise-free fitness - Fopt (-4.257500000000e+02) | best noise-free fitness - Fopt | measured fitness | best measured fitness | x1 | x2...
1 +7.361400023e+04 +7.361400023e+04 +7.318825023e+04 +7.318825023e+04 -1.6700e+00 +6.5080e-01 +2.4997e+00 -2.9623e-01 -4.3359e+00
2 +1.225544574e+04 +1.225544574e+04 +1.182969574e+04 +1.182969574e+04 +8.0503e-01 +9.0963e-01 -2.9733e+00 -2.2180e+00 +3.5809e+00
11 +3.858819229e+03 +3.858819229e+03 +3.433069229e+03 +3.433069229e+03 -3.1541e-01 +3.4325e+00 -3.4941e+00 +1.8499e-01 +4.2327e+00
115 +6.175974118e+02 +6.175974118e+02 +1.918474118e+02 +1.918474118e+02 -2.7940e+00 +2.3511e+00 -2.9881e+00 -4.2920e+00 +3.0155e+00
2264 +3.849451425e+02 +3.849451425e+02 -4.080485751e+01 -4.080485751e+01 -1.3033e+00 +2.2634e+00 -2.6987e+00 -8.6546e-01 +4.7695e+00
2294 +2.033281734e+02 +2.033281734e+02 -2.224218266e+02 -2.224218266e+02 -2.2715e+00 +1.6423e+00 -2.5803e+00 -3.0543e+00 +2.8377e+00
% function evaluation | noise-free fitness - Fopt (-2.209000000000e+02) | best noise-free fitness - Fopt | measured fitness | best measured fitness | x1 | x2...
1 +1.597472739e+05 +1.597472739e+05 +1.595263739e+05 +1.595263739e+05 +3.6807e+00 +2.2723e+00 +9.1909e-01 -4.1277e+00 -3.9032e+00
3 +7.973430091e+04 +7.973430091e+04 +7.951340091e+04 +7.951340091e+04 -1.1566e+00 +3.2720e+00 -1.9027e+00 -3.7136e+00 +2.7089e+00
4 +6.130552380e+04 +6.130552380e+04 +6.108462380e+04 +6.108462380e+04 -2.7155e+00 +3.2990e+00 -3.8081e+00 +3.7705e+00 -1.6342e+00
7 +3.697245934e+04 +3.697245934e+04 +3.675155934e+04 +3.675155934e+04 -2.9101e+00 +3.2651e+00 -1.3511e-01 +2.0235e+00 -1.2605e+00
25 +1.672020330e+04 +1.672020330e+04 +1.649930330e+04 +1.649930330e+04 -1.2897e+00 -8.1672e-01 -2.6592e+00 -2.4060e+00 -1.4104e+00
33 +8.768453641e+03 +8.768453641e+03 +8.547553641e+03 +8.547553641e+03 -1.9179e+00 +1.2332e+00 -1.8421e+00 -7.9263e-01 -3.7684e+00
46 +4.212147767e+03 +4.212147767e+03 +3.991247767e+03 +3.991247767e+03 -3.2143e+00 -1.7420e+00 -7.0669e-01 +1.3726e+00 +2.4179e+00
160 +3.877998547e+03 +3.877998547e+03 +3.657098547e+03 +3.657098547e+03 -1.4520e+00 -1.7286e+00 -5.9396e-01 -6.6537e-01 +9.6099e-01
162 +1.969846161e+03 +1.969846161e+03 +1.748946161e+03 +1.748946161e+03 -6.7029e-01 -1.2801e+00 -5.4976e-01 +3.6169e+00 +4.4776e+00
181 +1.034638728e+03 +1.034638728e+03 +8.137387275e+02 +8.137387275e+02 +7.6865e-01 +3.3970e-01 -2.2000e+00 +2.5435e+00 +3.7548e+00
252 +4.380437821e+02 +4.380437821e+02 +2.171437821e+02 +2.171437821e+02 -3.6015e-01 -4.9474e-02 -1.3369e+00 +1.2626e+00 +2.0981e+00
1238 +1.678299695e+02 +1.678299695e+02 -5.307003045e+01 -5.307003045e+01 +1.4980e-01 -3.3553e-01 -1.8637e+00 +2.3435e+00 +3.4268e+00
4750 +1.050588087e+02 +1.050588087e+02 -1.158411913e+02 -1.158411913e+02 -1.4965e+00 -1.0776e+00 -2.1666e+00 +9.6289e-01 +1.3782e+00
% function evaluation | noise-free fitness - Fopt (-3.594800000000e+02) | best noise-free fitness - Fopt | measured fitness | best measured fitness | x1 | x2...
1 +5.937533553e+03 +5.937533553e+03 +5.578053553e+03 +5.578053553e+03 -3.4285e+00 -4.8669e+00 -6.1248e-01 -1.5031e+00 +4.1564e+00
106 +6.825427206e+02 +6.825427206e+02 +3.230627206e+02 +3.230627206e+02 -2.5414e+00 -4.1571e+00 +2.3087e+00 -6.3130e-01 -5.2916e-01
270 +8.552234589e+01 +8.552234589e+01 -2.739576541e+02 -2.739576541e+02 -4.5232e+00 -3.0643e+00 +8.6085e-01 -7.6770e-01 -1.2747e+00
2318 +5.095048715e+01 +5.095048715e+01 -3.085295128e+02 -3.085295128e+02 -3.6208e+00 -3.4474e+00 +1.7000e+00 -8.1922e-01 -2.0529e-01
% function evaluation | noise-free fitness - Fopt (2.748000000000e+01) | best noise-free fitness - Fopt | measured fitness | best measured fitness | x1 | x2...
1 +4.155009269e+03 +4.155009269e+03 +4.182489269e+03 +4.182489269e+03 -8.9974e-01 +1.9765e+00 -1.1471e+00 -5.9503e-01 +3.2000e+00
74 +5.562813220e+02 +5.562813220e+02 +5.837613220e+02 +5.837613220e+02 +1.6105e+00 -3.9263e-02 +1.8754e+00 -2.9168e+00 +1.8638e+00
486 +3.801793288e+02 +3.801793288e+02 +4.076593288e+02 +4.076593288e+02 +2.2704e+00 +5.1565e-01 -3.3409e-01 -9.3122e-01 +2.8935e+00
939 +1.622204387e+02 +1.622204387e+02 +1.897004387e+02 +1.897004387e+02 +5.6740e-01 +1.0135e+00 +1.0853e+00 -2.2879e+00 +1.7157e+00
% function evaluation | noise-free fitness - Fopt (3.609000000000e+01) | best noise-free fitness - Fopt | measured fitness | best measured fitness | x1 | x2...
1 +6.910012790e+04 +6.910012790e+04 +6.913621790e+04 +6.913621790e+04 +3.2977e-01 +2.6480e+00 +2.0763e+00 -1.7731e+00 -2.7995e-01
3 +3.428582282e+04 +3.428582282e+04 +3.432191282e+04 +3.432191282e+04 -2.3624e+00 -2.4768e+00 +1.7890e+00 +3.0265e+00 +4.3169e+00
5 +3.148520002e+03 +3.148520002e+03 +3.184610002e+03 +3.184610002e+03 +1.8980e+00 +2.5504e+00 -2.6727e+00 +1.9242e-01 +3.0501e+00
25 +2.045943707e+03 +2.045943707e+03 +2.082033707e+03 +2.082033707e+03 -1.9024e+00 -2.1974e-01 -2.2476e+00 -2.2720e-01 +4.6784e-01
42 +5.701482908e+02 +5.701482908e+02 +6.062382908e+02 +6.062382908e+02 +1.1248e+00 +1.3401e+00 -2.6811e+00 +9.9460e-02 +2.1047e+00
522 +2.916328755e+02 +2.916328755e+02 +3.277228755e+02 +3.277228755e+02 -1.8330e+00 +2.2410e+00 -1.1713e+00 +3.2038e+00 +4.8234e+00
2417 +1.860638734e+02 +1.860638734e+02 +2.221538734e+02 +2.221538734e+02 +6.8867e-01 +1.5527e+00 -9.0268e-01 +3.1912e+00 +4.8923e+00
4749 +3.215229681e+01 +3.215229681e+01 +6.824229681e+01 +6.824229681e+01 -9.3160e-01 +5.5232e-01 -2.8578e+00 +1.5321e+00 +9.3581e-01
% function evaluation | noise-free fitness - Fopt (-5.791000000000e+01) | best noise-free fitness - Fopt | measured fitness | best measured fitness | x1 | x2...
1 +1.219424218e+05 +1.219424218e+05 +1.218845118e+05 +1.218845118e+05 +9.0101e-01 +4.4922e+00 -4.8472e+00 -2.9535e+00 +4.1993e+00
2 +1.933751811e+04 +1.933751811e+04 +1.927960811e+04 +1.927960811e+04 -1.8125e-01 -1.6824e+00 -5.0262e-01 +1.0244e+00 +3.3778e+00
3 +9.319930384e+03 +9.319930384e+03 +9.262020384e+03 +9.262020384e+03 +1.2405e+00 +5.0993e-01 +2.5008e+00 -1.4196e+00 +2.5512e+00
50 +3.614087659e+03 +3.614087659e+03 +3.556177659e+03 +3.556177659e+03 -6.3684e-01 +8.4315e-01 +4.9529e-01 -5.8980e-01 +1.3262e+00
51 +6.035693524e+02 +6.035693524e+02 +5.456593524e+02 +5.456593524e+02 +1.2470e+00 +2.7176e-01 +1.5782e+00 +2.0696e+00 +3.8227e-01
307 +3.460378368e+02 +3.460378368e+02 +2.881278368e+02 +2.881278368e+02 +8.4651e-01 +2.5296e+00 -1.0244e-02 +4.9674e-01 +2.8719e+00
1076 +5.568313517e+01 +5.568313517e+01 -2.226864829e+00 -2.226864829e+00 +7.1240e-01 +1.8224e+00 -1.5587e-01 +8.2584e-01 +9.4396e-01
% function evaluation | noise-free fitness - Fopt (-3.349100000000e+02) | best noise-free fitness - Fopt | measured fitness | best measured fitness | x1 | x2...
1 +3.397707093e+05 +3.397707093e+05 +3.394357993e+05 +3.394357993e+05 +3.4585e+00 +1.1294e+00 +1.9034e-01 -4.8730e+00 -2.9612e+00
2 +4.277974034e+04 +4.277974034e+04 +4.244483034e+04 +4.244483034e+04 -7.4605e-01 +3.1694e+00 +1.7239e+00 +4.8842e+00 -4.4369e-01
5 +7.348503462e+03 +7.348503462e+03 +7.013593462e+03 +7.013593462e+03 -2.5181e+00 -3.5574e+00 +1.3676e+00 -1.2930e+00 +3.1745e+00
34 +5.404807516e+02 +5.404807516e+02 +2.055707516e+02 +2.055707516e+02 -2.7416e+00 -4.8829e-01 -7.6106e-01 +2.9768e+00 +3.0233e+00
372 +3.930560648e+02 +3.930560648e+02 +5.814606477e+01 +5.814606477e+01 -3.7581e+00 -3.8917e-01 -2.8782e-01 +2.6470e-01 +2.3688e+00
827 +1.501648349e+02 +1.501648349e+02 -1.847451651e+02 -1.847451651e+02 -2.8986e+00 -7.6315e-01 -5.4317e-01 +1.2630e+00 +2.4934e-01
% function evaluation | noise-free fitness - Fopt (-4.670000000000e+01) | best noise-free fitness - Fopt | measured fitness | best measured fitness | x1 | x2...
1 +2.094499233e+04 +2.094499233e+04 +2.089829233e+04 +2.089829233e+04 +1.4525e+00 -3.3604e+00 -3.2350e+00 -2.4217e+00 -3.8323e+00
3 +6.392162358e+02 +6.392162358e+02 +5.925162358e+02 +5.925162358e+02 -7.1725e-01 +1.3326e+00 -3.6281e+00 -2.6341e+00 +2.6103e-03
541 +1.403198137e+02 +1.403198137e+02 +9.361981374e+01 +9.361981374e+01 -2.4215e-01 +8.4822e-01 -3.2993e+00 -3.3499e+00 -6.4819e-01
2005 +4.790314595e+01 +4.790314595e+01 +1.203145952e+00 +1.203145952e+00 -1.5997e+00 +6.7194e-01 -2.7730e+00 -3.6808e+00 -1.7403e+00
% function evaluation | noise-free fitness - Fopt (-9.308000000000e+01) | best noise-free fitness - Fopt | measured fitness | best measured fitness | x1 | x2...
1 +9.793482482e+03 +9.793482482e+03 +9.700402482e+03 +9.700402482e+03 -3.2069e+00 -1.3543e-01 +1.5579e+00 +1.8510e+00 -2.9719e+00
27 +2.018981829e+03 +2.018981829e+03 +1.925901829e+03 +1.925901829e+03 -1.1140e+00 -1.9503e+00 -2.2092e+00 -1.0492e+00 -1.3426e+00
127 +1.099741924e+03 +1.099741924e+03 +1.006661924e+03 +1.006661924e+03 -1.4731e+00 -1.5279e+00 -2.6834e+00 +1.9626e+00 +9.3079e-01
142 +9.311461506e+02 +9.311461506e+02 +8.380661506e+02 +8.380661506e+02 -3.6730e+00 -7.7568e-01 -3.9505e-01 +1.6729e+00 -1.2283e+00
678 +1.750255699e+02 +1.750255699e+02 +8.194556988e+01 +8.194556988e+01 -2.9837e+00 -3.2503e+00 -9.2940e-01 +2.0215e+00 -4.6978e-01
1510 +7.733190782e+01 +7.733190782e+01 -1.574809218e+01 -1.574809218e+01 -1.9038e+00 -1.9258e+00 -5.6020e-01 +2.2427e+00 -6.8613e-03
% function evaluation | noise-free fitness - Fopt (4.168000000000e+01) | best noise-free fitness - Fopt | measured fitness | best measured fitness | x1 | x2...
1 +6.179563332e+03 +6.179563332e+03 +6.221243332e+03 +6.221243332e+03 -8.8087e-01 +8.2956e-02 +1.0826e+00 -1.0516e+00 +4.7187e+00
112 +3.641009625e+03 +3.641009625e+03 +3.682689625e+03 +3.682689625e+03 +3.8152e-01 -3.9754e+00 +2.7153e+00 -8.0137e-01 -4.4961e+00
228 +3.669875343e+02 +3.669875343e+02 +4.086675343e+02 +4.086675343e+02 +3.1628e-01 -3.3695e+00 +9.5359e-01 +1.2809e+00 -4.8231e-01
2364 +1.305833370e+02 +1.305833370e+02 +1.722633370e+02 +1.722633370e+02 -3.4998e-01 -1.8649e+00 +1.8235e+00 +9.8007e-01 -1.3367e+00
