% function evaluation | noise-free fitness - Fopt (7.948000000000e+01) | best noise-free fitness - Fopt | measured fitness | best measured fitness | x1 | x2...
1 +6.551548231e+01 +6.551548231e+01 +1.449954823e+02 +1.449954823e+02 +3.1472e+00 +4.0579e+00 -3.7301e+00 +4.1338e+00 +1.3236e+00
5 +5.741298843e+01 +5.741298843e+01 +1.368929884e+02 +1.368929884e+02 +1.5574e+00 -4.6429e+00 +3.4913e+00 +4.3399e+00 +1.7874e+00
6 +1.891049050e+01 +1.891049050e+01 +9.839049050e+01 +9.839049050e+01 +2.5774e+00 +2.4313e+00 -1.0777e+00 +1.5548e+00 -3.2881e+00
9 +1.342316000e+01 +1.342316000e+01 +9.290316000e+01 +9.290316000e+01 -6.1256e-01 -1.1844e+00 +2.6552e+00 +2.9520e+00 -3.1313e+00
49 +3.393127468e+00 +3.393127468e+00 +8.287312747e+01 +8.287312747e+01 -6.1256e-01 -1.1844e+00 +4.5445e-01 +2.9520e+00 -3.1313e+00
129 +1.848009243e+00 +1.848009243e+00 +8.132800924e+01 +8.132800924e+01 -6.1256e-01 -1.7971e+00 -6.2330e-02 +1.7063e+00 -3.1313e+00
181 +1.284257295e+00 +1.284257295e+00 +8.076425730e+01 +8.076425730e+01 +2.2729e-01 -1.6043e+00 -1.2257e+00 +2.0027e+00 -3.5895e+00
219 +6.343923864e-01 +6.343923864e-01 +8.011439239e+01 +8.011439239e+01 +1.3340e-01 -1.9295e+00 -6.3512e-01 +2.0228e+00 -2.7570e+00
275 +6.228567911e-01 +6.228567911e-01 +8.010285679e+01 +8.010285679e+01 -5.0843e-02 -1.7824e+00 -3.9701e-01 +2.0634e+00 -2.7974e+00
424 +3.267046272e-01 +3.267046272e-01 +7.980670463e+01 +7.980670463e+01 +1.1602e-01 -1.0530e+00 -1.1681e+00 +1.8241e+00 -2.9801e+00
462 +2.347747273e-01 +2.347747273e-01 +7.971477473e+01 +7.971477473e+01 -1.5171e-01 -1.0926e+00 -9.7584e-01 +1.9255e+00 -2.6208e+00
524 +1.405527111e-01 +1.405527111e-01 +7.962055271e+01 +7.962055271e+01 +2.5127e-01 -1.2807e+00 -1.0147e+00 +2.1235e+00 -2.6379e+00
567 +4.087500495e-02 +4.087500495e-02 +7.952087500e+01 +7.952087500e+01 +1.7121e-01 -1.1583e+00 -8.6468e-01 +2.0166e+00 -2.7601e+00
645 +3.743830117e-02 +3.743830117e-02 +7.951743830e+01 +7.951743830e+01 +2.5115e-01 -1.0473e+00 -6.8139e-01 +2.0220e+00 -2.8013e+00
656 +2.505155391e-02 +2.505155391e-02 +7.950505155e+01 +7.950505155e+01 +2.9665e-01 -1.1223e+00 -6.6320e-01 +1.8220e+00 -2.5951e+00
756 +4.580861122e-03 +4.580861122e-03 +7.948458086e+01 +7.948458086e+01 +2.7359e-01 -1.1706e+00 -7.0666e-01 +1.8763e+00 -2.6469e+00
795 +3.697933448e-03 +3.697933448e-03 +7.948369793e+01 +7.948369793e+01 +2.6346e-01 -1.1063e+00 -6.9874e-01 +1.9140e+00 -2.6653e+00
1031 +2.144563124e-03 +2.144563124e-03 +7.948214456e+01 +7.948214456e+01 +2.6674e-01 -1.1869e+00 -7.2218e-01 +1.9103e+00 -2.6529e+00
1138 +9.528362705e-04 +9.528362705e-04 +7.948095284e+01 +7.948095284e+01 +2.4767e-01 -1.1760e+00 -7.3087e-01 +1.9484e+00 -2.6861e+00
1195 +5.180179377e-04 +5.180179377e-04 +7.948051802e+01 +7.948051802e+01 +2.3823e-01 -1.1559e+00 -7.2841e-01 +1.9140e+00 -2.6694e+00
1211 +2.962237649e-04 +2.962237649e-04 +7.948029622e+01 +7.948029622e+01 +2.6839e-01 -1.1606e+00 -7.2003e-01 +1.9309e+00 -2.6825e+00
1283 +2.018050717e-04 +2.018050717e-04 +7.948020181e+01 +7.948020181e+01 +2.6310e-01 -1.1544e+00 -7.2112e-01 +1.9184e+00 -2.6767e+00
1462 +1.201395965e-04 +1.201395965e-04 +7.948012014e+01 +7.948012014e+01 +2.4634e-01 -1.1564e+00 -7.1987e-01 +1.9209e+00 -2.6864e+00
1517 +9.156746103e-05 +9.156746103e-05 +7.948009157e+01 +7.948009157e+01 +2.5048e-01 -1.1539e+00 -7.2683e-01 +1.9181e+00 -2.6817e+00
1642 +2.892896579e-05 +2.892896579e-05 +7.948002893e+01 +7.948002893e+01 +2.5464e-01 -1.1544e+00 -7.2832e-01 +1.9258e+00 -2.6815e+00
1655 +1.405473614e-05 +1.405473614e-05 +7.948001405e+01 +7.948001405e+01 +2.5342e-01 -1.1548e+00 -7.2494e-01 +1.9255e+00 -2.6836e+00
1784 +8.982050673e-06 +8.982050673e-06 +7.948000898e+01 +7.948000898e+01 +2.5485e-01 -1.1559e+00 -7.2217e-01 +1.9266e+00 -2.6801e+00
1863 +5.641453839e-06 +5.641453839e-06 +7.948000564e+01 +7.948000564e+01 +2.5263e-01 -1.1555e+00 -7.2545e-01 +1.9250e+00 -2.6808e+00
1950 +3.100453199e-06 +3.100453199e-06 +7.948000310e+01 +7.948000310e+01 +2.5273e-01 -1.1575e+00 -7.2297e-01 +1.9256e+00 -2.6817e+00
1960 +1.702389497e-06 +1.702389497e-06 +7.948000170e+01 +7.948000170e+01 +2.5313e-01 -1.1569e+00 -7.2379e-01 +1.9258e+00 -2.6819e+00
2033 +1.232303092e-06 +1.232303092e-06 +7.948000123e+01 +7.948000123e+01 +2.5238e-01 -1.1562e+00 -7.2382e-01 +1.9267e+00 -2.6815e+00
2073 +7.065495566e-07 +7.065495566e-07 +7.948000071e+01 +7.948000071e+01 +2.5238e-01 -1.1562e+00 -7.2382e-01 +1.9267e+00 -2.6809e+00
2075 +5.302664476e-07 +5.302664476e-07 +7.948000053e+01 +7.948000053e+01 +2.5328e-01 -1.1564e+00 -7.2427e-01 +1.9261e+00 -2.6807e+00
2128 +2.269394912e-07 +2.269394912e-07 +7.948000023e+01 +7.948000023e+01 +2.5289e-01 -1.1565e+00 -7.2416e-01 +1.9263e+00 -2.6806e+00
2176 +1.370089677e-07 +1.370089677e-07 +7.948000014e+01 +7.948000014e+01 +2.5266e-01 -1.1569e+00 -7.2411e-01 +1.9265e+00 -2.6811e+00
2307 +3.302886853e-08 +3.302886853e-08 +7.948000003e+01 +7.948000003e+01 +2.5269e-01 -1.1568e+00 -7.2399e-01 +1.9265e+00 -2.6808e+00
2461 +1.753004142e-08 +1.753004142e-08 +7.948000002e+01 +7.948000002e+01 +2.5281e-01 -1.1569e+00 -7.2401e-01 +1.9265e+00 -2.6808e+00
2500 +1.410229800e-08 +1.410229800e-08 +7.948000001e+01 +7.948000001e+01 +2.5277e-01 -1.1569e+00 -7.2396e-01 +1.9263e+00 -2.6808e+00
2516 +5.275182957e-09 +5.275182957e-09 +7.948000001e+01 +7.948000001e+01 +2.5276e-01 -1.1569e+00 -7.2399e-01 +1.9264e+00 -2.6808e+00
2553 +3.127183845e-09 +3.127183845e-09 +7.948000000e+01 +7.948000000e+01 +2.5281e-01 -1.1568e+00 -7.2396e-01 +1.9264e+00 -2.6808e+00
2693 +1.795200433e-09 +1.795200433e-09 +7.948000000e+01 +7.948000000e+01 +2.5283e-01 -1.1568e+00 -7.2399e-01 +1.9264e+00 -2.6808e+00
2745 +1.135163075e-09 +1.135163075e-09 +7.948000000e+01 +7.948000000e+01 +2.5280e-01 -1.1568e+00 -7.2397e-01 +1.9264e+00 -2.6808e+00
2771 +5.966569461e-10 +5.966569461e-10 +7.948000000e+01 +7.948000000e+01 +2.5281e-01 -1.1568e+00 -7.2398e-01 +1.9264e+00 -2.6808e+00
2916 +1.801510052e-10 +1.801510052e-10 +7.948000000e+01 +7.948000000e+01 +2.5281e-01 -1.1568e+00 -7.2400e-01 +1.9264e+00 -2.6808e+00
3063 +1.388684723e-10 +1.388684723e-10 +7.948000000e+01 +7.948000000e+01 +2.5280e-01 -1.1568e+00 -7.2400e-01 +1.9264e+00 -2.6808e+00
3138 +9.963230241e-11 +9.963230241e-11 +7.948000000e+01 +7.948000000e+01 +2.5280e-01 -1.1568e+00 -7.2399e-01 +1.9264e+00 -2.6808e+00
3159 +1.901412361e-11 +1.901412361e-11 +7.948000000e+01 +7.948000000e+01 +2.5280e-01 -1.1568e+00 -7.2400e-01 +1.9264e+00 -2.6808e+00
3385 +1.527666882e-11 +1.527666882e-11 +7.948000000e+01 +7.948000000e+01 +2.5280e-01 -1.1568e+00 -7.2400e-01 +1.9264e+00 -2.6808e+00
3396 +6.096456673e-12 +6.096456673e-12 +7.948000000e+01 +7.948000000e+01 +2.5280e-01 -1.1568e+00 -7.2400e-01 +1.9264e+00 -2.6808e+00
3449 +1.193711796e-12 +1.193711796e-12 +7.948000000e+01 +7.948000000e+01 +2.5280e-01 -1.1568e+00 -7.2400e-01 +1.9264e+00 -2.6808e+00
3575 +7.105427358e-13 +7.105427358e-13 +7.948000000e+01 +7.948000000e+01 +2.5280e-01 -1.1568e+00 -7.2400e-01 +1.9264e+00 -2.6808e+00
3585 +3.552713679e-13 +3.552713679e-13 +7.948000000e+01 +7.948000000e+01 +2.5280e-01 -1.1568e+00 -7.2400e-01 +1.9264e+00 -2.6808e+00
3605 +1.847411113e-13 +1.847411113e-13 +7.948000000e+01 +7.948000000e+01 +2.5280e-01 -1.1568e+00 -7.2400e-01 +1.9264e+00 -2.6808e+00
3612 +1.563194019e-13 +1.563194019e-13 +7.948000000e+01 +7.948000000e+01 +2.5280e-01 -1.1568e+00 -7.2400e-01 +1.9264e+00 -2.6808e+00
3905 +8.526512829e-14 +8.526512829e-14 +7.948000000e+01 +7.948000000e+01 +2.5280e-01 -1.1568e+00 -7.2400e-01 +1.9264e+00 -2.6808e+00
3926 +2.842170943e-14 +2.842170943e-14 +7.948000000e+01 +7.948000000e+01 +2.5280e-01 -1.1568e+00 -7.2400e-01 +1.9264e+00 -2.6808e+00
4098 +1.421085472e-14 +1.421085472e-14 +7.948000000e+01 +7.948000000e+01 +2.5280e-01 -1.1568e+00 -7.2400e-01 +1.9264e+00 -2.6808e+00
4129 +0.000000000e+00 +0.000000000e+00 +7.948000000e+01 +7.948000000e+01 +2.5280e-01 -1.1568e+00 -7.2400e-01 +1.9264e+00 -2.6808e+00
% function evaluation | noise-free fitness - Fopt (3.944800000000e+02) | best noise-free fitness - Fopt | measured fitness | best measured fitness | x1 | x2...
1 +9.819308027e+01 +9.819308027e+01 +4.926730803e+02 +4.926730803e+02 +3.1472e+00 +4.0579e+00 -3.7301e+00 +4.1338e+00 +1.3236e+00
2 +3.352524868e+01 +3.352524868e+01 +4.280052487e+02 +4.280052487e+02 -4.0246e+00 -2.2150e+00 +4.6882e-01 +4.5751e+00 +4.6489e+00
16 +1.630121797e+01 +1.630121797e+01 +4.107812180e+02 +4.107812180e+02 -1.5002e+00 -3.0340e+00 -2.4892e+00 +1.1604e+00 -2.6711e-01
73 +6.786600828e+00 +6.786600828e+00 +4.012666008e+02 +4.012666008e+02 -3.5060e+00 -1.1026e+00 -2.5831e+00 +3.0027e+00 +1.9243e+00
150 +4.555524702e+00 +4.555524702e+00 +3.990355247e+02 +3.990355247e+02 -4.2403e+00 -3.2623e+00 -2.1980e+00 +4.9998e+00 +1.5863e+00
158 +3.889711688e+00 +3.889711688e+00 +3.983697117e+02 +3.983697117e+02 -4.2802e+00 -2.8007e+00 -2.2417e+00 +2.8023e+00 +5.7130e-01
380 +2.053745849e+00 +2.053745849e+00 +3.965337458e+02 +3.965337458e+02 -4.2729e+00 -3.1515e+00 -2.7046e+00 +3.4306e+00 +2.1536e-01
465 +9.353291074e-01 +9.353291074e-01 +3.954153291e+02 +3.954153291e+02 -4.3717e+00 -2.4248e+00 -3.1053e+00 +3.8724e+00 +9.4578e-01
605 +5.281292687e-01 +5.281292687e-01 +3.950081293e+02 +3.950081293e+02 -4.1244e+00 -2.8153e+00 -3.2761e+00 +3.7063e+00 +1.2525e+00
699 +3.443542154e-01 +3.443542154e-01 +3.948243542e+02 +3.948243542e+02 -3.9664e+00 -2.8336e+00 -3.3309e+00 +3.6696e+00 +6.1731e-01
873 +2.460432243e-01 +2.460432243e-01 +3.947260432e+02 +3.947260432e+02 -3.7801e+00 -2.8346e+00 -3.3520e+00 +3.8238e+00 +7.1981e-01
971 +1.461590528e-01 +1.461590528e-01 +3.946261591e+02 +3.946261591e+02 -3.8703e+00 -2.8071e+00 -3.4418e+00 +3.9762e+00 +8.0069e-01
1355 +9.749172805e-02 +9.749172805e-02 +3.945774917e+02 +3.945774917e+02 -3.8952e+00 -2.9324e+00 -3.4944e+00 +3.8774e+00 +8.6818e-01
% function evaluation | noise-free fitness - Fopt (-2.471100000000e+02) | best noise-free fitness - Fopt | measured fitness | best measured fitness | x1 | x2...
1 +1.531269092e+02 +1.531269092e+02 -9.398309077e+01 -9.398309077e+01 +3.1472e+00 +4.0579e+00 -3.7301e+00 +4.1338e+00 +1.3236e+00
3 +9.791380404e+01 +9.791380404e+01 -1.491961960e+02 -1.491961960e+02 -3.4239e+00 +4.7059e+00 +4.5717e+00 -1.4624e-01 +3.0028e+00
7 +6.213998897e+01 +6.213998897e+01 -1.849700110e+02 -1.849700110e+02 +2.0605e+00 -4.6817e+00 -2.2308e+00 -4.5383e+00 -4.0287e+00
11 +1.060300722e+01 +1.060300722e+01 -2.365069928e+02 -2.365069928e+02 -2.2397e+00 +1.7970e+00 +1.5510e+00 -3.3739e+00 -3.8100e+00
20 +3.970795039e+00 +3.970795039e+00 -2.431392050e+02 -2.431392050e+02 -3.7009e+00 +6.8824e-01 -3.0609e-01 -4.8810e+00 -1.6288e+00
241 +1.587352484e+00 +1.587352484e+00 -2.455226475e+02 -2.455226475e+02 -3.6904e+00 +3.0674e-01 -1.8502e+00 -3.8782e+00 -3.5314e+00
331 +1.811444520e-01 +1.811444520e-01 -2.469288555e+02 -2.469288555e+02 -3.9501e+00 +1.4334e-01 -5.6800e-01 -3.3739e+00 -3.2958e+00
550 +1.557014662e-01 +1.557014662e-01 -2.469542985e+02 -2.469542985e+02 -3.5378e+00 +3.2850e-01 -8.6299e-01 -3.4880e+00 -3.0632e+00
622 +7.900903432e-02 +7.900903432e-02 -2.470309910e+02 -2.470309910e+02 -3.6675e+00 +3.2531e-01 -5.8322e-01 -3.5566e+00 -3.2304e+00
718 +1.751137310e-02 +1.751137310e-02 -2.470924886e+02 -2.470924886e+02 -3.8723e+00 +1.4010e-01 -7.6518e-01 -3.6551e+00 -3.1351e+00
901 +1.356618535e-02 +1.356618535e-02 -2.470964338e+02 -2.470964338e+02 -3.8349e+00 +2.9036e-01 -6.2894e-01 -3.7152e+00 -3.1129e+00
981 +6.401737491e-03 +6.401737491e-03 -2.471035983e+02 -2.471035983e+02 -3.8349e+00 +1.9431e-01 -6.2894e-01 -3.7152e+00 -3.1225e+00
1067 +6.035509913e-03 +6.035509913e-03 -2.471039645e+02 -2.471039645e+02 -3.8241e+00 +1.6608e-01 -6.5656e-01 -3.7406e+00 -3.1181e+00
1076 +9.243634896e-04 +9.243634896e-04 -2.471090756e+02 -2.471090756e+02 -3.8083e+00 +1.9657e-01 -6.7064e-01 -3.7088e+00 -3.1064e+00
1249 +6.040879622e-04 +6.040879622e-04 -2.471093959e+02 -2.471093959e+02 -3.8184e+00 +1.9847e-01 -6.9202e-01 -3.7032e+00 -3.1051e+00
1370 +1.705586953e-04 +1.705586953e-04 -2.471098294e+02 -2.471098294e+02 -3.8105e+00 +2.0530e-01 -6.8933e-01 -3.6945e+00 -3.0967e+00
1409 +1.280673503e-04 +1.280673503e-04 -2.471098719e+02 -2.471098719e+02 -3.8078e+00 +1.9847e-01 -6.8981e-01 -3.6944e+00 -3.0969e+00
1667 +9.689585795e-05 +9.689585795e-05 -2.471099031e+02 -2.471099031e+02 -3.8027e+00 +1.9517e-01 -6.8878e-01 -3.6906e+00 -3.0965e+00
1703 +5.595296315e-05 +5.595296315e-05 -2.471099440e+02 -2.471099440e+02 -3.8026e+00 +1.9863e-01 -6.8733e-01 -3.6901e+00 -3.1001e+00
1731 +3.714493766e-05 +3.714493766e-05 -2.471099629e+02 -2.471099629e+02 -3.7967e+00 +2.0673e-01 -6.8897e-01 -3.6919e+00 -3.0951e+00
1734 +2.455389830e-05 +2.455389830e-05 -2.471099754e+02 -2.471099754e+02 -3.7964e+00 +2.0492e-01 -6.8998e-01 -3.6925e+00 -3.0954e+00
1794 +4.114217603e-06 +4.114217603e-06 -2.471099959e+02 -2.471099959e+02 -3.7998e+00 +2.0413e-01 -6.9075e-01 -3.6903e+00 -3.0986e+00
1854 +1.728299907e-06 +1.728299907e-06 -2.471099983e+02 -2.471099983e+02 -3.7987e+00 +2.0272e-01 -6.9063e-01 -3.6920e+00 -3.0986e+00
2044 +1.134845149e-06 +1.134845149e-06 -2.471099989e+02 -2.471099989e+02 -3.7989e+00 +2.0377e-01 -6.9081e-01 -3.6906e+00 -3.0991e+00
2051 +5.909592176e-07 +5.909592176e-07 -2.471099994e+02 -2.471099994e+02 -3.7990e+00 +2.0312e-01 -6.9122e-01 -3.6907e+00 -3.0993e+00
2069 +2.683556488e-07 +2.683556488e-07 -2.471099997e+02 -2.471099997e+02 -3.7983e+00 +2.0303e-01 -6.9087e-01 -3.6908e+00 -3.0992e+00
2258 +2.419241412e-07 +2.419241412e-07 -2.471099998e+02 -2.471099998e+02 -3.7981e+00 +2.0351e-01 -6.9110e-01 -3.6914e+00 -3.0993e+00
2373 +1.521303261e-07 +1.521303261e-07 -2.471099998e+02 -2.471099998e+02 -3.7984e+00 +2.0314e-01 -6.9086e-01 -3.6912e+00 -3.0994e+00
2385 +9.229199804e-08 +9.229199804e-08 -2.471099999e+02 -2.471099999e+02 -3.7984e+00 +2.0318e-01 -6.9094e-01 -3.6912e+00 -3.0993e+00
2420 +3.997539011e-08 +3.997539011e-08 -2.471100000e+02 -2.471100000e+02 -3.7984e+00 +2.0309e-01 -6.9105e-01 -3.6912e+00 -3.0992e+00
2549 +3.619717859e-08 +3.619717859e-08 -2.471100000e+02 -2.471100000e+02 -3.7985e+00 +2.0305e-01 -6.9124e-01 -3.6913e+00 -3.0993e+00
2553 +1.704674446e-08 +1.704674446e-08 -2.471100000e+02 -2.471100000e+02 -3.7984e+00 +2.0312e-01 -6.9118e-01 -3.6912e+00 -3.0993e+00
2628 +1.405322791e-08 +1.405322791e-08 -2.471100000e+02 -2.471100000e+02 -3.7985e+00 +2.0312e-01 -6.9120e-01 -3.6912e+00 -3.0992e+00
2739 +4.432280321e-09 +4.432280321e-09 -2.471100000e+02 -2.471100000e+02 -3.7984e+00 +2.0317e-01 -6.9117e-01 -3.6912e+00 -3.0992e+00
2831 +3.031999540e-09 +3.031999540e-09 -2.471100000e+02 -2.471100000e+02 -3.7984e+00 +2.0317e-01 -6.9119e-01 -3.6912e+00 -3.0992e+00
2951 +1.330818122e-09 +1.330818122e-09 -2.471100000e+02 -2.471100000e+02 -3.7984e+00 +2.0321e-01 -6.9119e-01 -3.6912e+00 -3.0992e+00
2991 +8.987797173e-10 +8.987797173e-10 -2.471100000e+02 -2.471100000e+02 -3.7984e+00 +2.0321e-01 -6.9120e-01 -3.6912e+00 -3.0992e+00
3077 +5.311164841e-10 +5.311164841e-10 -2.471100000e+02 -2.471100000e+02 -3.7984e+00 +2.0320e-01 -6.9119e-01 -3.6912e+00 -3.0992e+00
3090 +2.799254162e-10 +2.799254162e-10 -2.471100000e+02 -2.471100000e+02 -3.7984e+00 +2.0321e-01 -6.9120e-01 -3.6912e+00 -3.0992e+00
3202 +1.872138000e-10 +1.872138000e-10 -2.471100000e+02 -2.471100000e+02 -3.7984e+00 +2.0321e-01 -6.9120e-01 -3.6912e+00 -3.0992e+00
3237 +1.177795639e-10 +1.177795639e-10 -2.471100000e+02 -2.471100000e+02 -3.7984e+00 +2.0320e-01 -6.9119e-01 -3.6912e+00 -3.0992e+00
3280 +5.695710570e-11 +5.695710570e-11 -2.471100000e+02 -2.471100000e+02 -3.7984e+00 +2.0320e-01 -6.9120e-01 -3.6912e+00 -3.0992e+00
3351 +2.336264515e-11 +2.336264515e-11 -2.471100000e+02 -2.471100000e+02 -3.7984e+00 +2.0320e-01 -6.9120e-01 -3.6912e+00 -3.0992e+00
3469 +1.529087967e-11 +1.529087967e-11 -2.471100000e+02 -2.471100000e+02 -3.7984e+00 +2.0320e-01 -6.9120e-01 -3.6912e+00 -3.0992e+00
3549 +5.286437954e-12 +5.286437954e-12 -2.471100000e+02 -2.471100000e+02 -3.7984e+00 +2.0320e-01 -6.9120e-01 -3.6912e+00 -3.0992e+00
3668 +2.245315045e-12 +2.245315045e-12 -2.471100000e+02 -2.471100000e+02 -3.7984e+00 +2.0320e-01 -6.9120e-01 -3.6912e+00 -3.0992e+00
3781 +1.080024958e-12 +1.080024958e-12 -2.471100000e+02 -2.471100000e+02 -3.7984e+00 +2.0320e-01 -6.9120e-01 -3.6912e+00 -3.0992e+00
3851 +9.947598301e-13 +9.947598301e-13 -2.471100000e+02 -2.471100000e+02 -3.7984e+00 +2.0320e-01 -6.9120e-01 -3.6912e+00 -3.0992e+00
3919 +5.115907697e-13 +5.115907697e-13 -2.471100000e+02 -2.471100000e+02 -3.7984e+00 +2.0320e-01 -6.9120e-01 -3.6912e+00 -3.0992e+00
3950 +1.421085472e-13 +1.421085472e-13 -2.471100000e+02 -2.471100000e+02 -3.7984e+00 +2.0320e-01 -6.9120e-01 -3.6912e+00 -3.0992e+00
4057 +8.526512829e-14 +8.526512829e-14 -2.471100000e+02 -2.471100000e+02 -3.7984e+00 +2.0320e-01 -6.9120e-01 -3.6912e+00 -3.0992e+00
4086 +5.684341886e-14 +5.684341886e-14 -2.471100000e+02 -2.471100000e+02 -3.7984e+00 +2.0320e-01 -6.9120e-01 -3.6912e+00 -3.0992e+00
4158 +2.842170943e-14 +2.842170943e-14 -2.471100000e+02 -2.471100000e+02 -3.7984e+00 +2.0320e-01 -6.9120e-01 -3.6912e+00 -3.0992e+00
4302 +0.000000000e+00 +0.000000000e+00 -2.471100000e+02 -2.471100000e+02 -3.7984e+00 +2.0320e-01 -6.9120e-01 -3.6912e+00 -3.0992e+00
% function evaluation | noise-free fitness - Fopt (-1.520400000000e+02) | best noise-free fitness - Fopt | measured fitness | best measured fitness | x1 | x2...
1 +2.053466155e+01 +2.053466155e+01 -1.315053384e+02 -1.315053384e+02 +3.1472e+00 +4.0579e+00 -3.7301e+00 +4.1338e+00 +1.3236e+00
41 +1.501695808e+01 +1.501695808e+01 -1.370230419e+02 -1.370230419e+02 +3.1472e+00 +2.6156e+00 -3.7301e+00 +4.1338e+00 +1.3236e+00
63 +6.511336174e+00 +6.511336174e+00 -1.455286638e+02 -1.455286638e+02 -5.0475e-01 -6.4159e-01 -2.7102e+00 +4.1334e+00 +2.3042e+00
103 +4.319623302e+00 +4.319623302e+00 -1.477203767e+02 -1.477203767e+02 +1.1588e+00 +2.1764e+00 -2.7102e+00 +3.7781e+00 +2.3042e+00
161 +2.629648331e+00 +2.629648331e+00 -1.494103517e+02 -1.494103517e+02 -3.0502e-01 +2.6156e+00 -3.7301e+00 +4.1338e+00 +3.1048e+00
287 +7.025898183e-01 +7.025898183e-01 -1.513374102e+02 -1.513374102e+02 -1.3373e-01 +1.3735e+00 -3.5865e+00 +3.6766e+00 +3.0700e+00
490 +6.161948430e-01 +6.161948430e-01 -1.514238052e+02 -1.514238052e+02 +7.6019e-02 +1.3821e+00 -3.6425e+00 +3.5488e+00 +3.0137e+00
607 +3.925694113e-01 +3.925694113e-01 -1.516474306e+02 -1.516474306e+02 -1.3373e-01 +1.7275e+00 -3.5166e+00 +3.6357e+00 +2.3845e+00
610 +7.514934227e-02 +7.514934227e-02 -1.519648507e+02 -1.519648507e+02 -2.3830e-01 +1.3821e+00 -3.8211e+00 +3.5454e+00 +2.4237e+00
719 +4.610531212e-02 +4.610531212e-02 -1.519938947e+02 -1.519938947e+02 -1.9252e-01 +1.5469e+00 -3.8870e+00 +3.4365e+00 +2.3523e+00
796 +1.348499852e-02 +1.348499852e-02 -1.520265150e+02 -1.520265150e+02 -3.0475e-01 +1.3234e+00 -3.9510e+00 +3.2910e+00 +2.4545e+00
926 +6.864559391e-03 +6.864559391e-03 -1.520331354e+02 -1.520331354e+02 -2.0483e-01 +1.4286e+00 -3.9393e+00 +3.2544e+00 +2.3885e+00
1023 +5.118168224e-03 +5.118168224e-03 -1.520348818e+02 -1.520348818e+02 -2.8935e-01 +1.4448e+00 -3.9867e+00 +3.2834e+00 +2.4326e+00
1084 +3.712393835e-03 +3.712393835e-03 -1.520362876e+02 -1.520362876e+02 -3.0281e-01 +1.4364e+00 -3.9155e+00 +3.2617e+00 +2.3880e+00
1132 +1.435762560e-03 +1.435762560e-03 -1.520385642e+02 -1.520385642e+02 -2.7227e-01 +1.3874e+00 -3.9190e+00 +3.2940e+00 +2.4140e+00
1330 +7.068324927e-04 +7.068324927e-04 -1.520392932e+02 -1.520392932e+02 -2.7560e-01 +1.4418e+00 -3.9119e+00 +3.2848e+00 +2.4160e+00
1358 +3.017245094e-04 +3.017245094e-04 -1.520396983e+02 -1.520396983e+02 -2.6240e-01 +1.4353e+00 -3.9277e+00 +3.2897e+00 +2.4096e+00
1446 +2.242094851e-04 +2.242094851e-04 -1.520397758e+02 -1.520397758e+02 -2.5522e-01 +1.4214e+00 -3.9226e+00 +3.2922e+00 +2.4261e+00
1507 +1.410223848e-04 +1.410223848e-04 -1.520398590e+02 -1.520398590e+02 -2.5966e-01 +1.4224e+00 -3.9241e+00 +3.2978e+00 +2.4102e+00
1595 +8.869802835e-05 +8.869802835e-05 -1.520399113e+02 -1.520399113e+02 -2.6000e-01 +1.4237e+00 -3.9231e+00 +3.2936e+00 +2.4143e+00
1713 +5.153284462e-05 +5.153284462e-05 -1.520399485e+02 -1.520399485e+02 -2.6091e-01 +1.4209e+00 -3.9254e+00 +3.2954e+00 +2.4198e+00
1741 +3.663641908e-05 +3.663641908e-05 -1.520399634e+02 -1.520399634e+02 -2.6212e-01 +1.4254e+00 -3.9229e+00 +3.2955e+00 +2.4173e+00
1783 +1.769455375e-05 +1.769455375e-05 -1.520399823e+02 -1.520399823e+02 -2.6363e-01 +1.4232e+00 -3.9230e+00 +3.2959e+00 +2.4188e+00
1785 +1.475736934e-05 +1.475736934e-05 -1.520399852e+02 -1.520399852e+02 -2.6420e-01 +1.4243e+00 -3.9227e+00 +3.2964e+00 +2.4181e+00
1944 +8.837767922e-06 +8.837767922e-06 -1.520399912e+02 -1.520399912e+02 -2.6442e-01 +1.4239e+00 -3.9254e+00 +3.2962e+00 +2.4198e+00
2062 +4.675263028e-06 +4.675263028e-06 -1.520399953e+02 -1.520399953e+02 -2.6534e-01 +1.4242e+00 -3.9255e+00 +3.2962e+00 +2.4186e+00
2140 +1.719185917e-06 +1.719185917e-06 -1.520399983e+02 -1.520399983e+02 -2.6615e-01 +1.4237e+00 -3.9252e+00 +3.2964e+00 +2.4196e+00
2210 +1.576437171e-06 +1.576437171e-06 -1.520399984e+02 -1.520399984e+02 -2.6664e-01 +1.4237e+00 -3.9255e+00 +3.2960e+00 +2.4195e+00
2290 +5.431095360e-07 +5.431095360e-07 -1.520399995e+02 -1.520399995e+02 -2.6664e-01 +1.4242e+00 -3.9250e+00 +3.2966e+00 +2.4195e+00
2318 +2.467458557e-07 +2.467458557e-07 -1.520399998e+02 -1.520399998e+02 -2.6686e-01 +1.4237e+00 -3.9249e+00 +3.2966e+00 +2.4192e+00
2499 +1.534372416e-07 +1.534372416e-07 -1.520399998e+02 -1.520399998e+02 -2.6699e-01 +1.4241e+00 -3.9250e+00 +3.2966e+00 +2.4194e+00
2558 +6.351885418e-08 +6.351885418e-08 -1.520399999e+02 -1.520399999e+02 -2.6707e-01 +1.4240e+00 -3.9248e+00 +3.2966e+00 +2.4192e+00
2584 +5.748407261e-08 +5.748407261e-08 -1.520399999e+02 -1.520399999e+02 -2.6722e-01 +1.4239e+00 -3.9248e+00 +3.2966e+00 +2.4192e+00
2609 +2.835932378e-08 +2.835932378e-08 -1.520400000e+02 -1.520400000e+02 -2.6717e-01 +1.4239e+00 -3.9248e+00 +3.2967e+00 +2.4192e+00
2621 +2.508687658e-08 +2.508687658e-08 -1.520400000e+02 -1.520400000e+02 -2.6725e-01 +1.4239e+00 -3.9249e+00 +3.2967e+00 +2.4192e+00
2842 +1.521681270e-08 +1.521681270e-08 -1.520400000e+02 -1.520400000e+02 -2.6724e-01 +1.4240e+00 -3.9248e+00 +3.2967e+00 +2.4192e+00
2898 +8.925098882e-09 +8.925098882e-09 -1.520400000e+02 -1.520400000e+02 -2.6718e-01 +1.4240e+00 -3.9248e+00 +3.2967e+00 +2.4192e+00
3166 +6.080540516e-09 +6.080540516e-09 -1.520400000e+02 -1.520400000e+02 -2.6722e-01 +1.4240e+00 -3.9248e+00 +3.2967e+00 +2.4192e+00
% function evaluation | noise-free fitness - Fopt (-2.525000000000e+01) | best noise-free fitness - Fopt | measured fitness | best measured fitness | x1 | x2...
1 +6.067693506e+01 +6.067693506e+01 +3.542693506e+01 +3.542693506e+01 +3.1472e+00 +4.0579e+00 -3.7301e+00 +4.1338e+00 +1.3236e+00
13 +3.046424275e+01 +3.046424275e+01 +5.214242752e+00 +5.214242752e+00 +2.5127e+00 -2.4490e+00 +5.9571e-02 +1.9908e+00 +3.9090e+00
26 +2.328277882e+01 +2.328277882e+01 -1.967221177e+00 -1.967221177e+00 +3.6869e+00 -4.1556e+00 -1.0022e+00 -2.4013e+00 +3.0007e+00
55 +1.208802113e+01 +1.208802113e+01 -1.316197887e+01 -1.316197887e+01 +3.4072e+00 -2.4572e+00 -1.7410e+00 -2.5648e+00 +4.7836e+00
122 +8.913710242e+00 +8.913710242e+00 -1.633628976e+01 -1.633628976e+01 +3.9973e+00 +3.4914e-02 -1.0886e+00 +5.3406e-01 +2.2592e+00
295 +6.179998846e+00 +6.179998846e+00 -1.907000115e+01 -1.907000115e+01 +3.4072e+00 +1.5766e-01 -3.2361e+00 -6.9194e-01 +2.6023e+00
340 +1.643197647e+00 +1.643197647e+00 -2.360680235e+01 -2.360680235e+01 +3.1330e+00 +1.5259e+00 -8.0320e-01 -2.5933e+00 +3.0926e+00
464 +5.798664719e-01 +5.798664719e-01 -2.467013353e+01 -2.467013353e+01 +4.1392e+00 +6.6955e-01 -1.4148e+00 -1.6199e+00 +3.1580e+00
617 +2.733690750e-01 +2.733690750e-01 -2.497663092e+01 -2.497663092e+01 +4.1086e+00 +6.4033e-01 -1.3342e+00 -2.0627e+00 +3.4123e+00
670 +2.257980602e-01 +2.257980602e-01 -2.502420194e+01 -2.502420194e+01 +3.9331e+00 +8.5119e-01 -1.4999e+00 -2.3173e+00 +3.0861e+00
704 +8.072810295e-02 +8.072810295e-02 -2.516927190e+01 -2.516927190e+01 +3.5974e+00 +8.6350e-01 -1.4148e+00 -2.1129e+00 +3.1335e+00
743 +6.141322956e-02 +6.141322956e-02 -2.518858677e+01 -2.518858677e+01 +3.7089e+00 +6.4292e-01 -1.4308e+00 -1.9323e+00 +3.2358e+00
783 +1.107064377e-02 +1.107064377e-02 -2.523892936e+01 -2.523892936e+01 +3.5799e+00 +6.4292e-01 -1.4308e+00 -2.0752e+00 +3.2358e+00
914 +8.756081602e-03 +8.756081602e-03 -2.524124392e+01 -2.524124392e+01 +3.6234e+00 +6.7648e-01 -1.4643e+00 -2.1282e+00 +3.2294e+00
1032 +5.640519833e-03 +5.640519833e-03 -2.524435948e+01 -2.524435948e+01 +3.6522e+00 +6.5426e-01 -1.4546e+00 -2.1728e+00 +3.2482e+00
1101 +1.429283649e-03 +1.429283649e-03 -2.524857072e+01 -2.524857072e+01 +3.6439e+00 +6.3220e-01 -1.4174e+00 -2.1675e+00 +3.3146e+00
1145 +4.115841932e-04 +4.115841932e-04 -2.524958842e+01 -2.524958842e+01 +3.6044e+00 +6.4779e-01 -1.4151e+00 -2.1561e+00 +3.3067e+00
1214 +3.038801408e-04 +3.038801408e-04 -2.524969612e+01 -2.524969612e+01 +3.6048e+00 +6.2746e-01 -1.4242e+00 -2.1432e+00 +3.2895e+00
1411 +1.493673995e-04 +1.493673995e-04 -2.524985063e+01 -2.524985063e+01 +3.6150e+00 +6.2651e-01 -1.4244e+00 -2.1599e+00 +3.2929e+00
1451 +8.321108817e-05 +8.321108817e-05 -2.524991679e+01 -2.524991679e+01 +3.6150e+00 +6.3193e-01 -1.4244e+00 -2.1475e+00 +3.2908e+00
1547 +4.099591393e-05 +4.099591393e-05 -2.524995900e+01 -2.524995900e+01 +3.6173e+00 +6.3433e-01 -1.4234e+00 -2.1481e+00 +3.2994e+00
1562 +3.880462242e-05 +3.880462242e-05 -2.524996120e+01 -2.524996120e+01 +3.6132e+00 +6.4092e-01 -1.4225e+00 -2.1545e+00 +3.2977e+00
1621 +1.697070914e-05 +1.697070914e-05 -2.524998303e+01 -2.524998303e+01 +3.6136e+00 +6.3843e-01 -1.4193e+00 -2.1532e+00 +3.2975e+00
1710 +1.582146432e-05 +1.582146432e-05 -2.524998418e+01 -2.524998418e+01 +3.6146e+00 +6.3450e-01 -1.4186e+00 -2.1535e+00 +3.2944e+00
1764 +9.772530827e-06 +9.772530827e-06 -2.524999023e+01 -2.524999023e+01 +3.6135e+00 +6.3664e-01 -1.4193e+00 -2.1537e+00 +3.2959e+00
1820 +5.332308319e-06 +5.332308319e-06 -2.524999467e+01 -2.524999467e+01 +3.6140e+00 +6.3452e-01 -1.4213e+00 -2.1541e+00 +3.2951e+00
1839 +3.134848100e-06 +3.134848100e-06 -2.524999687e+01 -2.524999687e+01 +3.6151e+00 +6.3421e-01 -1.4205e+00 -2.1527e+00 +3.2962e+00
1860 +2.419448144e-06 +2.419448144e-06 -2.524999758e+01 -2.524999758e+01 +3.6140e+00 +6.3532e-01 -1.4202e+00 -2.1524e+00 +3.2969e+00
1891 +1.086079404e-06 +1.086079404e-06 -2.524999891e+01 -2.524999891e+01 +3.6144e+00 +6.3504e-01 -1.4207e+00 -2.1528e+00 +3.2963e+00
1999 +7.947438334e-07 +7.947438334e-07 -2.524999921e+01 -2.524999921e+01 +3.6143e+00 +6.3465e-01 -1.4213e+00 -2.1527e+00 +3.2962e+00
2102 +5.976185591e-07 +5.976185591e-07 -2.524999940e+01 -2.524999940e+01 +3.6146e+00 +6.3532e-01 -1.4215e+00 -2.1521e+00 +3.2971e+00
2117 +3.159262647e-07 +3.159262647e-07 -2.524999968e+01 -2.524999968e+01 +3.6147e+00 +6.3561e-01 -1.4218e+00 -2.1528e+00 +3.2970e+00
2189 +1.659870144e-07 +1.659870144e-07 -2.524999983e+01 -2.524999983e+01 +3.6145e+00 +6.3557e-01 -1.4216e+00 -2.1529e+00 +3.2968e+00
2218 +1.422799585e-07 +1.422799585e-07 -2.524999986e+01 -2.524999986e+01 +3.6145e+00 +6.3511e-01 -1.4213e+00 -2.1529e+00 +3.2970e+00
2290 +8.059578960e-08 +8.059578960e-08 -2.524999992e+01 -2.524999992e+01 +3.6143e+00 +6.3516e-01 -1.4216e+00 -2.1528e+00 +3.2965e+00
2298 +3.504499091e-08 +3.504499091e-08 -2.524999996e+01 -2.524999996e+01 +3.6145e+00 +6.3511e-01 -1.4217e+00 -2.1529e+00 +3.2968e+00
2370 +1.873061706e-08 +1.873061706e-08 -2.524999998e+01 -2.524999998e+01 +3.6143e+00 +6.3516e-01 -1.4216e+00 -2.1528e+00 +3.2969e+00
2389 +1.369339842e-08 +1.369339842e-08 -2.524999999e+01 -2.524999999e+01 +3.6144e+00 +6.3514e-01 -1.4216e+00 -2.1529e+00 +3.2969e+00
2536 +6.353332083e-09 +6.353332083e-09 -2.524999999e+01 -2.524999999e+01 +3.6144e+00 +6.3519e-01 -1.4216e+00 -2.1529e+00 +3.2968e+00
2590 +5.724849927e-09 +5.724849927e-09 -2.524999999e+01 -2.524999999e+01 +3.6145e+00 +6.3517e-01 -1.4216e+00 -2.1528e+00 +3.2968e+00
2656 +1.678827743e-09 +1.678827743e-09 -2.525000000e+01 -2.525000000e+01 +3.6144e+00 +6.3519e-01 -1.4216e+00 -2.1528e+00 +3.2968e+00
2753 +1.235363811e-09 +1.235363811e-09 -2.525000000e+01 -2.525000000e+01 +3.6144e+00 +6.3519e-01 -1.4216e+00 -2.1528e+00 +3.2968e+00
2818 +8.377973870e-10 +8.377973870e-10 -2.525000000e+01 -2.525000000e+01 +3.6144e+00 +6.3518e-01 -1.4216e+00 -2.1528e+00 +3.2968e+00
2873 +6.065725700e-10 +6.065725700e-10 -2.525000000e+01 -2.525000000e+01 +3.6144e+00 +6.3519e-01 -1.4216e+00 -2.1528e+00 +3.2968e+00
3005 +3.936548865e-10 +3.936548865e-10 -2.525000000e+01 -2.525000000e+01 +3.6144e+00 +6.3520e-01 -1.4216e+00 -2.1528e+00 +3.2968e+00
3080 +2.275371003e-10 +2.275371003e-10 -2.525000000e+01 -2.525000000e+01 +3.6144e+00 +6.3519e-01 -1.4216e+00 -2.1528e+00 +3.2968e+00
3231 +1.465139121e-10 +1.465139121e-10 -2.525000000e+01 -2.525000000e+01 +3.6144e+00 +6.3519e-01 -1.4216e+00 -2.1528e+00 +3.2968e+00
3337 +8.974510024e-11 +8.974510024e-11 -2.525000000e+01 -2.525000000e+01 +3.6144e+00 +6.3519e-01 -1.4216e+00 -2.1528e+00 +3.2968e+00
3356 +5.229239264e-11 +5.229239264e-11 -2.525000000e+01 -2.525000000e+01 +3.6144e+00 +6.3519e-01 -1.4216e+00 -2.1528e+00 +3.2968e+00
3518 +3.275957283e-11 +3.275957283e-11 -2.525000000e+01 -2.525000000e+01 +3.6144e+00 +6.3519e-01 -1.4216e+00 -2.1528e+00 +3.2968e+00
3531 +1.022470997e-11 +1.022470997e-11 -2.525000000e+01 -2.525000000e+01 +3.6144e+00 +6.3520e-01 -1.4216e+00 -2.1528e+00 +3.2968e+00
3571 +7.943867786e-12 +7.943867786e-12 -2.525000000e+01 -2.525000000e+01 +3.6144e+00 +6.3520e-01 -1.4216e+00 -2.1528e+00 +3.2968e+00
3697 +4.025224598e-12 +4.025224598e-12 -2.525000000e+01 -2.525000000e+01 +3.6144e+00 +6.3520e-01 -1.4216e+00 -2.1528e+00 +3.2968e+00
3817 +3.900879619e-12 +3.900879619e-12 -2.525000000e+01 -2.525000000e+01 +3.6144e+00 +6.3520e-01 -1.4216e+00 -2.1528e+00 +3.2968e+00
3945 +2.142286348e-12 +2.142286348e-12 -2.525000000e+01 -2.525000000e+01 +3.6144e+00 +6.3520e-01 -1.4216e+00 -2.1528e+00 +3.2968e+00
4039 +1.449507181e-12 +1.449507181e-12 -2.525000000e+01 -2.525000000e+01 +3.6144e+00 +6.3520e-01 -1.4216e+00 -2.1528e+00 +3.2968e+00
4151 +9.769962617e-13 +9.769962617e-13 -2.525000000e+01 -2.525000000e+01 +3.6144e+00 +6.3520e-01 -1.4216e+00 -2.1528e+00 +3.2968e+00
4513 +6.252776075e-13 +6.252776075e-13 -2.525000000e+01 -2.525000000e+01 +3.6144e+00 +6.3520e-01 -1.4216e+00 -2.1528e+00 +3.2968e+00
% function evaluation | noise-free fitness - Fopt (-2.017200000000e+02) | best noise-free fitness - Fopt | measured fitness | best measured fitness | x1 | x2...
1 +8.082853705e+01 +8.082853705e+01 -1.208914630e+02 -1.208914630e+02 +3.1472e+00 +4.0579e+00 -3.7301e+00 +4.1338e+00 +1.3236e+00
2 +2.123815918e+01 +2.123815918e+01 -1.804818408e+02 -1.804818408e+02 -4.0246e+00 -2.2150e+00 +4.6882e-01 +4.5751e+00 +4.6489e+00
10 +1.346005403e+01 +1.346005403e+01 -1.882599460e+02 -1.882599460e+02 -1.0236e-01 -5.4414e-01 +1.4631e+00 +2.0936e+00 +2.5469e+00
16 +8.974140394e+00 +8.974140394e+00 -1.927458596e+02 -1.927458596e+02 -1.5002e+00 -3.0340e+00 -2.4892e+00 +1.1604e+00 -2.6711e-01
118 +5.781204009e+00 +5.781204009e+00 -1.959387960e+02 -1.959387960e+02 -1.7122e+00 -1.3152e+00 +2.2051e-01 +2.8023e+00 +3.2716e+00
138 +2.657812005e+00 +2.657812005e+00 -1.990621880e+02 -1.990621880e+02 -1.1453e+00 -2.6378e+00 -2.3755e+00 +1.7329e+00 +2.3371e+00
188 +2.230725150e+00 +2.230725150e+00 -1.994892749e+02 -1.994892749e+02 -1.5013e+00 -3.0627e+00 -1.8216e+00 +1.1367e+00 +1.9741e+00
212 +1.531996371e+00 +1.531996371e+00 -2.001880036e+02 -2.001880036e+02 -2.0500e+00 -3.0145e+00 -1.7534e+00 +1.6723e+00 +1.8239e+00
219 +9.503852358e-01 +9.503852358e-01 -2.007696148e+02 -2.007696148e+02 -1.9946e+00 -2.6565e+00 -1.2814e+00 +2.7917e+00 +2.4975e+00
356 +2.468986009e-01 +2.468986009e-01 -2.014731014e+02 -2.014731014e+02 -1.5380e+00 -2.8485e+00 -9.5357e-01 +2.0800e+00 +2.4194e+00
397 +1.520412947e-01 +1.520412947e-01 -2.015679587e+02 -2.015679587e+02 -1.4558e+00 -2.8581e+00 -9.7093e-01 +2.2054e+00 +2.3749e+00
467 +8.546771659e-02 +8.546771659e-02 -2.016345323e+02 -2.016345323e+02 -1.3450e+00 -2.7303e+00 -1.1501e+00 +2.3523e+00 +2.0945e+00
477 +2.153843838e-02 +2.153843838e-02 -2.016984616e+02 -2.016984616e+02 -1.4558e+00 -2.9075e+00 -9.7093e-01 +2.2054e+00 +1.9534e+00
712 +1.345644113e-02 +1.345644113e-02 -2.017065436e+02 -2.017065436e+02 -1.4074e+00 -2.9520e+00 -1.0501e+00 +2.3252e+00 +2.0238e+00
870 +7.778791243e-03 +7.778791243e-03 -2.017122212e+02 -2.017122212e+02 -1.4177e+00 -2.8405e+00 -9.9060e-01 +2.3209e+00 +2.0489e+00
891 +5.616405932e-03 +5.616405932e-03 -2.017143836e+02 -2.017143836e+02 -1.4104e+00 -2.8805e+00 -9.9820e-01 +2.2909e+00 +2.0309e+00
927 +3.170024025e-03 +3.170024025e-03 -2.017168300e+02 -2.017168300e+02 -1.4524e+00 -2.9445e+00 -9.6686e-01 +2.3445e+00 +2.0202e+00
935 +1.806440699e-03 +1.806440699e-03 -2.017181936e+02 -2.017181936e+02 -1.4247e+00 -2.9221e+00 -9.6490e-01 +2.3527e+00 +2.0394e+00
1058 +1.239707440e-03 +1.239707440e-03 -2.017187603e+02 -2.017187603e+02 -1.4268e+00 -2.8998e+00 -9.5299e-01 +2.3247e+00 +2.0444e+00
1100 +9.850461183e-04 +9.850461183e-04 -2.017190150e+02 -2.017190150e+02 -1.4364e+00 -2.9112e+00 -9.7157e-01 +2.3377e+00 +2.0085e+00
1170 +2.828946126e-04 +2.828946126e-04 -2.017197171e+02 -2.017197171e+02 -1.4369e+00 -2.9041e+00 -9.4846e-01 +2.3364e+00 +2.0118e+00
1178 +2.119653811e-04 +2.119653811e-04 -2.017197880e+02 -2.017197880e+02 -1.4268e+00 -2.9157e+00 -9.4473e-01 +2.3247e+00 +2.0147e+00
1324 +1.282948103e-04 +1.282948103e-04 -2.017198717e+02 -2.017198717e+02 -1.4278e+00 -2.9039e+00 -9.4326e-01 +2.3247e+00 +2.0140e+00
1361 +7.061334179e-05 +7.061334179e-05 -2.017199294e+02 -2.017199294e+02 -1.4252e+00 -2.9078e+00 -9.4913e-01 +2.3385e+00 +2.0133e+00
1408 +4.715594153e-05 +4.715594153e-05 -2.017199528e+02 -2.017199528e+02 -1.4242e+00 -2.9039e+00 -9.4582e-01 +2.3381e+00 +2.0140e+00
1451 +1.211630729e-05 +1.211630729e-05 -2.017199879e+02 -2.017199879e+02 -1.4221e+00 -2.9078e+00 -9.4762e-01 +2.3328e+00 +2.0108e+00
1673 +6.944201346e-06 +6.944201346e-06 -2.017199931e+02 -2.017199931e+02 -1.4227e+00 -2.9056e+00 -9.4662e-01 +2.3337e+00 +2.0131e+00
1680 +8.054211946e-07 +8.054211946e-07 -2.017199992e+02 -2.017199992e+02 -1.4212e+00 -2.9049e+00 -9.4560e-01 +2.3333e+00 +2.0120e+00
1925 +2.024530090e-07 +2.024530090e-07 -2.017199998e+02 -2.017199998e+02 -1.4210e+00 -2.9054e+00 -9.4597e-01 +2.3328e+00 +2.0119e+00
2036 +6.173999623e-08 +6.173999623e-08 -2.017199999e+02 -2.017199999e+02 -1.4210e+00 -2.9056e+00 -9.4564e-01 +2.3329e+00 +2.0121e+00
2153 +2.395543675e-08 +2.395543675e-08 -2.017200000e+02 -2.017200000e+02 -1.4208e+00 -2.9057e+00 -9.4569e-01 +2.3328e+00 +2.0120e+00
2181 +1.214786494e-08 +1.214786494e-08 -2.017200000e+02 -2.017200000e+02 -1.4208e+00 -2.9056e+00 -9.4560e-01 +2.3327e+00 +2.0119e+00
2323 +8.138698604e-09 +8.138698604e-09 -2.017200000e+02 -2.017200000e+02 -1.4208e+00 -2.9056e+00 -9.4567e-01 +2.3328e+00 +2.0120e+00
2344 +3.454914577e-09 +3.454914577e-09 -2.017200000e+02 -2.017200000e+02 -1.4208e+00 -2.9056e+00 -9.4563e-01 +2.3328e+00 +2.0120e+00
2497 +2.482153150e-09 +2.482153150e-09 -2.017200000e+02 -2.017200000e+02 -1.4208e+00 -2.9056e+00 -9.4564e-01 +2.3328e+00 +2.0120e+00
2594 +8.693632481e-10 +8.693632481e-10 -2.017200000e+02 -2.017200000e+02 -1.4208e+00 -2.9056e+00 -9.4562e-01 +2.3328e+00 +2.0120e+00
2612 +2.924309683e-10 +2.924309683e-10 -2.017200000e+02 -2.017200000e+02 -1.4208e+00 -2.9056e+00 -9.4561e-01 +2.3328e+00 +2.0120e+00
2701 +1.890612111e-10 +1.890612111e-10 -2.017200000e+02 -2.017200000e+02 -1.4208e+00 -2.9056e+00 -9.4560e-01 +2.3328e+00 +2.0120e+00
2741 +5.832134775e-11 +5.832134775e-11 -2.017200000e+02 -2.017200000e+02 -1.4208e+00 -2.9056e+00 -9.4560e-01 +2.3328e+00 +2.0120e+00
2979 +3.743139132e-11 +3.743139132e-11 -2.017200000e+02 -2.017200000e+02 -1.4208e+00 -2.9056e+00 -9.4560e-01 +2.3328e+00 +2.0120e+00
3053 +1.591615728e-11 +1.591615728e-11 -2.017200000e+02 -2.017200000e+02 -1.4208e+00 -2.9056e+00 -9.4560e-01 +2.3328e+00 +2.0120e+00
3129 +1.452349352e-11 +1.452349352e-11 -2.017200000e+02 -2.017200000e+02 -1.4208e+00 -2.9056e+00 -9.4560e-01 +2.3328e+00 +2.0120e+00
3145 +5.144329407e-12 +5.144329407e-12 -2.017200000e+02 -2.017200000e+02 -1.4208e+00 -2.9056e+00 -9.4560e-01 +2.3328e+00 +2.0120e+00
3330 +3.637978807e-12 +3.637978807e-12 -2.017200000e+02 -2.017200000e+02 -1.4208e+00 -2.9056e+00 -9.4560e-01 +2.3328e+00 +2.0120e+00
3337 +2.330580173e-12 +2.330580173e-12 -2.017200000e+02 -2.017200000e+02 -1.4208e+00 -2.9056e+00 -9.4560e-01 +2.3328e+00 +2.0120e+00
3365 +9.094947018e-13 +9.094947018e-13 -2.017200000e+02 -2.017200000e+02 -1.4208e+00 -2.9056e+00 -9.4560e-01 +2.3328e+00 +2.0120e+00
3369 +4.263256415e-13 +4.263256415e-13 -2.017200000e+02 -2.017200000e+02 -1.4208e+00 -2.9056e+00 -9.4560e-01 +2.3328e+00 +2.0120e+00
3521 +2.557953849e-13 +2.557953849e-13 -2.017200000e+02 -2.017200000e+02 -1.4208e+00 -2.9056e+00 -9.4560e-01 +2.3328e+00 +2.0120e+00
3647 +2.273736754e-13 +2.273736754e-13 -2.017200000e+02 -2.017200000e+02 -1.4208e+00 -2.9056e+00 -9.4560e-01 +2.3328e+00 +2.0120e+00
3662 +1.421085472e-13 +1.421085472e-13 -2.017200000e+02 -2.017200000e+02 -1.4208e+00 -2.9056e+00 -9.4560e-01 +2.3328e+00 +2.0120e+00
3742 +5.684341886e-14 +5.684341886e-14 -2.017200000e+02 -2.017200000e+02 -1.4208e+00 -2.9056e+00 -9.4560e-01 +2.3328e+00 +2.0120e+00
3829 +2.842170943e-14 +2.842170943e-14 -2.017200000e+02 -2.017200000e+02 -1.4208e+00 -2.9056e+00 -9.4560e-01 +2.3328e+00 +2.0120e+00
3849 +0.000000000e+00 +0.000000000e+00 -2.017200000e+02 -2.017200000e+02 -1.4208e+00 -2.9056e+00 -9.4560e-01 +2.3328e+00 +2.0120e+00
% function evaluation | noise-free fitness - Fopt (-1.000000000000e+03) | best noise-free fitness - Fopt | measured fitness | best measured fitness | x1 | x2...
1 +6.022631587e+01 +6.022631587e+01 -9.397736841e+02 -9.397736841e+02 +3.1472e+00 +4.0579e+00 -3.7301e+00 +4.1338e+00 +1.3236e+00
10 +8.524084363e+00 +8.524084363e+00 -9.914759156e+02 -9.914759156e+02 -1.0236e-01 -5.4414e-01 +1.4631e+00 +2.0936e+00 +2.5469e+00
42 +5.823453880e+00 +5.823453880e+00 -9.941765461e+02 -9.941765461e+02 -5.1028e-01 -6.0094e-01 +1.5745e+00 +5.3406e-01 +2.2592e+00
123 +1.075395714e+00 +1.075395714e+00 -9.989246043e+02 -9.989246043e+02 -3.8354e-01 +7.8097e-02 +4.1166e-01 -5.3929e-01 +3.0028e+00
319 +7.596830974e-01 +7.596830974e-01 -9.992403169e+02 -9.992403169e+02 +1.8811e-01 +4.0699e-02 +3.4562e-01 -6.4141e-01 +3.5931e+00
370 +3.714380260e-01 +3.714380260e-01 -9.996285620e+02 -9.996285620e+02 +1.8345e-01 +4.7551e-01 +3.6163e-02 +2.3680e-01 +3.1920e+00
600 +8.393107501e-02 +8.393107501e-02 -9.999160689e+02 -9.999160689e+02 -3.0356e-01 +2.1189e-01 -1.7054e-01 +8.2339e-02 +3.4449e+00
752 +3.326587913e-02 +3.326587913e-02 -9.999667341e+02 -9.999667341e+02 -3.6444e-02 +3.3753e-01 +1.1403e-02 +2.2075e-02 +3.6543e+00
889 +8.843294024e-03 +8.843294024e-03 -9.999911567e+02 -9.999911567e+02 -3.6509e-02 +2.3393e-01 -8.4912e-02 +1.3653e-02 +3.5287e+00
980 +6.041758504e-03 +6.041758504e-03 -9.999939582e+02 -9.999939582e+02 -1.1260e-01 +2.4152e-01 -9.9802e-02 -2.6624e-02 +3.5609e+00
1103 +3.940921845e-03 +3.940921845e-03 -9.999960591e+02 -9.999960591e+02 -2.9100e-02 +2.3291e-01 -9.2059e-02 -8.4829e-03 +3.6126e+00
1127 +1.872554414e-03 +1.872554414e-03 -9.999981274e+02 -9.999981274e+02 -7.0327e-02 +2.5341e-01 -1.0791e-01 +5.0055e-02 +3.5940e+00
1182 +8.554333839e-04 +8.554333839e-04 -9.999991446e+02 -9.999991446e+02 -7.8733e-02 +2.3363e-01 -1.0391e-01 +3.7555e-02 +3.5897e+00
1224 +3.797483571e-04 +3.797483571e-04 -9.999996203e+02 -9.999996203e+02 -8.7505e-02 +2.2695e-01 -1.2009e-01 +2.0048e-02 +3.5894e+00
1387 +1.911104041e-04 +1.911104041e-04 -9.999998089e+02 -9.999998089e+02 -7.2065e-02 +2.2413e-01 -1.1216e-01 +1.0721e-02 +3.6031e+00
1448 +1.277947848e-04 +1.277947848e-04 -9.999998722e+02 -9.999998722e+02 -7.5676e-02 +2.2233e-01 -1.2206e-01 +1.4671e-02 +3.5977e+00
1528 +6.393303067e-05 +6.393303067e-05 -9.999999361e+02 -9.999999361e+02 -7.5676e-02 +2.3051e-01 -1.2206e-01 +1.4671e-02 +3.6105e+00
1665 +6.153705954e-05 +6.153705954e-05 -9.999999385e+02 -9.999999385e+02 -7.2912e-02 +2.3004e-01 -1.1903e-01 +1.4923e-02 +3.6017e+00
1669 +3.218306369e-05 +3.218306369e-05 -9.999999678e+02 -9.999999678e+02 -7.6235e-02 +2.2999e-01 -1.2146e-01 +2.3235e-02 +3.6017e+00
1775 +1.958784321e-05 +1.958784321e-05 -9.999999804e+02 -9.999999804e+02 -7.9157e-02 +2.2923e-01 -1.1917e-01 +1.8639e-02 +3.6024e+00
1798 +1.556229176e-05 +1.556229176e-05 -9.999999844e+02 -9.999999844e+02 -7.6535e-02 +2.3013e-01 -1.1796e-01 +2.1397e-02 +3.6034e+00
1852 +8.667156749e-06 +8.667156749e-06 -9.999999913e+02 -9.999999913e+02 -7.7058e-02 +2.2623e-01 -1.2203e-01 +2.1155e-02 +3.6057e+00
1856 +2.827901199e-06 +2.827901199e-06 -9.999999972e+02 -9.999999972e+02 -7.6631e-02 +2.2925e-01 -1.2071e-01 +1.9805e-02 +3.6048e+00
2037 +1.501542670e-06 +1.501542670e-06 -9.999999985e+02 -9.999999985e+02 -7.5950e-02 +2.2830e-01 -1.1969e-01 +2.0755e-02 +3.6055e+00
2090 +7.322554438e-07 +7.322554438e-07 -9.999999993e+02 -9.999999993e+02 -7.6704e-02 +2.2828e-01 -1.1925e-01 +1.9771e-02 +3.6054e+00
2188 +1.409921424e-07 +1.409921424e-07 -9.999999999e+02 -9.999999999e+02 -7.6635e-02 +2.2821e-01 -1.1995e-01 +1.9859e-02 +3.6058e+00
2348 +6.603806924e-08 +6.603806924e-08 -9.999999999e+02 -9.999999999e+02 -7.6635e-02 +2.2791e-01 -1.2004e-01 +1.9859e-02 +3.6057e+00
2402 +3.053105502e-08 +3.053105502e-08 -1.000000000e+03 -1.000000000e+03 -7.6642e-02 +2.2801e-01 -1.2003e-01 +1.9936e-02 +3.6056e+00
2624 +2.272167876e-08 +2.272167876e-08 -1.000000000e+03 -1.000000000e+03 -7.6676e-02 +2.2800e-01 -1.2005e-01 +2.0007e-02 +3.6057e+00
2696 +1.488035650e-08 +1.488035650e-08 -1.000000000e+03 -1.000000000e+03 -7.6721e-02 +2.2795e-01 -1.2004e-01 +2.0044e-02 +3.6056e+00
2794 +8.286065167e-09 +8.286065167e-09 -1.000000000e+03 -1.000000000e+03 -7.6726e-02 +2.2796e-01 -1.2002e-01 +2.0017e-02 +3.6056e+00
2897 +5.709694051e-09 +5.709694051e-09 -1.000000000e+03 -1.000000000e+03 -7.6737e-02 +2.2802e-01 -1.1998e-01 +1.9972e-02 +3.6056e+00
3034 +3.912646207e-09 +3.912646207e-09 -1.000000000e+03 -1.000000000e+03 -7.6745e-02 +2.2800e-01 -1.2002e-01 +2.0018e-02 +3.6056e+00
3373 +2.436422619e-09 +2.436422619e-09 -1.000000000e+03 -1.000000000e+03 -7.6752e-02 +2.2799e-01 -1.2001e-01 +1.9997e-02 +3.6056e+00
% function evaluation | noise-free fitness - Fopt (-4.290000000000e+01) | best noise-free fitness - Fopt | measured fitness | best measured fitness | x1 | x2...
1 +1.013952558e+02 +1.013952558e+02 +5.849525576e+01 +5.849525576e+01 +3.1472e+00 +4.0579e+00 -3.7301e+00 +4.1338e+00 +1.3236e+00
3 +7.464180864e+01 +7.464180864e+01 +3.174180864e+01 +3.174180864e+01 -3.4239e+00 +4.7059e+00 +4.5717e+00 -1.4624e-01 +3.0028e+00
6 +3.081032164e+01 +3.081032164e+01 -1.208967836e+01 -1.208967836e+01 +2.5774e+00 +2.4313e+00 -1.0777e+00 +1.5548e+00 -3.2881e+00
24 +2.122804402e+01 +2.122804402e+01 -2.167195598e+01 -2.167195598e+01 +3.2582e+00 +3.8342e-01 +4.9613e+00 -4.2182e+00 -5.7322e-01
109 +1.002776356e+01 +1.002776356e+01 -3.287223644e+01 -3.287223644e+01 +1.0340e+00 +1.2206e+00 +2.8690e+00 +6.4393e-01 -9.8192e-01
116 +9.309206533e+00 +9.309206533e+00 -3.359079347e+01 -3.359079347e+01 +1.9949e+00 +1.4912e+00 +2.5277e+00 +4.0884e-01 -4.9076e-01
205 +5.824566011e+00 +5.824566011e+00 -3.707543399e+01 -3.707543399e+01 +1.0933e+00 +1.9501e+00 +2.2807e+00 -1.0759e+00 -1.8291e+00
294 +1.516194658e+00 +1.516194658e+00 -4.138380534e+01 -4.138380534e+01 +2.9680e+00 +2.2122e+00 +2.8619e+00 -1.4058e+00 -2.4249e+00
399 +9.429641420e-01 +9.429641420e-01 -4.195703586e+01 -4.195703586e+01 +2.9649e+00 +1.7684e+00 +3.3715e+00 -8.3127e-01 -3.0141e+00
440 +3.747798703e-01 +3.747798703e-01 -4.252522013e+01 -4.252522013e+01 +2.6982e+00 +2.2582e+00 +3.4281e+00 -1.1987e+00 -2.4508e+00
666 +2.180215032e-01 +2.180215032e-01 -4.268197850e+01 -4.268197850e+01 +2.6327e+00 +2.1127e+00 +3.6178e+00 -1.0954e+00 -2.5979e+00
720 +1.310807929e-01 +1.310807929e-01 -4.276891921e+01 -4.276891921e+01 +2.6982e+00 +2.2582e+00 +3.6220e+00 -8.2330e-01 -2.4508e+00
771 +7.890276669e-02 +7.890276669e-02 -4.282109723e+01 -4.282109723e+01 +2.5835e+00 +2.4494e+00 +3.7002e+00 -1.0520e+00 -2.5257e+00
869 +2.884680422e-02 +2.884680422e-02 -4.287115320e+01 -4.287115320e+01 +2.6909e+00 +2.3684e+00 +3.7268e+00 -8.8489e-01 -2.6442e+00
960 +1.535556985e-02 +1.535556985e-02 -4.288464443e+01 -4.288464443e+01 +2.5985e+00 +2.3807e+00 +3.7956e+00 -8.6206e-01 -2.5559e+00
1180 +9.090451140e-03 +9.090451140e-03 -4.289090955e+01 -4.289090955e+01 +2.6222e+00 +2.3723e+00 +3.8031e+00 -8.9411e-01 -2.6476e+00
1198 +4.390419928e-03 +4.390419928e-03 -4.289560958e+01 -4.289560958e+01 +2.6339e+00 +2.4236e+00 +3.8169e+00 -8.9832e-01 -2.6448e+00
1278 +3.514718922e-03 +3.514718922e-03 -4.289648528e+01 -4.289648528e+01 +2.6445e+00 +2.4236e+00 +3.8169e+00 -8.7372e-01 -2.6426e+00
1740 +2.417379059e-03 +2.417379059e-03 -4.289758262e+01 -4.289758262e+01 +2.6391e+00 +2.4279e+00 +3.8257e+00 -8.6454e-01 -2.6415e+00
% function evaluation | noise-free fitness - Fopt (-1.013200000000e+02) | best noise-free fitness - Fopt | measured fitness | best measured fitness | x1 | x2...
1 +1.084869198e+02 +1.084869198e+02 +7.166919821e+00 +7.166919821e+00 +3.1472e+00 +4.0579e+00 -3.7301e+00 +4.1338e+00 +1.3236e+00
3 +8.345911348e+01 +8.345911348e+01 -1.786088652e+01 -1.786088652e+01 -3.4239e+00 +4.7059e+00 +4.5717e+00 -1.4624e-01 +3.0028e+00
6 +3.163412585e+01 +3.163412585e+01 -6.968587415e+01 -6.968587415e+01 +2.5774e+00 +2.4313e+00 -1.0777e+00 +1.5548e+00 -3.2881e+00
11 +1.709193109e+01 +1.709193109e+01 -8.422806891e+01 -8.422806891e+01 -2.2397e+00 +1.7970e+00 +1.5510e+00 -3.3739e+00 -3.8100e+00
88 +1.065727839e+01 +1.065727839e+01 -9.066272161e+01 -9.066272161e+01 +3.2346e+00 +7.2543e-01 +8.2403e-01 -3.8778e+00 -4.6555e+00
94 +3.920839432e+00 +3.920839432e+00 -9.739916057e+01 -9.739916057e+01 +2.0553e+00 +2.9680e+00 +2.3829e+00 -4.8133e+00 -2.4249e+00
241 +5.674575957e-01 +5.674575957e-01 -1.007525424e+02 -1.007525424e+02 +2.2738e+00 +2.3987e+00 +2.2202e+00 -3.0025e+00 -2.9667e+00
401 +3.921047270e-01 +3.921047270e-01 -1.009278953e+02 -1.009278953e+02 +1.4415e+00 +2.3987e+00 +2.0127e+00 -3.0025e+00 -2.7309e+00
481 +1.505624502e-01 +1.505624502e-01 -1.011694375e+02 -1.011694375e+02 +1.7946e+00 +2.5222e+00 +1.8968e+00 -3.3332e+00 -3.2879e+00
733 +8.455504734e-02 +8.455504734e-02 -1.012354450e+02 -1.012354450e+02 +1.6684e+00 +2.8486e+00 +2.0159e+00 -2.8220e+00 -3.2681e+00
770 +3.059389246e-02 +3.059389246e-02 -1.012894061e+02 -1.012894061e+02 +1.8126e+00 +2.8447e+00 +1.9686e+00 -3.0017e+00 -3.1083e+00
854 +2.286994189e-02 +2.286994189e-02 -1.012971301e+02 -1.012971301e+02 +1.6966e+00 +2.7564e+00 +1.9188e+00 -3.0793e+00 -3.3113e+00
907 +1.113918084e-02 +1.113918084e-02 -1.013088608e+02 -1.013088608e+02 +1.6688e+00 +2.7191e+00 +1.9012e+00 -3.0820e+00 -3.2316e+00
1013 +3.237316450e-03 +3.237316450e-03 -1.013167627e+02 -1.013167627e+02 +1.7165e+00 +2.7690e+00 +2.0159e+00 -3.0638e+00 -3.1979e+00
1267 +1.730414566e-03 +1.730414566e-03 -1.013182696e+02 -1.013182696e+02 +1.6766e+00 +2.7224e+00 +1.9891e+00 -3.0753e+00 -3.1675e+00
1305 +1.567682407e-04 +1.567682407e-04 -1.013198432e+02 -1.013198432e+02 +1.6882e+00 +2.7627e+00 +1.9784e+00 -3.0737e+00 -3.1691e+00
1659 +7.210954143e-05 +7.210954143e-05 -1.013199279e+02 -1.013199279e+02 +1.7036e+00 +2.7546e+00 +1.9712e+00 -3.0788e+00 -3.1695e+00
1674 +3.296297740e-05 +3.296297740e-05 -1.013199670e+02 -1.013199670e+02 +1.6964e+00 +2.7603e+00 +1.9752e+00 -3.0731e+00 -3.1688e+00
1830 +1.507078903e-05 +1.507078903e-05 -1.013199849e+02 -1.013199849e+02 +1.6985e+00 +2.7528e+00 +1.9724e+00 -3.0765e+00 -3.1696e+00
1912 +6.724271302e-06 +6.724271302e-06 -1.013199933e+02 -1.013199933e+02 +1.6987e+00 +2.7536e+00 +1.9738e+00 -3.0750e+00 -3.1708e+00
1982 +5.871113913e-06 +5.871113913e-06 -1.013199941e+02 -1.013199941e+02 +1.6964e+00 +2.7558e+00 +1.9728e+00 -3.0737e+00 -3.1724e+00
2047 +3.976467212e-06 +3.976467212e-06 -1.013199960e+02 -1.013199960e+02 +1.6968e+00 +2.7568e+00 +1.9740e+00 -3.0733e+00 -3.1700e+00
2077 +5.427630470e-07 +5.427630470e-07 -1.013199995e+02 -1.013199995e+02 +1.6967e+00 +2.7557e+00 +1.9739e+00 -3.0748e+00 -3.1702e+00
2298 +3.863294609e-07 +3.863294609e-07 -1.013199996e+02 -1.013199996e+02 +1.6968e+00 +2.7551e+00 +1.9738e+00 -3.0748e+00 -3.1700e+00
2440 +2.191857504e-07 +2.191857504e-07 -1.013199998e+02 -1.013199998e+02 +1.6971e+00 +2.7555e+00 +1.9735e+00 -3.0743e+00 -3.1702e+00
2467 +1.404119416e-07 +1.404119416e-07 -1.013199999e+02 -1.013199999e+02 +1.6968e+00 +2.7551e+00 +1.9736e+00 -3.0744e+00 -3.1700e+00
2535 +9.990347394e-08 +9.990347394e-08 -1.013199999e+02 -1.013199999e+02 +1.6967e+00 +2.7553e+00 +1.9736e+00 -3.0743e+00 -3.1701e+00
2626 +5.924651703e-08 +5.924651703e-08 -1.013199999e+02 -1.013199999e+02 +1.6970e+00 +2.7553e+00 +1.9737e+00 -3.0744e+00 -3.1704e+00
2671 +2.613641925e-08 +2.613641925e-08 -1.013200000e+02 -1.013200000e+02 +1.6968e+00 +2.7553e+00 +1.9736e+00 -3.0743e+00 -3.1703e+00
2675 +1.629715030e-08 +1.629715030e-08 -1.013200000e+02 -1.013200000e+02 +1.6968e+00 +2.7553e+00 +1.9736e+00 -3.0745e+00 -3.1704e+00
2715 +2.286341783e-09 +2.286341783e-09 -1.013200000e+02 -1.013200000e+02 +1.6968e+00 +2.7552e+00 +1.9736e+00 -3.0744e+00 -3.1704e+00
2995 +1.545913619e-09 +1.545913619e-09 -1.013200000e+02 -1.013200000e+02 +1.6968e+00 +2.7552e+00 +1.9736e+00 -3.0744e+00 -3.1704e+00
3004 +6.915996664e-10 +6.915996664e-10 -1.013200000e+02 -1.013200000e+02 +1.6968e+00 +2.7552e+00 +1.9736e+00 -3.0744e+00 -3.1704e+00
3149 +4.709050927e-10 +4.709050927e-10 -1.013200000e+02 -1.013200000e+02 +1.6968e+00 +2.7552e+00 +1.9736e+00 -3.0744e+00 -3.1704e+00
3242 +3.958149364e-10 +3.958149364e-10 -1.013200000e+02 -1.013200000e+02 +1.6968e+00 +2.7552e+00 +1.9736e+00 -3.0744e+00 -3.1704e+00
3292 +1.297877361e-10 +1.297877361e-10 -1.013200000e+02 -1.013200000e+02 +1.6968e+00 +2.7552e+00 +1.9736e+00 -3.0744e+00 -3.1704e+00
3412 +7.160849691e-11 +7.160849691e-11 -1.013200000e+02 -1.013200000e+02 +1.6968e+00 +2.7552e+00 +1.9736e+00 -3.0744e+00 -3.1704e+00
3480 +6.188827228e-11 +6.188827228e-11 -1.013200000e+02 -1.013200000e+02 +1.6968e+00 +2.7552e+00 +1.9736e+00 -3.0744e+00 -3.1704e+00
3559 +3.554134764e-11 +3.554134764e-11 -1.013200000e+02 -1.013200000e+02 +1.6968e+00 +2.7552e+00 +1.9736e+00 -3.0744e+00 -3.1704e+00
3688 +9.791278899e-12 +9.791278899e-12 -1.013200000e+02 -1.013200000e+02 +1.6968e+00 +2.7552e+00 +1.9736e+00 -3.0744e+00 -3.1704e+00
3769 +5.428546501e-12 +5.428546501e-12 -1.013200000e+02 -1.013200000e+02 +1.6968e+00 +2.7552e+00 +1.9736e+00 -3.0744e+00 -3.1704e+00
3849 +3.197442311e-12 +3.197442311e-12 -1.013200000e+02 -1.013200000e+02 +1.6968e+00 +2.7552e+00 +1.9736e+00 -3.0744e+00 -3.1704e+00
3876 +1.193711796e-12 +1.193711796e-12 -1.013200000e+02 -1.013200000e+02 +1.6968e+00 +2.7552e+00 +1.9736e+00 -3.0744e+00 -3.1704e+00
3940 +9.805489753e-13 +9.805489753e-13 -1.013200000e+02 -1.013200000e+02 +1.6968e+00 +2.7552e+00 +1.9736e+00 -3.0744e+00 -3.1704e+00
4054 +6.252776075e-13 +6.252776075e-13 -1.013200000e+02 -1.013200000e+02 +1.6968e+00 +2.7552e+00 +1.9736e+00 -3.0744e+00 -3.1704e+00
4072 +2.984279490e-13 +2.984279490e-13 -1.013200000e+02 -1.013200000e+02 +1.6968e+00 +2.7552e+00 +1.9736e+00 -3.0744e+00 -3.1704e+00
4216 +1.278976924e-13 +1.278976924e-13 -1.013200000e+02 -1.013200000e+02 +1.6968e+00 +2.7552e+00 +1.9736e+00 -3.0744e+00 -3.1704e+00
4334 +8.526512829e-14 +8.526512829e-14 -1.013200000e+02 -1.013200000e+02 +1.6968e+00 +2.7552e+00 +1.9736e+00 -3.0744e+00 -3.1704e+00
4456 +2.842170943e-14 +2.842170943e-14 -1.013200000e+02 -1.013200000e+02 +1.6968e+00 +2.7552e+00 +1.9736e+00 -3.0744e+00 -3.1704e+00
4489 +1.421085472e-14 +1.421085472e-14 -1.013200000e+02 -1.013200000e+02 +1.6968e+00 +2.7552e+00 +1.9736e+00 -3.0744e+00 -3.1704e+00
4582 +0.000000000e+00 +0.000000000e+00 -1.013200000e+02 -1.013200000e+02 +1.6968e+00 +2.7552e+00 +1.9736e+00 -3.0744e+00 -3.1704e+00
% function evaluation | noise-free fitness - Fopt (3.650000000000e+00) | best noise-free fitness - Fopt | measured fitness | best measured fitness | x1 | x2...
1 +7.424644070e+01 +7.424644070e+01 +7.789644070e+01 +7.789644070e+01 +3.1472e+00 +4.0579e+00 -3.7301e+00 +4.1338e+00 +1.3236e+00
5 +3.343408780e+01 +3.343408780e+01 +3.708408780e+01 +3.708408780e+01 +1.5574e+00 -4.6429e+00 +3.4913e+00 +4.3399e+00 +1.7874e+00
9 +7.733205708e+00 +7.733205708e+00 +1.138320571e+01 +1.138320571e+01 -6.1256e-01 -1.1844e+00 +2.6552e+00 +2.9520e+00 -3.1313e+00
49 +3.217293350e+00 +3.217293350e+00 +6.867293350e+00 +6.867293350e+00 -6.1256e-01 -1.1844e+00 +4.5445e-01 +2.9520e+00 -3.1313e+00
240 +2.310504154e+00 +2.310504154e+00 +5.960504154e+00 +5.960504154e+00 +3.7207e-01 -9.0219e-01 +1.1133e+00 +4.0824e+00 -2.9996e+00
288 +1.499164122e+00 +1.499164122e+00 +5.149164122e+00 +5.149164122e+00 -4.8492e-01 -1.8478e+00 +1.4025e-01 +3.6117e+00 -2.8150e+00
297 +9.808855242e-01 +9.808855242e-01 +4.630885524e+00 +4.630885524e+00 +1.8484e-02 -1.7071e+00 +7.3700e-03 +3.9174e+00 -2.7953e+00
443 +3.179952121e-01 +3.179952121e-01 +3.967995212e+00 +3.967995212e+00 +5.6718e-01 -1.6776e+00 +4.2001e-01 +3.6307e+00 -2.6664e+00
576 +2.137850158e-01 +2.137850158e-01 +3.863785016e+00 +3.863785016e+00 +4.5538e-01 -1.8472e+00 +7.9691e-01 +4.0047e+00 -2.2964e+00
622 +1.195845355e-01 +1.195845355e-01 +3.769584536e+00 +3.769584536e+00 +6.2589e-01 -1.8067e+00 +7.7672e-01 +3.5839e+00 -2.2858e+00
751 +6.430261985e-02 +6.430261985e-02 +3.714302620e+00 +3.714302620e+00 +5.3693e-01 -1.9073e+00 +3.1781e-01 +3.5722e+00 -2.1353e+00
790 +4.593339518e-02 +4.593339518e-02 +3.695933395e+00 +3.695933395e+00 +5.7623e-01 -2.0085e+00 +6.8870e-01 +3.5679e+00 -2.2636e+00
793 +3.954859180e-02 +3.954859180e-02 +3.689548592e+00 +3.689548592e+00 +3.2479e-01 -1.9492e+00 +4.3110e-01 +3.6756e+00 -2.1849e+00
931 +2.497686372e-02 +2.497686372e-02 +3.674976864e+00 +3.674976864e+00 +4.3401e-01 -1.9184e+00 +5.7272e-01 +3.5421e+00 -2.2438e+00
993 +1.386942453e-02 +1.386942453e-02 +3.663869425e+00 +3.663869425e+00 +5.3634e-01 -1.9301e+00 +4.3110e-01 +3.6756e+00 -2.1849e+00
1029 +8.446720181e-03 +8.446720181e-03 +3.658446720e+00 +3.658446720e+00 +5.4336e-01 -2.0406e+00 +5.4999e-01 +3.6336e+00 -2.2235e+00
1048 +5.994186743e-03 +5.994186743e-03 +3.655994187e+00 +3.655994187e+00 +4.9757e-01 -1.9554e+00 +4.5938e-01 +3.6630e+00 -2.1781e+00
1152 +3.727235385e-03 +3.727235385e-03 +3.653727235e+00 +3.653727235e+00 +5.0261e-01 -2.0192e+00 +5.4842e-01 +3.6288e+00 -2.2010e+00
1306 +1.343138221e-03 +1.343138221e-03 +3.651343138e+00 +3.651343138e+00 +4.8923e-01 -1.9817e+00 +5.0102e-01 +3.6848e+00 -2.2141e+00
1378 +6.863512686e-04 +6.863512686e-04 +3.650686351e+00 +3.650686351e+00 +5.1168e-01 -1.9920e+00 +5.2155e-01 +3.6648e+00 -2.2014e+00
1390 +3.253374663e-04 +3.253374663e-04 +3.650325337e+00 +3.650325337e+00 +5.0170e-01 -1.9783e+00 +5.4125e-01 +3.6709e+00 -2.2138e+00
1503 +2.184812938e-04 +2.184812938e-04 +3.650218481e+00 +3.650218481e+00 +5.0468e-01 -1.9755e+00 +5.3479e-01 +3.6716e+00 -2.2106e+00
1608 +1.285575478e-04 +1.285575478e-04 +3.650128558e+00 +3.650128558e+00 +4.9363e-01 -1.9711e+00 +5.3276e-01 +3.6738e+00 -2.2085e+00
1680 +9.180499776e-05 +9.180499776e-05 +3.650091805e+00 +3.650091805e+00 +4.9825e-01 -1.9798e+00 +5.2410e-01 +3.6683e+00 -2.2091e+00
1766 +6.072298850e-05 +6.072298850e-05 +3.650060723e+00 +3.650060723e+00 +4.9757e-01 -1.9716e+00 +5.3248e-01 +3.6672e+00 -2.2107e+00
1781 +2.265177651e-05 +2.265177651e-05 +3.650022652e+00 +3.650022652e+00 +4.9350e-01 -1.9748e+00 +5.3200e-01 +3.6656e+00 -2.2094e+00
1823 +9.630378669e-06 +9.630378669e-06 +3.650009630e+00 +3.650009630e+00 +4.9417e-01 -1.9763e+00 +5.2857e-01 +3.6659e+00 -2.2049e+00
1950 +5.034439717e-06 +5.034439717e-06 +3.650005034e+00 +3.650005034e+00 +4.9537e-01 -1.9747e+00 +5.2965e-01 +3.6649e+00 -2.2079e+00
2067 +2.987803609e-06 +2.987803609e-06 +3.650002988e+00 +3.650002988e+00 +4.9410e-01 -1.9758e+00 +5.2808e-01 +3.6634e+00 -2.2066e+00
2153 +2.480390167e-06 +2.480390167e-06 +3.650002480e+00 +3.650002480e+00 +4.9485e-01 -1.9743e+00 +5.2973e-01 +3.6644e+00 -2.2075e+00
2227 +1.205872362e-06 +1.205872362e-06 +3.650001206e+00 +3.650001206e+00 +4.9410e-01 -1.9739e+00 +5.2808e-01 +3.6646e+00 -2.2066e+00
2255 +9.007249253e-07 +9.007249253e-07 +3.650000901e+00 +3.650000901e+00 +4.9429e-01 -1.9745e+00 +5.2809e-01 +3.6646e+00 -2.2066e+00
2280 +4.887387899e-07 +4.887387899e-07 +3.650000489e+00 +3.650000489e+00 +4.9468e-01 -1.9743e+00 +5.2857e-01 +3.6643e+00 -2.2059e+00
2343 +3.420834269e-07 +3.420834269e-07 +3.650000342e+00 +3.650000342e+00 +4.9437e-01 -1.9740e+00 +5.2882e-01 +3.6644e+00 -2.2062e+00
2371 +1.552243400e-07 +1.552243400e-07 +3.650000155e+00 +3.650000155e+00 +4.9440e-01 -1.9745e+00 +5.2899e-01 +3.6642e+00 -2.2062e+00
2525 +9.821136571e-08 +9.821136571e-08 +3.650000098e+00 +3.650000098e+00 +4.9446e-01 -1.9746e+00 +5.2889e-01 +3.6642e+00 -2.2063e+00
2641 +3.770233548e-08 +3.770233548e-08 +3.650000038e+00 +3.650000038e+00 +4.9440e-01 -1.9743e+00 +5.2884e-01 +3.6642e+00 -2.2064e+00
2675 +1.418603679e-08 +1.418603679e-08 +3.650000014e+00 +3.650000014e+00 +4.9444e-01 -1.9745e+00 +5.2883e-01 +3.6639e+00 -2.2064e+00
2805 +9.588975836e-09 +9.588975836e-09 +3.650000010e+00 +3.650000010e+00 +4.9440e-01 -1.9743e+00 +5.2885e-01 +3.6640e+00 -2.2064e+00
2853 +5.460408570e-09 +5.460408570e-09 +3.650000005e+00 +3.650000005e+00 +4.9440e-01 -1.9744e+00 +5.2885e-01 +3.6640e+00 -2.2064e+00
2984 +3.508811020e-09 +3.508811020e-09 +3.650000004e+00 +3.650000004e+00 +4.9440e-01 -1.9744e+00 +5.2883e-01 +3.6640e+00 -2.2064e+00
3071 +1.928196269e-09 +1.928196269e-09 +3.650000002e+00 +3.650000002e+00 +4.9440e-01 -1.9744e+00 +5.2884e-01 +3.6640e+00 -2.2064e+00
3126 +1.509453007e-09 +1.509453007e-09 +3.650000002e+00 +3.650000002e+00 +4.9441e-01 -1.9744e+00 +5.2879e-01 +3.6640e+00 -2.2064e+00
3137 +8.021161513e-10 +8.021161513e-10 +3.650000001e+00 +3.650000001e+00 +4.9441e-01 -1.9744e+00 +5.2880e-01 +3.6640e+00 -2.2064e+00
3257 +6.010205666e-10 +6.010205666e-10 +3.650000001e+00 +3.650000001e+00 +4.9441e-01 -1.9744e+00 +5.2880e-01 +3.6640e+00 -2.2064e+00
3273 +3.221352074e-10 +3.221352074e-10 +3.650000000e+00 +3.650000000e+00 +4.9441e-01 -1.9744e+00 +5.2880e-01 +3.6640e+00 -2.2064e+00
3309 +8.199441126e-11 +8.199441126e-11 +3.650000000e+00 +3.650000000e+00 +4.9441e-01 -1.9744e+00 +5.2880e-01 +3.6640e+00 -2.2064e+00
3405 +2.777778008e-11 +2.777778008e-11 +3.650000000e+00 +3.650000000e+00 +4.9440e-01 -1.9744e+00 +5.2880e-01 +3.6640e+00 -2.2064e+00
3410 +2.278577327e-11 +2.278577327e-11 +3.650000000e+00 +3.650000000e+00 +4.9440e-01 -1.9744e+00 +5.2880e-01 +3.6640e+00 -2.2064e+00
3589 +4.337419313e-12 +4.337419313e-12 +3.650000000e+00 +3.650000000e+00 +4.9440e-01 -1.9744e+00 +5.2880e-01 +3.6640e+00 -2.2064e+00
3889 +2.569056079e-12 +2.569056079e-12 +3.650000000e+00 +3.650000000e+00 +4.9440e-01 -1.9744e+00 +5.2880e-01 +3.6640e+00 -2.2064e+00
3901 +2.011280031e-12 +2.011280031e-12 +3.650000000e+00 +3.650000000e+00 +4.9440e-01 -1.9744e+00 +5.2880e-01 +3.6640e+00 -2.2064e+00
3949 +1.107114400e-12 +1.107114400e-12 +3.650000000e+00 +3.650000000e+00 +4.9440e-01 -1.9744e+00 +5.2880e-01 +3.6640e+00 -2.2064e+00
3989 +9.978684545e-13 +9.978684545e-13 +3.650000000e+00 +3.650000000e+00 +4.9440e-01 -1.9744e+00 +5.2880e-01 +3.6640e+00 -2.2064e+00
4064 +3.783640068e-13 +3.783640068e-13 +3.650000000e+00 +3.650000000e+00 +4.9440e-01 -1.9744e+00 +5.2880e-01 +3.6640e+00 -2.2064e+00
4296 +2.478017791e-13 +2.478017791e-13 +3.650000000e+00 +3.650000000e+00 +4.9440e-01 -1.9744e+00 +5.2880e-01 +3.6640e+00 -2.2064e+00
4298 +1.496580637e-13 +1.496580637e-13 +3.650000000e+00 +3.650000000e+00 +4.9440e-01 -1.9744e+00 +5.2880e-01 +3.6640e+00 -2.2064e+00
4405 +5.728750807e-14 +5.728750807e-14 +3.650000000e+00 +3.650000000e+00 +4.9440e-01 -1.9744e+00 +5.2880e-01 +3.6640e+00 -2.2064e+00
4504 +1.776356839e-14 +1.776356839e-14 +3.650000000e+00 +3.650000000e+00 +4.9440e-01 -1.9744e+00 +5.2880e-01 +3.6640e+00 -2.2064e+00
4662 +1.376676551e-14 +1.376676551e-14 +3.650000000e+00 +3.650000000e+00 +4.9440e-01 -1.9744e+00 +5.2880e-01 +3.6640e+00 -2.2064e+00
4717 +9.769962617e-15 +9.769962617e-15 +3.650000000e+00 +3.650000000e+00 +4.9440e-01 -1.9744e+00 +5.2880e-01 +3.6640e+00 -2.2064e+00
4724 +6.217248938e-15 +6.217248938e-15 +3.650000000e+00 +3.650000000e+00 +4.9440e-01 -1.9744e+00 +5.2880e-01 +3.6640e+00 -2.2064e+00
4790 +3.552713679e-15 +3.552713679e-15 +3.650000000e+00 +3.650000000e+00 +4.9440e-01 -1.9744e+00 +5.2880e-01 +3.6640e+00 -2.2064e+00
4859 +8.881784197e-16 +8.881784197e-16 +3.650000000e+00 +3.650000000e+00 +4.9440e-01 -1.9744e+00 +5.2880e-01 +3.6640e+00 -2.2064e+00
% function evaluation | noise-free fitness - Fopt (2.205300000000e+02) | best noise-free fitness - Fopt | measured fitness | best measured fitness | x1 | x2...
1 +1.049626512e+02 +1.049626512e+02 +3.254926512e+02 +3.254926512e+02 +3.1472e+00 +4.0579e+00 -3.7301e+00 +4.1338e+00 +1.3236e+00
2 +7.257327831e+01 +7.257327831e+01 +2.931032783e+02 +2.931032783e+02 -4.0246e+00 -2.2150e+00 +4.6882e-01 +4.5751e+00 +4.6489e+00
5 +2.946305849e+01 +2.946305849e+01 +2.499930585e+02 +2.499930585e+02 +1.5574e+00 -4.6429e+00 +3.4913e+00 +4.3399e+00 +1.7874e+00
13 +6.336309358e+00 +6.336309358e+00 +2.268663094e+02 +2.268663094e+02 +2.5127e+00 -2.4490e+00 +5.9571e-02 +1.9908e+00 +3.9090e+00
133 +5.538796330e+00 +5.538796330e+00 +2.260687963e+02 +2.260687963e+02 +2.5127e+00 -2.4490e+00 +9.3420e-01 +1.9908e+00 +3.9090e+00
240 +3.574121738e+00 +3.574121738e+00 +2.241041217e+02 +2.241041217e+02 +2.3189e+00 -3.3919e+00 +6.5700e-01 +1.8659e+00 +3.7253e+00
279 +1.424009275e+00 +1.424009275e+00 +2.219540093e+02 +2.219540093e+02 +2.3854e+00 -4.4050e+00 +6.3998e-01 -8.1947e-02 +2.8065e+00
314 +4.952025828e-01 +4.952025828e-01 +2.210252026e+02 +2.210252026e+02 +2.9327e+00 -3.7431e+00 +7.5423e-01 -1.5735e-01 +2.9959e+00
435 +3.044433653e-01 +3.044433653e-01 +2.208344434e+02 +2.208344434e+02 +3.1159e+00 -3.5955e+00 +6.2940e-01 +2.5379e-02 +3.2534e+00
515 +1.535446005e-01 +1.535446005e-01 +2.206835446e+02 +2.206835446e+02 +3.1159e+00 -3.5955e+00 +8.3924e-01 +2.5379e-02 +3.7424e+00
661 +3.182350656e-02 +3.182350656e-02 +2.205618235e+02 +2.205618235e+02 +3.0087e+00 -3.7840e+00 +8.1225e-01 +1.4222e-01 +3.6293e+00
745 +2.370029621e-02 +2.370029621e-02 +2.205537003e+02 +2.205537003e+02 +3.0362e+00 -3.8789e+00 +8.9491e-01 +3.1361e-01 +3.4966e+00
789 +1.572848357e-02 +1.572848357e-02 +2.205457285e+02 +2.205457285e+02 +3.0085e+00 -3.8277e+00 +9.9392e-01 +2.4230e-01 +3.6646e+00
827 +8.760893157e-03 +8.760893157e-03 +2.205387609e+02 +2.205387609e+02 +2.9591e+00 -3.8536e+00 +9.7922e-01 +1.3153e-01 +3.5079e+00
907 +4.863755228e-03 +4.863755228e-03 +2.205348638e+02 +2.205348638e+02 +3.0065e+00 -3.8224e+00 +9.3228e-01 +1.6141e-01 +3.5079e+00
955 +2.889267781e-03 +2.889267781e-03 +2.205328893e+02 +2.205328893e+02 +2.9569e+00 -3.8413e+00 +9.2033e-01 +1.8189e-01 +3.5541e+00
1015 +1.848185502e-03 +1.848185502e-03 +2.205318482e+02 +2.205318482e+02 +3.0205e+00 -3.8171e+00 +9.4608e-01 +1.8876e-01 +3.5739e+00
1144 +1.514171522e-03 +1.514171522e-03 +2.205315142e+02 +2.205315142e+02 +3.0002e+00 -3.8405e+00 +9.5285e-01 +2.0385e-01 +3.5954e+00
1220 +8.328661275e-05 +8.328661275e-05 +2.205300833e+02 +2.205300833e+02 +3.0002e+00 -3.8481e+00 +9.5868e-01 +1.9812e-01 +3.5530e+00
1493 +5.232537436e-05 +5.232537436e-05 +2.205300523e+02 +2.205300523e+02 +2.9988e+00 -3.8466e+00 +9.5656e-01 +1.9857e-01 +3.5539e+00
1516 +3.646429042e-05 +3.646429042e-05 +2.205300365e+02 +2.205300365e+02 +2.9993e+00 -3.8470e+00 +9.5513e-01 +1.9250e-01 +3.5544e+00
1616 +2.191040946e-05 +2.191040946e-05 +2.205300219e+02 +2.205300219e+02 +2.9989e+00 -3.8467e+00 +9.5267e-01 +1.9913e-01 +3.5587e+00
1623 +1.141371226e-05 +1.141371226e-05 +2.205300114e+02 +2.205300114e+02 +2.9988e+00 -3.8473e+00 +9.5383e-01 +1.9752e-01 +3.5591e+00
1650 +9.029835297e-06 +9.029835297e-06 +2.205300090e+02 +2.205300090e+02 +2.9968e+00 -3.8501e+00 +9.5157e-01 +1.9680e-01 +3.5576e+00
1712 +6.049778108e-06 +6.049778108e-06 +2.205300060e+02 +2.205300060e+02 +2.9968e+00 -3.8479e+00 +9.5327e-01 +1.9724e-01 +3.5571e+00
1778 +3.554029348e-06 +3.554029348e-06 +2.205300036e+02 +2.205300036e+02 +2.9973e+00 -3.8467e+00 +9.5326e-01 +1.9627e-01 +3.5588e+00
1929 +2.408257643e-06 +2.408257643e-06 +2.205300024e+02 +2.205300024e+02 +2.9978e+00 -3.8488e+00 +9.5301e-01 +1.9589e-01 +3.5589e+00
1965 +1.552733238e-06 +1.552733238e-06 +2.205300016e+02 +2.205300016e+02 +2.9979e+00 -3.8481e+00 +9.5292e-01 +1.9576e-01 +3.5586e+00
2023 +6.657055565e-07 +6.657055565e-07 +2.205300007e+02 +2.205300007e+02 +2.9968e+00 -3.8475e+00 +9.5311e-01 +1.9578e-01 +3.5585e+00
2142 +4.909658173e-07 +4.909658173e-07 +2.205300005e+02 +2.205300005e+02 +2.9969e+00 -3.8480e+00 +9.5312e-01 +1.9582e-01 +3.5584e+00
2169 +3.715633738e-07 +3.715633738e-07 +2.205300004e+02 +2.205300004e+02 +2.9967e+00 -3.8476e+00 +9.5285e-01 +1.9561e-01 +3.5584e+00
2230 +1.971560266e-07 +1.971560266e-07 +2.205300002e+02 +2.205300002e+02 +2.9969e+00 -3.8479e+00 +9.5281e-01 +1.9556e-01 +3.5586e+00
2291 +1.361104296e-07 +1.361104296e-07 +2.205300001e+02 +2.205300001e+02 +2.9969e+00 -3.8480e+00 +9.5298e-01 +1.9546e-01 +3.5586e+00
2517 +8.392100881e-08 +8.392100881e-08 +2.205300001e+02 +2.205300001e+02 +2.9967e+00 -3.8480e+00 +9.5286e-01 +1.9547e-01 +3.5583e+00
2605 +6.224979643e-08 +6.224979643e-08 +2.205300001e+02 +2.205300001e+02 +2.9968e+00 -3.8480e+00 +9.5280e-01 +1.9539e-01 +3.5586e+00
2990 +3.825869044e-08 +3.825869044e-08 +2.205300000e+02 +2.205300000e+02 +2.9968e+00 -3.8480e+00 +9.5281e-01 +1.9539e-01 +3.5584e+00
% function evaluation | noise-free fitness - Fopt (4.212900000000e+02) | best noise-free fitness - Fopt | measured fitness | best measured fitness | x1 | x2...
1 +1.270666742e+02 +1.270666742e+02 +5.483566742e+02 +5.483566742e+02 +3.1472e+00 +4.0579e+00 -3.7301e+00 +4.1338e+00 +1.3236e+00
3 +3.462793110e+01 +3.462793110e+01 +4.559179311e+02 +4.559179311e+02 -3.4239e+00 +4.7059e+00 +4.5717e+00 -1.4624e-01 +3.0028e+00
11 +1.650244675e+01 +1.650244675e+01 +4.377924467e+02 +4.377924467e+02 -2.2397e+00 +1.7970e+00 +1.5510e+00 -3.3739e+00 -3.8100e+00
18 +1.039341398e+01 +1.039341398e+01 +4.316834140e+02 +4.316834140e+02 -2.1416e+00 +2.5720e+00 +2.5373e+00 -1.1955e+00 +6.7822e-01
117 +9.281120660e+00 +9.281120660e+00 +4.305711207e+02 +4.305711207e+02 -3.2679e+00 +3.1585e+00 +5.1326e-01 -1.2450e+00 +1.8678e+00
163 +2.692735753e+00 +2.692735753e+00 +4.239827358e+02 +4.239827358e+02 -3.7676e+00 +3.2696e+00 +1.9092e+00 -1.5842e+00 -9.1993e-01
257 +2.254976940e+00 +2.254976940e+00 +4.235449769e+02 +4.235449769e+02 -3.6879e+00 +3.8571e+00 +1.9701e+00 -1.9338e+00 -8.1654e-01
291 +1.573369275e+00 +1.573369275e+00 +4.228633693e+02 +4.228633693e+02 -3.4317e+00 +3.1800e+00 +1.9225e+00 -3.3739e+00 -1.0982e+00
444 +7.763888304e-01 +7.763888304e-01 +4.220663888e+02 +4.220663888e+02 -3.5441e+00 +3.1734e+00 +1.6563e+00 -3.0655e+00 -5.2386e-02
447 +4.940606898e-01 +4.940606898e-01 +4.217840607e+02 +4.217840607e+02 -3.6865e+00 +3.3872e+00 +1.0550e+00 -2.4967e+00 -2.8728e-02
512 +2.123335945e-01 +2.123335945e-01 +4.215023336e+02 +4.215023336e+02 -3.9971e+00 +3.2817e+00 +8.8494e-01 -3.3399e+00 -5.2079e-01
641 +1.000202710e-01 +1.000202710e-01 +4.213900203e+02 +4.213900203e+02 -3.8921e+00 +3.3546e+00 +1.0060e+00 -3.1826e+00 -6.6084e-01
782 +7.171519578e-02 +7.171519578e-02 +4.213617152e+02 +4.213617152e+02 -3.9463e+00 +3.2841e+00 +8.7733e-01 -3.1097e+00 -5.2046e-01
813 +4.870148919e-02 +4.870148919e-02 +4.213387015e+02 +4.213387015e+02 -3.8893e+00 +3.3390e+00 +8.6371e-01 -2.9810e+00 -5.1658e-01
850 +3.745950126e-02 +3.745950126e-02 +4.213274595e+02 +4.213274595e+02 -3.8476e+00 +3.3042e+00 +9.9075e-01 -2.9932e+00 -6.4158e-01
934 +2.258843540e-02 +2.258843540e-02 +4.213125884e+02 +4.213125884e+02 -3.8613e+00 +3.3198e+00 +1.0823e+00 -2.9765e+00 -4.1754e-01
992 +7.685704358e-03 +7.685704358e-03 +4.212976857e+02 +4.212976857e+02 -3.8721e+00 +3.3194e+00 +1.0555e+00 -2.9308e+00 -4.9217e-01
1014 +1.546481948e-03 +1.546481948e-03 +4.212915465e+02 +4.212915465e+02 -3.9479e+00 +3.3048e+00 +1.0823e+00 -2.9481e+00 -5.3106e-01
1395 +9.168271282e-04 +9.168271282e-04 +4.212909168e+02 +4.212909168e+02 -3.9628e+00 +3.3058e+00 +1.0841e+00 -2.9319e+00 -5.3009e-01
1438 +5.740395343e-04 +5.740395343e-04 +4.212905740e+02 +4.212905740e+02 -3.9373e+00 +3.3003e+00 +1.0776e+00 -2.9225e+00 -5.2165e-01
1526 +3.601259441e-04 +3.601259441e-04 +4.212903601e+02 +4.212903601e+02 -3.9533e+00 +3.3112e+00 +1.0687e+00 -2.9314e+00 -5.2798e-01
1621 +2.420642979e-04 +2.420642979e-04 +4.212902421e+02 +4.212902421e+02 -3.9569e+00 +3.2984e+00 +1.0743e+00 -2.9226e+00 -5.1865e-01
1650 +1.555141053e-04 +1.555141053e-04 +4.212901555e+02 +4.212901555e+02 -3.9509e+00 +3.3097e+00 +1.0704e+00 -2.9221e+00 -5.2495e-01
1784 +5.429359214e-05 +5.429359214e-05 +4.212900543e+02 +4.212900543e+02 -3.9546e+00 +3.3060e+00 +1.0682e+00 -2.9210e+00 -5.1487e-01
1903 +2.637536153e-05 +2.637536153e-05 +4.212900264e+02 +4.212900264e+02 -3.9499e+00 +3.3047e+00 +1.0609e+00 -2.9198e+00 -5.1593e-01
1923 +2.158368949e-05 +2.158368949e-05 +4.212900216e+02 +4.212900216e+02 -3.9535e+00 +3.3056e+00 +1.0595e+00 -2.9208e+00 -5.1912e-01
1981 +1.298553997e-05 +1.298553997e-05 +4.212900130e+02 +4.212900130e+02 -3.9514e+00 +3.3064e+00 +1.0621e+00 -2.9202e+00 -5.1851e-01
2099 +8.394055044e-06 +8.394055044e-06 +4.212900084e+02 +4.212900084e+02 -3.9547e+00 +3.3049e+00 +1.0622e+00 -2.9197e+00 -5.1690e-01
2181 +5.737734909e-06 +5.737734909e-06 +4.212900057e+02 +4.212900057e+02 -3.9540e+00 +3.3064e+00 +1.0623e+00 -2.9196e+00 -5.1635e-01
2272 +3.974102299e-06 +3.974102299e-06 +4.212900040e+02 +4.212900040e+02 -3.9535e+00 +3.3054e+00 +1.0624e+00 -2.9193e+00 -5.1758e-01
2746 +2.508352850e-06 +2.508352850e-06 +4.212900025e+02 +4.212900025e+02 -3.9536e+00 +3.3064e+00 +1.0623e+00 -2.9192e+00 -5.1755e-01
% function evaluation | noise-free fitness - Fopt (-7.900000000000e+01) | best noise-free fitness - Fopt | measured fitness | best measured fitness | x1 | x2...
1 +1.054128147e+02 +1.054128147e+02 +2.641281471e+01 +2.641281471e+01 +3.1472e+00 +4.0579e+00 -3.7301e+00 +4.1338e+00 +1.3236e+00
3 +7.756388379e+01 +7.756388379e+01 -1.436116208e+00 -1.436116208e+00 -3.4239e+00 +4.7059e+00 +4.5717e+00 -1.4624e-01 +3.0028e+00
6 +3.727059151e+01 +3.727059151e+01 -4.172940849e+01 -4.172940849e+01 +2.5774e+00 +2.4313e+00 -1.0777e+00 +1.5548e+00 -3.2881e+00
9 +2.330141115e+01 +2.330141115e+01 -5.569858885e+01 -5.569858885e+01 -6.1256e-01 -1.1844e+00 +2.6552e+00 +2.9520e+00 -3.1313e+00
21 +9.100836643e+00 +9.100836643e+00 -6.989916336e+01 -6.989916336e+01 -3.3782e+00 +2.9428e+00 -1.8878e+00 +2.8533e-01 -3.3435e+00
144 +5.204797966e+00 +5.204797966e+00 -7.379520203e+01 -7.379520203e+01 -2.9045e+00 +3.4108e+00 +8.3595e-01 +5.5599e-01 -4.0041e+00
170 +3.933290416e+00 +3.933290416e+00 -7.506670958e+01 -7.506670958e+01 -2.9711e+00 +2.5624e+00 -8.0510e-01 +1.0255e+00 -4.0486e+00
228 +4.952293896e-01 +4.952293896e-01 -7.850477061e+01 -7.850477061e+01 -3.6393e+00 +1.2031e+00 +3.4839e-01 +4.9860e-01 -3.5505e+00
277 +2.479769455e-01 +2.479769455e-01 -7.875202305e+01 -7.875202305e+01 -2.9021e+00 +9.3364e-01 +4.1284e-01 +8.2857e-01 -3.8739e+00
531 +1.052203085e-01 +1.052203085e-01 -7.889477969e+01 -7.889477969e+01 -3.1193e+00 +1.0177e+00 +3.6774e-01 +2.2535e-01 -4.0776e+00
679 +5.943414787e-02 +5.943414787e-02 -7.894056585e+01 -7.894056585e+01 -3.1288e+00 +1.2749e+00 +5.8978e-01 +3.5357e-01 -3.7588e+00
683 +2.831705146e-02 +2.831705146e-02 -7.897168295e+01 -7.897168295e+01 -3.0830e+00 +1.0137e+00 +4.1537e-01 +4.3072e-01 -3.8982e+00
737 +2.475668583e-02 +2.475668583e-02 -7.897524331e+01 -7.897524331e+01 -3.0426e+00 +1.1150e+00 +3.6735e-01 +5.2943e-01 -3.8781e+00
883 +1.310799435e-02 +1.310799435e-02 -7.898689201e+01 -7.898689201e+01 -3.0830e+00 +1.1815e+00 +3.7857e-01 +3.5040e-01 -3.8982e+00
957 +8.551318858e-03 +8.551318858e-03 -7.899144868e+01 -7.899144868e+01 -3.0038e+00 +1.1460e+00 +4.1876e-01 +3.6367e-01 -3.8739e+00
1063 +2.339284116e-03 +2.339284116e-03 -7.899766072e+01 -7.899766072e+01 -3.0515e+00 +1.1252e+00 +4.4951e-01 +4.1315e-01 -3.9091e+00
1080 +6.228559453e-04 +6.228559453e-04 -7.899937714e+01 -7.899937714e+01 -3.0464e+00 +1.1520e+00 +4.4661e-01 +4.1514e-01 -3.9062e+00
1241 +1.369698653e-04 +1.369698653e-04 -7.899986303e+01 -7.899986303e+01 -3.0537e+00 +1.1649e+00 +4.6522e-01 +4.1505e-01 -3.9101e+00
1359 +9.950827133e-05 +9.950827133e-05 -7.899990049e+01 -7.899990049e+01 -3.0414e+00 +1.1756e+00 +4.6132e-01 +4.1658e-01 -3.8999e+00
1400 +4.493896785e-05 +4.493896785e-05 -7.899995506e+01 -7.899995506e+01 -3.0464e+00 +1.1668e+00 +4.5894e-01 +4.1822e-01 -3.9084e+00
1440 +2.361788192e-05 +2.361788192e-05 -7.899997638e+01 -7.899997638e+01 -3.0464e+00 +1.1752e+00 +4.6133e-01 +4.1822e-01 -3.9063e+00
1560 +8.769884460e-06 +8.769884460e-06 -7.899999123e+01 -7.899999123e+01 -3.0464e+00 +1.1703e+00 +4.6133e-01 +4.1822e-01 -3.9063e+00
1613 +3.008937071e-06 +3.008937071e-06 -7.899999699e+01 -7.899999699e+01 -3.0476e+00 +1.1701e+00 +4.6204e-01 +4.2026e-01 -3.9036e+00
1821 +1.711292484e-06 +1.711292484e-06 -7.899999829e+01 -7.899999829e+01 -3.0479e+00 +1.1717e+00 +4.6154e-01 +4.2078e-01 -3.9039e+00
1823 +1.460935678e-06 +1.460935678e-06 -7.899999854e+01 -7.899999854e+01 -3.0487e+00 +1.1716e+00 +4.6181e-01 +4.2070e-01 -3.9043e+00
1903 +5.924101600e-07 +5.924101600e-07 -7.899999941e+01 -7.899999941e+01 -3.0479e+00 +1.1716e+00 +4.6181e-01 +4.2039e-01 -3.9043e+00
2008 +3.712433880e-07 +3.712433880e-07 -7.899999963e+01 -7.899999963e+01 -3.0481e+00 +1.1711e+00 +4.6185e-01 +4.2025e-01 -3.9053e+00
2088 +2.224699216e-07 +2.224699216e-07 -7.899999978e+01 -7.899999978e+01 -3.0483e+00 +1.1711e+00 +4.6185e-01 +4.2025e-01 -3.9048e+00
2257 +8.985469435e-08 +8.985469435e-08 -7.899999991e+01 -7.899999991e+01 -3.0479e+00 +1.1712e+00 +4.6152e-01 +4.2020e-01 -3.9046e+00
2330 +5.923119772e-08 +5.923119772e-08 -7.899999994e+01 -7.899999994e+01 -3.0480e+00 +1.1711e+00 +4.6139e-01 +4.2005e-01 -3.9049e+00
2487 +3.608968768e-08 +3.608968768e-08 -7.899999996e+01 -7.899999996e+01 -3.0480e+00 +1.1712e+00 +4.6146e-01 +4.2006e-01 -3.9047e+00
2540 +2.109115371e-08 +2.109115371e-08 -7.899999998e+01 -7.899999998e+01 -3.0479e+00 +1.1712e+00 +4.6157e-01 +4.2010e-01 -3.9048e+00
2584 +1.324633558e-08 +1.324633558e-08 -7.899999999e+01 -7.899999999e+01 -3.0480e+00 +1.1712e+00 +4.6161e-01 +4.2001e-01 -3.9047e+00
2656 +7.251927059e-09 +7.251927059e-09 -7.899999999e+01 -7.899999999e+01 -3.0480e+00 +1.1712e+00 +4.6154e-01 +4.2005e-01 -3.9048e+00
2719 +4.363243988e-09 +4.363243988e-09 -7.900000000e+01 -7.900000000e+01 -3.0480e+00 +1.1712e+00 +4.6160e-01 +4.2006e-01 -3.9048e+00
2759 +1.887386247e-09 +1.887386247e-09 -7.900000000e+01 -7.900000000e+01 -3.0480e+00 +1.1712e+00 +4.6160e-01 +4.2003e-01 -3.9048e+00
2919 +1.300890062e-09 +1.300890062e-09 -7.900000000e+01 -7.900000000e+01 -3.0480e+00 +1.1712e+00 +4.6160e-01 +4.2003e-01 -3.9048e+00
2973 +5.901910072e-10 +5.901910072e-10 -7.900000000e+01 -7.900000000e+01 -3.0480e+00 +1.1712e+00 +4.6159e-01 +4.2002e-01 -3.9048e+00
3053 +2.367386287e-10 +2.367386287e-10 -7.900000000e+01 -7.900000000e+01 -3.0480e+00 +1.1712e+00 +4.6159e-01 +4.2000e-01 -3.9048e+00
3085 +1.107167691e-10 +1.107167691e-10 -7.900000000e+01 -7.900000000e+01 -3.0480e+00 +1.1712e+00 +4.6159e-01 +4.2000e-01 -3.9048e+00
3089 +4.605738013e-11 +4.605738013e-11 -7.900000000e+01 -7.900000000e+01 -3.0480e+00 +1.1712e+00 +4.6160e-01 +4.2000e-01 -3.9048e+00
3321 +3.647926405e-11 +3.647926405e-11 -7.900000000e+01 -7.900000000e+01 -3.0480e+00 +1.1712e+00 +4.6160e-01 +4.2000e-01 -3.9048e+00
3355 +1.938360583e-11 +1.938360583e-11 -7.900000000e+01 -7.900000000e+01 -3.0480e+00 +1.1712e+00 +4.6160e-01 +4.2000e-01 -3.9048e+00
3375 +1.530509053e-11 +1.530509053e-11 -7.900000000e+01 -7.900000000e+01 -3.0480e+00 +1.1712e+00 +4.6160e-01 +4.2000e-01 -3.9048e+00
3503 +7.815970093e-12 +7.815970093e-12 -7.900000000e+01 -7.900000000e+01 -3.0480e+00 +1.1712e+00 +4.6160e-01 +4.2000e-01 -3.9048e+00
3537 +1.762145985e-12 +1.762145985e-12 -7.900000000e+01 -7.900000000e+01 -3.0480e+00 +1.1712e+00 +4.6160e-01 +4.2000e-01 -3.9048e+00
3730 +1.264766070e-12 +1.264766070e-12 -7.900000000e+01 -7.900000000e+01 -3.0480e+00 +1.1712e+00 +4.6160e-01 +4.2000e-01 -3.9048e+00
3794 +7.105427358e-13 +7.105427358e-13 -7.900000000e+01 -7.900000000e+01 -3.0480e+00 +1.1712e+00 +4.6160e-01 +4.2000e-01 -3.9048e+00
3825 +5.684341886e-13 +5.684341886e-13 -7.900000000e+01 -7.900000000e+01 -3.0480e+00 +1.1712e+00 +4.6160e-01 +4.2000e-01 -3.9048e+00
3890 +3.979039320e-13 +3.979039320e-13 -7.900000000e+01 -7.900000000e+01 -3.0480e+00 +1.1712e+00 +4.6160e-01 +4.2000e-01 -3.9048e+00
3937 +2.131628207e-13 +2.131628207e-13 -7.900000000e+01 -7.900000000e+01 -3.0480e+00 +1.1712e+00 +4.6160e-01 +4.2000e-01 -3.9048e+00
3991 +1.421085472e-13 +1.421085472e-13 -7.900000000e+01 -7.900000000e+01 -3.0480e+00 +1.1712e+00 +4.6160e-01 +4.2000e-01 -3.9048e+00
4017 +8.526512829e-14 +8.526512829e-14 -7.900000000e+01 -7.900000000e+01 -3.0480e+00 +1.1712e+00 +4.6160e-01 +4.2000e-01 -3.9048e+00
4097 +5.684341886e-14 +5.684341886e-14 -7.900000000e+01 -7.900000000e+01 -3.0480e+00 +1.1712e+00 +4.6160e-01 +4.2000e-01 -3.9048e+00
4151 +2.842170943e-14 +2.842170943e-14 -7.900000000e+01 -7.900000000e+01 -3.0480e+00 +1.1712e+00 +4.6160e-01 +4.2000e-01 -3.9048e+00
4193 +1.421085472e-14 +1.421085472e-14 -7.900000000e+01 -7.900000000e+01 -3.0480e+00 +1.1712e+00 +4.6160e-01 +4.2000e-01 -3.9048e+00
4298 +0.000000000e+00 +0.000000000e+00 -7.900000000e+01 -7.900000000e+01 -3.0480e+00 +1.1712e+00 +4.6160e-01 +4.2000e-01 -3.9048e+00
% function evaluation | noise-free fitness - Fopt (-4.133000000000e+01) | best noise-free fitness - Fopt | measured fitness | best measured fitness | x1 | x2...
1 +7.920127398e+01 +7.920127398e+01 +3.787127398e+01 +3.787127398e+01 +3.1472e+00 +4.0579e+00 -3.7301e+00 +4.1338e+00 +1.3236e+00
10 +1.997347823e+01 +1.997347823e+01 -2.135652177e+01 -2.135652177e+01 -1.0236e-01 -5.4414e-01 +1.4631e+00 +2.0936e+00 +2.5469e+00
37 +1.476248829e+01 +1.476248829e+01 -2.656751171e+01 -2.656751171e+01 +4.7009e-01 -2.0368e+00 +2.4469e+00 -3.1104e+00 +1.8678e+00
175 +7.241228690e+00 +7.241228690e+00 -3.408877131e+01 -3.408877131e+01 +7.2029e-01 -1.3944e-01 -1.7410e+00 -9.8428e-01 +4.9295e-01
197 +2.011377192e+00 +2.011377192e+00 -3.931862281e+01 -3.931862281e+01 +4.7009e-01 -2.0368e+00 -1.6442e+00 -7.6052e-01 +1.8678e+00
237 +1.465460797e+00 +1.465460797e+00 -3.986453920e+01 -3.986453920e+01 +4.7009e-01 -2.0368e+00 -1.6442e+00 -7.6052e-01 +2.5226e+00
307 +6.819641858e-01 +6.819641858e-01 -4.064803581e+01 -4.064803581e+01 +4.8953e-01 -2.0118e+00 -6.2097e-01 -1.5911e+00 +2.0945e+00
349 +6.198735721e-01 +6.198735721e-01 -4.071012643e+01 -4.071012643e+01 +1.4904e-01 -1.9629e+00 -1.0308e+00 -1.1777e+00 +2.9679e+00
411 +2.927604685e-01 +2.927604685e-01 -4.103723953e+01 -4.103723953e+01 +3.9509e-01 -1.6907e+00 -9.9701e-01 -1.6633e+00 +3.0682e+00
459 +1.121283589e-01 +1.121283589e-01 -4.121787164e+01 -4.121787164e+01 +4.6624e-01 -1.7495e+00 -9.1585e-01 -1.4648e+00 +2.4813e+00
539 +6.666791523e-02 +6.666791523e-02 -4.126333208e+01 -4.126333208e+01 +5.5199e-01 -1.2606e+00 -9.1585e-01 -1.4648e+00 +2.4813e+00
619 +6.265682696e-02 +6.265682696e-02 -4.126734317e+01 -4.126734317e+01 +5.5199e-01 -1.2606e+00 -9.1585e-01 -1.5112e+00 +2.4813e+00
761 +3.335807766e-02 +3.335807766e-02 -4.129664192e+01 -4.129664192e+01 +4.4310e-01 -1.3030e+00 -8.2681e-01 -1.5497e+00 +2.5667e+00
790 +2.414047885e-02 +2.414047885e-02 -4.130585952e+01 -4.130585952e+01 +4.5114e-01 -1.3739e+00 -9.3173e-01 -1.4042e+00 +2.5636e+00
826 +8.113030772e-03 +8.113030772e-03 -4.132188697e+01 -4.132188697e+01 +3.9671e-01 -1.4785e+00 -8.8067e-01 -1.4914e+00 +2.6336e+00
906 +6.286199216e-03 +6.286199216e-03 -4.132371380e+01 -4.132371380e+01 +3.9671e-01 -1.4785e+00 -9.3580e-01 -1.4914e+00 +2.6336e+00
1041 +3.925484333e-03 +3.925484333e-03 -4.132607452e+01 -4.132607452e+01 +4.9321e-01 -1.4272e+00 -9.2003e-01 -1.4908e+00 +2.5965e+00
1175 +1.863263957e-03 +1.863263957e-03 -4.132813674e+01 -4.132813674e+01 +4.3043e-01 -1.4291e+00 -9.5457e-01 -1.5310e+00 +2.6048e+00
1255 +1.288204044e-03 +1.288204044e-03 -4.132871180e+01 -4.132871180e+01 +4.3067e-01 -1.4291e+00 -9.3141e-01 -1.5384e+00 +2.5953e+00
1323 +8.125019369e-04 +8.125019369e-04 -4.132918750e+01 -4.132918750e+01 +4.3209e-01 -1.4623e+00 -9.3151e-01 -1.5212e+00 +2.6073e+00
1386 +1.791051169e-04 +1.791051169e-04 -4.132982089e+01 -4.132982089e+01 +4.4529e-01 -1.4568e+00 -9.2362e-01 -1.5345e+00 +2.6062e+00
1547 +1.351886101e-04 +1.351886101e-04 -4.132986481e+01 -4.132986481e+01 +4.5247e-01 -1.4502e+00 -9.2490e-01 -1.5420e+00 +2.6081e+00
1559 +6.092544611e-05 +6.092544611e-05 -4.132993907e+01 -4.132993907e+01 +4.4847e-01 -1.4492e+00 -9.2313e-01 -1.5279e+00 +2.6074e+00
1734 +3.582969376e-05 +3.582969376e-05 -4.132996417e+01 -4.132996417e+01 +4.5250e-01 -1.4517e+00 -9.2271e-01 -1.5305e+00 +2.6074e+00
1814 +5.305580558e-06 +5.305580558e-06 -4.132999469e+01 -4.132999469e+01 +4.5331e-01 -1.4501e+00 -9.2444e-01 -1.5305e+00 +2.6103e+00
2116 +1.695025631e-07 +1.695025631e-07 -4.132999983e+01 -4.132999983e+01 +4.5369e-01 -1.4490e+00 -9.2467e-01 -1.5315e+00 +2.6120e+00
2467 +8.039008748e-08 +8.039008748e-08 -4.132999992e+01 -4.132999992e+01 +4.5375e-01 -1.4490e+00 -9.2468e-01 -1.5313e+00 +2.6119e+00
2564 +3.520105452e-08 +3.520105452e-08 -4.132999996e+01 -4.132999996e+01 +4.5353e-01 -1.4489e+00 -9.2483e-01 -1.5313e+00 +2.6120e+00
2722 +2.041998926e-08 +2.041998926e-08 -4.132999998e+01 -4.132999998e+01 +4.5350e-01 -1.4488e+00 -9.2480e-01 -1.5313e+00 +2.6120e+00
2726 +8.598433965e-09 +8.598433965e-09 -4.132999999e+01 -4.132999999e+01 +4.5354e-01 -1.4488e+00 -9.2479e-01 -1.5312e+00 +2.6120e+00
2800 +4.618009086e-09 +4.618009086e-09 -4.133000000e+01 -4.133000000e+01 +4.5358e-01 -1.4488e+00 -9.2475e-01 -1.5312e+00 +2.6120e+00
2842 +3.873253718e-09 +3.873253718e-09 -4.133000000e+01 -4.133000000e+01 +4.5364e-01 -1.4488e+00 -9.2480e-01 -1.5312e+00 +2.6120e+00
2852 +1.505064517e-09 +1.505064517e-09 -4.133000000e+01 -4.133000000e+01 +4.5361e-01 -1.4488e+00 -9.2478e-01 -1.5312e+00 +2.6120e+00
3040 +8.415668162e-10 +8.415668162e-10 -4.133000000e+01 -4.133000000e+01 +4.5360e-01 -1.4488e+00 -9.2479e-01 -1.5312e+00 +2.6120e+00
3192 +3.549800454e-10 +3.549800454e-10 -4.133000000e+01 -4.133000000e+01 +4.5360e-01 -1.4488e+00 -9.2481e-01 -1.5312e+00 +2.6120e+00
3361 +2.332072313e-10 +2.332072313e-10 -4.133000000e+01 -4.133000000e+01 +4.5360e-01 -1.4488e+00 -9.2479e-01 -1.5312e+00 +2.6120e+00
3415 +1.227320467e-10 +1.227320467e-10 -4.133000000e+01 -4.133000000e+01 +4.5360e-01 -1.4488e+00 -9.2479e-01 -1.5312e+00 +2.6120e+00
3518 +9.296741155e-11 +9.296741155e-11 -4.133000000e+01 -4.133000000e+01 +4.5361e-01 -1.4488e+00 -9.2480e-01 -1.5312e+00 +2.6120e+00
3567 +3.952038696e-11 +3.952038696e-11 -4.133000000e+01 -4.133000000e+01 +4.5360e-01 -1.4488e+00 -9.2480e-01 -1.5312e+00 +2.6120e+00
3718 +4.796163466e-12 +4.796163466e-12 -4.133000000e+01 -4.133000000e+01 +4.5360e-01 -1.4488e+00 -9.2480e-01 -1.5312e+00 +2.6120e+00
3858 +3.304023721e-12 +3.304023721e-12 -4.133000000e+01 -4.133000000e+01 +4.5360e-01 -1.4488e+00 -9.2480e-01 -1.5312e+00 +2.6120e+00
3892 +2.138733635e-12 +2.138733635e-12 -4.133000000e+01 -4.133000000e+01 +4.5360e-01 -1.4488e+00 -9.2480e-01 -1.5312e+00 +2.6120e+00
4010 +6.394884622e-13 +6.394884622e-13 -4.133000000e+01 -4.133000000e+01 +4.5360e-01 -1.4488e+00 -9.2480e-01 -1.5312e+00 +2.6120e+00
4131 +5.400124792e-13 +5.400124792e-13 -4.133000000e+01 -4.133000000e+01 +4.5360e-01 -1.4488e+00 -9.2480e-01 -1.5312e+00 +2.6120e+00
4158 +3.694822226e-13 +3.694822226e-13 -4.133000000e+01 -4.133000000e+01 +4.5360e-01 -1.4488e+00 -9.2480e-01 -1.5312e+00 +2.6120e+00
4171 +2.060573934e-13 +2.060573934e-13 -4.133000000e+01 -4.133000000e+01 +4.5360e-01 -1.4488e+00 -9.2480e-01 -1.5312e+00 +2.6120e+00
4232 +1.065814104e-13 +1.065814104e-13 -4.133000000e+01 -4.133000000e+01 +4.5360e-01 -1.4488e+00 -9.2480e-01 -1.5312e+00 +2.6120e+00
4260 +4.263256415e-14 +4.263256415e-14 -4.133000000e+01 -4.133000000e+01 +4.5360e-01 -1.4488e+00 -9.2480e-01 -1.5312e+00 +2.6120e+00
4376 +3.552713679e-14 +3.552713679e-14 -4.133000000e+01 -4.133000000e+01 +4.5360e-01 -1.4488e+00 -9.2480e-01 -1.5312e+00 +2.6120e+00
4424 +2.131628207e-14 +2.131628207e-14 -4.133000000e+01 -4.133000000e+01 +4.5360e-01 -1.4488e+00 -9.2480e-01 -1.5312e+00 +2.6120e+00
4480 +1.421085472e-14 +1.421085472e-14 -4.133000000e+01 -4.133000000e+01 +4.5360e-01 -1.4488e+00 -9.2480e-01 -1.5312e+00 +2.6120e+00
4541 +7.105427358e-15 +7.105427358e-15 -4.133000000e+01 -4.133000000e+01 +4.5360e-01 -1.4488e+00 -9.2480e-01 -1.5312e+00 +2.6120e+00
4700 +0.000000000e+00 +0.000000000e+00 -4.133000000e+01 -4.133000000e+01 +4.5360e-01 -1.4488e+00 -9.2480e-01 -1.5312e+00 +2.6120e+00
% function evaluation | noise-free fitness - Fopt (2.127500000000e+02) | best noise-free fitness - Fopt | measured fitness | best measured fitness | x1 | x2...
1 +1.336554214e+02 +1.336554214e+02 +3.464054214e+02 +3.464054214e+02 +3.1472e+00 +4.0579e+00 -3.7301e+00 +4.1338e+00 +1.3236e+00
2 +9.022794671e+01 +9.022794671e+01 +3.029779467e+02 +3.029779467e+02 -4.0246e+00 -2.2150e+00 +4.6882e-01 +4.5751e+00 +4.6489e+00
7 +5.584614184e+01 +5.584614184e+01 +2.685961418e+02 +2.685961418e+02 +2.0605e+00 -4.6817e+00 -2.2308e+00 -4.5383e+00 -4.0287e+00
16 +1.478565591e+01 +1.478565591e+01 +2.275356559e+02 +2.275356559e+02 -1.5002e+00 -3.0340e+00 -2.4892e+00 +1.1604e+00 -2.6711e-01
30 +4.396301240e+00 +4.396301240e+00 +2.171463012e+02 +2.171463012e+02 -4.2403e+00 -2.6008e+00 -3.7668e+00 -3.1609e+00 -2.6005e+00
257 +3.474151544e+00 +3.474151544e+00 +2.162241515e+02 +2.162241515e+02 -3.2122e+00 -1.5245e+00 -3.8338e+00 -8.7453e-01 -5.4439e-01
390 +3.474891729e-01 +3.474891729e-01 +2.130974892e+02 +2.130974892e+02 -3.8565e+00 -2.6008e+00 -3.8162e+00 -1.3846e+00 -1.3099e+00
512 +2.366781215e-01 +2.366781215e-01 +2.129866781e+02 +2.129866781e+02 -3.6189e+00 -3.0322e+00 -3.5515e+00 -1.4215e+00 -1.7989e+00
605 +6.824193069e-02 +6.824193069e-02 +2.128182419e+02 +2.128182419e+02 -3.7312e+00 -2.6515e+00 -3.4860e+00 -1.5564e+00 -1.7188e+00
613 +3.617269368e-02 +3.617269368e-02 +2.127861727e+02 +2.127861727e+02 -3.7799e+00 -2.5767e+00 -3.4780e+00 -1.3625e+00 -1.7692e+00
848 +1.426543255e-02 +1.426543255e-02 +2.127642654e+02 +2.127642654e+02 -3.9253e+00 -2.6265e+00 -3.3809e+00 -1.3413e+00 -1.7521e+00
942 +9.641557610e-03 +9.641557610e-03 +2.127596416e+02 +2.127596416e+02 -3.8455e+00 -2.7057e+00 -3.4458e+00 -1.3353e+00 -1.6547e+00
1084 +4.046352665e-03 +4.046352665e-03 +2.127540464e+02 +2.127540464e+02 -3.8757e+00 -2.7179e+00 -3.3549e+00 -1.3951e+00 -1.6990e+00
1124 +3.191885520e-03 +3.191885520e-03 +2.127531919e+02 +2.127531919e+02 -3.8304e+00 -2.6572e+00 -3.3941e+00 -1.3951e+00 -1.7026e+00
1142 +1.042836381e-03 +1.042836381e-03 +2.127510428e+02 +2.127510428e+02 -3.8455e+00 -2.6751e+00 -3.3725e+00 -1.3906e+00 -1.6941e+00
1262 +4.903363153e-04 +4.903363153e-04 +2.127504903e+02 +2.127504903e+02 -3.8455e+00 -2.6751e+00 -3.3725e+00 -1.3741e+00 -1.6941e+00
1403 +3.712389064e-04 +3.712389064e-04 +2.127503712e+02 +2.127503712e+02 -3.8440e+00 -2.6657e+00 -3.3598e+00 -1.3756e+00 -1.6643e+00
1476 +2.257814857e-04 +2.257814857e-04 +2.127502258e+02 +2.127502258e+02 -3.8479e+00 -2.6737e+00 -3.3493e+00 -1.3658e+00 -1.6858e+00
1509 +1.479529042e-04 +1.479529042e-04 +2.127501480e+02 +2.127501480e+02 -3.8433e+00 -2.6762e+00 -3.3670e+00 -1.3586e+00 -1.6747e+00
1604 +9.241226635e-05 +9.241226635e-05 +2.127500924e+02 +2.127500924e+02 -3.8509e+00 -2.6793e+00 -3.3683e+00 -1.3676e+00 -1.6765e+00
1753 +4.965064036e-05 +4.965064036e-05 +2.127500497e+02 +2.127500497e+02 -3.8482e+00 -2.6706e+00 -3.3646e+00 -1.3664e+00 -1.6831e+00
1775 +3.816290484e-05 +3.816290484e-05 +2.127500382e+02 +2.127500382e+02 -3.8472e+00 -2.6712e+00 -3.3621e+00 -1.3676e+00 -1.6822e+00
1841 +1.605016547e-05 +1.605016547e-05 +2.127500161e+02 +2.127500161e+02 -3.8507e+00 -2.6713e+00 -3.3619e+00 -1.3661e+00 -1.6812e+00
1906 +9.089189660e-06 +9.089189660e-06 +2.127500091e+02 +2.127500091e+02 -3.8505e+00 -2.6712e+00 -3.3637e+00 -1.3650e+00 -1.6762e+00
1932 +5.390456266e-06 +5.390456266e-06 +2.127500054e+02 +2.127500054e+02 -3.8519e+00 -2.6713e+00 -3.3620e+00 -1.3656e+00 -1.6784e+00
1975 +3.248690803e-06 +3.248690803e-06 +2.127500032e+02 +2.127500032e+02 -3.8516e+00 -2.6740e+00 -3.3621e+00 -1.3656e+00 -1.6779e+00
1992 +1.875711575e-06 +1.875711575e-06 +2.127500019e+02 +2.127500019e+02 -3.8507e+00 -2.6735e+00 -3.3611e+00 -1.3661e+00 -1.6767e+00
2075 +1.511289753e-06 +1.511289753e-06 +2.127500015e+02 +2.127500015e+02 -3.8507e+00 -2.6721e+00 -3.3618e+00 -1.3666e+00 -1.6776e+00
2140 +9.537152437e-07 +9.537152437e-07 +2.127500010e+02 +2.127500010e+02 -3.8507e+00 -2.6733e+00 -3.3618e+00 -1.3662e+00 -1.6780e+00
2142 +6.059375437e-07 +6.059375437e-07 +2.127500006e+02 +2.127500006e+02 -3.8507e+00 -2.6727e+00 -3.3623e+00 -1.3656e+00 -1.6779e+00
2188 +2.417089888e-07 +2.417089888e-07 +2.127500002e+02 +2.127500002e+02 -3.8506e+00 -2.6730e+00 -3.3617e+00 -1.3660e+00 -1.6775e+00
2338 +6.632996019e-08 +6.632996019e-08 +2.127500001e+02 +2.127500001e+02 -3.8505e+00 -2.6728e+00 -3.3618e+00 -1.3657e+00 -1.6777e+00
2372 +2.827732715e-08 +2.827732715e-08 +2.127500000e+02 +2.127500000e+02 -3.8505e+00 -2.6729e+00 -3.3617e+00 -1.3655e+00 -1.6776e+00
2584 +2.410047273e-08 +2.410047273e-08 +2.127500000e+02 +2.127500000e+02 -3.8505e+00 -2.6729e+00 -3.3616e+00 -1.3656e+00 -1.6776e+00
2621 +1.042917575e-08 +1.042917575e-08 +2.127500000e+02 +2.127500000e+02 -3.8504e+00 -2.6728e+00 -3.3617e+00 -1.3655e+00 -1.6776e+00
2748 +5.638554512e-09 +5.638554512e-09 +2.127500000e+02 +2.127500000e+02 -3.8504e+00 -2.6728e+00 -3.3616e+00 -1.3656e+00 -1.6776e+00
2821 +3.929642389e-09 +3.929642389e-09 +2.127500000e+02 +2.127500000e+02 -3.8504e+00 -2.6729e+00 -3.3616e+00 -1.3656e+00 -1.6776e+00
2852 +9.160032732e-10 +9.160032732e-10 +2.127500000e+02 +2.127500000e+02 -3.8504e+00 -2.6728e+00 -3.3616e+00 -1.3656e+00 -1.6776e+00
3025 +5.327365216e-10 +5.327365216e-10 +2.127500000e+02 +2.127500000e+02 -3.8504e+00 -2.6728e+00 -3.3616e+00 -1.3656e+00 -1.6776e+00
3123 +3.584545993e-10 +3.584545993e-10 +2.127500000e+02 +2.127500000e+02 -3.8504e+00 -2.6728e+00 -3.3616e+00 -1.3656e+00 -1.6776e+00
3130 +1.478213107e-10 +1.478213107e-10 +2.127500000e+02 +2.127500000e+02 -3.8504e+00 -2.6728e+00 -3.3616e+00 -1.3656e+00 -1.6776e+00
3258 +2.017941370e-11 +2.017941370e-11 +2.127500000e+02 +2.127500000e+02 -3.8504e+00 -2.6728e+00 -3.3616e+00 -1.3656e+00 -1.6776e+00
3314 +5.428546501e-12 +5.428546501e-12 +2.127500000e+02 +2.127500000e+02 -3.8504e+00 -2.6728e+00 -3.3616e+00 -1.3656e+00 -1.6776e+00
3482 +3.666400517e-12 +3.666400517e-12 +2.127500000e+02 +2.127500000e+02 -3.8504e+00 -2.6728e+00 -3.3616e+00 -1.3656e+00 -1.6776e+00
3636 +1.335820343e-12 +1.335820343e-12 +2.127500000e+02 +2.127500000e+02 -3.8504e+00 -2.6728e+00 -3.3616e+00 -1.3656e+00 -1.6776e+00
3675 +7.673861546e-13 +7.673861546e-13 +2.127500000e+02 +2.127500000e+02 -3.8504e+00 -2.6728e+00 -3.3616e+00 -1.3656e+00 -1.6776e+00
3717 +5.115907697e-13 +5.115907697e-13 +2.127500000e+02 +2.127500000e+02 -3.8504e+00 -2.6728e+00 -3.3616e+00 -1.3656e+00 -1.6776e+00
3877 +3.410605132e-13 +3.410605132e-13 +2.127500000e+02 +2.127500000e+02 -3.8504e+00 -2.6728e+00 -3.3616e+00 -1.3656e+00 -1.6776e+00
3916 +2.273736754e-13 +2.273736754e-13 +2.127500000e+02 +2.127500000e+02 -3.8504e+00 -2.6728e+00 -3.3616e+00 -1.3656e+00 -1.6776e+00
4043 +1.136868377e-13 +1.136868377e-13 +2.127500000e+02 +2.127500000e+02 -3.8504e+00 -2.6728e+00 -3.3616e+00 -1.3656e+00 -1.6776e+00
4075 +5.684341886e-14 +5.684341886e-14 +2.127500000e+02 +2.127500000e+02 -3.8504e+00 -2.6728e+00 -3.3616e+00 -1.3656e+00 -1.6776e+00
4113 +2.842170943e-14 +2.842170943e-14 +2.127500000e+02 +2.127500000e+02 -3.8504e+00 -2.6728e+00 -3.3616e+00 -1.3656e+00 -1.6776e+00
4245 +0.000000000e+00 +0.000000000e+00 +2.127500000e+02 +2.127500000e+02 -3.8504e+00 -2.6728e+00 -3.3616e+00 -1.3656e+00 -1.6776e+00
