% function evaluation | noise-free fitness - Fopt (7.627000000000e+01) | best noise-free fitness - Fopt | measured fitness | best measured fitness | x1 | x2...
1 +2.441936675e+07 +2.441936675e+07 +2.441944302e+07 +2.441944302e+07 +3.1472e+00 +4.0579e+00 -3.7301e+00
2 +6.829113368e+06 +6.829113368e+06 +6.829189638e+06 +6.829189638e+06 +4.1338e+00 +1.3236e+00 -4.0246e+00
11 +2.109681151e+06 +2.109681151e+06 +2.109757421e+06 +2.109757421e+06 +2.0605e+00 -4.6817e+00 -2.2308e+00
26 +4.581435091e+05 +4.581435091e+05 +4.582197791e+05 +4.582197791e+05 -1.5002e+00 -3.0340e+00 -2.4892e+00
31 +3.612072160e+05 +3.612072160e+05 +3.612834860e+05 +3.612834860e+05 -4.2415e+00 -4.4605e+00 +3.0798e-01
40 +1.731355916e+02 +1.731355916e+02 +2.494055916e+02 +2.494055916e+02 +4.9613e+00 -4.2182e+00 -5.7322e-01
206 +6.853941137e+01 +6.853941137e+01 +1.448094114e+02 +1.448094114e+02 -3.8205e+00 -6.9956e+00 +5.1863e+00
249 +1.648998438e+00 +1.648998438e+00 +7.791899844e+01 +7.791899844e+01 -6.4213e-01 -3.7434e+00 -3.7813e-01
859 +1.061786087e+00 +1.061786087e+00 +7.733178609e+01 +7.733178609e+01 -1.5985e+00 -3.3836e+00 -7.6880e-01
1434 +6.493096687e-01 +6.493096687e-01 +7.691930967e+01 +7.691930967e+01 -4.8574e-01 -3.5727e+00 -6.6654e-01
1533 +5.893582158e-01 +5.893582158e-01 +7.685935822e+01 +7.685935822e+01 -6.6638e-01 -3.5477e+00 -6.7463e-01
2180 +3.534967343e-01 +3.534967343e-01 +7.662349673e+01 +7.662349673e+01 -9.0857e-01 -3.4885e+00 -7.2528e-01
% function evaluation | noise-free fitness - Fopt (-2.255000000000e+01) | best noise-free fitness - Fopt | measured fitness | best measured fitness | x1 | x2...
1 +2.482291095e+06 +2.482291095e+06 +2.482268545e+06 +2.482268545e+06 +3.1472e+00 +4.0579e+00 -3.7301e+00
4 +3.392781018e+05 +3.392781018e+05 +3.392555518e+05 +3.392555518e+05 +4.6489e+00 -3.4239e+00 +4.7059e+00
17 +3.613630754e+04 +3.613630754e+04 +3.611375754e+04 +3.611375754e+04 +2.0936e+00 +2.5469e+00 -2.2397e+00
18 +2.172031227e+04 +2.172031227e+04 +2.169776227e+04 +2.169776227e+04 +1.7970e+00 +1.5510e+00 -3.3739e+00
55 +4.981115757e+02 +4.981115757e+02 +4.755615757e+02 +4.755615757e+02 +1.6702e+00 +2.9520e+00 -3.1313e+00
70 +1.346811946e+02 +1.346811946e+02 +1.121311946e+02 +1.121311946e+02 +2.5373e+00 +1.4917e+00 +6.7822e-01
140 +4.243978158e+01 +4.243978158e+01 +1.988978158e+01 +1.988978158e+01 +2.2450e+00 +2.8785e+00 +6.2079e-01
288 +3.054807290e+01 +3.054807290e+01 +7.998072903e+00 +7.998072903e+00 +1.8296e+00 +3.6540e+00 -1.1373e+00
341 +7.387969015e+00 +7.387969015e+00 -1.516203098e+01 -1.516203098e+01 +2.4444e+00 +1.5496e+00 +1.9491e-01
470 +4.891072306e+00 +4.891072306e+00 -1.765892769e+01 -1.765892769e+01 +2.4936e+00 +1.6975e+00 +7.5176e-01
523 +2.522377627e+00 +2.522377627e+00 -2.002762237e+01 -2.002762237e+01 +2.2758e+00 +3.1919e+00 +1.3374e+00
864 +1.523836611e+00 +1.523836611e+00 -2.102616339e+01 -2.102616339e+01 +2.4968e+00 +2.1496e+00 +1.4126e+00
868 +8.775103769e-01 +8.775103769e-01 -2.167248962e+01 -2.167248962e+01 +2.5362e+00 +2.2821e+00 +1.8730e+00
1061 +5.864450759e-01 +5.864450759e-01 -2.196355492e+01 -2.196355492e+01 +2.6034e+00 +2.3637e+00 +2.4747e+00
1093 +3.242439180e-01 +3.242439180e-01 -2.222575608e+01 -2.222575608e+01 +2.5927e+00 +2.2375e+00 +2.2114e+00
1134 +2.078670533e-01 +2.078670533e-01 -2.234213295e+01 -2.234213295e+01 +2.5612e+00 +2.3732e+00 +2.1861e+00
1754 +1.561463963e-01 +1.561463963e-01 -2.239385360e+01 -2.239385360e+01 +2.5828e+00 +2.3481e+00 +2.3028e+00
2061 +9.210526916e-02 +9.210526916e-02 -2.245789473e+01 -2.245789473e+01 +2.5801e+00 +2.3657e+00 +2.3073e+00
4880 +6.304825643e-02 +6.304825643e-02 -2.248695174e+01 -2.248695174e+01 +2.5795e+00 +2.3931e+00 +2.3418e+00
% function evaluation | noise-free fitness - Fopt (1.366000000000e+01) | best noise-free fitness - Fopt | measured fitness | best measured fitness | x1 | x2...
1 +1.238713406e+07 +1.238713406e+07 +1.238714772e+07 +1.238714772e+07 +3.1472e+00 +4.0579e+00 -3.7301e+00
2 +2.135215555e+06 +2.135215555e+06 +2.135229215e+06 +2.135229215e+06 +4.1338e+00 +1.3236e+00 -4.0246e+00
3 +7.721876827e+05 +7.721876827e+05 +7.722013427e+05 +7.722013427e+05 -2.2150e+00 +4.6882e-01 +4.5751e+00
6 +4.860860451e+05 +4.860860451e+05 +4.860997051e+05 +4.860997051e+05 -3.5811e+00 -7.8239e-01 +4.1574e+00
9 +1.111538437e+05 +1.111538437e+05 +1.111675037e+05 +1.111675037e+05 +1.7874e+00 +2.5774e+00 +2.4313e+00
23 +7.485722987e+01 +7.485722987e+01 +8.851722987e+01 +8.851722987e+01 +4.7216e-01 -3.6138e+00 -3.5071e+00
48 +4.935225789e+00 +4.935225789e+00 +1.859522579e+01 +1.859522579e+01 +2.0373e+00 +3.4913e+00 +2.6342e+00
584 +2.254163167e+00 +2.254163167e+00 +1.591416317e+01 +1.591416317e+01 +1.2586e+00 +2.1236e+00 +1.8522e+00
859 +9.534931003e-01 +9.534931003e-01 +1.461349310e+01 +1.461349310e+01 +9.0943e-01 +1.9610e+00 +1.9765e+00
1324 +6.034374134e-01 +6.034374134e-01 +1.426343741e+01 +1.426343741e+01 +9.5828e-01 +2.0848e+00 +2.0657e+00
2036 +3.875422829e-01 +3.875422829e-01 +1.404754228e+01 +1.404754228e+01 +8.8150e-01 +2.2399e+00 +2.2935e+00
% function evaluation | noise-free fitness - Fopt (9.378400000000e+02) | best noise-free fitness - Fopt | measured fitness | best measured fitness | x1 | x2...
1 +1.051489071e+07 +1.051489071e+07 +1.051582855e+07 +1.051582855e+07 +3.1472e+00 +4.0579e+00 -3.7301e+00
2 +4.934591837e+06 +4.934591837e+06 +4.935529677e+06 +4.935529677e+06 +4.1338e+00 +1.3236e+00 -4.0246e+00
3 +4.741038903e+04 +4.741038903e+04 +4.834822903e+04 +4.834822903e+04 -2.2150e+00 +4.6882e-01 +4.5751e+00
34 +3.783803360e+04 +3.783803360e+04 +3.877587360e+04 +3.877587360e+04 -1.6288e+00 -3.3782e+00 +2.9428e+00
142 +2.170270552e+04 +2.170270552e+04 +2.264054552e+04 +2.264054552e+04 +1.3512e+00 +1.2866e+00 +1.5668e+00
153 +8.776362891e+02 +8.776362891e+02 +1.815476289e+03 +1.815476289e+03 +2.4501e+00 +1.5184e+00 +8.3529e-01
154 +1.380805889e+01 +1.380805889e+01 +9.516480589e+02 +9.516480589e+02 -1.6288e+00 +1.2595e+00 +4.5532e+00
311 +8.279674733e+00 +8.279674733e+00 +9.461196747e+02 +9.461196747e+02 +1.4849e+00 +3.4275e+00 +2.2576e+00
713 +4.541279693e+00 +4.541279693e+00 +9.423812797e+02 +9.423812797e+02 +6.6360e-01 +2.7869e+00 +2.8439e+00
726 +3.254040091e+00 +3.254040091e+00 +9.410940401e+02 +9.410940401e+02 +7.7739e-01 +4.7383e+00 +3.3053e+00
914 +1.499694403e+00 +1.499694403e+00 +9.393396944e+02 +9.393396944e+02 +5.3600e-01 +4.1605e+00 +3.3655e+00
1091 +9.648703899e-01 +9.648703899e-01 +9.388048704e+02 +9.388048704e+02 +3.9116e-01 +3.3873e+00 +3.2767e+00
1455 +6.109739073e-01 +6.109739073e-01 +9.384509739e+02 +9.384509739e+02 +2.6840e-01 +3.5964e+00 +3.4533e+00
2448 +3.919256603e-01 +3.919256603e-01 +9.382319257e+02 +9.382319257e+02 +1.2727e-01 +3.5431e+00 +3.5704e+00
% function evaluation | noise-free fitness - Fopt (-7.872000000000e+01) | best noise-free fitness - Fopt | measured fitness | best measured fitness | x1 | x2...
1 +4.490286226e+06 +4.490286226e+06 +4.490207506e+06 +4.490207506e+06 +3.1472e+00 +4.0579e+00 -3.7301e+00
2 +1.410787699e+05 +1.410787699e+05 +1.410000499e+05 +1.410000499e+05 +4.1338e+00 +1.3236e+00 -4.0246e+00
10 +1.618963620e+04 +1.618963620e+04 +1.611091620e+04 +1.611091620e+04 -1.0777e+00 +1.5548e+00 -3.2881e+00
51 +5.210348675e+03 +5.210348675e+03 +5.131628675e+03 +5.131628675e+03 -1.9084e+00 -4.6817e+00 +2.1825e+00
120 +1.183646785e+02 +1.183646785e+02 +3.964467854e+01 +3.964467854e+01 -4.1640e+00 -3.8510e-01 -5.7322e-01
250 +7.505660668e+01 +7.505660668e+01 -3.663393316e+00 -3.663393316e+00 -4.3301e+00 -1.6288e+00 +5.2091e-01
360 +4.904866877e+01 +4.904866877e+01 -2.967133123e+01 -2.967133123e+01 -3.1442e+00 -6.6737e-01 -6.4632e-01
498 +9.636885920e+00 +9.636885920e+00 -6.908311408e+01 -6.908311408e+01 +5.3805e+00 -3.0224e+00 -1.3440e+00
774 +2.759415447e+00 +2.759415447e+00 -7.596058455e+01 -7.596058455e+01 +4.4014e+00 -2.5391e+00 -1.4422e+00
827 +1.604542836e+00 +1.604542836e+00 -7.711545716e+01 -7.711545716e+01 +2.9071e+00 -2.1138e+00 -1.3281e+00
1171 +1.015623252e+00 +1.015623252e+00 -7.770437675e+01 -7.770437675e+01 +2.9084e+00 -2.0289e+00 -1.3995e+00
1175 +9.970349048e-01 +9.970349048e-01 -7.772296510e+01 -7.772296510e+01 +2.9672e+00 -2.0330e+00 -1.4146e+00
3501 +6.303118496e-01 +6.303118496e-01 -7.808968815e+01 -7.808968815e+01 +3.3094e+00 -2.0427e+00 -1.5126e+00
% function evaluation | noise-free fitness - Fopt (-5.984300000000e+02) | best noise-free fitness - Fopt | measured fitness | best measured fitness | x1 | x2...
1 +3.246749283e+07 +3.246749283e+07 +3.246689440e+07 +3.246689440e+07 +3.1472e+00 +4.0579e+00 -3.7301e+00
3 +5.083011728e+05 +5.083011728e+05 +5.077027428e+05 +5.077027428e+05 -2.2150e+00 +4.6882e-01 +4.5751e+00
24 +9.572719123e+04 +9.572719123e+04 +9.512876123e+04 +9.512876123e+04 -2.4249e+00 +3.4072e+00 -2.4572e+00
34 +3.018756116e+04 +3.018756116e+04 +2.958913116e+04 +2.958913116e+04 -1.6288e+00 -3.3782e+00 +2.9428e+00
51 +2.040650133e+03 +2.040650133e+03 +1.442220133e+03 +1.442220133e+03 -1.9084e+00 -4.6817e+00 +2.1825e+00
150 +2.182167124e+02 +2.182167124e+02 -3.802132876e+02 -3.802132876e+02 -2.7305e+00 -3.1737e+00 -2.0039e+00
188 +1.419477041e+02 +1.419477041e+02 -4.564822959e+02 -4.564822959e+02 -2.6877e+00 +2.0629e+00 -2.1943e+00
200 +8.481687095e+01 +8.481687095e+01 -5.136131291e+02 -5.136131291e+02 -1.5659e+00 -2.4849e-01 +4.0455e+00
235 +2.783153580e+01 +2.783153580e+01 -5.705984642e+02 -5.705984642e+02 -1.8782e+00 +2.8533e-01 +2.3053e+00
355 +2.280464692e+01 +2.280464692e+01 -5.756253531e+02 -5.756253531e+02 -3.1664e+00 +2.8533e-01 -4.5798e+00
418 +1.569857097e+01 +1.569857097e+01 -5.827314290e+02 -5.827314290e+02 -2.7959e+00 -2.6610e+00 -2.4623e+00
645 +7.973475643e+00 +7.973475643e+00 -5.904565244e+02 -5.904565244e+02 -2.9074e+00 +1.7936e-01 -3.1944e+00
866 +4.665504715e+00 +4.665504715e+00 -5.937644953e+02 -5.937644953e+02 -3.0901e+00 +7.9086e-01 -4.2107e+00
926 +2.859485484e+00 +2.859485484e+00 -5.955705145e+02 -5.955705145e+02 -3.0161e+00 +1.8739e-01 -3.7889e+00
1474 +2.202435842e+00 +2.202435842e+00 -5.962275642e+02 -5.962275642e+02 -3.0262e+00 +8.8716e-01 -3.8863e+00
1769 +1.578580380e+00 +1.578580380e+00 -5.968514196e+02 -5.968514196e+02 -3.0213e+00 +1.1335e+00 -3.8721e+00
% function evaluation | noise-free fitness - Fopt (-8.542000000000e+01) | best noise-free fitness - Fopt | measured fitness | best measured fitness | x1 | x2...
1 +2.473683233e+07 +2.473683233e+07 +2.473674691e+07 +2.473674691e+07 +3.1472e+00 +4.0579e+00 -3.7301e+00
2 +1.035676661e+07 +1.035676661e+07 +1.035668119e+07 +1.035668119e+07 +4.1338e+00 +1.3236e+00 -4.0246e+00
3 +1.453843706e+05 +1.453843706e+05 +1.452989506e+05 +1.452989506e+05 -2.2150e+00 +4.6882e-01 +4.5751e+00
11 +4.370813578e+04 +4.370813578e+04 +4.362271578e+04 +4.362271578e+04 +2.0605e+00 -4.6817e+00 -2.2308e+00
12 +5.072200501e+03 +5.072200501e+03 +4.986780501e+03 +4.986780501e+03 -4.5383e+00 -4.0287e+00 +3.2346e+00
153 +1.105236183e+02 +1.105236183e+02 +2.510361826e+01 +2.510361826e+01 +3.0897e+00 +3.8227e+00 +3.8614e+00
336 +4.706738711e+01 +4.706738711e+01 -3.835261289e+01 -3.835261289e+01 +1.2250e+00 -2.4535e+00 +2.1615e-03
518 +2.874881132e+01 +2.874881132e+01 -5.667118868e+01 -5.667118868e+01 +3.3694e+00 -2.1227e+00 -1.3944e+00
653 +2.036497767e+01 +2.036497767e+01 -6.505502233e+01 -6.505502233e+01 +2.2381e+00 -1.8572e+00 -2.8023e-01
666 +1.168775531e+01 +1.168775531e+01 -7.373224469e+01 -7.373224469e+01 +1.1409e+00 -2.4905e+00 +2.8987e-02
782 +8.097604798e+00 +8.097604798e+00 -7.732239520e+01 -7.732239520e+01 +4.6804e+00 -8.8455e-01 -1.3534e+00
868 +4.676454563e+00 +4.676454563e+00 -8.074354544e+01 -8.074354544e+01 +3.9812e+00 -1.1923e+00 -1.0707e+00
1010 +1.262149988e+00 +1.262149988e+00 -8.415785001e+01 -8.415785001e+01 +3.4208e+00 -8.3631e-02 +3.0458e-01
1538 +8.553595378e-01 +8.553595378e-01 -8.456464046e+01 -8.456464046e+01 +3.4537e+00 -2.7768e-01 +1.1392e-01
1769 +6.294251948e-01 +6.294251948e-01 -8.479057481e+01 -8.479057481e+01 +3.2253e+00 -2.3716e-01 +3.2506e-01
2135 +3.571473467e-01 +3.571473467e-01 -8.506285265e+01 -8.506285265e+01 +3.1863e+00 -5.0044e-01 +1.3124e-01
2532 +1.996600449e-01 +1.996600449e-01 -8.522033996e+01 -8.522033996e+01 +3.0290e+00 -6.4924e-01 +1.2671e-01
2558 +1.372092273e-01 +1.372092273e-01 -8.528279077e+01 -8.528279077e+01 +2.9579e+00 -6.2224e-01 +2.0436e-01
2738 +9.741796421e-02 +9.741796421e-02 -8.532258204e+01 -8.532258204e+01 +2.9538e+00 -5.9429e-01 +2.3152e-01
3000 +5.937066581e-02 +5.937066581e-02 -8.536062933e+01 -8.536062933e+01 +2.8953e+00 -5.9348e-01 +2.7746e-01
4236 +3.804646576e-02 +3.804646576e-02 -8.538195353e+01 -8.538195353e+01 +2.8736e+00 -5.6330e-01 +3.1984e-01
% function evaluation | noise-free fitness - Fopt (1.932500000000e+02) | best noise-free fitness - Fopt | measured fitness | best measured fitness | x1 | x2...
1 +1.848063504e+07 +1.848063504e+07 +1.848082829e+07 +1.848082829e+07 +3.1472e+00 +4.0579e+00 -3.7301e+00
4 +7.025730079e+06 +7.025730079e+06 +7.025923329e+06 +7.025923329e+06 +4.6489e+00 -3.4239e+00 +4.7059e+00
5 +4.948994679e+05 +4.948994679e+05 +4.950927179e+05 +4.950927179e+05 +4.5717e+00 -1.4624e-01 +3.0028e+00
7 +4.094038422e+04 +4.094038422e+04 +4.113363422e+04 +4.113363422e+04 +2.9221e+00 +4.5949e+00 +1.5574e+00
20 +4.190846244e+03 +4.190846244e+03 +4.384096244e+03 +4.384096244e+03 -1.5961e+00 +8.5268e-01 -2.7619e+00
78 +2.930861756e+02 +2.930861756e+02 +4.863361756e+02 +4.863361756e+02 +1.1404e+00 -2.7102e+00 -1.2356e+00
271 +1.199154219e+02 +1.199154219e+02 +3.131654219e+02 +3.131654219e+02 +7.7719e-01 +3.6475e+00 -1.4147e-01
282 +8.265014020e+01 +8.265014020e+01 +2.759001402e+02 +2.759001402e+02 +2.8240e+00 -1.3846e+00 +3.9667e-01
385 +6.188572857e+01 +6.188572857e+01 +2.551357286e+02 +2.551357286e+02 +1.4007e+00 +2.8567e+00 +2.0380e-01
733 +8.635481338e+00 +8.635481338e+00 +2.018854813e+02 +2.018854813e+02 -1.7451e+00 +4.3855e+00 -2.0000e+00
1748 +5.904661327e+00 +5.904661327e+00 +1.991546613e+02 +1.991546613e+02 -2.1106e+00 +4.3936e+00 -2.2937e+00
3973 +3.973994911e+00 +3.973994911e+00 +1.972239949e+02 +1.972239949e+02 -2.8584e+00 +4.6476e+00 -2.8413e+00
% function evaluation | noise-free fitness - Fopt (-1.815000000000e+02) | best noise-free fitness - Fopt | measured fitness | best measured fitness | x1 | x2...
1 +1.160422946e+07 +1.160422946e+07 +1.160404796e+07 +1.160404796e+07 +3.1472e+00 +4.0579e+00 -3.7301e+00
6 +5.736183508e+06 +5.736183508e+06 +5.736002008e+06 +5.736002008e+06 -3.5811e+00 -7.8239e-01 +4.1574e+00
8 +4.168173730e+02 +4.168173730e+02 +2.353173730e+02 +2.353173730e+02 -4.6429e+00 +3.4913e+00 +4.3399e+00
124 +3.731011657e+02 +3.731011657e+02 +1.916011657e+02 +1.916011657e+02 -5.2649e+00 +3.3922e+00 +5.6930e+00
188 +1.795075016e+02 +1.795075016e+02 -1.992498413e+00 -1.992498413e+00 -1.8825e+00 +3.1476e+00 -2.4523e+00
266 +5.909419319e+00 +5.909419319e+00 -1.755905807e+02 -1.755905807e+02 -2.5223e+00 +2.2820e+00 -1.8492e+00
1113 +3.479144569e+00 +3.479144569e+00 -1.780208554e+02 -1.780208554e+02 -1.7272e+00 +3.5391e+00 -2.3585e+00
1428 +2.224167352e+00 +2.224167352e+00 -1.792758326e+02 -1.792758326e+02 -1.7943e+00 +3.1792e+00 -2.5871e+00
1446 +1.454010606e+00 +1.454010606e+00 -1.800459894e+02 -1.800459894e+02 -1.7543e+00 +3.0737e+00 -2.7932e+00
2049 +8.156110905e-01 +8.156110905e-01 -1.806843889e+02 -1.806843889e+02 -1.5486e+00 +3.3098e+00 -3.0212e+00
2090 +6.146550205e-01 +6.146550205e-01 -1.808853450e+02 -1.808853450e+02 -1.6645e+00 +2.9991e+00 -3.0842e+00
% function evaluation | noise-free fitness - Fopt (4.526200000000e+02) | best noise-free fitness - Fopt | measured fitness | best measured fitness | x1 | x2...
1 +3.811011376e+06 +3.811011376e+06 +3.811463996e+06 +3.811463996e+06 +3.1472e+00 +4.0579e+00 -3.7301e+00
2 +9.887012962e+05 +9.887012962e+05 +9.891539162e+05 +9.891539162e+05 +4.1338e+00 +1.3236e+00 -4.0246e+00
3 +5.496598344e+05 +5.496598344e+05 +5.501124544e+05 +5.501124544e+05 -2.2150e+00 +4.6882e-01 +4.5751e+00
6 +2.392556819e+04 +2.392556819e+04 +2.437818819e+04 +2.437818819e+04 -3.5811e+00 -7.8239e-01 +4.1574e+00
20 +8.773277619e+01 +8.773277619e+01 +5.403527762e+02 +5.403527762e+02 -1.5961e+00 +8.5268e-01 -2.7619e+00
60 +5.271339611e+01 +5.271339611e+01 +5.053333961e+02 +5.053333961e+02 -1.7005e+00 +8.1600e-01 -2.7619e+00
356 +3.386229679e+01 +3.386229679e+01 +4.864822968e+02 +4.864822968e+02 -1.3350e+00 +8.5432e-01 -2.3969e+00
2049 +2.497421782e+01 +2.497421782e+01 +4.775942178e+02 +4.775942178e+02 -9.9648e-01 +8.5148e-01 -1.8479e+00
% function evaluation | noise-free fitness - Fopt (-1.184600000000e+02) | best noise-free fitness - Fopt | measured fitness | best measured fitness | x1 | x2...
1 +3.924903209e+03 +3.924903209e+03 +3.806443209e+03 +3.806443209e+03 +3.1472e+00 +4.0579e+00 -3.7301e+00
66 +1.195690880e+03 +1.195690880e+03 +1.077230880e+03 +1.077230880e+03 +3.3242e+00 +3.0645e+00 -2.2174e+00
89 +1.335599141e+02 +1.335599141e+02 +1.509991407e+01 +1.509991407e+01 +3.4931e+00 -2.5878e-01 +1.6292e+00
336 +7.791129821e+01 +7.791129821e+01 -4.054870179e+01 -4.054870179e+01 +3.4334e+00 -7.5476e-01 +2.1028e+00
506 +4.531863928e+01 +4.531863928e+01 -7.314136072e+01 -7.314136072e+01 +2.6187e+00 +1.1902e-01 +1.6593e-01
926 +3.874888186e+01 +3.874888186e+01 -7.971111814e+01 -7.971111814e+01 +2.3537e+00 -3.0155e-01 +3.2135e-01
% function evaluation | noise-free fitness - Fopt (9.973000000000e+01) | best noise-free fitness - Fopt | measured fitness | best measured fitness | x1 | x2...
1 +4.921574922e+07 +4.921574922e+07 +4.921584895e+07 +4.921584895e+07 +3.1472e+00 +4.0579e+00 -3.7301e+00
3 +1.964386925e+06 +1.964386925e+06 +1.964486655e+06 +1.964486655e+06 -2.2150e+00 +4.6882e-01 +4.5751e+00
6 +6.240158340e+04 +6.240158340e+04 +6.250131340e+04 +6.250131340e+04 -3.5811e+00 -7.8239e-01 +4.1574e+00
69 +1.636365458e+04 +1.636365458e+04 +1.646338458e+04 +1.646338458e+04 -3.9642e+00 +3.6310e+00 +4.2175e+00
97 +1.418344744e+03 +1.418344744e+03 +1.518074744e+03 +1.518074744e+03 -3.1222e+00 -6.4725e-02 -2.0379e+00
118 +6.752392551e+02 +6.752392551e+02 +7.749692551e+02 +7.749692551e+02 -3.5671e+00 +2.6157e+00 -1.3819e+00
178 +3.906453995e+02 +3.906453995e+02 +4.903753995e+02 +4.903753995e+02 -2.8945e+00 -1.0848e+00 -1.9294e+00
299 +3.321875125e+01 +3.321875125e+01 +1.329487513e+02 +1.329487513e+02 -2.6192e+00 -3.8124e+00 +1.0706e+00
471 +6.265236092e+00 +6.265236092e+00 +1.059952361e+02 +1.059952361e+02 -3.5795e+00 +2.4586e+00 -1.1570e+00
666 +1.282096835e+00 +1.282096835e+00 +1.010120968e+02 +1.010120968e+02 -3.1031e+00 +9.6767e-02 -2.2127e+00
810 +6.131781502e-01 +6.131781502e-01 +1.003431782e+02 +1.003431782e+02 -3.2554e+00 +9.4566e-01 -2.1420e+00
1431 +2.454681192e-02 +2.454681192e-02 +9.975454681e+01 +9.975454681e+01 -3.2577e+00 +8.0357e-01 -1.6963e+00
1507 +8.025332027e-03 +8.025332027e-03 +9.973802533e+01 +9.973802533e+01 -3.2239e+00 +6.1731e-01 -1.7187e+00
1628 +3.378549785e-03 +3.378549785e-03 +9.973337855e+01 +9.973337855e+01 -3.2361e+00 +6.8590e-01 -1.7135e+00
2062 +2.161501902e-03 +2.161501902e-03 +9.973216150e+01 +9.973216150e+01 -3.2366e+00 +6.9003e-01 -1.7177e+00
2090 +1.483295782e-03 +1.483295782e-03 +9.973148330e+01 +9.973148330e+01 -3.2342e+00 +6.8754e-01 -1.7495e+00
2373 +9.426410798e-04 +9.426410798e-04 +9.973094264e+01 +9.973094264e+01 -3.2336e+00 +6.8729e-01 -1.7594e+00
2430 +1.030627616e-04 +1.030627616e-04 +9.973010306e+01 +9.973010306e+01 -3.2355e+00 +6.9571e-01 -1.7518e+00
2801 +2.923728498e-05 +2.923728498e-05 +9.973002924e+01 +9.973002924e+01 -3.2354e+00 +6.9634e-01 -1.7564e+00
2920 +9.852951209e-06 +9.852951209e-06 +9.973000985e+01 +9.973000985e+01 -3.2346e+00 +6.9369e-01 -1.7610e+00
3227 +1.202639083e-06 +1.202639083e-06 +9.973000120e+01 +9.973000120e+01 -3.2351e+00 +6.9597e-01 -1.7604e+00
3633 +8.409740815e-07 +8.409740815e-07 +9.973000084e+01 +9.973000084e+01 -3.2351e+00 +6.9602e-01 -1.7609e+00
4121 +5.549798772e-07 +5.549798772e-07 +9.973000055e+01 +9.973000055e+01 -3.2351e+00 +6.9610e-01 -1.7610e+00
4134 +2.489633744e-07 +2.489633744e-07 +9.973000025e+01 +9.973000025e+01 -3.2352e+00 +6.9646e-01 -1.7605e+00
4450 +1.394205498e-07 +1.394205498e-07 +9.973000014e+01 +9.973000014e+01 -3.2352e+00 +6.9651e-01 -1.7606e+00
4470 +3.777662982e-08 +3.777662982e-08 +9.973000004e+01 +9.973000004e+01 -3.2352e+00 +6.9668e-01 -1.7609e+00
4814 +2.168050628e-08 +2.168050628e-08 +9.973000002e+01 +9.973000002e+01 -3.2352e+00 +6.9668e-01 -1.7608e+00
% function evaluation | noise-free fitness - Fopt (4.044000000000e+01) | best noise-free fitness - Fopt | measured fitness | best measured fitness | x1 | x2...
1 +1.502466002e+07 +1.502466002e+07 +1.502470046e+07 +1.502470046e+07 +3.1472e+00 +4.0579e+00 -3.7301e+00
4 +4.904443288e+06 +4.904443288e+06 +4.904483728e+06 +4.904483728e+06 +4.6489e+00 -3.4239e+00 +4.7059e+00
5 +5.092044986e+04 +5.092044986e+04 +5.096088986e+04 +5.096088986e+04 +4.5717e+00 -1.4624e-01 +3.0028e+00
69 +2.317471025e+04 +2.317471025e+04 +2.321515025e+04 +2.321515025e+04 +2.5983e+00 +3.5657e+00 +2.5118e+00
70 +1.153555480e+04 +1.153555480e+04 +1.157599480e+04 +1.157599480e+04 +2.5373e+00 +9.0332e-01 +6.7822e-01
76 +9.184812999e+02 +9.184812999e+02 +9.589212999e+02 +9.589212999e+02 +1.8726e+00 -5.9664e-01 -1.4317e+00
241 +5.729377144e+02 +5.729377144e+02 +6.133777144e+02 +6.133777144e+02 +1.7586e+00 +5.7477e-01 -7.4670e-01
262 +3.907165463e+02 +3.907165463e+02 +4.311565463e+02 +4.311565463e+02 +1.9678e+00 +2.5920e+00 +8.0988e-01
311 +1.383878841e+02 +1.383878841e+02 +1.788278841e+02 +1.788278841e+02 +3.0973e+00 -4.8808e-01 +3.4485e-01
360 +6.820554441e+00 +6.820554441e+00 +4.726055444e+01 +4.726055444e+01 +2.6858e+00 +1.6883e+00 +1.1866e+00
497 +5.223325048e+00 +5.223325048e+00 +4.566332505e+01 +4.566332505e+01 +2.1268e+00 +1.5702e+00 +3.4699e-01
780 +2.160491108e+00 +2.160491108e+00 +4.260049111e+01 +4.260049111e+01 +2.7685e+00 +1.7347e+00 +1.3239e+00
854 +3.985892962e-01 +3.985892962e-01 +4.083858930e+01 +4.083858930e+01 +2.2026e+00 +2.4875e+00 +1.0278e+00
1154 +2.242949091e-01 +2.242949091e-01 +4.066429491e+01 +4.066429491e+01 +2.0632e+00 +2.4840e+00 +8.3576e-01
1507 +1.434394249e-01 +1.434394249e-01 +4.058343942e+01 +4.058343942e+01 +2.1588e+00 +2.5114e+00 +9.8436e-01
1571 +9.378798308e-02 +9.378798308e-02 +4.053378798e+01 +4.053378798e+01 +2.1777e+00 +2.5359e+00 +1.0254e+00
1607 +2.849365571e-02 +2.849365571e-02 +4.046849366e+01 +4.046849366e+01 +2.1961e+00 +2.7080e+00 +1.1596e+00
1642 +1.030333499e-02 +1.030333499e-02 +4.045030333e+01 +4.045030333e+01 +2.1396e+00 +2.8050e+00 +1.1440e+00
1747 +3.055490774e-03 +3.055490774e-03 +4.044305549e+01 +4.044305549e+01 +2.1206e+00 +2.8171e+00 +1.1256e+00
2100 +1.690439096e-03 +1.690439096e-03 +4.044169044e+01 +4.044169044e+01 +2.1169e+00 +2.7895e+00 +1.1030e+00
2150 +1.167468296e-03 +1.167468296e-03 +4.044116747e+01 +4.044116747e+01 +2.0787e+00 +2.8093e+00 +1.0634e+00
2413 +3.235597160e-04 +3.235597160e-04 +4.044032356e+01 +4.044032356e+01 +2.0958e+00 +2.8247e+00 +1.0965e+00
2555 +1.341468301e-04 +1.341468301e-04 +4.044013415e+01 +4.044013415e+01 +2.0984e+00 +2.8155e+00 +1.0943e+00
3073 +8.030534507e-05 +8.030534507e-05 +4.044008031e+01 +4.044008031e+01 +2.0963e+00 +2.8166e+00 +1.0921e+00
3302 +5.796745644e-05 +5.796745644e-05 +4.044005797e+01 +4.044005797e+01 +2.0962e+00 +2.8150e+00 +1.0909e+00
3799 +3.826467174e-05 +3.826467174e-05 +4.044003826e+01 +4.044003826e+01 +2.0947e+00 +2.8168e+00 +1.0900e+00
4658 +2.313893103e-05 +2.313893103e-05 +4.044002314e+01 +4.044002314e+01 +2.0936e+00 +2.8162e+00 +1.0881e+00
% function evaluation | noise-free fitness - Fopt (-1.216000000000e+02) | best noise-free fitness - Fopt | measured fitness | best measured fitness | x1 | x2...
1 +6.181675382e+06 +6.181675382e+06 +6.181553782e+06 +6.181553782e+06 +3.1472e+00 +4.0579e+00 -3.7301e+00
2 +1.622460092e+06 +1.622460092e+06 +1.622338492e+06 +1.622338492e+06 +4.1338e+00 +1.3236e+00 -4.0246e+00
10 +3.728016949e+03 +3.728016949e+03 +3.606416949e+03 +3.606416949e+03 -1.0777e+00 +1.5548e+00 -3.2881e+00
85 +1.785703999e+02 +1.785703999e+02 +5.697039992e+01 +5.697039992e+01 -2.3784e+00 +4.7932e-01 -1.7291e+00
224 +2.192707049e+01 +2.192707049e+01 -9.967292951e+01 -9.967292951e+01 -2.5901e+00 -3.3854e+00 +1.2637e+00
347 +2.244118791e+00 +2.244118791e+00 -1.193558812e+02 -1.193558812e+02 -2.1628e+00 -1.9682e+00 -1.7176e-02
876 +1.471696095e+00 +1.471696095e+00 -1.201283039e+02 -1.201283039e+02 -2.5870e+00 -1.8557e+00 +1.1057e-01
1507 +8.962262888e-01 +8.962262888e-01 -1.207037737e+02 -1.207037737e+02 -2.3700e+00 -1.5774e+00 -2.0744e-01
1696 +6.299780269e-01 +6.299780269e-01 -1.209700220e+02 -1.209700220e+02 -2.5758e+00 -1.6561e+00 -4.5500e-02
% function evaluation | noise-free fitness - Fopt (-3.811000000000e+01) | best noise-free fitness - Fopt | measured fitness | best measured fitness | x1 | x2...
1 +7.546839429e+07 +7.546839429e+07 +7.546835618e+07 +7.546835618e+07 +3.1472e+00 +4.0579e+00 -3.7301e+00
2 +5.450727506e+07 +5.450727506e+07 +5.450723695e+07 +5.450723695e+07 +4.1338e+00 +1.3236e+00 -4.0246e+00
3 +1.516614518e+06 +1.516614518e+06 +1.516576408e+06 +1.516576408e+06 -2.2150e+00 +4.6882e-01 +4.5751e+00
6 +4.300344552e+05 +4.300344552e+05 +4.299963452e+05 +4.299963452e+05 -3.5811e+00 -7.8239e-01 +4.1574e+00
14 +1.893524386e+05 +1.893524386e+05 +1.893143286e+05 +1.893143286e+05 -4.6555e+00 -6.1256e-01 -1.1844e+00
19 +1.150491520e+05 +1.150491520e+05 +1.150110420e+05 +1.150110420e+05 -3.8100e+00 -1.6359e-02 +4.5974e+00
41 +6.141822777e+04 +6.141822777e+04 +6.138011777e+04 +6.138011777e+04 -5.1031e+00 -3.9547e-01 -3.7301e+00
116 +3.588501769e+03 +3.588501769e+03 +3.550391769e+03 +3.550391769e+03 -1.9620e+00 -2.3703e+00 +1.5408e+00
131 +1.050308767e+03 +1.050308767e+03 +1.012198767e+03 +1.012198767e+03 -1.7530e+00 -2.4192e+00 +2.1825e+00
186 +8.302519492e+00 +8.302519492e+00 -2.980748051e+01 -2.980748051e+01 -1.5002e+00 -2.8028e+00 +1.5134e+00
666 +5.277413390e+00 +5.277413390e+00 -3.283258661e+01 -3.283258661e+01 -3.7260e+00 -7.4532e-01 -2.8045e-01
800 +1.724224656e+00 +1.724224656e+00 -3.638577534e+01 -3.638577534e+01 -3.0815e+00 -1.5469e+00 -6.3789e-01
1358 +8.142601188e-01 +8.142601188e-01 -3.729573988e+01 -3.729573988e+01 -2.7427e+00 -1.9311e+00 -6.6364e-01
1671 +5.613703653e-01 +5.613703653e-01 -3.754862963e+01 -3.754862963e+01 -2.7683e+00 -1.9314e+00 -7.9260e-01
1747 +3.206243978e-01 +3.206243978e-01 -3.778937560e+01 -3.778937560e+01 -2.7082e+00 -2.0185e+00 -8.7724e-01
2004 +2.331438276e-01 +2.331438276e-01 -3.787685617e+01 -3.787685617e+01 -2.6574e+00 -2.0860e+00 -9.2290e-01
2469 +1.501016121e-01 +1.501016121e-01 -3.795989839e+01 -3.795989839e+01 -2.6268e+00 -2.1487e+00 -1.0442e+00
3794 +9.926037311e-02 +9.926037311e-02 -3.801073963e+01 -3.801073963e+01 -2.6051e+00 -2.1826e+00 -1.0869e+00
