% function evaluation | noise-free fitness - Fopt (7.135000000000e+01) | best noise-free fitness - Fopt | measured fitness | best measured fitness | x1 | x2...
1 +1.835440623e+02 +1.835440623e+02 +2.548940623e+02 +2.548940623e+02 -1.5783e+00 +1.2004e+00 +4.0925e+00 +9.7592e-01 +2.2214e+00
2 +6.881011476e+01 +6.881011476e+01 +1.401601148e+02 +1.401601148e+02 +3.0663e+00 -3.5578e+00 +7.1921e-01 -3.0727e-01 -1.6223e+00
9 +5.923613768e+01 +5.923613768e+01 +1.305861377e+02 +1.305861377e+02 -4.7864e+00 -1.3558e+00 +3.6150e+00 +6.5158e-01 +9.7921e-01
14 +2.952085561e+01 +2.952085561e+01 +1.008708556e+02 +1.008708556e+02 +3.6565e+00 +1.5808e+00 -4.8918e-01 -1.4222e+00 -4.7130e+00
24 +8.471040686e+00 +8.471040686e+00 +7.982104069e+01 +7.982104069e+01 -1.4890e+00 +3.4641e+00 -3.5488e+00 +4.5395e+00 -4.4294e+00
3514 +5.992727909e+00 +5.992727909e+00 +7.734272791e+01 +7.734272791e+01 -1.4733e+00 -4.5420e+00 -3.8476e-01 -1.5207e+00 -1.1922e-01
3667 +3.022874882e+00 +3.022874882e+00 +7.437287488e+01 +7.437287488e+01 -2.8505e-01 +7.8493e-01 +2.8000e+00 -2.8682e+00 -2.5626e+00
4388 +2.358017283e+00 +2.358017283e+00 +7.370801728e+01 +7.370801728e+01 +4.2128e+00 -1.8105e+00 +3.6513e+00 -5.0613e+00 +2.4269e+00
25947 +1.206885150e+00 +1.206885150e+00 +7.255688515e+01 +7.255688515e+01 -2.8505e-01 +7.8493e-01 +2.8467e+00 -3.0892e+00 -2.5626e+00
43731 +7.282410678e-01 +7.282410678e-01 +7.207824107e+01 +7.207824107e+01 +4.6206e+00 -1.7007e+00 +3.1639e+00 -5.2059e+00 +2.2070e+00
49551 +5.727123618e-01 +5.727123618e-01 +7.192271236e+01 +7.192271236e+01 +4.6339e+00 -1.6955e+00 +3.1111e+00 -5.2251e+00 +2.2058e+00
% function evaluation | noise-free fitness - Fopt (-3.552200000000e+02) | best noise-free fitness - Fopt | measured fitness | best measured fitness | x1 | x2...
1 +4.210779867e+01 +4.210779867e+01 -3.131122013e+02 -3.131122013e+02 +7.2505e-01 +1.9080e+00 -4.1169e+00 +4.9788e+00 -1.8112e+00
3 +3.540184097e+01 +3.540184097e+01 -3.198181590e+02 -3.198181590e+02 +3.4596e+00 -1.7310e-01 -2.3861e+00 +1.8988e+00 +3.8815e+00
9 +2.016221183e+01 +2.016221183e+01 -3.350577882e+02 -3.350577882e+02 +4.7739e+00 +2.6303e+00 +7.1127e-01 -9.0735e-01 +3.3847e+00
17 +7.613870006e+00 +7.613870006e+00 -3.476061300e+02 -3.476061300e+02 +4.5198e+00 +3.9681e+00 +2.6636e-01 -1.9552e+00 -1.2036e-01
213 +6.101664231e+00 +6.101664231e+00 -3.491183358e+02 -3.491183358e+02 +4.8520e-02 -9.8653e-01 +4.3772e+00 +5.4134e+00 +9.4795e-01
6016 +3.558831745e+00 +3.558831745e+00 -3.516611683e+02 -3.516611683e+02 -4.2961e+00 +2.6774e-01 -2.4247e+00 +3.1642e+00 +2.8844e+00
6018 +2.442131161e+00 +2.442131161e+00 -3.527778688e+02 -3.527778688e+02 +1.1605e+00 -4.5043e+00 -2.7198e+00 -3.2881e+00 +3.3478e-01
14208 +1.292984548e+00 +1.292984548e+00 -3.539270155e+02 -3.539270155e+02 -4.3100e+00 +2.7547e-01 -2.1565e+00 +2.6902e+00 +2.7945e+00
18832 +3.621246095e-01 +3.621246095e-01 -3.548578754e+02 -3.548578754e+02 -2.5408e+00 -1.6613e+00 +3.4471e+00 -1.8563e+00 +1.6089e+00
37757 +1.646244013e-01 +1.646244013e-01 -3.550553756e+02 -3.550553756e+02 -4.2820e+00 +1.6032e-01 -2.3065e+00 +2.9925e+00 +2.8515e+00
39005 +9.607115660e-02 +9.607115660e-02 -3.551239288e+02 -3.551239288e+02 +1.1480e+00 -4.6105e+00 -2.9433e+00 -2.7325e+00 +4.8164e-01
40215 +5.666677958e-02 +5.666677958e-02 -3.551633332e+02 -3.551633332e+02 +1.1413e+00 -4.6008e+00 -2.9376e+00 -2.7155e+00 +4.7917e-01
40463 +3.789832089e-02 +3.789832089e-02 -3.551821017e+02 -3.551821017e+02 +1.1409e+00 -4.5968e+00 -2.9376e+00 -2.7222e+00 +4.7727e-01
42448 +1.973001534e-02 +1.973001534e-02 -3.552002700e+02 -3.552002700e+02 +1.1413e+00 -4.5936e+00 -2.9392e+00 -2.7248e+00 +4.7971e-01
43349 +1.579736460e-02 +1.579736460e-02 -3.552042026e+02 -3.552042026e+02 +1.1425e+00 -4.5959e+00 -2.9398e+00 -2.7246e+00 +4.7991e-01
% function evaluation | noise-free fitness - Fopt (9.917000000000e+01) | best noise-free fitness - Fopt | measured fitness | best measured fitness | x1 | x2...
1 +4.791535655e+01 +4.791535655e+01 +1.470853565e+02 +1.470853565e+02 +3.7568e+00 +4.0706e+00 +1.0204e+00 +9.5910e-01 +7.6752e-01
8 +3.830440553e+01 +3.830440553e+01 +1.374744055e+02 +1.374744055e+02 -1.7884e+00 +3.8036e+00 +4.8941e-01 +4.5969e+00 +3.4978e+00
19 +1.271717377e+01 +1.271717377e+01 +1.118871738e+02 +1.118871738e+02 -2.6392e-02 -1.4719e-01 -1.3060e+00 +9.4029e-02 +1.7030e+00
320 +9.762316481e+00 +9.762316481e+00 +1.089323165e+02 +1.089323165e+02 +1.1920e+00 +3.0382e-01 -5.2018e+00 +5.4022e+00 -4.1629e+00
3504 +6.131744664e+00 +6.131744664e+00 +1.053017447e+02 +1.053017447e+02 +7.8286e-01 +2.3326e+00 +2.4157e+00 +2.8681e+00 -2.1947e+00
3568 +1.311127883e+00 +1.311127883e+00 +1.004811279e+02 +1.004811279e+02 -4.6799e-01 +4.4551e+00 +1.4696e+00 -1.0221e+00 +4.8961e+00
17368 +5.636559275e-01 +5.636559275e-01 +9.973365593e+01 +9.973365593e+01 -3.5979e-01 +4.4197e+00 +1.4696e+00 -8.2911e-01 +4.7633e+00
29892 +3.812662462e-01 +3.812662462e-01 +9.955126625e+01 +9.955126625e+01 -3.6290e-01 +4.4179e+00 +1.4970e+00 -8.3003e-01 +4.7633e+00
40033 +1.981756731e-01 +1.981756731e-01 +9.936817567e+01 +9.936817567e+01 +2.1407e+00 +3.9374e+00 +4.3524e+00 -5.6648e-01 +6.2423e-01
40466 +1.346946332e-01 +1.346946332e-01 +9.930469463e+01 +9.930469463e+01 -4.4614e-01 +4.4693e+00 +1.5817e+00 -9.3791e-01 +4.7665e+00
42672 +7.053043713e-02 +7.053043713e-02 +9.924053044e+01 +9.924053044e+01 -4.2549e-01 +4.4712e+00 +1.5904e+00 -8.9236e-01 +4.7569e+00
43129 +2.893938112e-02 +2.893938112e-02 +9.919893938e+01 +9.919893938e+01 +2.1363e+00 +3.9302e+00 +4.3471e+00 -5.6695e-01 +6.5832e-01
45062 +2.069030883e-02 +2.069030883e-02 +9.919069031e+01 +9.919069031e+01 +2.1227e+00 +3.9336e+00 +4.3511e+00 -5.6005e-01 +6.5453e-01
45543 +1.202694025e-02 +1.202694025e-02 +9.918202694e+01 +9.918202694e+01 +2.1418e+00 +3.9277e+00 +4.3315e+00 -5.3387e-01 +6.5962e-01
46209 +9.546476892e-03 +9.546476892e-03 +9.917954648e+01 +9.917954648e+01 +2.1384e+00 +3.9253e+00 +4.3471e+00 -5.4096e-01 +6.5864e-01
46470 +5.965070798e-03 +5.965070798e-03 +9.917596507e+01 +9.917596507e+01 +2.1356e+00 +3.9232e+00 +4.3433e+00 -5.5720e-01 +6.6048e-01
46771 +3.033282309e-03 +3.033282309e-03 +9.917303328e+01 +9.917303328e+01 +2.1472e+00 +3.9208e+00 +4.3355e+00 -5.3471e-01 +6.5925e-01
47268 +2.162967997e-03 +2.162967997e-03 +9.917216297e+01 +9.917216297e+01 +2.1480e+00 +3.9199e+00 +4.3371e+00 -5.3291e-01 +6.5914e-01
47988 +1.544333132e-03 +1.544333132e-03 +9.917154433e+01 +9.917154433e+01 +2.1463e+00 +3.9199e+00 +4.3395e+00 -5.3291e-01 +6.5914e-01
48533 +9.462614717e-04 +9.462614717e-04 +9.917094626e+01 +9.917094626e+01 +2.1494e+00 +3.9174e+00 +4.3386e+00 -5.3139e-01 +6.5842e-01
% function evaluation | noise-free fitness - Fopt (-5.179100000000e+02) | best noise-free fitness - Fopt | measured fitness | best measured fitness | x1 | x2...
1 +9.951332408e+01 +9.951332408e+01 -4.183966759e+02 -4.183966759e+02 -3.1173e+00 +4.7821e+00 -8.7807e-01 +2.1874e+00 +4.0650e-01
7 +5.717842592e+01 +5.717842592e+01 -4.607315741e+02 -4.607315741e+02 +4.1989e+00 -1.3084e+00 -5.1013e-01 -4.4299e+00 +3.2013e+00
14 +3.878215721e+01 +3.878215721e+01 -4.791278428e+02 -4.791278428e+02 +9.3784e-01 +8.0674e-01 +8.1138e-01 +2.9699e+00 +2.6362e+00
35 +2.084922493e+01 +2.084922493e+01 -4.970607751e+02 -4.970607751e+02 +4.8749e+00 -8.9315e-01 +3.3317e-01 +8.6997e-01 +1.9181e+00
36 +1.553980081e+01 +1.553980081e+01 -5.023701992e+02 -5.023701992e+02 -1.0581e+00 -4.8740e+00 -2.2890e+00 -3.2993e+00 -1.7932e+00
196 +6.658465938e+00 +6.658465938e+00 -5.112515341e+02 -5.112515341e+02 -1.0581e+00 -4.8740e+00 +1.3959e+00 -3.2993e+00 +1.3385e+00
348 +5.868432027e+00 +5.868432027e+00 -5.120415680e+02 -5.120415680e+02 +4.9529e+00 -5.4681e+00 -2.4762e-01 +3.9302e+00 -1.4417e+00
1891 +3.666595582e+00 +3.666595582e+00 -5.142434044e+02 -5.142434044e+02 -3.5198e+00 -3.9376e+00 +3.1042e+00 -5.3469e+00 +2.1928e+00
13594 +1.574800629e+00 +1.574800629e+00 -5.163351994e+02 -5.163351994e+02 -5.1250e+00 -4.9465e+00 +2.1293e+00 +1.8639e+00 +2.9648e+00
19959 +9.496653814e-01 +9.496653814e-01 -5.169603346e+02 -5.169603346e+02 -1.5194e+00 -1.9571e+00 +2.4289e+00 +6.6430e-01 -3.2627e+00
23366 +5.490354443e-01 +5.490354443e-01 -5.173609646e+02 -5.173609646e+02 +2.0828e+00 -3.6506e+00 +1.1850e+00 +1.1999e+00 +3.7284e+00
35005 +2.368087194e-01 +2.368087194e-01 -5.176731913e+02 -5.176731913e+02 +2.0660e+00 -3.6465e+00 +1.2305e+00 +1.1346e+00 +3.6955e+00
44070 +1.159180434e-01 +1.159180434e-01 -5.177940820e+02 -5.177940820e+02 +2.1201e+00 -3.6853e+00 +1.2022e+00 +1.3735e+00 +3.8620e+00
44997 +9.537966159e-02 +9.537966159e-02 -5.178146203e+02 -5.178146203e+02 +2.1088e+00 -3.6812e+00 +1.2135e+00 +1.3149e+00 +3.8215e+00
45995 +6.232174456e-02 +6.232174456e-02 -5.178476783e+02 -5.178476783e+02 +2.1202e+00 -3.6901e+00 +1.2026e+00 +1.3733e+00 +3.8612e+00
47329 +3.687982752e-02 +3.687982752e-02 -5.178731202e+02 -5.178731202e+02 +2.1224e+00 -3.6844e+00 +1.1962e+00 +1.3690e+00 +3.8614e+00
% function evaluation | noise-free fitness - Fopt (-5.721000000000e+01) | best noise-free fitness - Fopt | measured fitness | best measured fitness | x1 | x2...
1 +1.496575101e+02 +1.496575101e+02 +9.244751012e+01 +9.244751012e+01 +1.4332e+00 -1.8013e+00 -3.8941e+00 +3.3335e+00 +2.6150e+00
3 +5.866074469e+01 +5.866074469e+01 +1.450744689e+00 +1.450744689e+00 -3.6267e+00 -3.8046e+00 -1.3801e+00 -3.6760e-01 -3.8378e+00
10 +3.879435775e+01 +3.879435775e+01 -1.841564225e+01 -1.841564225e+01 -2.5026e-01 -1.8706e+00 -4.4251e-01 +4.9242e+00 +7.8576e-01
36 +2.317244439e+01 +2.317244439e+01 -3.403755561e+01 -3.403755561e+01 -2.6758e+00 +3.9111e+00 -3.1859e+00 -1.7392e+00 +1.5075e-01
102 +1.257481753e+01 +1.257481753e+01 -4.463518247e+01 -4.463518247e+01 -2.7950e-01 +2.2268e+00 -3.2165e+00 -9.5535e-01 -1.3040e+00
208 +6.919211927e+00 +6.919211927e+00 -5.029078807e+01 -5.029078807e+01 -1.9581e+00 -3.5695e+00 -4.5293e-01 -2.6601e+00 +3.4677e+00
215 +3.469137451e+00 +3.469137451e+00 -5.374086255e+01 -5.374086255e+01 +1.3597e+00 -3.0122e+00 +2.1765e+00 +3.7561e+00 -1.5989e+00
7895 +2.156808617e+00 +2.156808617e+00 -5.505319138e+01 -5.505319138e+01 +1.3597e+00 -2.9082e+00 +2.1765e+00 +3.8168e+00 -1.5989e+00
13760 +1.024155334e+00 +1.024155334e+00 -5.618584467e+01 -5.618584467e+01 +1.3944e+00 -4.6797e+00 -3.0351e-01 -2.8105e+00 -3.0486e+00
16923 +9.715215429e-01 +9.715215429e-01 -5.623847846e+01 -5.623847846e+01 -2.1506e+00 -3.6821e+00 -8.8048e-01 -2.6848e+00 +3.3408e+00
18138 +3.300068187e-01 +3.300068187e-01 -5.687999318e+01 -5.687999318e+01 +1.3294e+00 -3.4240e+00 +2.7708e+00 +3.6111e+00 -1.2989e+00
30111 +1.552551020e-01 +1.552551020e-01 -5.705474490e+01 -5.705474490e+01 +1.2564e+00 -3.1578e+00 +2.3892e+00 +3.7431e+00 -1.4597e+00
31964 +7.506712595e-02 +7.506712595e-02 -5.713493287e+01 -5.713493287e+01 +1.2382e+00 -3.1865e+00 +2.4163e+00 +3.7419e+00 -1.4545e+00
32269 +4.907279169e-02 +4.907279169e-02 -5.716092721e+01 -5.716092721e+01 +1.1929e+00 -3.1244e+00 +2.3811e+00 +3.7715e+00 -1.4933e+00
32583 +3.212680394e-02 +3.212680394e-02 -5.717787320e+01 -5.717787320e+01 +1.2017e+00 -3.1295e+00 +2.3849e+00 +3.7667e+00 -1.4920e+00
32959 +1.058340608e-02 +1.058340608e-02 -5.719941659e+01 -5.719941659e+01 +1.2454e+00 -3.1873e+00 +2.4516e+00 +3.7188e+00 -1.4518e+00
33239 +5.998389008e-03 +5.998389008e-03 -5.720400161e+01 -5.720400161e+01 +1.2560e+00 -3.1657e+00 +2.4516e+00 +3.7188e+00 -1.4531e+00
33885 +2.848530467e-03 +2.848530467e-03 -5.720715147e+01 -5.720715147e+01 +1.2365e+00 -3.1816e+00 +2.4515e+00 +3.7247e+00 -1.4513e+00
34565 +1.758371661e-03 +1.758371661e-03 -5.720824163e+01 -5.720824163e+01 +1.2406e+00 -3.1802e+00 +2.4546e+00 +3.7218e+00 -1.4513e+00
34913 +1.330166164e-03 +1.330166164e-03 -5.720866983e+01 -5.720866983e+01 +1.2374e+00 -3.1785e+00 +2.4435e+00 +3.7258e+00 -1.4546e+00
35125 +5.897930003e-04 +5.897930003e-04 -5.720941021e+01 -5.720941021e+01 +1.2381e+00 -3.1802e+00 +2.4546e+00 +3.7235e+00 -1.4528e+00
35228 +3.083227859e-04 +3.083227859e-04 -5.720969168e+01 -5.720969168e+01 +1.2431e+00 -3.1835e+00 +2.4533e+00 +3.7180e+00 -1.4512e+00
35898 +1.529391611e-04 +1.529391611e-04 -5.720984706e+01 -5.720984706e+01 +1.2418e+00 -3.1840e+00 +2.4588e+00 +3.7191e+00 -1.4509e+00
36079 +7.091419275e-05 +7.091419275e-05 -5.720992909e+01 -5.720992909e+01 +1.2455e+00 -3.1870e+00 +2.4603e+00 +3.7145e+00 -1.4487e+00
36415 +6.096840301e-05 +6.096840301e-05 -5.720993903e+01 -5.720993903e+01 +1.2436e+00 -3.1860e+00 +2.4630e+00 +3.7165e+00 -1.4476e+00
36525 +3.665921298e-05 +3.665921298e-05 -5.720996334e+01 -5.720996334e+01 +1.2456e+00 -3.1876e+00 +2.4616e+00 +3.7136e+00 -1.4481e+00
37207 +1.558657835e-05 +1.558657835e-05 -5.720998441e+01 -5.720998441e+01 +1.2455e+00 -3.1875e+00 +2.4613e+00 +3.7139e+00 -1.4482e+00
37479 +8.524651840e-06 +8.524651840e-06 -5.720999148e+01 -5.720999148e+01 +1.2455e+00 -3.1874e+00 +2.4610e+00 +3.7141e+00 -1.4482e+00
37901 +5.805414453e-06 +5.805414453e-06 -5.720999419e+01 -5.720999419e+01 +1.2461e+00 -3.1876e+00 +2.4602e+00 +3.7135e+00 -1.4482e+00
38289 +3.290152982e-06 +3.290152982e-06 -5.720999671e+01 -5.720999671e+01 +1.2462e+00 -3.1877e+00 +2.4602e+00 +3.7132e+00 -1.4483e+00
38674 +2.105417074e-06 +2.105417074e-06 -5.720999789e+01 -5.720999789e+01 +1.2456e+00 -3.1874e+00 +2.4609e+00 +3.7139e+00 -1.4481e+00
38862 +9.410498976e-07 +9.410498976e-07 -5.720999906e+01 -5.720999906e+01 +1.2457e+00 -3.1874e+00 +2.4606e+00 +3.7138e+00 -1.4482e+00
39011 +3.581854031e-07 +3.581854031e-07 -5.720999964e+01 -5.720999964e+01 +1.2457e+00 -3.1874e+00 +2.4607e+00 +3.7139e+00 -1.4482e+00
39404 +2.026285486e-07 +2.026285486e-07 -5.720999980e+01 -5.720999980e+01 +1.2457e+00 -3.1874e+00 +2.4607e+00 +3.7138e+00 -1.4482e+00
39983 +1.198504478e-07 +1.198504478e-07 -5.720999988e+01 -5.720999988e+01 +1.2459e+00 -3.1876e+00 +2.4608e+00 +3.7136e+00 -1.4480e+00
40058 +8.641569593e-08 +8.641569593e-08 -5.720999991e+01 -5.720999991e+01 +1.2460e+00 -3.1877e+00 +2.4609e+00 +3.7135e+00 -1.4480e+00
40480 +5.939010350e-08 +5.939010350e-08 -5.720999994e+01 -5.720999994e+01 +1.2459e+00 -3.1876e+00 +2.4608e+00 +3.7136e+00 -1.4481e+00
41112 +2.956181788e-08 +2.956181788e-08 -5.720999997e+01 -5.720999997e+01 +1.2459e+00 -3.1876e+00 +2.4608e+00 +3.7136e+00 -1.4480e+00
41817 +1.543746464e-09 +1.543746464e-09 -5.721000000e+01 -5.721000000e+01 +1.2460e+00 -3.1877e+00 +2.4608e+00 +3.7135e+00 -1.4480e+00
% function evaluation | noise-free fitness - Fopt (-2.778000000000e+01) | best noise-free fitness - Fopt | measured fitness | best measured fitness | x1 | x2...
1 +1.674310610e+02 +1.674310610e+02 +1.396510610e+02 +1.396510610e+02 -1.8866e+00 -6.0994e-01 -9.5067e-02 +3.6949e+00 +4.1469e+00
2 +9.443699039e+01 +9.443699039e+01 +6.665699039e+01 +6.665699039e+01 +4.7795e+00 -3.7441e+00 +4.6026e+00 +3.8675e+00 +4.6386e+00
8 +2.592743985e+01 +2.592743985e+01 -1.852560146e+00 -1.852560146e+00 +3.6136e-01 -6.5900e-01 -1.3121e-01 -3.7851e+00 +2.3493e-01
16 +2.108659864e+01 +2.108659864e+01 -6.693401365e+00 -6.693401365e+00 -1.8447e+00 +4.3330e+00 -1.5107e+00 -2.0293e-02 -3.3759e+00
412 +1.336252861e+01 +1.336252861e+01 -1.441747139e+01 -1.441747139e+01 +5.8593e+00 +3.4575e+00 +1.7500e+00 +4.5632e+00 -4.8994e+00
1011 +7.928438869e+00 +7.928438869e+00 -1.985156113e+01 -1.985156113e+01 -1.9134e+00 -3.9575e+00 +1.3725e+00 +4.0034e+00 +3.4888e+00
1384 +5.482915215e+00 +5.482915215e+00 -2.229708478e+01 -2.229708478e+01 +2.0377e+00 +1.6701e+00 +5.2524e+00 -5.6237e+00 -5.0733e+00
5427 +2.536161284e+00 +2.536161284e+00 -2.524383872e+01 -2.524383872e+01 -3.8949e+00 -3.6944e+00 +5.1639e+00 -4.2710e+00 +4.1144e+00
10597 +2.334482486e+00 +2.334482486e+00 -2.544551751e+01 -2.544551751e+01 +1.7442e+00 -4.6700e+00 +1.7855e+00 +4.6619e+00 +1.7916e+00
27800 +9.485532424e-01 +9.485532424e-01 -2.683144676e+01 -2.683144676e+01 +1.9883e+00 -4.8186e+00 +2.1391e+00 +4.7188e+00 +1.3768e+00
29622 +5.230951496e-01 +5.230951496e-01 -2.725690485e+01 -2.725690485e+01 +1.7359e+00 -4.7311e+00 +2.0039e+00 +4.8432e+00 +1.7175e+00
31542 +2.691940489e-01 +2.691940489e-01 -2.751080595e+01 -2.751080595e+01 +1.7016e+00 -4.7311e+00 +2.0039e+00 +4.8432e+00 +1.7175e+00
34671 +2.403460153e-01 +2.403460153e-01 -2.753965398e+01 -2.753965398e+01 +1.6406e+00 -4.7191e+00 +1.9700e+00 +4.8305e+00 +1.7182e+00
35942 +1.508123552e-01 +1.508123552e-01 -2.762918764e+01 -2.762918764e+01 +1.6348e+00 -4.7270e+00 +1.9700e+00 +4.8419e+00 +1.7757e+00
37698 +9.248093349e-02 +9.248093349e-02 -2.768751907e+01 -2.768751907e+01 +1.6514e+00 -4.7334e+00 +1.9774e+00 +4.8279e+00 +1.7916e+00
% function evaluation | noise-free fitness - Fopt (-4.871000000000e+01) | best noise-free fitness - Fopt | measured fitness | best measured fitness | x1 | x2...
1 +6.526046342e+01 +6.526046342e+01 +1.655046342e+01 +1.655046342e+01 -3.0731e+00 +1.2114e+00 -3.6630e+00 -2.4756e+00 +3.8465e+00
3 +5.072200029e+01 +5.072200029e+01 +2.012000294e+00 +2.012000294e+00 +4.8117e+00 -1.0296e+00 +1.7849e+00 +3.2619e+00 -2.4544e+00
5 +3.019828424e+01 +3.019828424e+01 -1.851171576e+01 -1.851171576e+01 +1.6839e+00 +3.7672e+00 -3.4638e+00 +4.0248e+00 -4.0757e+00
23 +2.040794475e+01 +2.040794475e+01 -2.830205525e+01 -2.830205525e+01 +3.7012e+00 -1.0203e+00 +3.4459e+00 +3.6627e+00 -1.1219e-01
45 +1.408020015e+01 +1.408020015e+01 -3.462979985e+01 -3.462979985e+01 +6.5174e-01 +3.7672e+00 -3.4638e+00 +4.0248e+00 -2.0102e+00
380 +9.447990516e+00 +9.447990516e+00 -3.926200948e+01 -3.926200948e+01 -1.3584e+00 -8.0954e-01 -6.1418e-01 -3.7355e+00 +2.8394e+00
1343 +5.932821056e+00 +5.932821056e+00 -4.277717894e+01 -4.277717894e+01 -2.5722e+00 +5.0254e-02 +3.3026e+00 +1.2994e+00 +3.9691e+00
1667 +2.423223953e+00 +2.423223953e+00 -4.628677605e+01 -4.628677605e+01 +4.0333e+00 +1.1371e+00 -2.1682e+00 +4.4402e+00 +2.6927e+00
14912 +1.376700208e+00 +1.376700208e+00 -4.733329979e+01 -4.733329979e+01 -3.6089e+00 +2.6382e-01 +5.0254e+00 +1.4550e+00 +4.1293e+00
16120 +5.710214801e-01 +5.710214801e-01 -4.813897852e+01 -4.813897852e+01 -3.5095e+00 +1.3633e-03 +4.9172e+00 +1.6125e+00 +4.0378e+00
22604 +1.742366025e-01 +1.742366025e-01 -4.853576340e+01 -4.853576340e+01 -3.4422e+00 -3.1022e-02 +4.9170e+00 +1.6198e+00 +4.0008e+00
27037 +1.291523821e-01 +1.291523821e-01 -4.858084762e+01 -4.858084762e+01 -3.4689e+00 +1.1396e-01 +4.9545e+00 +1.4476e+00 +4.1261e+00
27924 +9.690666891e-02 +9.690666891e-02 -4.861309333e+01 -4.861309333e+01 -3.4422e+00 -4.6199e-02 +4.9170e+00 +1.6324e+00 +3.9663e+00
29027 +6.172284534e-02 +6.172284534e-02 -4.864827715e+01 -4.864827715e+01 -3.4459e+00 -4.4967e-02 +4.9179e+00 +1.6484e+00 +3.9635e+00
29825 +3.697596734e-02 +3.697596734e-02 -4.867302403e+01 -4.867302403e+01 -3.4661e+00 +1.2215e-01 +4.9805e+00 +1.4541e+00 +4.1235e+00
31339 +2.510204610e-02 +2.510204610e-02 -4.868489795e+01 -4.868489795e+01 -3.4665e+00 +1.3302e-01 +4.9823e+00 +1.4348e+00 +4.1404e+00
34139 +1.549868456e-02 +1.549868456e-02 -4.869450132e+01 -4.869450132e+01 -3.4665e+00 +1.2755e-01 +4.9781e+00 +1.4380e+00 +4.1362e+00
% function evaluation | noise-free fitness - Fopt (-1.667900000000e+02) | best noise-free fitness - Fopt | measured fitness | best measured fitness | x1 | x2...
1 +1.549882327e+02 +1.549882327e+02 -1.180176727e+01 -1.180176727e+01 -2.4400e+00 -7.4287e-01 -7.7389e-01 -2.3725e+00 +4.4179e+00
2 +5.163962371e+01 +5.163962371e+01 -1.151503763e+02 -1.151503763e+02 +1.7481e+00 +2.6327e-01 -6.9140e-01 +2.8824e+00 -3.9379e+00
3 +3.445764271e+01 +3.445764271e+01 -1.323323573e+02 -1.323323573e+02 +1.1641e+00 -1.3400e-01 -1.3966e+00 +1.8156e+00 +3.4415e+00
42 +1.577835364e+01 +1.577835364e+01 -1.510116464e+02 -1.510116464e+02 +1.7481e+00 +2.6327e-01 +4.6964e-01 +2.8824e+00 -4.1793e+00
396 +4.772180173e+00 +4.772180173e+00 -1.620178198e+02 -1.620178198e+02 +4.5812e+00 +5.4489e-01 -4.0237e+00 +3.9841e-01 +1.8772e+00
5361 +3.515660764e+00 +3.515660764e+00 -1.632743392e+02 -1.632743392e+02 +4.1798e+00 +6.5265e-01 -4.6593e+00 -2.3227e+00 -1.5445e+00
8554 +2.300517042e+00 +2.300517042e+00 -1.644894830e+02 -1.644894830e+02 -9.9812e-01 -5.8053e-01 +3.8418e+00 -4.7553e+00 -2.3882e+00
23355 +8.992320123e-01 +8.992320123e-01 -1.658907680e+02 -1.658907680e+02 +1.0463e+00 -7.3392e-02 -2.6297e-01 -3.5285e+00 -1.6641e+00
45480 +5.030073762e-01 +5.030073762e-01 -1.662869926e+02 -1.662869926e+02 -1.6020e+00 -6.6689e-01 -2.4994e+00 -3.2087e+00 +4.5262e+00
% function evaluation | noise-free fitness - Fopt (1.000000000000e+03) | best noise-free fitness - Fopt | measured fitness | best measured fitness | x1 | x2...
1 +5.333301060e+01 +5.333301060e+01 +1.053333011e+03 +1.053333011e+03 -3.1986e+00 -5.9903e-01 -2.2055e+00 -4.7853e-01 -7.2275e-01
2 +2.665306168e+01 +2.665306168e+01 +1.026653062e+03 +1.026653062e+03 +1.3523e+00 +3.8239e+00 -1.0342e+00 -4.8055e+00 -4.6000e+00
23 +2.132473956e+01 +2.132473956e+01 +1.021324740e+03 +1.021324740e+03 -1.9061e+00 -1.9354e+00 -1.6880e+00 -1.4771e+00 +2.4040e+00
36 +1.118858135e+01 +1.118858135e+01 +1.011188581e+03 +1.011188581e+03 -4.7472e+00 +3.9479e+00 +3.4545e+00 -3.8803e+00 -4.9175e+00
219 +6.405638311e+00 +6.405638311e+00 +1.006405638e+03 +1.006405638e+03 +3.1359e+00 -5.4274e+00 +2.5942e-01 -1.0848e+00 -3.6638e+00
376 +6.263250066e+00 +6.263250066e+00 +1.006263250e+03 +1.006263250e+03 -4.5442e+00 +1.7066e+00 +1.7295e+00 +1.0976e+00 +2.5841e+00
2692 +3.606358742e+00 +3.606358742e+00 +1.003606359e+03 +1.003606359e+03 +3.1369e+00 -5.4916e+00 +7.1466e-02 -5.4930e-01 -3.0602e+00
16492 +1.590639461e+00 +1.590639461e+00 +1.001590639e+03 +1.001590639e+03 +3.1369e+00 -5.4916e+00 +1.9253e-01 -5.4930e-01 -2.9802e+00
23953 +1.349398872e+00 +1.349398872e+00 +1.001349399e+03 +1.001349399e+03 -3.6652e+00 -1.2740e+00 +3.2795e+00 -3.6272e+00 +3.8302e+00
24034 +3.733897062e-01 +3.733897062e-01 +1.000373390e+03 +1.000373390e+03 -3.6513e+00 -1.2564e+00 +3.2787e+00 -3.7535e+00 +3.8252e+00
29594 +1.143079232e-01 +1.143079232e-01 +1.000114308e+03 +1.000114308e+03 -3.6513e+00 -1.2564e+00 +3.2560e+00 -3.7535e+00 +3.8252e+00
33253 +6.772559807e-02 +6.772559807e-02 +1.000067726e+03 +1.000067726e+03 -3.6506e+00 -1.2759e+00 +3.2515e+00 -3.7394e+00 +3.8410e+00
33443 +6.114734853e-02 +6.114734853e-02 +1.000061147e+03 +1.000061147e+03 -3.6574e+00 -1.2724e+00 +3.2509e+00 -3.7331e+00 +3.8610e+00
34463 +3.145104901e-02 +3.145104901e-02 +1.000031451e+03 +1.000031451e+03 -3.6484e+00 -1.2629e+00 +3.2545e+00 -3.7222e+00 +3.8506e+00
35193 +2.227212055e-02 +2.227212055e-02 +1.000022272e+03 +1.000022272e+03 -3.6492e+00 -1.2538e+00 +3.2545e+00 -3.7208e+00 +3.8483e+00
36801 +1.567116649e-02 +1.567116649e-02 +1.000015671e+03 +1.000015671e+03 -3.6509e+00 -1.2538e+00 +3.2555e+00 -3.7202e+00 +3.8483e+00
% function evaluation | noise-free fitness - Fopt (-1.847000000000e+01) | best noise-free fitness - Fopt | measured fitness | best measured fitness | x1 | x2...
1 +1.953521094e+02 +1.953521094e+02 +1.768821094e+02 +1.768821094e+02 -5.9804e-01 +3.2438e+00 +4.5003e+00 +3.4762e-01 +1.4744e+00
2 +9.337704382e+01 +9.337704382e+01 +7.490704382e+01 +7.490704382e+01 -3.7768e+00 -2.1487e+00 -3.1936e-01 -8.4460e-02 +5.4235e-01
4 +5.510705915e+01 +5.510705915e+01 +3.663705915e+01 +3.663705915e+01 +3.6431e+00 -3.7021e+00 -6.4784e-01 +2.9158e+00 +2.5507e+00
16 +2.322147459e+01 +2.322147459e+01 +4.751474595e+00 +4.751474595e+00 -4.5585e+00 -2.6890e+00 +3.0591e-01 -4.3635e+00 +4.9412e+00
329 +1.300487217e+01 +1.300487217e+01 -5.465127832e+00 -5.465127832e+00 -5.0792e+00 -4.2079e+00 -5.4899e+00 -6.7210e-01 +3.6124e+00
352 +9.065887653e+00 +9.065887653e+00 -9.404112347e+00 -9.404112347e+00 +2.5173e+00 -8.2084e-01 +2.5369e+00 -3.6186e+00 -9.0172e-01
709 +5.644665958e+00 +5.644665958e+00 -1.282533404e+01 -1.282533404e+01 +3.6583e+00 -2.8484e+00 -4.7984e+00 -4.6771e+00 +4.8511e+00
1728 +1.748777287e+00 +1.748777287e+00 -1.672122271e+01 -1.672122271e+01 +3.0612e+00 -1.1195e+00 +3.5751e+00 -2.2811e+00 -1.3204e+00
5086 +9.757227577e-01 +9.757227577e-01 -1.749427724e+01 -1.749427724e+01 -3.5475e+00 -5.0228e+00 +4.0374e-01 -1.0874e+00 +1.8974e-01
12608 +5.941986013e-01 +5.941986013e-01 -1.787580140e+01 -1.787580140e+01 +3.0612e+00 -1.1195e+00 +3.5357e+00 -2.2811e+00 -1.3204e+00
25909 +2.562266356e-01 +2.562266356e-01 -1.821377336e+01 -1.821377336e+01 -2.5222e+00 -2.7457e+00 -4.6213e+00 -1.7410e+00 +4.3465e+00
30191 +2.129719311e-01 +2.129719311e-01 -1.825702807e+01 -1.825702807e+01 +2.5227e+00 -2.8725e+00 +3.0553e+00 +4.0939e-01 +7.3146e-01
39697 +1.294698110e-01 +1.294698110e-01 -1.834053019e+01 -1.834053019e+01 -2.5329e+00 -2.7469e+00 -4.6224e+00 -1.7730e+00 +4.3944e+00
40759 +5.018319495e-02 +5.018319495e-02 -1.841981681e+01 -1.841981681e+01 -2.5246e+00 -2.7294e+00 -4.7054e+00 -1.8897e+00 +4.3680e+00
43061 +3.871821211e-02 +3.871821211e-02 -1.843128179e+01 -1.843128179e+01 -2.5230e+00 -2.7309e+00 -4.7034e+00 -1.8867e+00 +4.3714e+00
43380 +2.402526811e-02 +2.402526811e-02 -1.844597473e+01 -1.844597473e+01 -2.5188e+00 -2.7683e+00 -4.6167e+00 -1.7828e+00 +4.3774e+00
48423 +1.488689200e-02 +1.488689200e-02 -1.845511311e+01 -1.845511311e+01 -2.5193e+00 -2.7701e+00 -4.6180e+00 -1.8005e+00 +4.3747e+00
% function evaluation | noise-free fitness - Fopt (-5.971000000000e+01) | best noise-free fitness - Fopt | measured fitness | best measured fitness | x1 | x2...
1 +2.101780457e+01 +2.101780457e+01 -3.869219543e+01 -3.869219543e+01 -2.7818e+00 +1.4763e+00 +1.3537e+00 +3.9125e+00 -1.0846e+00
2 +7.602855094e+00 +7.602855094e+00 -5.210714491e+01 -5.210714491e+01 +3.1094e-01 +4.5422e+00 +1.3128e+00 +4.2863e+00 +9.8912e-01
1727 +4.382454600e+00 +4.382454600e+00 -5.532754540e+01 -5.532754540e+01 -1.1401e+00 +5.1103e+00 +1.6139e+00 +4.8516e+00 +7.8557e-01
4188 +3.534484362e+00 +3.534484362e+00 -5.617551564e+01 -5.617551564e+01 +3.4520e+00 -2.9150e+00 +2.2001e+00 +2.8224e+00 +5.7426e-01
6355 +1.182741594e+00 +1.182741594e+00 -5.852725841e+01 -5.852725841e+01 +3.2223e+00 -2.7581e+00 +2.2181e+00 +2.8271e+00 +5.2016e-01
20329 +7.746817005e-01 +7.746817005e-01 -5.893531830e+01 -5.893531830e+01 +1.1298e-01 +2.0977e-02 +8.8490e-01 -2.1982e+00 -3.3650e+00
25317 +4.146197836e-01 +4.146197836e-01 -5.929538022e+01 -5.929538022e+01 +3.2003e+00 -2.7669e+00 +2.1795e+00 +2.7589e+00 +4.0217e-01
28905 +3.850668963e-01 +3.850668963e-01 -5.932493310e+01 -5.932493310e+01 +3.1494e+00 -2.7153e+00 +2.1799e+00 +2.7260e+00 +4.3170e-01
31267 +2.182108607e-01 +2.182108607e-01 -5.949178914e+01 -5.949178914e+01 +3.1472e+00 -2.6996e+00 +2.1756e+00 +2.6865e+00 +4.0868e-01
32035 +1.377839326e-01 +1.377839326e-01 -5.957221607e+01 -5.957221607e+01 +3.0710e+00 -2.6319e+00 +2.1769e+00 +2.6858e+00 +4.0646e-01
33259 +9.943959676e-02 +9.943959676e-02 -5.961056040e+01 -5.961056040e+01 +3.0595e+00 -2.6239e+00 +2.1710e+00 +2.6897e+00 +4.1026e-01
34350 +6.234959813e-02 +6.234959813e-02 -5.964765040e+01 -5.964765040e+01 +3.0562e+00 -2.6232e+00 +2.1727e+00 +2.6951e+00 +4.1311e-01
37769 +3.942686950e-02 +3.942686950e-02 -5.967057313e+01 -5.967057313e+01 +3.0420e+00 -2.6108e+00 +2.1696e+00 +2.6988e+00 +4.1464e-01
% function evaluation | noise-free fitness - Fopt (-9.684000000000e+01) | best noise-free fitness - Fopt | measured fitness | best measured fitness | x1 | x2...
1 +2.691358667e+01 +2.691358667e+01 -6.992641333e+01 -6.992641333e+01 +2.9306e+00 +1.9676e+00 +4.4098e+00 -7.5146e-01 -9.7715e-01
41 +2.410688997e+01 +2.410688997e+01 -7.273311003e+01 -7.273311003e+01 +1.5848e+00 +3.5374e+00 +4.4098e+00 +1.6058e+00 +5.7897e-01
312 +1.442719062e+01 +1.442719062e+01 -8.241280938e+01 -8.241280938e+01 +5.2642e+00 -3.1884e+00 +7.1269e-01 -6.4664e-01 -2.3235e+00
593 +9.426094968e+00 +9.426094968e+00 -8.741390503e+01 -8.741390503e+01 -4.4064e+00 +1.8896e+00 +1.9810e+00 -3.8670e+00 -1.6011e+00
769 +1.773712965e+00 +1.773712965e+00 -9.506628704e+01 -9.506628704e+01 -3.1060e-01 -4.8568e+00 -4.9250e+00 -1.4664e+00 -1.3783e+00
23594 +1.363130159e+00 +1.363130159e+00 -9.547686984e+01 -9.547686984e+01 -4.7539e+00 +2.0333e+00 -7.8225e-01 +6.1677e-01 +1.0967e+00
41985 +5.983635335e-01 +5.983635335e-01 -9.624163647e+01 -9.624163647e+01 -4.8208e+00 +1.9195e+00 -6.7023e-01 +8.3326e-01 +1.2582e+00
% function evaluation | noise-free fitness - Fopt (3.207000000000e+01) | best noise-free fitness - Fopt | measured fitness | best measured fitness | x1 | x2...
1 +5.544299846e+01 +5.544299846e+01 +8.751299846e+01 +8.751299846e+01 -4.4657e+00 +1.0652e+00 -4.4326e+00 -4.2303e-02 +1.3998e+00
4 +3.962300944e+01 +3.962300944e+01 +7.169300944e+01 +7.169300944e+01 +2.4433e+00 -1.3459e+00 +2.3779e+00 -1.3240e+00 -4.9563e+00
22 +1.283766149e+01 +1.283766149e+01 +4.490766149e+01 +4.490766149e+01 -3.5659e+00 +2.0899e-01 +9.2532e-01 +5.8092e-01 -2.3924e+00
758 +6.758967917e+00 +6.758967917e+00 +3.882896792e+01 +3.882896792e+01 +2.3794e+00 -4.3269e+00 +1.1823e+00 -3.5799e+00 -2.4954e+00
948 +3.156157647e+00 +3.156157647e+00 +3.522615765e+01 +3.522615765e+01 -7.8396e-01 -2.8769e+00 +5.4493e+00 -6.1913e-01 +2.2688e+00
3282 +1.657427601e+00 +1.657427601e+00 +3.372742760e+01 +3.372742760e+01 +3.2714e+00 -4.8284e+00 -4.9530e+00 -1.5379e+00 -2.4535e+00
17111 +6.678205155e-01 +6.678205155e-01 +3.273782052e+01 +3.273782052e+01 -1.4030e+00 -3.2449e-01 +4.4285e+00 -5.7681e-01 -2.3717e+00
22505 +4.997658220e-01 +4.997658220e-01 +3.256976582e+01 +3.256976582e+01 -1.4727e+00 -2.7599e-01 +4.5633e+00 -2.3802e-01 -2.5411e+00
24998 +2.297082434e-01 +2.297082434e-01 +3.229970824e+01 +3.229970824e+01 -1.5323e+00 -4.7801e-01 +4.4045e+00 -4.4452e-01 -2.4458e+00
25145 +1.179206297e-01 +1.179206297e-01 +3.218792063e+01 +3.218792063e+01 -1.4727e+00 -4.7972e-01 +4.4022e+00 -4.4572e-01 -2.4428e+00
25575 +8.620956189e-02 +8.620956189e-02 +3.215620956e+01 +3.215620956e+01 -1.4556e+00 -4.2641e-01 +4.4380e+00 -3.9452e-01 -2.4771e+00
25820 +4.897366457e-02 +4.897366457e-02 +3.211897366e+01 +3.211897366e+01 -1.4670e+00 -4.2639e-01 +4.4411e+00 -3.8139e-01 -2.4840e+00
26543 +3.565356896e-02 +3.565356896e-02 +3.210565357e+01 +3.210565357e+01 -1.4444e+00 -3.5648e-01 +4.4696e+00 -3.4757e-01 -2.5007e+00
26893 +6.000010462e-03 +6.000010462e-03 +3.207600001e+01 +3.207600001e+01 -1.4330e+00 -3.9073e-01 +4.4353e+00 -4.1591e-01 -2.4875e+00
27166 +1.505286358e-03 +1.505286358e-03 +3.207150529e+01 +3.207150529e+01 -1.4382e+00 -4.1040e-01 +4.4253e+00 -4.1979e-01 -2.4811e+00
27855 +7.306523621e-04 +7.306523621e-04 +3.207073065e+01 +3.207073065e+01 -1.4417e+00 -4.0337e-01 +4.4314e+00 -4.1066e-01 -2.4866e+00
28363 +4.110131181e-04 +4.110131181e-04 +3.207041101e+01 +3.207041101e+01 -1.4428e+00 -4.0703e-01 +4.4296e+00 -4.1250e-01 -2.4857e+00
28523 +2.648492460e-04 +2.648492460e-04 +3.207026485e+01 +3.207026485e+01 -1.4425e+00 -4.0419e-01 +4.4299e+00 -4.1579e-01 -2.4846e+00
28736 +2.018642131e-04 +2.018642131e-04 +3.207020186e+01 +3.207020186e+01 -1.4415e+00 -4.0869e-01 +4.4256e+00 -4.1970e-01 -2.4832e+00
28859 +1.578878783e-04 +1.578878783e-04 +3.207015789e+01 +3.207015789e+01 -1.4423e+00 -4.0371e-01 +4.4299e+00 -4.1572e-01 -2.4848e+00
29078 +9.803640805e-05 +9.803640805e-05 +3.207009804e+01 +3.207009804e+01 -1.4425e+00 -4.0646e-01 +4.4284e+00 -4.1639e-01 -2.4842e+00
29500 +5.836266959e-05 +5.836266959e-05 +3.207005836e+01 +3.207005836e+01 -1.4415e+00 -4.0637e-01 +4.4270e+00 -4.1784e-01 -2.4842e+00
29580 +2.041128993e-05 +2.041128993e-05 +3.207002041e+01 +3.207002041e+01 -1.4415e+00 -4.0637e-01 +4.4270e+00 -4.1808e-01 -2.4843e+00
30047 +1.523457166e-05 +1.523457166e-05 +3.207001523e+01 +3.207001523e+01 -1.4417e+00 -4.0704e-01 +4.4268e+00 -4.1870e-01 -2.4838e+00
30116 +9.788419220e-06 +9.788419220e-06 +3.207000979e+01 +3.207000979e+01 -1.4414e+00 -4.0606e-01 +4.4271e+00 -4.1862e-01 -2.4838e+00
30528 +4.621635739e-06 +4.621635739e-06 +3.207000462e+01 +3.207000462e+01 -1.4415e+00 -4.0641e-01 +4.4268e+00 -4.1877e-01 -2.4841e+00
30958 +1.977778574e-06 +1.977778574e-06 +3.207000198e+01 +3.207000198e+01 -1.4412e+00 -4.0653e-01 +4.4267e+00 -4.1882e-01 -2.4839e+00
31126 +1.464620304e-06 +1.464620304e-06 +3.207000146e+01 +3.207000146e+01 -1.4412e+00 -4.0649e-01 +4.4268e+00 -4.1890e-01 -2.4838e+00
31219 +7.279657623e-07 +7.279657623e-07 +3.207000073e+01 +3.207000073e+01 -1.4412e+00 -4.0650e-01 +4.4268e+00 -4.1894e-01 -2.4837e+00
31666 +3.297902254e-07 +3.297902254e-07 +3.207000033e+01 +3.207000033e+01 -1.4411e+00 -4.0622e-01 +4.4269e+00 -4.1891e-01 -2.4838e+00
32141 +1.978503761e-07 +1.978503761e-07 +3.207000020e+01 +3.207000020e+01 -1.4411e+00 -4.0646e-01 +4.4267e+00 -4.1902e-01 -2.4837e+00
32459 +6.217258175e-08 +6.217258175e-08 +3.207000006e+01 +3.207000006e+01 -1.4411e+00 -4.0646e-01 +4.4267e+00 -4.1901e-01 -2.4838e+00
32949 +3.398928072e-08 +3.398928072e-08 +3.207000003e+01 +3.207000003e+01 -1.4411e+00 -4.0637e-01 +4.4268e+00 -4.1893e-01 -2.4838e+00
33309 +9.936911738e-09 +9.936911738e-09 +3.207000001e+01 +3.207000001e+01 -1.4411e+00 -4.0636e-01 +4.4268e+00 -4.1895e-01 -2.4838e+00
% function evaluation | noise-free fitness - Fopt (2.624000000000e+01) | best noise-free fitness - Fopt | measured fitness | best measured fitness | x1 | x2...
1 +8.510170644e+01 +8.510170644e+01 +1.113417064e+02 +1.113417064e+02 -1.9353e+00 -3.6670e+00 -1.9478e+00 -3.6084e+00 +6.4103e-03
4 +1.903625506e+01 +1.903625506e+01 +4.527625506e+01 +4.527625506e+01 +4.8494e+00 -4.1702e+00 +8.0241e-01 -3.1152e+00 +1.2115e-01
9 +1.531473522e+01 +1.531473522e+01 +4.155473522e+01 +4.155473522e+01 +3.0893e-01 +3.5897e+00 -1.0852e+00 +4.7178e+00 +2.3786e+00
899 +7.886064562e+00 +7.886064562e+00 +3.412606456e+01 +3.412606456e+01 -1.7518e-01 +3.2366e-01 +2.5869e+00 -4.8742e+00 +9.0396e-01
1139 +2.934486520e+00 +2.934486520e+00 +2.917448652e+01 +2.917448652e+01 -1.7518e-01 +3.2366e-01 +2.5869e+00 -4.8742e+00 +1.2111e+00
4596 +2.048966399e+00 +2.048966399e+00 +2.828896640e+01 +2.828896640e+01 -5.4945e-01 -4.6764e+00 +2.2279e+00 -4.8189e+00 -2.9345e+00
11991 +1.407090003e+00 +1.407090003e+00 +2.764709000e+01 +2.764709000e+01 -7.5620e-03 +6.0005e-01 -5.7685e-01 +3.5390e+00 +1.1676e+00
15133 +9.207393765e-01 +9.207393765e-01 +2.716073938e+01 +2.716073938e+01 +7.3511e-02 +4.9603e-01 -6.0360e-01 +3.5064e+00 +1.1982e+00
16359 +6.298752973e-01 +6.298752973e-01 +2.686987530e+01 +2.686987530e+01 -1.6605e+00 +1.7666e+00 +3.7642e-01 -5.3140e+00 +1.2460e+00
18485 +3.176266806e-01 +3.176266806e-01 +2.655762668e+01 +2.655762668e+01 -8.3161e-02 +5.5649e-01 -3.0865e-01 +3.4899e+00 +1.0047e+00
19358 +2.101250996e-01 +2.101250996e-01 +2.645012510e+01 +2.645012510e+01 -1.0124e-01 +5.7862e-01 -2.4416e-01 +3.4882e+00 +9.4822e-01
20864 +1.169657273e-01 +1.169657273e-01 +2.635696573e+01 +2.635696573e+01 -1.0691e-01 +5.7598e-01 -2.8976e-01 +3.4779e+00 +9.9091e-01
21151 +7.426919549e-02 +7.426919549e-02 +2.631426920e+01 +2.631426920e+01 -1.1953e-01 +5.9476e-01 -2.7099e-01 +3.4841e+00 +9.5101e-01
21871 +4.007112002e-02 +4.007112002e-02 +2.628007112e+01 +2.628007112e+01 -1.0917e-01 +6.0304e-01 -2.8559e-01 +3.4801e+00 +9.5101e-01
22419 +3.426241693e-02 +3.426241693e-02 +2.627426242e+01 +2.627426242e+01 -1.0597e-01 +6.0546e-01 -3.0729e-01 +3.4800e+00 +9.7468e-01
22639 +2.039036858e-02 +2.039036858e-02 +2.626039037e+01 +2.626039037e+01 -1.1308e-01 +6.0463e-01 -2.7463e-01 +3.4812e+00 +9.4210e-01
22873 +5.351216769e-03 +5.351216769e-03 +2.624535122e+01 +2.624535122e+01 -9.5796e-02 +6.1364e-01 -2.9072e-01 +3.4829e+00 +9.4768e-01
24041 +3.949338094e-03 +3.949338094e-03 +2.624394934e+01 +2.624394934e+01 -1.0388e-01 +6.2317e-01 -2.8954e-01 +3.4854e+00 +9.3982e-01
24139 +2.123506490e-03 +2.123506490e-03 +2.624212351e+01 +2.624212351e+01 -1.0333e-01 +6.2853e-01 -2.9322e-01 +3.4868e+00 +9.3974e-01
24448 +8.564530993e-04 +8.564530993e-04 +2.624085645e+01 +2.624085645e+01 -1.0265e-01 +6.2736e-01 -2.9497e-01 +3.4848e+00 +9.4265e-01
24638 +5.387309081e-04 +5.387309081e-04 +2.624053873e+01 +2.624053873e+01 -1.0370e-01 +6.2964e-01 -2.9278e-01 +3.4860e+00 +9.4139e-01
24649 +3.512519569e-04 +3.512519569e-04 +2.624035125e+01 +2.624035125e+01 -1.0437e-01 +6.2961e-01 -2.9092e-01 +3.4865e+00 +9.4033e-01
24885 +1.931812737e-04 +1.931812737e-04 +2.624019318e+01 +2.624019318e+01 -1.0345e-01 +6.3016e-01 -2.9164e-01 +3.4863e+00 +9.4007e-01
25539 +1.342015672e-04 +1.342015672e-04 +2.624013420e+01 +2.624013420e+01 -1.0515e-01 +6.3331e-01 -2.9187e-01 +3.4872e+00 +9.3855e-01
25754 +8.512310558e-05 +8.512310558e-05 +2.624008512e+01 +2.624008512e+01 -1.0368e-01 +6.3078e-01 -2.9183e-01 +3.4867e+00 +9.4008e-01
26400 +5.986700268e-05 +5.986700268e-05 +2.624005987e+01 +2.624005987e+01 -1.0634e-01 +6.3426e-01 -2.9174e-01 +3.4874e+00 +9.3856e-01
26722 +1.905946338e-05 +1.905946338e-05 +2.624001906e+01 +2.624001906e+01 -1.0639e-01 +6.3469e-01 -2.9345e-01 +3.4873e+00 +9.3895e-01
27472 +1.409236834e-05 +1.409236834e-05 +2.624001409e+01 +2.624001409e+01 -1.0682e-01 +6.3537e-01 -2.9252e-01 +3.4877e+00 +9.3840e-01
27687 +7.157516301e-06 +7.157516301e-06 +2.624000716e+01 +2.624000716e+01 -1.0679e-01 +6.3554e-01 -2.9263e-01 +3.4877e+00 +9.3841e-01
27832 +5.871564138e-06 +5.871564138e-06 +2.624000587e+01 +2.624000587e+01 -1.0690e-01 +6.3567e-01 -2.9252e-01 +3.4878e+00 +9.3840e-01
28115 +3.891768028e-06 +3.891768028e-06 +2.624000389e+01 +2.624000389e+01 -1.0662e-01 +6.3542e-01 -2.9254e-01 +3.4878e+00 +9.3837e-01
28163 +2.250646197e-06 +2.250646197e-06 +2.624000225e+01 +2.624000225e+01 -1.0704e-01 +6.3583e-01 -2.9241e-01 +3.4879e+00 +9.3825e-01
28483 +1.316815773e-06 +1.316815773e-06 +2.624000132e+01 +2.624000132e+01 -1.0696e-01 +6.3583e-01 -2.9247e-01 +3.4879e+00 +9.3825e-01
28606 +6.514626989e-07 +6.514626989e-07 +2.624000065e+01 +2.624000065e+01 -1.0698e-01 +6.3592e-01 -2.9251e-01 +3.4880e+00 +9.3825e-01
29161 +5.561100309e-07 +5.561100309e-07 +2.624000056e+01 +2.624000056e+01 -1.0698e-01 +6.3594e-01 -2.9252e-01 +3.4880e+00 +9.3823e-01
29327 +1.525818014e-07 +1.525818014e-07 +2.624000015e+01 +2.624000015e+01 -1.0697e-01 +6.3601e-01 -2.9253e-01 +3.4880e+00 +9.3821e-01
29586 +6.955073673e-08 +6.955073673e-08 +2.624000007e+01 +2.624000007e+01 -1.0695e-01 +6.3600e-01 -2.9254e-01 +3.4880e+00 +9.3821e-01
29970 +4.577729129e-08 +4.577729129e-08 +2.624000005e+01 +2.624000005e+01 -1.0698e-01 +6.3602e-01 -2.9253e-01 +3.4880e+00 +9.3818e-01
29995 +3.894492551e-08 +3.894492551e-08 +2.624000004e+01 +2.624000004e+01 -1.0696e-01 +6.3601e-01 -2.9254e-01 +3.4880e+00 +9.3818e-01
30388 +1.958753160e-08 +1.958753160e-08 +2.624000002e+01 +2.624000002e+01 -1.0692e-01 +6.3601e-01 -2.9257e-01 +3.4880e+00 +9.3820e-01
30434 +1.071875388e-08 +1.071875388e-08 +2.624000001e+01 +2.624000001e+01 -1.0696e-01 +6.3603e-01 -2.9254e-01 +3.4880e+00 +9.3817e-01
30595 +5.764903221e-09 +5.764903221e-09 +2.624000001e+01 +2.624000001e+01 -1.0696e-01 +6.3603e-01 -2.9254e-01 +3.4880e+00 +9.3817e-01
% function evaluation | noise-free fitness - Fopt (-1.610000000000e+01) | best noise-free fitness - Fopt | measured fitness | best measured fitness | x1 | x2...
1 +3.987731379e+01 +3.987731379e+01 +2.377731379e+01 +2.377731379e+01 -1.8872e+00 -1.9908e+00 +4.3634e+00 -2.2008e+00 -2.8812e+00
9 +3.339602875e+01 +3.339602875e+01 +1.729602875e+01 +1.729602875e+01 -3.9355e+00 +7.4877e-03 +8.5415e-01 +2.0797e+00 -3.3734e-01
10 +2.348383087e+01 +2.348383087e+01 +7.383830873e+00 +7.383830873e+00 +9.1370e-01 +3.3101e+00 +1.3495e+00 -4.7322e+00 +2.6488e+00
176 +1.067944770e+01 +1.067944770e+01 -5.420552303e+00 -5.420552303e+00 +1.4537e+00 +3.8928e+00 +1.5458e+00 -1.8859e+00 +3.8336e+00
177 +7.973718945e+00 +7.973718945e+00 -8.126281055e+00 -8.126281055e+00 -2.7411e+00 +4.7982e+00 -4.3762e+00 -3.3794e-01 +2.0236e+00
2127 +3.943177023e-01 +3.943177023e-01 -1.570568230e+01 -1.570568230e+01 +1.3155e+00 +4.2023e+00 +4.9930e+00 -1.5296e+00 +2.2769e+00
