% function evaluation | noise-free fitness - Fopt (-5.235000000000e+01) | best noise-free fitness - Fopt | measured fitness | best measured fitness | x1 | x2...
1 +1.485364701e+03 +1.485364701e+03 +1.433014701e+03 +1.433014701e+03 +3.1472e+00 +4.0579e+00 -3.7301e+00 +4.1338e+00 +1.3236e+00
2 +1.387823847e+02 +1.387823847e+02 +8.643238468e+01 +8.643238468e+01 -4.0246e+00 -2.2150e+00 +4.6882e-01 +4.5751e+00 +4.6489e+00
3 +2.734365598e+01 +2.734365598e+01 -2.500634402e+01 -2.500634402e+01 -3.4239e+00 +4.7059e+00 +4.5717e+00 -1.4624e-01 +3.0028e+00
7 +1.744796603e+01 +1.744796603e+01 -3.490203397e+01 -3.490203397e+01 +2.0605e+00 -4.6817e+00 -2.2308e+00 -4.5383e+00 -4.0287e+00
11 +1.022446757e+01 +1.022446757e+01 -4.212553243e+01 -4.212553243e+01 -2.2397e+00 +1.7970e+00 +1.5510e+00 -3.3739e+00 -3.8100e+00
37 +7.547992757e+00 +7.547992757e+00 -4.480200724e+01 -4.480200724e+01 +4.7009e-01 -2.0368e+00 +2.4469e+00 -3.1104e+00 +1.8678e+00
51 +4.629004352e+00 +4.629004352e+00 -4.772099565e+01 -4.772099565e+01 -1.2397e+00 +7.9703e-01 +2.1543e+00 -3.6908e+00 -2.8100e+00
87 +3.720036751e+00 +3.720036751e+00 -4.862996325e+01 -4.862996325e+01 +6.0461e-02 -2.6817e+00 -2.3077e-01 -2.7219e+00 -2.0287e+00
91 +2.337554774e+00 +2.337554774e+00 -5.001244523e+01 -5.001244523e+01 -3.4381e-01 -9.8908e-02 +2.6949e+00 -3.9747e+00 -1.9141e+00
112 +1.464146989e+00 +1.464146989e+00 -5.088585301e+01 -5.088585301e+01 +9.9331e-02 -1.6916e+00 +2.0005e+00 -1.5037e+00 -2.3865e+00
166 +5.175177970e-01 +5.175177970e-01 -5.183248220e+01 -5.183248220e+01 -1.2787e+00 -1.5687e+00 +2.7727e+00 -2.3548e+00 -2.3330e+00
228 +2.040733326e-01 +2.040733326e-01 -5.214592667e+01 -5.214592667e+01 -6.3931e-01 -1.2806e+00 +2.8608e+00 -2.4356e+00 -2.0457e+00
339 +1.283989189e-01 +1.283989189e-01 -5.222160108e+01 -5.222160108e+01 -7.7965e-01 -1.2775e+00 +2.5916e+00 -2.1663e+00 -1.9432e+00
545 +9.813574268e-02 +9.813574268e-02 -5.225186426e+01 -5.225186426e+01 -7.5124e-01 -1.2056e+00 +2.6161e+00 -2.1153e+00 -1.8532e+00
750 +6.044142452e-02 +6.044142452e-02 -5.228955858e+01 -5.228955858e+01 -7.1551e-01 -1.1300e+00 +2.5601e+00 -2.1729e+00 -1.7575e+00
849 +3.540718467e-02 +3.540718467e-02 -5.231459282e+01 -5.231459282e+01 -9.8254e-01 -1.3204e+00 +2.6486e+00 -2.4803e+00 -1.7294e+00
1046 +9.599934634e-03 +9.599934634e-03 -5.234040007e+01 -5.234040007e+01 -9.1708e-01 -1.3050e+00 +2.6122e+00 -2.4407e+00 -1.5956e+00
1233 +2.983166886e-03 +2.983166886e-03 -5.234701683e+01 -5.234701683e+01 -8.9959e-01 -1.2801e+00 +2.5985e+00 -2.3834e+00 -1.5961e+00
1332 +1.668525155e-03 +1.668525155e-03 -5.234833147e+01 -5.234833147e+01 -9.0277e-01 -1.2786e+00 +2.5902e+00 -2.4132e+00 -1.5871e+00
1413 +1.574506911e-03 +1.574506911e-03 -5.234842549e+01 -5.234842549e+01 -9.0204e-01 -1.2782e+00 +2.5903e+00 -2.4124e+00 -1.5857e+00
1684 +8.178690081e-04 +8.178690081e-04 -5.234918213e+01 -5.234918213e+01 -9.0329e-01 -1.2790e+00 +2.5899e+00 -2.4092e+00 -1.5637e+00
1869 +5.499598800e-04 +5.499598800e-04 -5.234945004e+01 -5.234945004e+01 -9.1051e-01 -1.2765e+00 +2.5679e+00 -2.4139e+00 -1.5366e+00
2166 +3.789301937e-04 +3.789301937e-04 -5.234962107e+01 -5.234962107e+01 -9.0754e-01 -1.2727e+00 +2.5614e+00 -2.4097e+00 -1.5263e+00
2526 +2.321473179e-04 +2.321473179e-04 -5.234976785e+01 -5.234976785e+01 -9.0133e-01 -1.2697e+00 +2.5633e+00 -2.4021e+00 -1.5336e+00
2576 +1.365151584e-04 +1.365151584e-04 -5.234986348e+01 -5.234986348e+01 -8.9608e-01 -1.2657e+00 +2.5607e+00 -2.3955e+00 -1.5319e+00
2710 +9.501004102e-05 +9.501004102e-05 -5.234990499e+01 -5.234990499e+01 -8.9211e-01 -1.2619e+00 +2.5570e+00 -2.3914e+00 -1.5295e+00
2885 +5.797900137e-05 +5.797900137e-05 -5.234994202e+01 -5.234994202e+01 -8.8982e-01 -1.2592e+00 +2.5522e+00 -2.3862e+00 -1.5248e+00
3093 +3.980579413e-05 +3.980579413e-05 -5.234996019e+01 -5.234996019e+01 -8.8414e-01 -1.2538e+00 +2.5460e+00 -2.3779e+00 -1.5202e+00
3406 +2.445136459e-05 +2.445136459e-05 -5.234997555e+01 -5.234997555e+01 -8.8162e-01 -1.2522e+00 +2.5449e+00 -2.3725e+00 -1.5202e+00
3646 +1.404690115e-05 +1.404690115e-05 -5.234998595e+01 -5.234998595e+01 -8.8036e-01 -1.2516e+00 +2.5453e+00 -2.3705e+00 -1.5221e+00
3740 +8.614438940e-06 +8.614438940e-06 -5.234999139e+01 -5.234999139e+01 -8.7912e-01 -1.2508e+00 +2.5452e+00 -2.3688e+00 -1.5232e+00
3795 +6.217552865e-06 +6.217552865e-06 -5.234999378e+01 -5.234999378e+01 -8.7845e-01 -1.2503e+00 +2.5450e+00 -2.3680e+00 -1.5234e+00
3809 +3.908735110e-06 +3.908735110e-06 -5.234999609e+01 -5.234999609e+01 -8.7737e-01 -1.2494e+00 +2.5442e+00 -2.3666e+00 -1.5232e+00
3874 +2.458518878e-06 +2.458518878e-06 -5.234999754e+01 -5.234999754e+01 -8.7676e-01 -1.2489e+00 +2.5440e+00 -2.3660e+00 -1.5235e+00
3918 +1.172499765e-06 +1.172499765e-06 -5.234999883e+01 -5.234999883e+01 -8.7536e-01 -1.2480e+00 +2.5436e+00 -2.3641e+00 -1.5242e+00
3930 +8.607427802e-07 +8.607427802e-07 -5.234999914e+01 -5.234999914e+01 -8.7544e-01 -1.2481e+00 +2.5438e+00 -2.3642e+00 -1.5244e+00
3965 +3.491375509e-07 +3.491375509e-07 -5.234999965e+01 -5.234999965e+01 -8.7484e-01 -1.2477e+00 +2.5438e+00 -2.3633e+00 -1.5249e+00
4092 +2.467337268e-07 +2.467337268e-07 -5.234999975e+01 -5.234999975e+01 -8.7417e-01 -1.2473e+00 +2.5436e+00 -2.3624e+00 -1.5253e+00
% function evaluation | noise-free fitness - Fopt (-1.795400000000e+02) | best noise-free fitness - Fopt | measured fitness | best measured fitness | x1 | x2...
1 +1.410711574e+01 +1.410711574e+01 -1.654328843e+02 -1.654328843e+02 +3.1472e+00 +4.0579e+00 -3.7301e+00 +4.1338e+00 +1.3236e+00
10 +9.445052262e+00 +9.445052262e+00 -1.700949477e+02 -1.700949477e+02 -1.0236e-01 -5.4414e-01 +1.4631e+00 +2.0936e+00 +2.5469e+00
81 +4.781902859e+00 +4.781902859e+00 -1.747580971e+02 -1.747580971e+02 +1.9508e+00 +2.1933e+00 -1.7301e+00 +2.9064e+00 +2.2267e+00
178 +3.963996611e+00 +3.963996611e+00 -1.755760034e+02 -1.755760034e+02 +1.8584e+00 +1.5398e+00 -8.9785e-01 +2.8045e+00 +3.6234e+00
205 +2.147942130e+00 +2.147942130e+00 -1.773920579e+02 -1.773920579e+02 +1.1480e+00 +3.5712e-01 -1.5087e+00 +2.0206e+00 +3.7253e+00
245 +1.500230341e+00 +1.500230341e+00 -1.780397697e+02 -1.780397697e+02 +1.2667e+00 +1.2368e+00 -2.3884e+00 +2.8144e+00 +3.3405e+00
292 +7.328709253e-01 +7.328709253e-01 -1.788071291e+02 -1.788071291e+02 +4.9240e-01 -1.5750e-01 -3.0863e+00 +2.4142e+00 +4.2381e+00
295 +6.141137122e-01 +6.141137122e-01 -1.789258863e+02 -1.789258863e+02 +1.0310e+00 +4.0074e-01 -2.8734e+00 +3.3147e+00 +3.9462e+00
380 +8.855897571e-02 +8.855897571e-02 -1.794514410e+02 -1.794514410e+02 +8.8133e-01 +7.5809e-01 -3.5731e+00 +2.6398e+00 +4.0853e+00
512 +5.369831133e-02 +5.369831133e-02 -1.794863017e+02 -1.794863017e+02 +8.1587e-01 +8.2408e-01 -3.4579e+00 +2.5713e+00 +4.0334e+00
621 +3.513458416e-02 +3.513458416e-02 -1.795048654e+02 -1.795048654e+02 +7.9484e-01 +7.4898e-01 -3.4197e+00 +2.5719e+00 +3.9537e+00
959 +2.228252204e-02 +2.228252204e-02 -1.795177175e+02 -1.795177175e+02 +8.0797e-01 +7.0313e-01 -3.4026e+00 +2.5412e+00 +3.9417e+00
1037 +1.126214262e-02 +1.126214262e-02 -1.795287379e+02 -1.795287379e+02 +8.0194e-01 +6.5695e-01 -3.4382e+00 +2.4099e+00 +3.9072e+00
1071 +8.702523733e-03 +8.702523733e-03 -1.795312975e+02 -1.795312975e+02 +7.7388e-01 +6.7902e-01 -3.4461e+00 +2.4845e+00 +3.9481e+00
1410 +6.267397651e-03 +6.267397651e-03 -1.795337326e+02 -1.795337326e+02 +7.4957e-01 +6.5918e-01 -3.4626e+00 +2.4382e+00 +3.9463e+00
1571 +3.636467466e-03 +3.636467466e-03 -1.795363635e+02 -1.795363635e+02 +7.6196e-01 +6.2424e-01 -3.4609e+00 +2.4250e+00 +3.9274e+00
1887 +2.320304255e-03 +2.320304255e-03 -1.795376797e+02 -1.795376797e+02 +7.5214e-01 +5.7814e-01 -3.4662e+00 +2.3836e+00 +3.9002e+00
2102 +1.378117210e-03 +1.378117210e-03 -1.795386219e+02 -1.795386219e+02 +7.6396e-01 +5.6783e-01 -3.4548e+00 +2.4101e+00 +3.8913e+00
2211 +5.806190816e-04 +5.806190816e-04 -1.795394194e+02 -1.795394194e+02 +7.6729e-01 +5.7038e-01 -3.4535e+00 +2.4248e+00 +3.8931e+00
2349 +3.978826086e-04 +3.978826086e-04 -1.795396021e+02 -1.795396021e+02 +7.7496e-01 +5.5924e-01 -3.4490e+00 +2.4409e+00 +3.8872e+00
2447 +2.367329753e-04 +2.367329753e-04 -1.795397633e+02 -1.795397633e+02 +7.6634e-01 +5.3880e-01 -3.4504e+00 +2.4144e+00 +3.8728e+00
2637 +1.418545431e-04 +1.418545431e-04 -1.795398581e+02 -1.795398581e+02 +7.7043e-01 +5.3641e-01 -3.4478e+00 +2.4173e+00 +3.8697e+00
3453 +9.840096649e-05 +9.840096649e-05 -1.795399016e+02 -1.795399016e+02 +7.7464e-01 +5.3337e-01 -3.4467e+00 +2.4189e+00 +3.8669e+00
3721 +6.291152147e-05 +6.291152147e-05 -1.795399371e+02 -1.795399371e+02 +7.7665e-01 +5.2597e-01 -3.4474e+00 +2.4089e+00 +3.8609e+00
3881 +3.775003140e-05 +3.775003140e-05 -1.795399622e+02 -1.795399622e+02 +7.7955e-01 +5.1914e-01 -3.4479e+00 +2.3999e+00 +3.8551e+00
3974 +2.511102986e-05 +2.511102986e-05 -1.795399749e+02 -1.795399749e+02 +7.8141e-01 +5.1541e-01 -3.4483e+00 +2.3942e+00 +3.8518e+00
4083 +1.529959917e-05 +1.529959917e-05 -1.795399847e+02 -1.795399847e+02 +7.8374e-01 +5.0837e-01 -3.4489e+00 +2.3856e+00 +3.8462e+00
4208 +9.989067252e-06 +9.989067252e-06 -1.795399900e+02 -1.795399900e+02 +7.8459e-01 +5.0853e-01 -3.4489e+00 +2.3850e+00 +3.8460e+00
4344 +6.288755372e-06 +6.288755372e-06 -1.795399937e+02 -1.795399937e+02 +7.8591e-01 +5.0696e-01 -3.4490e+00 +2.3821e+00 +3.8443e+00
% function evaluation | noise-free fitness - Fopt (7.731000000000e+01) | best noise-free fitness - Fopt | measured fitness | best measured fitness | x1 | x2...
1 +5.914172575e+01 +5.914172575e+01 +1.364517257e+02 +1.364517257e+02 +3.1472e+00 +4.0579e+00 -3.7301e+00 +4.1338e+00 +1.3236e+00
6 +2.093459400e+01 +2.093459400e+01 +9.824459400e+01 +9.824459400e+01 +2.5774e+00 +2.4313e+00 -1.0777e+00 +1.5548e+00 -3.2881e+00
21 +8.642119246e+00 +8.642119246e+00 +8.595211925e+01 +8.595211925e+01 -3.3782e+00 +2.9428e+00 -1.8878e+00 +2.8533e-01 -3.3435e+00
90 +4.336253943e+00 +4.336253943e+00 +8.164625394e+01 +8.164625394e+01 -1.0236e-01 +8.4132e-01 -5.3687e-01 +9.3648e-02 +5.4687e-01
102 +3.630406765e+00 +3.630406765e+00 +8.094040677e+01 +8.094040677e+01 +1.0198e+00 -3.7029e-01 -4.5921e-01 -1.0785e-01 +4.8152e-01
130 +1.757766385e+00 +1.757766385e+00 +7.906776639e+01 +7.906776639e+01 +8.9764e-01 -1.5868e-01 -1.3142e+00 -9.0635e-01 -4.4139e-01
177 +1.335171526e+00 +1.335171526e+00 +7.864517153e+01 +7.864517153e+01 +5.1660e-01 +2.2615e-01 -2.4434e+00 -9.9633e-01 +1.7194e-01
218 +7.295482790e-01 +7.295482790e-01 +7.803954828e+01 +7.803954828e+01 +8.0298e-01 -7.1999e-01 -2.4371e+00 -9.5478e-01 +6.4411e-01
340 +4.656994666e-01 +4.656994666e-01 +7.777569947e+01 +7.777569947e+01 +1.4586e+00 -1.0852e+00 -1.9626e+00 -1.7418e+00 +7.0739e-01
363 +2.445578215e-01 +2.445578215e-01 +7.755455782e+01 +7.755455782e+01 +1.2184e+00 -5.4470e-01 -2.3454e+00 -1.6261e+00 +1.1672e+00
408 +1.433039988e-01 +1.433039988e-01 +7.745330400e+01 +7.745330400e+01 +1.0750e+00 -4.7126e-01 -2.2258e+00 -1.5516e+00 +1.0758e+00
566 +9.567497569e-02 +9.567497569e-02 +7.740567498e+01 +7.740567498e+01 +1.0382e+00 -3.7072e-01 -1.8557e+00 -1.8048e+00 +9.2463e-01
644 +2.605306532e-02 +2.605306532e-02 +7.733605307e+01 +7.733605307e+01 +9.4650e-01 -5.2354e-01 -2.3144e+00 -1.7391e+00 +1.0414e+00
980 +1.598613979e-02 +1.598613979e-02 +7.732598614e+01 +7.732598614e+01 +9.7104e-01 -5.6882e-01 -2.2669e+00 -1.7743e+00 +1.0073e+00
1027 +1.552517869e-02 +1.552517869e-02 +7.732552518e+01 +7.732552518e+01 +8.9950e-01 -6.9030e-01 -2.2934e+00 -1.8308e+00 +1.0107e+00
1377 +9.073891184e-03 +9.073891184e-03 +7.731907389e+01 +7.731907389e+01 +9.1482e-01 -6.1295e-01 -2.2562e+00 -1.8413e+00 +1.0174e+00
1429 +3.964375824e-03 +3.964375824e-03 +7.731396438e+01 +7.731396438e+01 +8.8871e-01 -6.1368e-01 -2.2620e+00 -1.8530e+00 +1.0199e+00
1638 +2.170263993e-03 +2.170263993e-03 +7.731217026e+01 +7.731217026e+01 +8.7614e-01 -6.0195e-01 -2.2367e+00 -1.8447e+00 +1.0249e+00
2173 +1.549886514e-03 +1.549886514e-03 +7.731154989e+01 +7.731154989e+01 +8.6358e-01 -6.2175e-01 -2.2348e+00 -1.8588e+00 +1.0251e+00
2707 +9.631708461e-04 +9.631708461e-04 +7.731096317e+01 +7.731096317e+01 +8.7089e-01 -6.2147e-01 -2.2169e+00 -1.8657e+00 +1.0193e+00
2789 +6.057497202e-04 +6.057497202e-04 +7.731060575e+01 +7.731060575e+01 +8.7879e-01 -6.1582e-01 -2.2038e+00 -1.8684e+00 +1.0153e+00
2845 +3.890675157e-04 +3.890675157e-04 +7.731038907e+01 +7.731038907e+01 +8.8628e-01 -6.0971e-01 -2.1897e+00 -1.8705e+00 +1.0116e+00
2889 +2.396550607e-04 +2.396550607e-04 +7.731023966e+01 +7.731023966e+01 +8.9200e-01 -6.0353e-01 -2.1820e+00 -1.8703e+00 +1.0090e+00
2908 +1.506159182e-04 +1.506159182e-04 +7.731015062e+01 +7.731015062e+01 +8.8964e-01 -5.9386e-01 -2.1775e+00 -1.8833e+00 +1.0074e+00
2971 +9.299281764e-05 +9.299281764e-05 +7.731009299e+01 +7.731009299e+01 +8.9701e-01 -5.8530e-01 -2.1636e+00 -1.8881e+00 +1.0032e+00
3089 +5.478905283e-05 +5.478905283e-05 +7.731005479e+01 +7.731005479e+01 +9.0008e-01 -5.8251e-01 -2.1548e+00 -1.8926e+00 +1.0004e+00
3845 +3.976175911e-05 +3.976175911e-05 +7.731003976e+01 +7.731003976e+01 +9.0321e-01 -5.8684e-01 -2.1520e+00 -1.8882e+00 +9.9969e-01
% function evaluation | noise-free fitness - Fopt (3.992000000000e+01) | best noise-free fitness - Fopt | measured fitness | best measured fitness | x1 | x2...
1 +7.456021293e+01 +7.456021293e+01 +1.144802129e+02 +1.144802129e+02 +3.1472e+00 +4.0579e+00 -3.7301e+00 +4.1338e+00 +1.3236e+00
2 +2.094540542e+01 +2.094540542e+01 +6.086540542e+01 +6.086540542e+01 -4.0246e+00 -2.2150e+00 +4.6882e-01 +4.5751e+00 +4.6489e+00
10 +1.045557176e+01 +1.045557176e+01 +5.037557176e+01 +5.037557176e+01 -1.0236e-01 -5.4414e-01 +1.4631e+00 +2.0936e+00 +2.5469e+00
50 +9.603264276e+00 +9.603264276e+00 +4.952326428e+01 +4.952326428e+01 +3.1224e-01 -5.6464e-01 +1.6045e+00 +1.6208e+00 +2.4728e+00
91 +4.754550518e+00 +4.754550518e+00 +4.467455052e+01 +4.467455052e+01 -2.3975e-01 -2.0297e-01 +5.3360e-01 -1.3739e+00 -1.8100e+00
200 +3.161658516e+00 +3.161658516e+00 +4.308165852e+01 +4.308165852e+01 +1.5086e+00 -1.1252e+00 +1.5226e+00 -7.8378e-01 -1.0154e+00
240 +1.962698451e+00 +1.962698451e+00 +4.188269845e+01 +4.188269845e+01 +2.1409e+00 -1.1006e+00 +1.5033e+00 -1.6322e+00 -1.8991e+00
280 +1.322082574e+00 +1.322082574e+00 +4.124208257e+01 +4.124208257e+01 +2.6971e+00 -1.0789e+00 +1.4864e+00 -2.3786e+00 -2.6765e+00
308 +4.070776226e-01 +4.070776226e-01 +4.032707762e+01 +4.032707762e+01 +3.3607e+00 -1.3099e+00 +2.2943e+00 -2.4963e+00 -2.3193e+00
336 +3.797347589e-01 +3.797347589e-01 +4.029973476e+01 +4.029973476e+01 +3.5951e+00 -1.2029e+00 +1.9861e+00 -2.5500e+00 -2.6488e+00
363 +2.096994727e-01 +2.096994727e-01 +4.012969947e+01 +4.012969947e+01 +3.7467e+00 -7.4965e-01 +2.2943e+00 -2.2357e+00 -2.5337e+00
400 +1.324994878e-01 +1.324994878e-01 +4.005249949e+01 +4.005249949e+01 +3.8258e+00 -1.3527e+00 +2.4966e+00 -2.1642e+00 -1.9859e+00
417 +9.204087069e-02 +9.204087069e-02 +4.001204087e+01 +4.001204087e+01 +4.0884e+00 -1.0939e+00 +2.2477e+00 -2.2501e+00 -2.1180e+00
490 +4.497644402e-02 +4.497644402e-02 +3.996497644e+01 +3.996497644e+01 +4.0118e+00 -1.0422e+00 +2.2166e+00 -2.3272e+00 -2.1516e+00
653 +3.274897411e-02 +3.274897411e-02 +3.995274897e+01 +3.995274897e+01 +3.9915e+00 -9.5515e-01 +2.2281e+00 -2.2538e+00 -2.1841e+00
942 +2.284368186e-02 +2.284368186e-02 +3.994284368e+01 +3.994284368e+01 +3.9243e+00 -1.1202e+00 +2.3007e+00 -2.2339e+00 -2.1106e+00
1153 +1.543276995e-02 +1.543276995e-02 +3.993543277e+01 +3.993543277e+01 +3.9478e+00 -1.0697e+00 +2.3073e+00 -2.1909e+00 -2.2062e+00
1220 +7.486419258e-03 +7.486419258e-03 +3.992748642e+01 +3.992748642e+01 +3.9140e+00 -1.0563e+00 +2.3434e+00 -2.2135e+00 -2.2142e+00
1408 +5.700978275e-03 +5.700978275e-03 +3.992570098e+01 +3.992570098e+01 +3.9263e+00 -1.0727e+00 +2.3470e+00 -2.2146e+00 -2.1793e+00
1658 +3.685945745e-03 +3.685945745e-03 +3.992368595e+01 +3.992368595e+01 +3.9039e+00 -1.0423e+00 +2.4027e+00 -2.2381e+00 -2.1852e+00
1898 +2.256948725e-03 +2.256948725e-03 +3.992225695e+01 +3.992225695e+01 +3.9131e+00 -1.0610e+00 +2.3913e+00 -2.2362e+00 -2.1608e+00
2010 +1.488507270e-03 +1.488507270e-03 +3.992148851e+01 +3.992148851e+01 +3.9325e+00 -1.0513e+00 +2.3773e+00 -2.2407e+00 -2.1367e+00
2050 +8.593531179e-04 +8.593531179e-04 +3.992085935e+01 +3.992085935e+01 +3.9313e+00 -1.0504e+00 +2.3837e+00 -2.2502e+00 -2.1264e+00
2155 +6.058853056e-04 +6.058853056e-04 +3.992060589e+01 +3.992060589e+01 +3.9360e+00 -1.0489e+00 +2.3870e+00 -2.2555e+00 -2.1110e+00
2511 +3.686618500e-04 +3.686618500e-04 +3.992036866e+01 +3.992036866e+01 +3.9380e+00 -1.0524e+00 +2.3931e+00 -2.2634e+00 -2.0925e+00
2734 +2.415436232e-04 +2.415436232e-04 +3.992024154e+01 +3.992024154e+01 +3.9382e+00 -1.0550e+00 +2.3924e+00 -2.2681e+00 -2.0874e+00
2852 +1.520491646e-04 +1.520491646e-04 +3.992015205e+01 +3.992015205e+01 +3.9377e+00 -1.0591e+00 +2.3894e+00 -2.2711e+00 -2.0860e+00
2977 +7.622421776e-05 +7.622421776e-05 +3.992007622e+01 +3.992007622e+01 +3.9427e+00 -1.0608e+00 +2.3930e+00 -2.2788e+00 -2.0650e+00
3051 +5.483954187e-05 +5.483954187e-05 +3.992005484e+01 +3.992005484e+01 +3.9454e+00 -1.0626e+00 +2.3944e+00 -2.2837e+00 -2.0528e+00
3172 +3.792143497e-05 +3.792143497e-05 +3.992003792e+01 +3.992003792e+01 +3.9458e+00 -1.0643e+00 +2.3931e+00 -2.2846e+00 -2.0510e+00
3285 +2.474865271e-05 +2.474865271e-05 +3.992002475e+01 +3.992002475e+01 +3.9463e+00 -1.0648e+00 +2.3925e+00 -2.2856e+00 -2.0494e+00
3328 +1.517803636e-05 +1.517803636e-05 +3.992001518e+01 +3.992001518e+01 +3.9483e+00 -1.0666e+00 +2.3931e+00 -2.2886e+00 -2.0410e+00
3387 +9.007524028e-06 +9.007524028e-06 +3.992000901e+01 +3.992000901e+01 +3.9483e+00 -1.0675e+00 +2.3918e+00 -2.2893e+00 -2.0409e+00
3445 +4.257396327e-06 +4.257396327e-06 +3.992000426e+01 +3.992000426e+01 +3.9492e+00 -1.0686e+00 +2.3912e+00 -2.2909e+00 -2.0375e+00
3610 +3.926580163e-06 +3.926580163e-06 +3.992000393e+01 +3.992000393e+01 +3.9492e+00 -1.0687e+00 +2.3911e+00 -2.2909e+00 -2.0376e+00
3903 +2.465792498e-06 +2.465792498e-06 +3.992000247e+01 +3.992000247e+01 +3.9491e+00 -1.0687e+00 +2.3906e+00 -2.2903e+00 -2.0387e+00
4166 +1.549599681e-06 +1.549599681e-06 +3.992000155e+01 +3.992000155e+01 +3.9489e+00 -1.0688e+00 +2.3899e+00 -2.2898e+00 -2.0399e+00
4409 +9.847580174e-07 +9.847580174e-07 +3.992000098e+01 +3.992000098e+01 +3.9489e+00 -1.0690e+00 +2.3896e+00 -2.2897e+00 -2.0402e+00
4601 +6.015944578e-07 +6.015944578e-07 +3.992000060e+01 +3.992000060e+01 +3.9489e+00 -1.0692e+00 +2.3892e+00 -2.2898e+00 -2.0404e+00
% function evaluation | noise-free fitness - Fopt (-5.661000000000e+01) | best noise-free fitness - Fopt | measured fitness | best measured fitness | x1 | x2...
1 +7.912852193e+01 +7.912852193e+01 +2.251852193e+01 +2.251852193e+01 +3.1472e+00 +4.0579e+00 -3.7301e+00 +4.1338e+00 +1.3236e+00
6 +4.026700800e+01 +4.026700800e+01 -1.634299200e+01 -1.634299200e+01 +2.5774e+00 +2.4313e+00 -1.0777e+00 +1.5548e+00 -3.2881e+00
7 +3.189341639e+01 +3.189341639e+01 -2.471658361e+01 -2.471658361e+01 +2.0605e+00 -4.6817e+00 -2.2308e+00 -4.5383e+00 -4.0287e+00
11 +1.148147597e+01 +1.148147597e+01 -4.512852403e+01 -4.512852403e+01 -2.2397e+00 +1.7970e+00 +1.5510e+00 -3.3739e+00 -3.8100e+00
51 +5.958450680e+00 +5.958450680e+00 -5.065154932e+01 -5.065154932e+01 -1.4062e+00 +1.8813e+00 +1.5890e+00 -3.8570e+00 -3.8300e+00
119 +2.060703487e+00 +2.060703487e+00 -5.454929651e+01 -5.454929651e+01 +2.3979e+00 +2.5703e+00 +1.7639e+00 -2.5373e+00 -2.4281e+00
144 +9.176753043e-01 +9.176753043e-01 -5.569232470e+01 -5.569232470e+01 +2.4403e+00 +2.2759e+00 +3.0000e+00 -2.9596e+00 -2.3096e+00
159 +6.244540203e-01 +6.244540203e-01 -5.598554598e+01 -5.598554598e+01 +1.5989e+00 +2.4915e+00 +2.5629e+00 -3.3364e+00 -3.2272e+00
237 +2.141746985e-01 +2.141746985e-01 -5.639582530e+01 -5.639582530e+01 +2.3167e+00 +2.9632e+00 +2.8055e+00 -3.6602e+00 -3.1322e+00
368 +8.644929339e-02 +8.644929339e-02 -5.652355071e+01 -5.652355071e+01 +1.9773e+00 +3.0964e+00 +2.9149e+00 -3.3955e+00 -3.0962e+00
499 +3.683406925e-02 +3.683406925e-02 -5.657316593e+01 -5.657316593e+01 +1.9586e+00 +3.0224e+00 +3.0216e+00 -3.1783e+00 -3.1851e+00
586 +2.384762197e-02 +2.384762197e-02 -5.658615238e+01 -5.658615238e+01 +1.9944e+00 +2.9585e+00 +3.0099e+00 -3.3244e+00 -3.1014e+00
906 +1.346563360e-02 +1.346563360e-02 -5.659653437e+01 -5.659653437e+01 +2.0820e+00 +2.9557e+00 +3.0714e+00 -3.3578e+00 -3.1087e+00
949 +9.249614905e-03 +9.249614905e-03 -5.660075039e+01 -5.660075039e+01 +2.1176e+00 +2.9119e+00 +3.1174e+00 -3.4094e+00 -3.0806e+00
1506 +5.092384848e-03 +5.092384848e-03 -5.660490762e+01 -5.660490762e+01 +2.0415e+00 +2.9284e+00 +3.1062e+00 -3.3377e+00 -3.0884e+00
1942 +3.742438275e-03 +3.742438275e-03 -5.660625756e+01 -5.660625756e+01 +2.0073e+00 +2.9487e+00 +3.0824e+00 -3.2950e+00 -3.1198e+00
2031 +1.760109751e-03 +1.760109751e-03 -5.660823989e+01 -5.660823989e+01 +2.0313e+00 +2.9220e+00 +3.1470e+00 -3.3378e+00 -3.0869e+00
2071 +1.562882753e-03 +1.562882753e-03 -5.660843712e+01 -5.660843712e+01 +2.0262e+00 +2.9222e+00 +3.1461e+00 -3.3319e+00 -3.0905e+00
2405 +9.266256065e-04 +9.266256065e-04 -5.660907337e+01 -5.660907337e+01 +2.0169e+00 +2.9300e+00 +3.1484e+00 -3.3148e+00 -3.1064e+00
2576 +4.383464241e-04 +4.383464241e-04 -5.660956165e+01 -5.660956165e+01 +2.0042e+00 +2.9272e+00 +3.1661e+00 -3.3018e+00 -3.1089e+00
2611 +3.941602710e-04 +3.941602710e-04 -5.660960584e+01 -5.660960584e+01 +2.0064e+00 +2.9270e+00 +3.1698e+00 -3.3044e+00 -3.1092e+00
2765 +2.318428533e-04 +2.318428533e-04 -5.660976816e+01 -5.660976816e+01 +1.9984e+00 +2.9266e+00 +3.1870e+00 -3.2986e+00 -3.1115e+00
3073 +1.577871475e-04 +1.577871475e-04 -5.660984221e+01 -5.660984221e+01 +1.9869e+00 +2.9313e+00 +3.1859e+00 -3.2898e+00 -3.1134e+00
3345 +9.755987855e-05 +9.755987855e-05 -5.660990244e+01 -5.660990244e+01 +1.9760e+00 +2.9312e+00 +3.1859e+00 -3.2810e+00 -3.1122e+00
3445 +6.190914113e-05 +6.190914113e-05 -5.660993809e+01 -5.660993809e+01 +1.9673e+00 +2.9319e+00 +3.1871e+00 -3.2745e+00 -3.1117e+00
3743 +3.960884838e-05 +3.960884838e-05 -5.660996039e+01 -5.660996039e+01 +1.9661e+00 +2.9311e+00 +3.1853e+00 -3.2752e+00 -3.1087e+00
4721 +2.508351341e-05 +2.508351341e-05 -5.660997492e+01 -5.660997492e+01 +1.9604e+00 +2.9290e+00 +3.1854e+00 -3.2744e+00 -3.1020e+00
% function evaluation | noise-free fitness - Fopt (5.134000000000e+01) | best noise-free fitness - Fopt | measured fitness | best measured fitness | x1 | x2...
1 +2.822615296e+02 +2.822615296e+02 +3.336015296e+02 +3.336015296e+02 +3.1472e+00 +4.0579e+00 -3.7301e+00 +4.1338e+00 +1.3236e+00
2 +2.686512165e+01 +2.686512165e+01 +7.820512165e+01 +7.820512165e+01 -4.0246e+00 -2.2150e+00 +4.6882e-01 +4.5751e+00 +4.6489e+00
3 +1.792973459e+01 +1.792973459e+01 +6.926973459e+01 +6.926973459e+01 -3.4239e+00 +4.7059e+00 +4.5717e+00 -1.4624e-01 +3.0028e+00
9 +1.125014653e+01 +1.125014653e+01 +6.259014653e+01 +6.259014653e+01 -6.1256e-01 -1.1844e+00 +2.6552e+00 +2.9520e+00 -3.1313e+00
10 +6.294151031e+00 +6.294151031e+00 +5.763415103e+01 +5.763415103e+01 -1.0236e-01 -5.4414e-01 +1.4631e+00 +2.0936e+00 +2.5469e+00
80 +2.965608629e+00 +2.965608629e+00 +5.430560863e+01 +5.430560863e+01 -2.7960e+00 -4.9447e-02 -2.2939e-01 +2.5669e+00 +2.3701e+00
96 +2.383797466e+00 +2.383797466e+00 +5.372379747e+01 +5.372379747e+01 -2.3870e+00 -1.0340e+00 -4.8916e-01 +3.1604e+00 +1.7329e+00
139 +1.408817295e+00 +1.408817295e+00 +5.274881730e+01 +5.274881730e+01 -1.4960e+00 -1.4605e+00 +1.7431e-01 +2.5062e+00 +1.3401e+00
170 +6.744399532e-01 +6.744399532e-01 +5.201443995e+01 +5.201443995e+01 -2.9008e+00 -1.5497e+00 +5.7821e-01 +2.6819e+00 +6.7138e-01
240 +6.220665897e-01 +6.220665897e-01 +5.196206659e+01 +5.196206659e+01 -2.6427e+00 -1.7099e+00 +8.0681e-01 +2.9520e+00 +7.7023e-01
244 +3.109982617e-01 +3.109982617e-01 +5.165099826e+01 +5.165099826e+01 -2.5888e+00 -2.2686e+00 +2.5930e-01 +2.3771e+00 -1.0717e-01
313 +2.257155366e-01 +2.257155366e-01 +5.156571554e+01 +5.156571554e+01 -2.1975e+00 -2.3279e+00 +6.1532e-01 +3.1464e+00 +7.5278e-01
375 +1.005399025e-01 +1.005399025e-01 +5.144053990e+01 +5.144053990e+01 -2.4367e+00 -2.1755e+00 +1.8760e-01 +2.7429e+00 +5.0576e-01
381 +7.701749608e-02 +7.701749608e-02 +5.141701750e+01 +5.141701750e+01 -2.6570e+00 -2.1869e+00 +1.4950e-01 +2.7949e+00 +5.2210e-01
385 +4.890567133e-02 +4.890567133e-02 +5.138890567e+01 +5.138890567e+01 -2.6170e+00 -2.1818e+00 +1.0268e-01 +2.9348e+00 +4.5526e-01
416 +1.650787007e-02 +1.650787007e-02 +5.135650787e+01 +5.135650787e+01 -2.5018e+00 -2.2519e+00 +2.7136e-01 +2.8623e+00 +5.3483e-01
509 +7.734475825e-03 +7.734475825e-03 +5.134773448e+01 +5.134773448e+01 -2.5705e+00 -2.2261e+00 +2.9707e-01 +2.7896e+00 +4.4832e-01
942 +6.006969531e-03 +6.006969531e-03 +5.134600697e+01 +5.134600697e+01 -2.5308e+00 -2.2406e+00 +1.7482e-01 +2.8347e+00 +4.8002e-01
1073 +3.505733900e-03 +3.505733900e-03 +5.134350573e+01 +5.134350573e+01 -2.5936e+00 -2.2383e+00 +2.8268e-01 +2.8158e+00 +4.7142e-01
1513 +2.434840100e-03 +2.434840100e-03 +5.134243484e+01 +5.134243484e+01 -2.5710e+00 -2.2351e+00 +2.5874e-01 +2.8044e+00 +4.6076e-01
1770 +1.288416081e-03 +1.288416081e-03 +5.134128842e+01 +5.134128842e+01 -2.5667e+00 -2.2407e+00 +2.5240e-01 +2.7988e+00 +4.5691e-01
1925 +9.527135608e-04 +9.527135608e-04 +5.134095271e+01 +5.134095271e+01 -2.5602e+00 -2.2393e+00 +2.4664e-01 +2.7966e+00 +4.5437e-01
2250 +5.993116003e-04 +5.993116003e-04 +5.134059931e+01 +5.134059931e+01 -2.5502e+00 -2.2400e+00 +2.4395e-01 +2.7868e+00 +4.4745e-01
2290 +1.791940758e-04 +1.791940758e-04 +5.134017919e+01 +5.134017919e+01 -2.5480e+00 -2.2387e+00 +2.4858e-01 +2.7656e+00 +4.2956e-01
2353 +1.573776462e-04 +1.573776462e-04 +5.134015738e+01 +5.134015738e+01 -2.5458e+00 -2.2385e+00 +2.4558e-01 +2.7654e+00 +4.2917e-01
2570 +9.733193062e-05 +9.733193062e-05 +5.134009733e+01 +5.134009733e+01 -2.5400e+00 -2.2387e+00 +2.4553e-01 +2.7579e+00 +4.2308e-01
2983 +6.280398601e-05 +6.280398601e-05 +5.134006280e+01 +5.134006280e+01 -2.5435e+00 -2.2401e+00 +2.4759e-01 +2.7585e+00 +4.2485e-01
3281 +3.637455454e-05 +3.637455454e-05 +5.134003637e+01 +5.134003637e+01 -2.5444e+00 -2.2429e+00 +2.5669e-01 +2.7515e+00 +4.2190e-01
3401 +2.170900247e-05 +2.170900247e-05 +5.134002171e+01 +5.134002171e+01 -2.5463e+00 -2.2447e+00 +2.6112e-01 +2.7499e+00 +4.2219e-01
3490 +1.290028334e-05 +1.290028334e-05 +5.134001290e+01 +5.134001290e+01 -2.5481e+00 -2.2463e+00 +2.6562e-01 +2.7479e+00 +4.2215e-01
3544 +9.291896497e-06 +9.291896497e-06 +5.134000929e+01 +5.134000929e+01 -2.5496e+00 -2.2478e+00 +2.7021e-01 +2.7456e+00 +4.2170e-01
% function evaluation | noise-free fitness - Fopt (-1.244000000000e+02) | best noise-free fitness - Fopt | measured fitness | best measured fitness | x1 | x2...
1 +9.385493973e+01 +9.385493973e+01 -3.054506027e+01 -3.054506027e+01 +3.1472e+00 +4.0579e+00 -3.7301e+00 +4.1338e+00 +1.3236e+00
2 +1.398599424e+01 +1.398599424e+01 -1.104140058e+02 -1.104140058e+02 -4.0246e+00 -2.2150e+00 +4.6882e-01 +4.5751e+00 +4.6489e+00
11 +8.218057341e+00 +8.218057341e+00 -1.161819427e+02 -1.161819427e+02 -2.2397e+00 +1.7970e+00 +1.5510e+00 -3.3739e+00 -3.8100e+00
50 +6.022300043e+00 +6.022300043e+00 -1.183777000e+02 -1.183777000e+02 -1.1024e+00 +4.5586e-01 +2.4631e+00 +1.0936e+00 +1.5469e+00
51 +3.753670638e+00 +3.753670638e+00 -1.206463294e+02 -1.206463294e+02 -1.3443e+00 +2.3702e+00 +2.2113e+00 -2.4826e+00 -2.8100e+00
126 +1.683187960e+00 +1.683187960e+00 -1.227168120e+02 -1.227168120e+02 -4.2260e-01 +1.3958e+00 +1.9223e+00 -1.4452e+00 -2.5045e+00
144 +1.170566044e+00 +1.170566044e+00 -1.232294340e+02 -1.232294340e+02 +1.1210e+00 +1.0674e+00 +3.0000e+00 -2.9378e+00 -3.2210e+00
192 +9.376884728e-01 +9.376884728e-01 -1.234623115e+02 -1.234623115e+02 -1.9904e-01 +1.3312e+00 +1.9599e+00 -2.3758e+00 -2.5141e+00
196 +6.245370057e-01 +6.245370057e-01 -1.237754630e+02 -1.237754630e+02 -1.7055e-02 +2.1883e-01 +2.1351e+00 -2.5225e+00 -2.4908e+00
272 +3.036695267e-01 +3.036695267e-01 -1.240963305e+02 -1.240963305e+02 +2.9472e-01 +7.4062e-01 +2.6527e+00 -2.9546e+00 -2.5234e+00
332 +2.313380801e-01 +2.313380801e-01 -1.241686619e+02 -1.241686619e+02 +5.1315e-01 +1.0651e+00 +2.4855e+00 -2.5671e+00 -2.2401e+00
374 +1.040663869e-01 +1.040663869e-01 -1.242959336e+02 -1.242959336e+02 +4.2691e-01 +7.7342e-01 +2.9758e+00 -2.5095e+00 -2.3382e+00
391 +5.385864995e-02 +5.385864995e-02 -1.243461414e+02 -1.243461414e+02 +3.8785e-01 +1.0160e+00 +2.8767e+00 -2.5238e+00 -2.3209e+00
637 +3.922963118e-02 +3.922963118e-02 -1.243607704e+02 -1.243607704e+02 +4.2276e-01 +9.6543e-01 +2.8846e+00 -2.4100e+00 -2.3602e+00
881 +1.537971364e-02 +1.537971364e-02 -1.243846203e+02 -1.243846203e+02 +2.7534e-01 +8.7250e-01 +2.7693e+00 -2.5097e+00 -2.4354e+00
1354 +9.196281754e-03 +9.196281754e-03 -1.243908037e+02 -1.243908037e+02 +2.9063e-01 +8.9065e-01 +2.8446e+00 -2.5109e+00 -2.4316e+00
1426 +4.982176412e-03 +4.982176412e-03 -1.243950178e+02 -1.243950178e+02 +2.9355e-01 +8.6792e-01 +2.8518e+00 -2.4517e+00 -2.4698e+00
1546 +3.884576516e-03 +3.884576516e-03 -1.243961154e+02 -1.243961154e+02 +2.9570e-01 +8.7995e-01 +2.8604e+00 -2.4423e+00 -2.4701e+00
2129 +2.388832513e-03 +2.388832513e-03 -1.243976112e+02 -1.243976112e+02 +2.8526e-01 +8.8647e-01 +2.8686e+00 -2.4199e+00 -2.4888e+00
2173 +1.541917321e-03 +1.541917321e-03 -1.243984581e+02 -1.243984581e+02 +2.7841e-01 +8.8998e-01 +2.8716e+00 -2.4159e+00 -2.4917e+00
2257 +7.676898732e-04 +7.676898732e-04 -1.243992323e+02 -1.243992323e+02 +2.6580e-01 +8.9810e-01 +2.8728e+00 -2.4025e+00 -2.5031e+00
2337 +6.070174613e-04 +6.070174613e-04 -1.243993930e+02 -1.243993930e+02 +2.5397e-01 +8.9827e-01 +2.8720e+00 -2.4010e+00 -2.5109e+00
2617 +3.902073181e-04 +3.902073181e-04 -1.243996098e+02 -1.243996098e+02 +2.4754e-01 +8.9807e-01 +2.8776e+00 -2.3918e+00 -2.5208e+00
2923 +2.460420372e-04 +2.460420372e-04 -1.243997540e+02 -1.243997540e+02 +2.3967e-01 +8.9865e-01 +2.8833e+00 -2.3888e+00 -2.5277e+00
3405 +1.578737615e-04 +1.578737615e-04 -1.243998421e+02 -1.243998421e+02 +2.4516e-01 +9.0267e-01 +2.8892e+00 -2.3753e+00 -2.5308e+00
3646 +9.805561895e-05 +9.805561895e-05 -1.243999019e+02 -1.243999019e+02 +2.5331e-01 +9.0059e-01 +2.8938e+00 -2.3632e+00 -2.5342e+00
3843 +5.810043515e-05 +5.810043515e-05 -1.243999419e+02 -1.243999419e+02 +2.5954e-01 +8.9736e-01 +2.9001e+00 -2.3473e+00 -2.5416e+00
3921 +3.830592736e-05 +3.830592736e-05 -1.243999617e+02 -1.243999617e+02 +2.6212e-01 +8.9510e-01 +2.9033e+00 -2.3388e+00 -2.5463e+00
4047 +2.424667078e-05 +2.424667078e-05 -1.243999758e+02 -1.243999758e+02 +2.6559e-01 +8.9269e-01 +2.9069e+00 -2.3293e+00 -2.5511e+00
4644 +1.582080877e-05 +1.582080877e-05 -1.243999842e+02 -1.243999842e+02 +2.6782e-01 +8.9056e-01 +2.9101e+00 -2.3212e+00 -2.5557e+00
% function evaluation | noise-free fitness - Fopt (6.000000000000e-01) | best noise-free fitness - Fopt | measured fitness | best measured fitness | x1 | x2...
1 +2.072635530e+01 +2.072635530e+01 +2.132635530e+01 +2.132635530e+01 +3.1472e+00 +4.0579e+00 -3.7301e+00 +4.1338e+00 +1.3236e+00
10 +1.290411708e+01 +1.290411708e+01 +1.350411708e+01 +1.350411708e+01 -1.0236e-01 -5.4414e-01 +1.4631e+00 +2.0936e+00 +2.5469e+00
22 +9.449781603e+00 +9.449781603e+00 +1.004978160e+01 +1.004978160e+01 +1.0198e+00 -2.3703e+00 +1.5408e+00 +1.8921e+00 +2.4815e+00
93 +6.204279129e+00 +6.204279129e+00 +6.804279129e+00 +6.804279129e+00 +6.1674e-01 -1.0721e+00 +1.9555e+00 +2.9233e+00 +2.0131e+00
109 +3.554817456e+00 +3.554817456e+00 +4.154817456e+00 +4.154817456e+00 +1.5303e+00 -7.7945e-01 +5.0952e-01 +2.1325e+00 +1.0181e+00
166 +2.129841120e+00 +2.129841120e+00 +2.729841120e+00 +2.729841120e+00 +1.2437e+00 -1.5687e+00 +1.2424e+00 +3.2196e+00 +7.1187e-01
170 +1.445652956e+00 +1.445652956e+00 +2.045652956e+00 +2.045652956e+00 +2.5585e+00 -6.5633e-01 -5.8535e-01 +3.3359e+00 +8.5896e-01
217 +8.697830950e-01 +8.697830950e-01 +1.469783095e+00 +1.469783095e+00 +3.4211e+00 -1.5579e+00 +1.5083e-01 +4.1283e+00 -4.7049e-02
246 +5.801626441e-01 +5.801626441e-01 +1.180162644e+00 +1.180162644e+00 +2.2243e+00 -1.8820e+00 +7.4406e-01 +3.6819e+00 +8.3354e-01
289 +1.493370669e-01 +1.493370669e-01 +7.493370669e-01 +7.493370669e-01 +2.7129e+00 -1.8059e+00 +1.5132e-01 +3.0949e+00 +1.8931e-01
369 +9.470319203e-02 +9.470319203e-02 +6.947031920e-01 +6.947031920e-01 +2.7414e+00 -1.8415e+00 +8.6435e-02 +3.2431e+00 +2.7540e-01
382 +5.905185694e-02 +5.905185694e-02 +6.590518569e-01 +6.590518569e-01 +2.6869e+00 -1.9675e+00 +2.7439e-01 +3.6078e+00 +5.4786e-02
416 +2.627284417e-02 +2.627284417e-02 +6.262728442e-01 +6.262728442e-01 +2.5906e+00 -1.9554e+00 +1.7397e-01 +3.5308e+00 +1.2553e-01
446 +2.143149023e-02 +2.143149023e-02 +6.214314902e-01 +6.214314902e-01 +2.5959e+00 -1.9557e+00 +1.6497e-01 +3.5206e+00 +1.1934e-01
589 +1.211994492e-02 +1.211994492e-02 +6.121199449e-01 +6.121199449e-01 +2.5546e+00 -1.9848e+00 +1.6663e-01 +3.5834e+00 +1.3933e-01
637 +8.808854433e-03 +8.808854433e-03 +6.088088544e-01 +6.088088544e-01 +2.4980e+00 -2.0267e+00 +1.9809e-01 +3.6214e+00 +1.7565e-01
719 +5.571860126e-03 +5.571860126e-03 +6.055718601e-01 +6.055718601e-01 +2.5205e+00 -2.0291e+00 +1.7245e-01 +3.6512e+00 +1.8014e-01
889 +2.775748304e-03 +2.775748304e-03 +6.027757483e-01 +6.027757483e-01 +2.5419e+00 -2.0151e+00 +1.7067e-01 +3.6356e+00 +1.5966e-01
942 +2.478919643e-03 +2.478919643e-03 +6.024789196e-01 +6.024789196e-01 +2.5440e+00 -2.0131e+00 +1.6153e-01 +3.6281e+00 +1.6078e-01
2009 +1.524872916e-03 +1.524872916e-03 +6.015248729e-01 +6.015248729e-01 +2.5532e+00 -2.0096e+00 +1.5434e-01 +3.6304e+00 +1.5771e-01
2380 +9.085033758e-04 +9.085033758e-04 +6.009085034e-01 +6.009085034e-01 +2.5640e+00 -2.0034e+00 +1.4481e-01 +3.6200e+00 +1.5104e-01
2449 +5.482796449e-04 +5.482796449e-04 +6.005482796e-01 +6.005482796e-01 +2.5821e+00 -2.0006e+00 +1.4075e-01 +3.6226e+00 +1.4828e-01
3050 +3.822714625e-04 +3.822714625e-04 +6.003822715e-01 +6.003822715e-01 +2.5855e+00 -1.9971e+00 +1.3870e-01 +3.6131e+00 +1.4651e-01
3336 +2.505863718e-04 +2.505863718e-04 +6.002505864e-01 +6.002505864e-01 +2.5913e+00 -1.9927e+00 +1.3371e-01 +3.6026e+00 +1.4403e-01
3601 +1.475802103e-04 +1.475802103e-04 +6.001475802e-01 +6.001475802e-01 +2.5950e+00 -1.9890e+00 +1.2733e-01 +3.5947e+00 +1.4221e-01
3713 +9.692425039e-05 +9.692425039e-05 +6.000969243e-01 +6.000969243e-01 +2.5966e+00 -1.9869e+00 +1.2408e-01 +3.5896e+00 +1.4125e-01
4038 +6.287121543e-05 +6.287121543e-05 +6.000628712e-01 +6.000628712e-01 +2.5987e+00 -1.9842e+00 +1.1953e-01 +3.5830e+00 +1.3994e-01
4282 +3.931060074e-05 +3.931060074e-05 +6.000393106e-01 +6.000393106e-01 +2.5977e+00 -1.9839e+00 +1.1941e-01 +3.5810e+00 +1.3986e-01
4402 +2.422930732e-05 +2.422930732e-05 +6.000242293e-01 +6.000242293e-01 +2.5980e+00 -1.9824e+00 +1.1757e-01 +3.5769e+00 +1.3925e-01
4522 +1.572079598e-05 +1.572079598e-05 +6.000157208e-01 +6.000157208e-01 +2.5977e+00 -1.9818e+00 +1.1692e-01 +3.5747e+00 +1.3902e-01
4684 +9.986774883e-06 +9.986774883e-06 +6.000099868e-01 +6.000099868e-01 +2.5976e+00 -1.9810e+00 +1.1605e-01 +3.5721e+00 +1.3872e-01
4818 +6.296875163e-06 +6.296875163e-06 +6.000062969e-01 +6.000062969e-01 +2.5975e+00 -1.9800e+00 +1.1491e-01 +3.5688e+00 +1.3834e-01
% function evaluation | noise-free fitness - Fopt (-4.071000000000e+01) | best noise-free fitness - Fopt | measured fitness | best measured fitness | x1 | x2...
1 +3.292377256e+01 +3.292377256e+01 -7.786227438e+00 -7.786227438e+00 +3.1472e+00 +4.0579e+00 -3.7301e+00 +4.1338e+00 +1.3236e+00
2 +2.214196380e+01 +2.214196380e+01 -1.856803620e+01 -1.856803620e+01 -4.0246e+00 -2.2150e+00 +4.6882e-01 +4.5751e+00 +4.6489e+00
4 +1.561632012e+01 +1.561632012e+01 -2.509367988e+01 -2.509367988e+01 -3.5811e+00 -7.8239e-01 +4.1574e+00 +2.9221e+00 +4.5949e+00
10 +4.150377810e+00 +4.150377810e+00 -3.655962219e+01 -3.655962219e+01 -1.0236e-01 -5.4414e-01 +1.4631e+00 +2.0936e+00 +2.5469e+00
22 +3.784155169e+00 +3.784155169e+00 -3.692584483e+01 -3.692584483e+01 +1.0198e+00 -2.3703e+00 +1.5408e+00 +1.8921e+00 +2.4815e+00
89 +1.027949168e+00 +1.027949168e+00 -3.968205083e+01 -3.968205083e+01 +4.3220e-01 -2.6003e+00 +1.9828e+00 +1.4787e+00 -1.1313e+00
129 +9.736359991e-01 +9.736359991e-01 -3.973636400e+01 -3.973636400e+01 +1.3241e+00 -2.9713e+00 +1.3814e+00 +1.0566e+00 -2.3940e-01
152 +4.300246898e-01 +4.300246898e-01 -4.027997531e+01 -4.027997531e+01 +8.2595e-01 -3.0005e+00 +1.0911e+00 +1.6925e+00 -1.0305e+00
196 +2.769295047e-01 +2.769295047e-01 -4.043307050e+01 -4.043307050e+01 +6.8990e-01 -2.5088e+00 +1.6644e+00 +1.5796e+00 -4.9076e-01
309 +2.147100932e-01 +2.147100932e-01 -4.049528991e+01 -4.049528991e+01 +5.7104e-01 -2.9259e+00 +1.7046e+00 +1.6230e+00 -4.7244e-01
343 +1.583326193e-01 +1.583326193e-01 -4.055166738e+01 -4.055166738e+01 +6.6104e-01 -2.8182e+00 +1.3594e+00 +1.6471e+00 -5.0014e-01
380 +9.905779702e-02 +9.905779702e-02 -4.061094220e+01 -4.061094220e+01 +7.5988e-01 -2.8607e+00 +1.4314e+00 +1.7240e+00 -4.4616e-01
482 +4.744560568e-02 +4.744560568e-02 -4.066255439e+01 -4.066255439e+01 +7.1990e-01 -2.8211e+00 +1.5018e+00 +1.8333e+00 -4.9155e-01
665 +3.602662959e-02 +3.602662959e-02 -4.067397337e+01 -4.067397337e+01 +6.5262e-01 -2.8551e+00 +1.4618e+00 +1.8628e+00 -5.4429e-01
691 +1.705458987e-02 +1.705458987e-02 -4.069294541e+01 -4.069294541e+01 +6.1566e-01 -2.8637e+00 +1.3371e+00 +1.9956e+00 -5.9150e-01
960 +1.583089688e-02 +1.583089688e-02 -4.069416910e+01 -4.069416910e+01 +5.9585e-01 -2.8266e+00 +1.3294e+00 +1.9915e+00 -6.0737e-01
1333 +8.939776286e-03 +8.939776286e-03 -4.070106022e+01 -4.070106022e+01 +6.5079e-01 -2.7954e+00 +1.3720e+00 +1.9958e+00 -5.7111e-01
1651 +3.621725397e-03 +3.621725397e-03 -4.070637827e+01 -4.070637827e+01 +6.2135e-01 -2.7077e+00 +1.3824e+00 +2.0806e+00 -5.9295e-01
1946 +2.461769789e-03 +2.461769789e-03 -4.070753823e+01 -4.070753823e+01 +6.1280e-01 -2.6646e+00 +1.4029e+00 +2.1172e+00 -5.9714e-01
2214 +1.580930089e-03 +1.580930089e-03 -4.070841907e+01 -4.070841907e+01 +6.3868e-01 -2.7098e+00 +1.4054e+00 +2.1070e+00 -5.6957e-01
2336 +8.405079991e-04 +8.405079991e-04 -4.070915949e+01 -4.070915949e+01 +6.4518e-01 -2.6916e+00 +1.4224e+00 +2.1477e+00 -5.5766e-01
2391 +5.615277799e-04 +5.615277799e-04 -4.070943847e+01 -4.070943847e+01 +6.4525e-01 -2.7005e+00 +1.4188e+00 +2.1460e+00 -5.5655e-01
2611 +3.715495262e-04 +3.715495262e-04 -4.070962845e+01 -4.070962845e+01 +6.4264e-01 -2.6972e+00 +1.4230e+00 +2.1580e+00 -5.5525e-01
3013 +2.493776967e-04 +2.493776967e-04 -4.070975062e+01 -4.070975062e+01 +6.4274e-01 -2.6948e+00 +1.4185e+00 +2.1748e+00 -5.5409e-01
3171 +1.535183976e-04 +1.535183976e-04 -4.070984648e+01 -4.070984648e+01 +6.5033e-01 -2.7056e+00 +1.4151e+00 +2.1921e+00 -5.4435e-01
3326 +9.153592004e-05 +9.153592004e-05 -4.070990846e+01 -4.070990846e+01 +6.4917e-01 -2.7072e+00 +1.4126e+00 +2.1897e+00 -5.4590e-01
3423 +5.539561823e-05 +5.539561823e-05 -4.070994460e+01 -4.070994460e+01 +6.4997e-01 -2.7121e+00 +1.4099e+00 +2.1881e+00 -5.4528e-01
3493 +3.315957159e-05 +3.315957159e-05 -4.070996684e+01 -4.070996684e+01 +6.5139e-01 -2.7160e+00 +1.4072e+00 +2.1876e+00 -5.4436e-01
3525 +2.297935291e-05 +2.297935291e-05 -4.070997702e+01 -4.070997702e+01 +6.5252e-01 -2.7188e+00 +1.4052e+00 +2.1880e+00 -5.4350e-01
3618 +1.575193981e-05 +1.575193981e-05 -4.070998425e+01 -4.070998425e+01 +6.5462e-01 -2.7233e+00 +1.4017e+00 +2.1891e+00 -5.4190e-01
3688 +9.388401146e-06 +9.388401146e-06 -4.070999061e+01 -4.070999061e+01 +6.5925e-01 -2.7321e+00 +1.3966e+00 +2.1960e+00 -5.3707e-01
3805 +6.065118647e-06 +6.065118647e-06 -4.070999393e+01 -4.070999393e+01 +6.5744e-01 -2.7309e+00 +1.3972e+00 +2.1927e+00 -5.3892e-01
4093 +3.491225826e-06 +3.491225826e-06 -4.070999651e+01 -4.070999651e+01 +6.5838e-01 -2.7310e+00 +1.3974e+00 +2.1960e+00 -5.3764e-01
4245 +2.468265279e-06 +2.468265279e-06 -4.070999753e+01 -4.070999753e+01 +6.5889e-01 -2.7309e+00 +1.3975e+00 +2.1978e+00 -5.3694e-01
4514 +1.563013804e-06 +1.563013804e-06 -4.070999844e+01 -4.070999844e+01 +6.5903e-01 -2.7296e+00 +1.3985e+00 +2.2000e+00 -5.3648e-01
% function evaluation | noise-free fitness - Fopt (8.143200000000e+02) | best noise-free fitness - Fopt | measured fitness | best measured fitness | x1 | x2...
1 +7.370257620e+01 +7.370257620e+01 +8.880225762e+02 +8.880225762e+02 +3.1472e+00 +4.0579e+00 -3.7301e+00 +4.1338e+00 +1.3236e+00
2 +5.577623744e+01 +5.577623744e+01 +8.700962374e+02 +8.700962374e+02 -4.0246e+00 -2.2150e+00 +4.6882e-01 +4.5751e+00 +4.6489e+00
4 +2.945909721e+01 +2.945909721e+01 +8.437790972e+02 +8.437790972e+02 -3.5811e+00 -7.8239e-01 +4.1574e+00 +2.9221e+00 +4.5949e+00
5 +1.736291480e+01 +1.736291480e+01 +8.316829148e+02 +8.316829148e+02 +1.5574e+00 -4.6429e+00 +3.4913e+00 +4.3399e+00 +1.7874e+00
16 +1.030092138e+01 +1.030092138e+01 +8.246209214e+02 +8.246209214e+02 -1.5002e+00 -3.0340e+00 -2.4892e+00 +1.1604e+00 -2.6711e-01
62 +7.830254107e+00 +7.830254107e+00 +8.221502541e+02 +8.221502541e+02 +1.9819e-02 -2.6327e+00 +5.4079e-01 +1.3720e+00 +1.4815e+00
77 +3.965862240e+00 +3.965862240e+00 +8.182858622e+02 +8.182858622e+02 -5.2991e-01 -2.8412e+00 +1.4469e+00 -2.1104e+00 +1.5371e+00
246 +2.386771013e+00 +2.386771013e+00 +8.167067710e+02 +8.167067710e+02 -3.4226e+00 -3.5687e+00 +2.4990e+00 -2.6397e+00 +2.3655e+00
290 +1.487117661e+00 +1.487117661e+00 +8.158071177e+02 +8.158071177e+02 -2.8427e+00 -4.8717e+00 +2.5978e+00 -8.8893e-01 +1.9177e+00
301 +8.818795671e-01 +8.818795671e-01 +8.152018796e+02 +8.152018796e+02 -2.1238e+00 -4.0572e+00 +3.0756e+00 -1.2760e+00 +2.3184e+00
332 +2.451191461e-01 +2.451191461e-01 +8.145651191e+02 +8.145651191e+02 -2.8190e+00 -3.4026e+00 +3.6592e+00 -1.1295e+00 +2.0963e+00
442 +1.231156575e-01 +1.231156575e-01 +8.144431157e+02 +8.144431157e+02 -2.7425e+00 -3.9352e+00 +3.8196e+00 -1.6133e+00 +2.2911e+00
492 +8.962275021e-02 +8.962275021e-02 +8.144096228e+02 +8.144096228e+02 -2.7065e+00 -3.7701e+00 +3.9235e+00 -1.0850e+00 +1.7435e+00
530 +6.271862190e-02 +6.271862190e-02 +8.143827186e+02 +8.143827186e+02 -2.7300e+00 -4.0000e+00 +3.9521e+00 -1.1965e+00 +1.8189e+00
680 +1.958726861e-02 +1.958726861e-02 +8.143395873e+02 +8.143395873e+02 -2.7995e+00 -4.1032e+00 +3.7911e+00 -1.1946e+00 +2.2030e+00
858 +1.090930223e-02 +1.090930223e-02 +8.143309093e+02 +8.143309093e+02 -2.7888e+00 -4.0227e+00 +3.8048e+00 -1.2364e+00 +2.1973e+00
900 +9.071330957e-03 +9.071330957e-03 +8.143290713e+02 +8.143290713e+02 -2.7850e+00 -3.9892e+00 +3.8109e+00 -1.2535e+00 +2.1949e+00
1070 +6.015436704e-03 +6.015436704e-03 +8.143260154e+02 +8.143260154e+02 -2.7836e+00 -3.9508e+00 +3.8221e+00 -1.2676e+00 +2.1982e+00
2054 +3.745207337e-03 +3.745207337e-03 +8.143237452e+02 +8.143237452e+02 -2.7916e+00 -3.9376e+00 +3.8202e+00 -1.2501e+00 +2.1892e+00
2506 +2.472044968e-03 +2.472044968e-03 +8.143224720e+02 +8.143224720e+02 -2.8227e+00 -3.9706e+00 +3.8126e+00 -1.1991e+00 +2.1446e+00
2698 +1.508422478e-03 +1.508422478e-03 +8.143215084e+02 +8.143215084e+02 -2.8214e+00 -3.9515e+00 +3.8202e+00 -1.2057e+00 +2.1273e+00
2845 +9.455283298e-04 +9.455283298e-04 +8.143209455e+02 +8.143209455e+02 -2.8224e+00 -3.9277e+00 +3.8324e+00 -1.2068e+00 +2.0902e+00
3167 +6.115874259e-04 +6.115874259e-04 +8.143206116e+02 +8.143206116e+02 -2.8168e+00 -3.9129e+00 +3.8399e+00 -1.2094e+00 +2.0757e+00
3365 +3.826607500e-04 +3.826607500e-04 +8.143203827e+02 +8.143203827e+02 -2.8046e+00 -3.8610e+00 +3.8672e+00 -1.2312e+00 +2.0183e+00
3648 +2.437937186e-04 +2.437937186e-04 +8.143202438e+02 +8.143202438e+02 -2.8011e+00 -3.8646e+00 +3.8630e+00 -1.2294e+00 +2.0359e+00
3825 +1.521791481e-04 +1.521791481e-04 +8.143201522e+02 +8.143201522e+02 -2.7956e+00 -3.8512e+00 +3.8674e+00 -1.2315e+00 +2.0326e+00
4645 +9.982487597e-05 +9.982487597e-05 +8.143200998e+02 +8.143200998e+02 -2.7989e+00 -3.8588e+00 +3.8625e+00 -1.2253e+00 +2.0417e+00
% function evaluation | noise-free fitness - Fopt (-6.205000000000e+01) | best noise-free fitness - Fopt | measured fitness | best measured fitness | x1 | x2...
1 +2.971089989e+01 +2.971089989e+01 -3.233910011e+01 -3.233910011e+01 +3.1472e+00 +4.0579e+00 -3.7301e+00 +4.1338e+00 +1.3236e+00
6 +9.160797256e+00 +9.160797256e+00 -5.288920274e+01 -5.288920274e+01 +2.5774e+00 +2.4313e+00 -1.0777e+00 +1.5548e+00 -3.2881e+00
73 +4.118626456e+00 +4.118626456e+00 -5.793137354e+01 -5.793137354e+01 +2.6199e+00 -1.0261e-01 -1.5831e+00 +3.9121e-02 -3.0355e+00
88 +1.563308139e+00 +1.563308139e+00 -6.048669186e+01 -6.048669186e+01 +2.5194e+00 -5.1714e-02 -1.4693e+00 +2.5022e+00 -2.6555e+00
128 +6.179499169e-01 +6.179499169e-01 -6.143205008e+01 -6.143205008e+01 +2.1150e+00 -9.4358e-01 -1.2934e+00 +1.6104e+00 -1.7637e+00
248 +3.686380617e-01 +3.686380617e-01 -6.168136194e+01 -6.168136194e+01 +2.1039e+00 -5.7671e-01 -1.1516e+00 +2.1526e+00 -2.1753e+00
272 +2.445839522e-01 +2.445839522e-01 -6.180541605e+01 -6.180541605e+01 +2.4153e+00 -4.8040e-01 -6.7248e-01 +2.2989e+00 -1.2837e+00
311 +1.575146316e-01 +1.575146316e-01 -6.189248537e+01 -6.189248537e+01 +2.3433e+00 -5.4644e-01 -5.1061e-01 +2.0939e+00 -1.4839e+00
360 +6.762424679e-02 +6.762424679e-02 -6.198237575e+01 -6.198237575e+01 +2.2852e+00 -4.4468e-01 -7.6135e-01 +2.0053e+00 -1.6384e+00
446 +6.261452863e-02 +6.261452863e-02 -6.198738547e+01 -6.198738547e+01 +2.2474e+00 -4.7614e-01 -6.5648e-01 +2.0261e+00 -1.4516e+00
499 +3.770074205e-02 +3.770074205e-02 -6.201229926e+01 -6.201229926e+01 +2.3552e+00 -4.0375e-01 -6.5199e-01 +2.0816e+00 -1.5601e+00
1121 +2.261601925e-02 +2.261601925e-02 -6.202738398e+01 -6.202738398e+01 +2.2699e+00 -4.4917e-01 -6.8354e-01 +2.1172e+00 -1.7406e+00
1143 +1.556737782e-02 +1.556737782e-02 -6.203443262e+01 -6.203443262e+01 +2.1401e+00 -4.9738e-01 -7.0656e-01 +2.1050e+00 -1.8277e+00
1170 +7.479999158e-03 +7.479999158e-03 -6.204252000e+01 -6.204252000e+01 +2.1755e+00 -4.6317e-01 -6.8249e-01 +2.1035e+00 -1.7942e+00
1513 +5.689790613e-03 +5.689790613e-03 -6.204431021e+01 -6.204431021e+01 +2.1474e+00 -4.7673e-01 -6.8108e-01 +2.1170e+00 -1.8179e+00
2148 +2.515894917e-03 +2.515894917e-03 -6.204748411e+01 -6.204748411e+01 +2.1247e+00 -4.7687e-01 -6.5641e-01 +2.1156e+00 -1.7818e+00
2250 +2.308242850e-03 +2.308242850e-03 -6.204769176e+01 -6.204769176e+01 +2.1058e+00 -4.6551e-01 -6.4169e-01 +2.1057e+00 -1.7780e+00
2297 +1.198982781e-03 +1.198982781e-03 -6.204880102e+01 -6.204880102e+01 +2.0985e+00 -4.8029e-01 -6.4053e-01 +2.1084e+00 -1.7640e+00
2442 +9.458380485e-04 +9.458380485e-04 -6.204905416e+01 -6.204905416e+01 +2.1042e+00 -4.9107e-01 -6.3764e-01 +2.0994e+00 -1.7311e+00
2529 +6.054006234e-04 +6.054006234e-04 -6.204939460e+01 -6.204939460e+01 +2.0858e+00 -4.9016e-01 -6.3193e-01 +2.0974e+00 -1.7406e+00
2588 +3.171997889e-04 +3.171997889e-04 -6.204968280e+01 -6.204968280e+01 +2.0443e+00 -4.9964e-01 -6.1127e-01 +2.0969e+00 -1.7283e+00
2637 +2.511435196e-04 +2.511435196e-04 -6.204974886e+01 -6.204974886e+01 +2.0474e+00 -4.9957e-01 -6.1098e-01 +2.0978e+00 -1.7238e+00
2652 +1.342078654e-04 +1.342078654e-04 -6.204986579e+01 -6.204986579e+01 +2.0585e+00 -5.0588e-01 -6.1986e-01 +2.0990e+00 -1.7266e+00
2729 +6.202769896e-05 +6.202769896e-05 -6.204993797e+01 -6.204993797e+01 +2.0521e+00 -5.0125e-01 -6.1490e-01 +2.0972e+00 -1.7254e+00
2889 +3.009902258e-05 +3.009902258e-05 -6.204996990e+01 -6.204996990e+01 +2.0461e+00 -5.0108e-01 -6.1012e-01 +2.0955e+00 -1.7193e+00
3005 +2.340153750e-05 +2.340153750e-05 -6.204997660e+01 -6.204997660e+01 +2.0399e+00 -5.0136e-01 -6.0577e-01 +2.0943e+00 -1.7145e+00
3056 +1.465894005e-05 +1.465894005e-05 -6.204998534e+01 -6.204998534e+01 +2.0399e+00 -5.0150e-01 -6.0557e-01 +2.0938e+00 -1.7134e+00
3085 +8.570119817e-06 +8.570119817e-06 -6.204999143e+01 -6.204999143e+01 +2.0391e+00 -5.0206e-01 -6.0555e-01 +2.0939e+00 -1.7139e+00
3367 +6.150388288e-06 +6.150388288e-06 -6.204999385e+01 -6.204999385e+01 +2.0361e+00 -5.0197e-01 -6.0348e-01 +2.0933e+00 -1.7119e+00
3452 +3.702532453e-06 +3.702532453e-06 -6.204999630e+01 -6.204999630e+01 +2.0333e+00 -5.0364e-01 -6.0249e-01 +2.0929e+00 -1.7106e+00
3569 +2.507774688e-06 +2.507774688e-06 -6.204999749e+01 -6.204999749e+01 +2.0288e+00 -5.0445e-01 -6.0001e-01 +2.0923e+00 -1.7084e+00
3649 +1.438406677e-06 +1.438406677e-06 -6.204999856e+01 -6.204999856e+01 +2.0252e+00 -5.0532e-01 -5.9810e-01 +2.0917e+00 -1.7065e+00
3687 +9.959618197e-07 +9.959618197e-07 -6.204999900e+01 -6.204999900e+01 +2.0237e+00 -5.0576e-01 -5.9730e-01 +2.0914e+00 -1.7056e+00
3727 +5.288753897e-07 +5.288753897e-07 -6.204999947e+01 -6.204999947e+01 +2.0189e+00 -5.0691e-01 -5.9469e-01 +2.0906e+00 -1.7029e+00
4580 +3.965332951e-07 +3.965332951e-07 -6.204999960e+01 -6.204999960e+01 +2.0197e+00 -5.0677e-01 -5.9515e-01 +2.0907e+00 -1.7034e+00
% function evaluation | noise-free fitness - Fopt (-4.328000000000e+01) | best noise-free fitness - Fopt | measured fitness | best measured fitness | x1 | x2...
1 +2.243093841e+01 +2.243093841e+01 -2.084906159e+01 -2.084906159e+01 +3.1472e+00 +4.0579e+00 -3.7301e+00 +4.1338e+00 +1.3236e+00
4 +1.183378790e+01 +1.183378790e+01 -3.144621210e+01 -3.144621210e+01 -3.5811e+00 -7.8239e-01 +4.1574e+00 +2.9221e+00 +4.5949e+00
10 +5.651183839e+00 +5.651183839e+00 -3.762881616e+01 -3.762881616e+01 -1.0236e-01 -5.4414e-01 +1.4631e+00 +2.0936e+00 +2.5469e+00
57 +3.749209982e+00 +3.749209982e+00 -3.953079002e+01 -3.953079002e+01 -2.4834e+00 +2.3083e+00 -1.4736e-01 +1.4972e+00 +3.1719e+00
145 +2.152538749e+00 +2.152538749e+00 -4.112746125e+01 -4.112746125e+01 -1.8437e+00 +1.7380e+00 -1.9537e+00 +2.6015e+00 +2.8812e+00
162 +1.134585613e+00 +1.134585613e+00 -4.214541439e+01 -4.214541439e+01 -1.0362e+00 +1.7850e+00 -2.2119e+00 +1.6475e+00 +2.4228e+00
202 +2.886393838e-01 +2.886393838e-01 -4.299136062e+01 -4.299136062e+01 -9.1076e-01 +2.6687e+00 -3.0957e+00 +1.5003e+00 +2.6221e+00
368 +2.003091221e-01 +2.003091221e-01 -4.307969088e+01 -4.307969088e+01 -1.1638e-01 +2.2519e+00 -2.8926e+00 +1.4524e+00 +3.3684e+00
391 +1.515968375e-01 +1.515968375e-01 -4.312840316e+01 -4.312840316e+01 -7.8259e-01 +2.4639e+00 -2.9127e+00 +1.6677e+00 +2.7112e+00
471 +7.859845315e-02 +7.859845315e-02 -4.320140155e+01 -4.320140155e+01 -8.4028e-01 +2.5442e+00 -2.9216e+00 +1.4791e+00 +2.9023e+00
750 +2.216031886e-02 +2.216031886e-02 -4.325783968e+01 -4.325783968e+01 -5.8834e-01 +2.5522e+00 -2.9442e+00 +1.5510e+00 +2.9560e+00
987 +1.415459651e-02 +1.415459651e-02 -4.326584540e+01 -4.326584540e+01 -5.5791e-01 +2.5670e+00 -2.9638e+00 +1.5804e+00 +2.9774e+00
1408 +8.586924460e-03 +8.586924460e-03 -4.327141308e+01 -4.327141308e+01 -5.5317e-01 +2.5652e+00 -2.9541e+00 +1.5951e+00 +2.9999e+00
1414 +3.793867619e-03 +3.793867619e-03 -4.327620613e+01 -4.327620613e+01 -5.2635e-01 +2.6403e+00 -2.9037e+00 +1.6934e+00 +3.0611e+00
2106 +2.001422687e-03 +2.001422687e-03 -4.327799858e+01 -4.327799858e+01 -5.2935e-01 +2.6391e+00 -2.9077e+00 +1.6748e+00 +3.0568e+00
2173 +1.047327570e-03 +1.047327570e-03 -4.327895267e+01 -4.327895267e+01 -5.2772e-01 +2.6389e+00 -2.9109e+00 +1.6487e+00 +3.0545e+00
2326 +9.910769138e-04 +9.910769138e-04 -4.327900892e+01 -4.327900892e+01 -5.3378e-01 +2.6344e+00 -2.9125e+00 +1.6433e+00 +3.0567e+00
2716 +5.716886182e-04 +5.716886182e-04 -4.327942831e+01 -4.327942831e+01 -5.2139e-01 +2.6563e+00 -2.9006e+00 +1.6646e+00 +3.0668e+00
2845 +3.933581372e-04 +3.933581372e-04 -4.327960664e+01 -4.327960664e+01 -5.2002e-01 +2.6576e+00 -2.9005e+00 +1.6578e+00 +3.0683e+00
2969 +2.481285727e-04 +2.481285727e-04 -4.327975187e+01 -4.327975187e+01 -5.2172e-01 +2.6613e+00 -2.8983e+00 +1.6409e+00 +3.0786e+00
4645 +1.584616861e-04 +1.584616861e-04 -4.327984154e+01 -4.327984154e+01 -5.1609e-01 +2.6665e+00 -2.8960e+00 +1.6365e+00 +3.0834e+00
% function evaluation | noise-free fitness - Fopt (-3.916000000000e+01) | best noise-free fitness - Fopt | measured fitness | best measured fitness | x1 | x2...
1 +3.803510869e+01 +3.803510869e+01 -1.124891313e+00 -1.124891313e+00 +3.1472e+00 +4.0579e+00 -3.7301e+00 +4.1338e+00 +1.3236e+00
4 +1.401184522e+01 +1.401184522e+01 -2.514815478e+01 -2.514815478e+01 -3.5811e+00 -7.8239e-01 +4.1574e+00 +2.9221e+00 +4.5949e+00
10 +9.886962558e+00 +9.886962558e+00 -2.927303744e+01 -2.927303744e+01 -1.0236e-01 -5.4414e-01 +1.4631e+00 +2.0936e+00 +2.5469e+00
36 +3.143980680e+00 +3.143980680e+00 -3.601601932e+01 -3.601601932e+01 -3.3101e+00 +1.4912e+00 +2.3172e+00 +1.4775e+00 -4.9076e-01
108 +1.221131787e+00 +1.221131787e+00 -3.793886821e+01 -3.793886821e+01 -4.2669e+00 +1.7970e+00 +2.6930e+00 +2.3945e+00 -1.6545e+00
156 +6.081130494e-01 +6.081130494e-01 -3.855188695e+01 -3.855188695e+01 -4.0757e+00 +2.3720e+00 +2.6621e+00 +2.4251e+00 -2.3414e+00
288 +2.084624131e-01 +2.084624131e-01 -3.895153759e+01 -3.895153759e+01 -3.7205e+00 +1.9274e+00 +2.8610e+00 +3.0330e+00 -2.7348e+00
412 +5.807223603e-02 +5.807223603e-02 -3.910192776e+01 -3.910192776e+01 -3.6859e+00 +1.8946e+00 +2.4864e+00 +2.6792e+00 -2.9225e+00
630 +3.968275721e-02 +3.968275721e-02 -3.912031724e+01 -3.912031724e+01 -3.6989e+00 +1.9133e+00 +2.4271e+00 +2.6267e+00 -2.9692e+00
745 +1.882211663e-02 +1.882211663e-02 -3.914117788e+01 -3.914117788e+01 -3.5864e+00 +1.9572e+00 +2.6479e+00 +2.6877e+00 -2.9929e+00
940 +1.366653143e-02 +1.366653143e-02 -3.914633347e+01 -3.914633347e+01 -3.5215e+00 +1.9065e+00 +2.7067e+00 +2.7903e+00 -3.0125e+00
1275 +8.785506499e-03 +8.785506499e-03 -3.915121449e+01 -3.915121449e+01 -3.6493e+00 +1.9125e+00 +2.5686e+00 +2.7282e+00 -2.9813e+00
1452 +3.111685241e-03 +3.111685241e-03 -3.915688831e+01 -3.915688831e+01 -3.6118e+00 +1.8468e+00 +2.5526e+00 +2.7889e+00 -3.0420e+00
1671 +1.762958103e-03 +1.762958103e-03 -3.915823704e+01 -3.915823704e+01 -3.6067e+00 +1.8543e+00 +2.5709e+00 +2.7846e+00 -3.0378e+00
2023 +1.478196541e-03 +1.478196541e-03 -3.915852180e+01 -3.915852180e+01 -3.6075e+00 +1.8550e+00 +2.5747e+00 +2.7849e+00 -3.0357e+00
2531 +9.987398802e-04 +9.987398802e-04 -3.915900126e+01 -3.915900126e+01 -3.6198e+00 +1.8614e+00 +2.5675e+00 +2.7928e+00 -3.0238e+00
2675 +5.163345765e-04 +5.163345765e-04 -3.915948367e+01 -3.915948367e+01 -3.6169e+00 +1.8654e+00 +2.5633e+00 +2.8114e+00 -3.0131e+00
2746 +3.327214526e-04 +3.327214526e-04 -3.915966728e+01 -3.915966728e+01 -3.6170e+00 +1.8702e+00 +2.5583e+00 +2.8201e+00 -3.0037e+00
2812 +2.394156590e-04 +2.394156590e-04 -3.915976058e+01 -3.915976058e+01 -3.6230e+00 +1.8733e+00 +2.5582e+00 +2.8258e+00 -2.9977e+00
2893 +1.230966412e-04 +1.230966412e-04 -3.915987690e+01 -3.915987690e+01 -3.6219e+00 +1.8771e+00 +2.5553e+00 +2.8382e+00 -2.9892e+00
2966 +8.214775222e-05 +8.214775222e-05 -3.915991785e+01 -3.915991785e+01 -3.6238e+00 +1.8729e+00 +2.5517e+00 +2.8402e+00 -2.9920e+00
3006 +5.722199063e-05 +5.722199063e-05 -3.915994278e+01 -3.915994278e+01 -3.6245e+00 +1.8733e+00 +2.5490e+00 +2.8494e+00 -2.9878e+00
3110 +3.145223562e-05 +3.145223562e-05 -3.915996855e+01 -3.915996855e+01 -3.6274e+00 +1.8757e+00 +2.5469e+00 +2.8525e+00 -2.9834e+00
3233 +2.485341205e-05 +2.485341205e-05 -3.915997515e+01 -3.915997515e+01 -3.6286e+00 +1.8763e+00 +2.5445e+00 +2.8573e+00 -2.9806e+00
3281 +1.427240304e-05 +1.427240304e-05 -3.915998573e+01 -3.915998573e+01 -3.6320e+00 +1.8761e+00 +2.5409e+00 +2.8608e+00 -2.9784e+00
3326 +9.095442991e-06 +9.095442991e-06 -3.915999090e+01 -3.915999090e+01 -3.6314e+00 +1.8751e+00 +2.5414e+00 +2.8613e+00 -2.9795e+00
3365 +4.562483227e-06 +4.562483227e-06 -3.915999544e+01 -3.915999544e+01 -3.6335e+00 +1.8750e+00 +2.5382e+00 +2.8672e+00 -2.9767e+00
3424 +3.924627372e-06 +3.924627372e-06 -3.915999608e+01 -3.915999608e+01 -3.6332e+00 +1.8749e+00 +2.5388e+00 +2.8664e+00 -2.9772e+00
% function evaluation | noise-free fitness - Fopt (-1.732800000000e+02) | best noise-free fitness - Fopt | measured fitness | best measured fitness | x1 | x2...
1 +2.036819911e+02 +2.036819911e+02 +3.040199106e+01 +3.040199106e+01 +3.1472e+00 +4.0579e+00 -3.7301e+00 +4.1338e+00 +1.3236e+00
2 +1.259574545e+02 +1.259574545e+02 -4.732254551e+01 -4.732254551e+01 -4.0246e+00 -2.2150e+00 +4.6882e-01 +4.5751e+00 +4.6489e+00
3 +3.010323758e+01 +3.010323758e+01 -1.431767624e+02 -1.431767624e+02 -3.4239e+00 +4.7059e+00 +4.5717e+00 -1.4624e-01 +3.0028e+00
9 +1.181730929e+01 +1.181730929e+01 -1.614626907e+02 -1.614626907e+02 -6.1256e-01 -1.1844e+00 +2.6552e+00 +2.9520e+00 -3.1313e+00
18 +9.351527041e+00 +9.351527041e+00 -1.639284730e+02 -1.639284730e+02 -2.1416e+00 +2.5720e+00 +2.5373e+00 -1.1955e+00 +6.7822e-01
36 +6.140175705e+00 +6.140175705e+00 -1.671398243e+02 -1.671398243e+02 -3.3101e+00 +1.4912e+00 +2.3172e+00 +1.4775e+00 -4.9076e-01
117 +3.384874617e+00 +3.384874617e+00 -1.698951254e+02 -1.698951254e+02 -1.5299e+00 -3.6792e-02 +3.1193e+00 -1.1104e+00 +4.4131e-01
138 +2.068666057e+00 +2.068666057e+00 -1.712113339e+02 -1.712113339e+02 -2.9985e+00 +3.0498e-01 +3.1327e+00 -2.9961e-01 -2.1772e-01
139 +1.501265020e+00 +1.501265020e+00 -1.717787350e+02 -1.717787350e+02 -2.4364e+00 -1.4605e+00 +3.3080e+00 -2.0833e-01 +1.3401e+00
223 +9.648960574e-01 +9.648960574e-01 -1.723151039e+02 -1.723151039e+02 -2.8619e+00 +1.7913e-02 +2.2898e+00 -8.6663e-01 +1.4267e+00
243 +2.334958429e-01 +2.334958429e-01 -1.730465042e+02 -1.730465042e+02 -2.5891e+00 -9.5909e-01 +2.1107e+00 -1.0749e+00 +2.6044e-01
382 +1.234236521e-01 +1.234236521e-01 -1.731565763e+02 -1.731565763e+02 -2.5442e+00 -8.6391e-01 +2.3340e+00 -8.5170e-01 +9.9488e-01
503 +8.649142847e-02 +8.649142847e-02 -1.731935086e+02 -1.731935086e+02 -2.6068e+00 -9.3626e-01 +2.4227e+00 -1.1115e+00 +6.1980e-01
536 +4.713523582e-02 +4.713523582e-02 -1.732328648e+02 -1.732328648e+02 -2.6299e+00 -8.4388e-01 +2.3949e+00 -1.0299e+00 +7.5486e-01
606 +2.512559993e-02 +2.512559993e-02 -1.732548744e+02 -1.732548744e+02 -2.6642e+00 -8.2301e-01 +2.4168e+00 -1.1213e+00 +5.8047e-01
745 +2.375732673e-02 +2.375732673e-02 -1.732562427e+02 -1.732562427e+02 -2.6503e+00 -8.2488e-01 +2.4235e+00 -1.1255e+00 +5.9362e-01
831 +1.307019571e-02 +1.307019571e-02 -1.732669298e+02 -1.732669298e+02 -2.6986e+00 -8.3296e-01 +2.4276e+00 -1.0695e+00 +5.7535e-01
1354 +9.581534925e-03 +9.581534925e-03 -1.732704185e+02 -1.732704185e+02 -2.7471e+00 -8.4442e-01 +2.4326e+00 -1.0303e+00 +5.5783e-01
1430 +5.102213168e-03 +5.102213168e-03 -1.732748978e+02 -1.732748978e+02 -2.7585e+00 -8.5754e-01 +2.4522e+00 -1.0617e+00 +5.8613e-01
1882 +3.312687169e-03 +3.312687169e-03 -1.732766873e+02 -1.732766873e+02 -2.8002e+00 -8.5061e-01 +2.4766e+00 -1.0549e+00 +5.6642e-01
2052 +2.245543140e-03 +2.245543140e-03 -1.732777545e+02 -1.732777545e+02 -2.8382e+00 -8.5423e-01 +2.5121e+00 -1.0578e+00 +5.9503e-01
2463 +1.558581192e-03 +1.558581192e-03 -1.732784414e+02 -1.732784414e+02 -2.8454e+00 -8.5732e-01 +2.5043e+00 -1.0459e+00 +5.8856e-01
2557 +9.604339547e-04 +9.604339547e-04 -1.732790396e+02 -1.732790396e+02 -2.8530e+00 -8.6719e-01 +2.4956e+00 -1.0394e+00 +5.8543e-01
2643 +5.766821634e-04 +5.766821634e-04 -1.732794233e+02 -1.732794233e+02 -2.8682e+00 -8.7598e-01 +2.4924e+00 -1.0278e+00 +5.8697e-01
2685 +3.974736618e-04 +3.974736618e-04 -1.732796025e+02 -1.732796025e+02 -2.8872e+00 -8.8731e-01 +2.4870e+00 -1.0148e+00 +5.8491e-01
2767 +1.598719202e-04 +1.598719202e-04 -1.732798401e+02 -1.732798401e+02 -2.8924e+00 -8.9060e-01 +2.4819e+00 -1.0082e+00 +5.7924e-01
2816 +1.235510577e-04 +1.235510577e-04 -1.732798764e+02 -1.732798764e+02 -2.9047e+00 -8.9956e-01 +2.4741e+00 -9.9908e-01 +5.7321e-01
2892 +9.515683243e-05 +9.515683243e-05 -1.732799048e+02 -1.732799048e+02 -2.8941e+00 -8.9274e-01 +2.4800e+00 -1.0038e+00 +5.8191e-01
2980 +5.284100646e-05 +5.284100646e-05 -1.732799472e+02 -1.732799472e+02 -2.9093e+00 -8.9940e-01 +2.4781e+00 -9.9350e-01 +5.7963e-01
3005 +3.664330069e-05 +3.664330069e-05 -1.732799634e+02 -1.732799634e+02 -2.9047e+00 -8.9719e-01 +2.4793e+00 -9.9598e-01 +5.8176e-01
3346 +2.270425472e-05 +2.270425472e-05 -1.732799773e+02 -1.732799773e+02 -2.9071e+00 -8.9814e-01 +2.4796e+00 -9.9336e-01 +5.8355e-01
3486 +1.566160961e-05 +1.566160961e-05 -1.732799843e+02 -1.732799843e+02 -2.9092e+00 -8.9917e-01 +2.4793e+00 -9.9119e-01 +5.8426e-01
3565 +9.447928505e-06 +9.447928505e-06 -1.732799906e+02 -1.732799906e+02 -2.9123e+00 -9.0090e-01 +2.4786e+00 -9.8770e-01 +5.8503e-01
3922 +6.144891472e-06 +6.144891472e-06 -1.732799939e+02 -1.732799939e+02 -2.9177e+00 -9.0356e-01 +2.4780e+00 -9.8161e-01 +5.8757e-01
4323 +3.952935458e-06 +3.952935458e-06 -1.732799960e+02 -1.732799960e+02 -2.9202e+00 -9.0494e-01 +2.4776e+00 -9.7843e-01 +5.8910e-01
4784 +2.488814062e-06 +2.488814062e-06 -1.732799975e+02 -1.732799975e+02 -2.9200e+00 -9.0516e-01 +2.4772e+00 -9.7824e-01 +5.8910e-01
% function evaluation | noise-free fitness - Fopt (-1.017000000000e+01) | best noise-free fitness - Fopt | measured fitness | best measured fitness | x1 | x2...
1 +1.315283439e+02 +1.315283439e+02 +1.213583439e+02 +1.213583439e+02 +3.1472e+00 +4.0579e+00 -3.7301e+00 +4.1338e+00 +1.3236e+00
2 +6.725518087e+01 +6.725518087e+01 +5.708518087e+01 +5.708518087e+01 -4.0246e+00 -2.2150e+00 +4.6882e-01 +4.5751e+00 +4.6489e+00
3 +3.102644120e+01 +3.102644120e+01 +2.085644120e+01 +2.085644120e+01 -3.4239e+00 +4.7059e+00 +4.5717e+00 -1.4624e-01 +3.0028e+00
10 +2.493228397e+01 +2.493228397e+01 +1.476228397e+01 +1.476228397e+01 -1.0236e-01 -5.4414e-01 +1.4631e+00 +2.0936e+00 +2.5469e+00
15 +5.536715426e+00 +5.536715426e+00 -4.633284574e+00 -4.633284574e+00 +3.4072e+00 -2.4572e+00 +3.1428e+00 -2.5648e+00 +4.2926e+00
97 +3.075860361e+00 +3.075860361e+00 -7.094139639e+00 -7.094139639e+00 +4.1253e-01 +1.4124e+00 +2.7486e+00 -1.3987e+00 +5.0000e+00
98 +1.780448083e+00 +1.780448083e+00 -8.389551917e+00 -8.389551917e+00 -1.4161e-01 +2.5447e+00 +2.5373e+00 -1.0250e+00 +2.6782e+00
159 +6.353622010e-01 +6.353622010e-01 -9.534637799e+00 -9.534637799e+00 +2.3031e+00 +1.6848e+00 +2.8679e+00 -1.4027e+00 +2.4678e+00
215 +3.855542918e-01 +3.855542918e-01 -9.784445708e+00 -9.784445708e+00 +1.7557e+00 +1.6584e+00 +2.4522e+00 -9.2658e-01 +2.7234e+00
250 +1.002082532e-01 +1.002082532e-01 -1.006979175e+01 -1.006979175e+01 +1.5485e+00 +1.6058e+00 +2.4900e+00 -1.6305e+00 +2.6381e+00
309 +9.290617278e-02 +9.290617278e-02 -1.007709383e+01 -1.007709383e+01 +1.5274e+00 +1.8664e+00 +2.7653e+00 -1.6118e+00 +2.8726e+00
382 +5.022199519e-02 +5.022199519e-02 -1.011977800e+01 -1.011977800e+01 +1.5933e+00 +1.8424e+00 +2.7123e+00 -1.5272e+00 +2.9211e+00
477 +3.808687915e-02 +3.808687915e-02 -1.013191312e+01 -1.013191312e+01 +1.3745e+00 +1.6901e+00 +2.7336e+00 -1.7347e+00 +2.8870e+00
668 +2.431946450e-02 +2.431946450e-02 -1.014568054e+01 -1.014568054e+01 +1.4166e+00 +1.7030e+00 +2.7109e+00 -1.6861e+00 +2.8622e+00
695 +5.645152942e-03 +5.645152942e-03 -1.016435485e+01 -1.016435485e+01 +1.5150e+00 +1.7645e+00 +2.6598e+00 -1.5501e+00 +2.9855e+00
1207 +2.664765934e-03 +2.664765934e-03 -1.016733523e+01 -1.016733523e+01 +1.4870e+00 +1.7350e+00 +2.6852e+00 -1.5578e+00 +2.9534e+00
1358 +2.491159167e-03 +2.491159167e-03 -1.016750884e+01 -1.016750884e+01 +1.4850e+00 +1.7318e+00 +2.6877e+00 -1.5542e+00 +2.9551e+00
1429 +1.389214032e-03 +1.389214032e-03 -1.016861079e+01 -1.016861079e+01 +1.4678e+00 +1.7158e+00 +2.6768e+00 -1.5641e+00 +2.9518e+00
1765 +8.923249528e-04 +8.923249528e-04 -1.016910768e+01 -1.016910768e+01 +1.4856e+00 +1.7321e+00 +2.6820e+00 -1.5655e+00 +2.9481e+00
1872 +2.741622432e-04 +2.741622432e-04 -1.016972584e+01 -1.016972584e+01 +1.4674e+00 +1.7130e+00 +2.6744e+00 -1.5800e+00 +2.9299e+00
2155 +2.406105785e-04 +2.406105785e-04 -1.016975939e+01 -1.016975939e+01 +1.4658e+00 +1.7108e+00 +2.6746e+00 -1.5795e+00 +2.9288e+00
2690 +1.360631125e-04 +1.360631125e-04 -1.016986394e+01 -1.016986394e+01 +1.4620e+00 +1.7217e+00 +2.6772e+00 -1.5826e+00 +2.9456e+00
2721 +8.499008430e-05 +8.499008430e-05 -1.016991501e+01 -1.016991501e+01 +1.4620e+00 +1.7254e+00 +2.6780e+00 -1.5843e+00 +2.9493e+00
3243 +6.245366614e-05 +6.245366614e-05 -1.016993755e+01 -1.016993755e+01 +1.4609e+00 +1.7258e+00 +2.6766e+00 -1.5874e+00 +2.9482e+00
3490 +3.906766656e-05 +3.906766656e-05 -1.016996093e+01 -1.016996093e+01 +1.4568e+00 +1.7299e+00 +2.6730e+00 -1.5957e+00 +2.9516e+00
3641 +2.396161828e-05 +2.396161828e-05 -1.016997604e+01 -1.016997604e+01 +1.4531e+00 +1.7339e+00 +2.6696e+00 -1.6034e+00 +2.9546e+00
