% function evaluation | noise-free fitness - Fopt (4.078000000000e+01) | best noise-free fitness - Fopt | measured fitness | best measured fitness | x1 | x2...
1 +8.641150832e+00 +8.641150832e+00 +4.942115083e+01 +4.942115083e+01 -2.8999e+00 +4.1814e+00
3 +1.989746975e+00 +1.989746975e+00 +4.276974697e+01 +4.276974697e+01 -2.0330e+00 -1.8075e+00
43 +1.619696962e-01 +1.619696962e-01 +4.094196970e+01 +4.094196970e+01 -2.7871e+00 -2.2040e+00
123 +1.388670030e-01 +1.388670030e-01 +4.091886700e+01 +4.091886700e+01 -1.9135e+00 -1.2040e+00
336 +3.182435741e-02 +3.182435741e-02 +4.081182436e+01 +4.081182436e+01 -2.4786e+00 -1.6171e+00
971 +2.444149178e-02 +2.444149178e-02 +4.080444149e+01 +4.080444149e+01 -2.5921e+00 -1.7122e+00
1056 +3.899552673e-03 +3.899552673e-03 +4.078389955e+01 +4.078389955e+01 -2.2658e+00 -1.5462e+00
1216 +4.489938975e-04 +4.489938975e-04 +4.078044899e+01 +4.078044899e+01 -2.4158e+00 -1.6719e+00
2416 +2.221448117e-04 +2.221448117e-04 +4.078022214e+01 +4.078022214e+01 -2.3727e+00 -1.6719e+00
3154 +3.043960511e-06 +3.043960511e-06 +4.078000304e+01 +4.078000304e+01 -2.4974e+00 -1.7875e+00
4834 +8.090147929e-08 +8.090147929e-08 +4.078000008e+01 +4.078000008e+01 -2.5226e+00 -1.7987e+00
7228 +1.357037149e-08 +1.357037149e-08 +4.078000001e+01 +4.078000001e+01 -2.5242e+00 -1.7918e+00
10188 +4.040927593e-10 +4.040927593e-10 +4.078000000e+01 +4.078000000e+01 -2.5200e+00 -1.7918e+00
% function evaluation | noise-free fitness - Fopt (-1.600000000000e+00) | best noise-free fitness - Fopt | measured fitness | best measured fitness | x1 | x2...
1 +9.322296681e+00 +9.322296681e+00 +7.722296681e+00 +7.722296681e+00 +2.8573e-02 +1.2358e+00
14 +2.003576240e+00 +2.003576240e+00 +4.035762403e-01 +4.035762403e-01 -2.8338e+00 -2.5386e+00
78 +1.317869102e+00 +1.317869102e+00 -2.821308976e-01 -2.821308976e-01 +2.1119e+00 -1.8543e+00
84 +5.152765724e-01 +5.152765724e-01 -1.084723428e+00 -1.084723428e+00 +1.2338e+00 -2.2575e+00
85 +2.223376378e-01 +2.223376378e-01 -1.377662362e+00 -1.377662362e+00 +1.1927e+00 -1.8296e+00
93 +9.743186183e-02 +9.743186183e-02 -1.502568138e+00 -1.502568138e+00 +6.4584e-01 -2.1003e+00
102 +6.728096189e-04 +6.728096189e-04 -1.599327190e+00 -1.599327190e+00 +1.0499e+00 -1.9679e+00
204 +3.188444471e-04 +3.188444471e-04 -1.599681156e+00 -1.599681156e+00 +9.6438e-01 -1.9795e+00
724 +5.999847115e-06 +5.999847115e-06 -1.599994000e+00 -1.599994000e+00 +1.0854e+00 -2.0196e+00
3143 +6.144363545e-07 +6.144363545e-07 -1.599999386e+00 -1.599999386e+00 +1.1522e+00 -2.0078e+00
4401 +2.968127744e-09 +2.968127744e-09 -1.599999997e+00 -1.599999997e+00 +1.1256e+00 -2.0104e+00
% function evaluation | noise-free fitness - Fopt (-3.708400000000e+02) | best noise-free fitness - Fopt | measured fitness | best measured fitness | x1 | x2...
1 +3.195368377e+00 +3.195368377e+00 -3.676446316e+02 -3.676446316e+02 +2.7913e+00 +4.4848e+00
25 +2.293948133e+00 +2.293948133e+00 -3.685460519e+02 -3.685460519e+02 +3.4638e+00 -1.8370e+00
55 +1.249970933e-01 +1.249970933e-01 -3.707150029e+02 -3.707150029e+02 +2.8066e+00 -5.2956e-01
73 +3.429611443e-03 +3.429611443e-03 -3.708365704e+02 -3.708365704e+02 +2.7922e+00 -6.9260e-01
2405 +4.447784899e-04 +4.447784899e-04 -3.708395552e+02 -3.708395552e+02 +3.3084e+00 -8.9558e-01
3205 +3.674834755e-05 +3.674834755e-05 -3.708399633e+02 -3.708399633e+02 +3.1258e+00 -8.3584e-01
7049 +2.099547766e-05 +2.099547766e-05 -3.708399790e+02 -3.708399790e+02 +3.1996e+00 -8.4799e-01
8495 +8.397249076e-06 +8.397249076e-06 -3.708399916e+02 -3.708399916e+02 +3.0488e+00 -7.9225e-01
10030 +8.102520610e-07 +8.102520610e-07 -3.708399992e+02 -3.708399992e+02 +3.0972e+00 -7.9425e-01
13230 +1.374000931e-07 +1.374000931e-07 -3.708399999e+02 -3.708399999e+02 +3.0972e+00 -8.0610e-01
14269 +2.634351404e-09 +2.634351404e-09 -3.708400000e+02 -3.708400000e+02 +3.1178e+00 -8.1189e-01
% function evaluation | noise-free fitness - Fopt (-3.256000000000e+01) | best noise-free fitness - Fopt | measured fitness | best measured fitness | x1 | x2...
1 +1.123940971e+01 +1.123940971e+01 -2.132059029e+01 -2.132059029e+01 +3.2127e+00 +2.2105e-01
5 +8.454553424e+00 +8.454553424e+00 -2.410544658e+01 -2.410544658e+01 -4.8712e+00 +9.7352e-01
10 +2.097623242e+00 +2.097623242e+00 -3.046237676e+01 -3.046237676e+01 -9.4856e-01 -1.3566e+00
11 +1.165481698e-01 +1.165481698e-01 -3.244345183e+01 -3.244345183e+01 +5.4910e-01 -3.5905e+00
74 +2.702045388e-02 +2.702045388e-02 -3.253297955e+01 -3.253297955e+01 +6.5149e-01 -3.6926e+00
1074 +1.083508114e-02 +1.083508114e-02 -3.254916492e+01 -3.254916492e+01 +1.2066e+00 -3.2108e+00
1394 +4.069013384e-03 +4.069013384e-03 -3.255593099e+01 -3.255593099e+01 +1.2066e+00 -3.0262e+00
2119 +4.523513201e-04 +4.523513201e-04 -3.255954765e+01 -3.255954765e+01 +1.1173e+00 -3.2405e+00
2199 +1.883665969e-04 +1.883665969e-04 -3.255981163e+01 -3.255981163e+01 +1.1173e+00 -3.1552e+00
2839 +6.496511363e-05 +6.496511363e-05 -3.255993503e+01 -3.255993503e+01 +1.1052e+00 -3.1760e+00
4092 +5.169742199e-05 +5.169742199e-05 -3.255994830e+01 -3.255994830e+01 +9.5845e-01 -3.3421e+00
4252 +2.713089959e-05 +2.713089959e-05 -3.255997287e+01 -3.255997287e+01 +9.8197e-01 -3.3315e+00
4439 +2.455551355e-05 +2.455551355e-05 -3.255997544e+01 -3.255997544e+01 +1.1222e+00 -3.1820e+00
4811 +9.564634240e-08 +9.564634240e-08 -3.255999990e+01 -3.255999990e+01 +1.0424e+00 -3.2677e+00
5931 +8.840572718e-10 +8.840572718e-10 -3.256000000e+01 -3.256000000e+01 +1.0444e+00 -3.2593e+00
% function evaluation | noise-free fitness - Fopt (5.154000000000e+02) | best noise-free fitness - Fopt | measured fitness | best measured fitness | x1 | x2...
1 +1.918489102e+01 +1.918489102e+01 +5.345848910e+02 +5.345848910e+02 +2.0584e+00 +2.6753e+00
2 +6.445117122e+00 +6.445117122e+00 +5.218451171e+02 +5.218451171e+02 +9.9957e-01 +6.7614e-01
3 +5.537608406e+00 +5.537608406e+00 +5.209376084e+02 +5.209376084e+02 +4.0345e+00 -3.1954e+00
11 +2.641598765e+00 +2.641598765e+00 +5.180415988e+02 +5.180415988e+02 +4.4346e+00 +2.9844e+00
22 +2.120525505e+00 +2.120525505e+00 +5.175205255e+02 +5.175205255e+02 +3.7282e+00 +3.5691e+00
56 +1.261673229e-01 +1.261673229e-01 +5.155261673e+02 +5.155261673e+02 -2.7671e+00 -4.1012e-01
496 +7.294206960e-02 +7.294206960e-02 +5.154729421e+02 +5.154729421e+02 -2.9119e+00 -4.5786e-01
576 +2.231169459e-02 +2.231169459e-02 +5.154223117e+02 +5.154223117e+02 -2.9119e+00 -5.4247e-01
896 +1.511219306e-02 +1.511219306e-02 +5.154151122e+02 +5.154151122e+02 -3.0335e+00 -5.4247e-01
2107 +5.184580550e-03 +5.184580550e-03 +5.154051846e+02 +5.154051846e+02 -3.1068e+00 -6.4508e-01
2279 +3.711708908e-03 +3.711708908e-03 +5.154037117e+02 +5.154037117e+02 -3.8228e+00 -8.2081e-01
3366 +1.035340324e-03 +1.035340324e-03 +5.154010353e+02 +5.154010353e+02 -3.2089e+00 -6.3627e-01
3686 +9.151834606e-04 +9.151834606e-04 +5.154009152e+02 +5.154009152e+02 -3.2405e+00 -6.3627e-01
3857 +5.129893781e-04 +5.129893781e-04 +5.154005130e+02 +5.154005130e+02 -3.6850e+00 -7.9479e-01
4093 +3.718698872e-05 +3.718698872e-05 +5.154000372e+02 +5.154000372e+02 -3.3632e+00 -7.0112e-01
4253 +1.332518480e-05 +1.332518480e-05 +5.154000133e+02 +5.154000133e+02 -3.4323e+00 -7.0112e-01
4813 +6.539665037e-06 +6.539665037e-06 +5.154000065e+02 +5.154000065e+02 -3.4245e+00 -7.0317e-01
5773 +1.569734536e-06 +1.569734536e-06 +5.154000016e+02 +5.154000016e+02 -3.4290e+00 -7.1022e-01
6893 +5.990260661e-07 +5.990260661e-07 +5.154000006e+02 +5.154000006e+02 -3.4357e+00 -7.1392e-01
8973 +1.023471441e-07 +1.023471441e-07 +5.154000001e+02 +5.154000001e+02 -3.4500e+00 -7.2393e-01
10016 +4.980086032e-08 +4.980086032e-08 +5.154000000e+02 +5.154000000e+02 -3.4702e+00 -7.2367e-01
10173 +7.231392374e-09 +7.231392374e-09 +5.154000000e+02 +5.154000000e+02 -3.4610e+00 -7.2393e-01
% function evaluation | noise-free fitness - Fopt (9.862300000000e+02) | best noise-free fitness - Fopt | measured fitness | best measured fitness | x1 | x2...
1 +5.769094518e+00 +5.769094518e+00 +9.919990945e+02 +9.919990945e+02 -1.4204e+00 -2.4351e+00
2 +2.016937867e+00 +2.016937867e+00 +9.882469379e+02 +9.882469379e+02 +4.1466e+00 -2.9936e+00
71 +1.702401123e-01 +1.702401123e-01 +9.864002401e+02 +9.864002401e+02 -3.5376e+00 -3.2820e+00
216 +1.487550236e-01 +1.487550236e-01 +9.863787550e+02 +9.863787550e+02 -3.2358e+00 -4.4459e+00
724 +8.060257835e-05 +8.060257835e-05 +9.862300806e+02 +9.862300806e+02 -3.6449e+00 -3.5249e+00
1510 +2.284039965e-06 +2.284039965e-06 +9.862300023e+02 +9.862300023e+02 -3.5773e+00 -3.6137e+00
3234 +2.453563184e-07 +2.453563184e-07 +9.862300002e+02 +9.862300002e+02 -3.6176e+00 -3.5377e+00
5710 +5.197989594e-09 +5.197989594e-09 +9.862300000e+02 +9.862300000e+02 -3.6056e+00 -3.5518e+00
% function evaluation | noise-free fitness - Fopt (1.240800000000e+02) | best noise-free fitness - Fopt | measured fitness | best measured fitness | x1 | x2...
1 +5.447055681e+01 +5.447055681e+01 +1.785505568e+02 +1.785505568e+02 +4.9601e+00 +2.8441e+00
2 +6.916880799e+00 +6.916880799e+00 +1.309968808e+02 +1.309968808e+02 +2.4862e-01 +3.4162e+00
10 +2.012220777e+00 +2.012220777e+00 +1.260922208e+02 +1.260922208e+02 +6.4524e-01 -4.7802e+00
27 +1.544410040e-03 +1.544410040e-03 +1.240815444e+02 +1.240815444e+02 -3.7974e+00 -4.5457e-01
277 +2.010493629e-04 +2.010493629e-04 +1.240802010e+02 +1.240802010e+02 -3.4274e+00 -6.3999e-01
483 +5.826450490e-06 +5.826450490e-06 +1.240800058e+02 +1.240800058e+02 -3.5864e+00 -5.4324e-01
563 +1.564578980e-06 +1.564578980e-06 +1.240800016e+02 +1.240800016e+02 -3.5231e+00 -5.5943e-01
2803 +4.802416669e-07 +4.802416669e-07 +1.240800005e+02 +1.240800005e+02 -3.5362e+00 -5.5664e-01
2998 +2.764513738e-07 +2.764513738e-07 +1.240800003e+02 +1.240800003e+02 -3.5411e+00 -5.6716e-01
3716 +2.374065389e-10 +2.374065389e-10 +1.240800000e+02 +1.240800000e+02 -3.5175e+00 -5.7218e-01
% function evaluation | noise-free fitness - Fopt (-4.683100000000e+02) | best noise-free fitness - Fopt | measured fitness | best measured fitness | x1 | x2...
1 +7.124209315e+00 +7.124209315e+00 -4.611857907e+02 -4.611857907e+02 -7.5125e-01 -3.6156e+00
4 +5.127795680e+00 +5.127795680e+00 -4.631822043e+02 -4.631822043e+02 +3.6489e-01 -3.6772e+00
17 +1.978983837e+00 +1.978983837e+00 -4.663310162e+02 -4.663310162e+02 -3.8412e+00 +2.0841e+00
64 +1.203891277e+00 +1.203891277e+00 -4.671061087e+02 -4.671061087e+02 -4.1782e+00 +1.3283e+00
210 +6.039750524e-01 +6.039750524e-01 -4.677060249e+02 -4.677060249e+02 -1.7361e+00 +8.0198e-01
224 +7.905718866e-02 +7.905718866e-02 -4.682309428e+02 -4.682309428e+02 -2.1782e+00 +8.6175e-01
418 +1.084806391e-03 +1.084806391e-03 -4.683089152e+02 -4.683089152e+02 -3.0303e+00 +1.1413e+00
751 +1.018264385e-04 +1.018264385e-04 -4.683098982e+02 -4.683098982e+02 -3.0288e+00 +1.0973e+00
1382 +9.364074901e-05 +9.364074901e-05 -4.683099064e+02 -4.683099064e+02 -2.8084e+00 +1.0448e+00
1551 +7.803921221e-06 +7.803921221e-06 -4.683099922e+02 -4.683099922e+02 -2.9642e+00 +1.0713e+00
3145 +5.430791816e-06 +5.430791816e-06 -4.683099946e+02 -4.683099946e+02 -2.9363e+00 +1.0562e+00
3929 +5.031762385e-08 +5.031762385e-08 -4.683099999e+02 -4.683099999e+02 -2.8907e+00 +1.0537e+00
5551 +5.551328286e-10 +5.551328286e-10 -4.683100000e+02 -4.683100000e+02 -2.8824e+00 +1.0477e+00
% function evaluation | noise-free fitness - Fopt (-6.062000000000e+01) | best noise-free fitness - Fopt | measured fitness | best measured fitness | x1 | x2...
1 +1.646786011e+00 +1.646786011e+00 -5.897321399e+01 -5.897321399e+01 +4.0840e+00 +2.6472e+00
41 +3.210112462e-02 +3.210112462e-02 -6.058789888e+01 -6.058789888e+01 +3.8704e+00 +3.2312e+00
172 +5.229240876e-03 +5.229240876e-03 -6.061477076e+01 -6.061477076e+01 +4.0282e+00 +3.2166e+00
237 +2.570176032e-03 +2.570176032e-03 -6.061742982e+01 -6.061742982e+01 +3.7104e+00 +3.5441e+00
494 +2.229534801e-03 +2.229534801e-03 -6.061777047e+01 -6.061777047e+01 +3.6485e+00 +3.6532e+00
532 +9.013980586e-05 +9.013980586e-05 -6.061990986e+01 -6.061990986e+01 +3.7612e+00 +3.6099e+00
972 +2.392140338e-05 +2.392140338e-05 -6.061997608e+01 -6.061997608e+01 +3.7286e+00 +3.6169e+00
1879 +6.225123961e-06 +6.225123961e-06 -6.061999377e+01 -6.061999377e+01 +3.7662e+00 +3.5413e+00
2357 +1.189773968e-08 +1.189773968e-08 -6.061999999e+01 -6.061999999e+01 +3.7818e+00 +3.5441e+00
3851 +5.584865903e-12 +5.584865903e-12 -6.062000000e+01 -6.062000000e+01 +3.7852e+00 +3.5348e+00
% function evaluation | noise-free fitness - Fopt (2.864600000000e+02) | best noise-free fitness - Fopt | measured fitness | best measured fitness | x1 | x2...
1 +1.870625919e+01 +1.870625919e+01 +3.051662592e+02 +3.051662592e+02 -1.8211e+00 -2.2339e+00
2 +1.536573329e+01 +1.536573329e+01 +3.018257333e+02 +3.018257333e+02 +4.3667e+00 -1.2421e+00
3 +8.470272298e+00 +8.470272298e+00 +2.949302723e+02 +2.949302723e+02 +2.9762e+00 +9.9092e-01
5 +3.316889821e+00 +3.316889821e+00 +2.897768898e+02 +2.897768898e+02 +3.4274e+00 -2.0309e+00
6 +1.980530552e+00 +1.980530552e+00 +2.884405306e+02 +2.884405306e+02 -3.9077e+00 -6.1095e-01
10 +2.122719523e-02 +2.122719523e-02 +2.864812272e+02 +2.864812272e+02 -3.9996e+00 -8.6587e-02
231 +1.128702976e-02 +1.128702976e-02 +2.864712870e+02 +2.864712870e+02 -3.6634e+00 +7.1459e-01
288 +3.355503079e-04 +3.355503079e-04 +2.864603356e+02 +2.864603356e+02 -3.6996e+00 +5.4742e-01
1368 +8.876256521e-05 +8.876256521e-05 +2.864600888e+02 +2.864600888e+02 -3.6760e+00 +5.3294e-01
2032 +5.840319341e-05 +5.840319341e-05 +2.864600584e+02 +2.864600584e+02 -3.7004e+00 +5.1089e-01
2968 +2.495909047e-05 +2.495909047e-05 +2.864600250e+02 +2.864600250e+02 -3.7001e+00 +4.9536e-01
4259 +6.001184033e-06 +6.001184033e-06 +2.864600060e+02 +2.864600060e+02 -3.7127e+00 +4.6588e-01
4970 +1.158208534e-07 +1.158208534e-07 +2.864600001e+02 +2.864600001e+02 -3.7484e+00 +3.8808e-01
5880 +7.803464541e-10 +7.803464541e-10 +2.864600000e+02 +2.864600000e+02 -3.7393e+00 +4.0244e-01
% function evaluation | noise-free fitness - Fopt (1.134200000000e+02) | best noise-free fitness - Fopt | measured fitness | best measured fitness | x1 | x2...
1 +5.302983165e+01 +5.302983165e+01 +1.664498317e+02 +1.664498317e+02 -2.9933e-01 -4.0814e+00
2 +3.936388017e+00 +3.936388017e+00 +1.173563880e+02 +1.173563880e+02 -8.1410e-01 +4.2218e+00
3 +2.455075492e+00 +2.455075492e+00 +1.158750755e+02 +1.158750755e+02 +4.3547e+00 +4.8112e+00
73 +1.051611082e-01 +1.051611082e-01 +1.135251611e+02 +1.135251611e+02 -1.1138e+00 -1.2663e+00
129 +4.733605848e-02 +4.733605848e-02 +1.134673361e+02 +1.134673361e+02 -1.4735e+00 -1.1143e+00
328 +3.527794064e-02 +3.527794064e-02 +1.134552779e+02 +1.134552779e+02 -1.4998e+00 -8.1362e-01
377 +3.480095536e-04 +3.480095536e-04 +1.134203480e+02 +1.134203480e+02 -1.6709e+00 -8.4263e-01
1195 +1.158503835e-04 +1.158503835e-04 +1.134201159e+02 +1.134201159e+02 -1.8550e+00 -6.4822e-01
1437 +7.174345183e-05 +7.174345183e-05 +1.134200717e+02 +1.134200717e+02 -1.8252e+00 -6.4479e-01
1718 +1.999199526e-07 +1.999199526e-07 +1.134200002e+02 +1.134200002e+02 -1.7670e+00 -7.1517e-01
3537 +3.880666100e-08 +3.880666100e-08 +1.134200000e+02 +1.134200000e+02 -1.7350e+00 -7.4660e-01
4737 +3.482597322e-09 +3.482597322e-09 +1.134200000e+02 +1.134200000e+02 -1.7402e+00 -7.3550e-01
% function evaluation | noise-free fitness - Fopt (-1.958600000000e+02) | best noise-free fitness - Fopt | measured fitness | best measured fitness | x1 | x2...
1 +1.886467481e+01 +1.886467481e+01 -1.769953252e+02 -1.769953252e+02 +1.2879e+00 +3.6814e+00
2 +1.293914342e+01 +1.293914342e+01 -1.829208566e+02 -1.829208566e+02 -1.3536e+00 +9.8647e-01
6 +2.100710050e+00 +2.100710050e+00 -1.937592900e+02 -1.937592900e+02 +4.5929e+00 -2.2740e+00
58 +2.422655367e-01 +2.422655367e-01 -1.956177345e+02 -1.956177345e+02 -2.2441e-01 -3.0987e+00
338 +1.257059089e-01 +1.257059089e-01 -1.957342941e+02 -1.957342941e+02 -9.8533e-02 -3.0987e+00
815 +3.592708737e-06 +3.592708737e-06 -1.958599964e+02 -1.958599964e+02 +8.0067e-01 -3.3248e+00
1295 +2.362197591e-06 +2.362197591e-06 -1.958599976e+02 -1.958599976e+02 +8.0067e-01 -3.3449e+00
5135 +1.061027916e-06 +1.061027916e-06 -1.958599989e+02 -1.958599989e+02 +8.0067e-01 -3.3417e+00
7700 +8.224624537e-07 +8.224624537e-07 -1.958599992e+02 -1.958599992e+02 +7.2739e-01 -3.3153e+00
7775 +5.008815833e-07 +5.008815833e-07 -1.958599995e+02 -1.958599995e+02 +8.0067e-01 -3.3400e+00
8727 +3.899981209e-07 +3.899981209e-07 -1.958599996e+02 -1.958599996e+02 +7.3482e-01 -3.3162e+00
8807 +2.369921788e-07 +2.369921788e-07 -1.958599998e+02 -1.958599998e+02 +7.4073e-01 -3.3207e+00
13775 +5.368400480e-08 +5.368400480e-08 -1.958599999e+02 -1.958599999e+02 +7.9252e-01 -3.3318e+00
14495 +3.624228384e-08 +3.624228384e-08 -1.958600000e+02 -1.958600000e+02 +7.8915e-01 -3.3329e+00
14815 +1.267505922e-08 +1.267505922e-08 -1.958600000e+02 -1.958600000e+02 +7.8647e-01 -3.3318e+00
17847 +1.925712922e-09 +1.925712922e-09 -1.958600000e+02 -1.958600000e+02 +7.7054e-01 -3.3250e+00
% function evaluation | noise-free fitness - Fopt (-5.760000000000e+00) | best noise-free fitness - Fopt | measured fitness | best measured fitness | x1 | x2...
1 +2.029757141e+00 +2.029757141e+00 -3.730242859e+00 -3.730242859e+00 -7.4620e-01 -4.9361e+00
7 +8.917676967e-01 +8.917676967e-01 -4.868232303e+00 -4.868232303e+00 +2.1198e+00 -1.4538e+00
68 +2.079433877e-01 +2.079433877e-01 -5.552056612e+00 -5.552056612e+00 +3.5265e+00 -1.5799e+00
279 +1.146374677e-01 +1.146374677e-01 -5.645362532e+00 -5.645362532e+00 +3.8089e+00 -1.2153e+00
759 +3.162087256e-02 +3.162087256e-02 -5.728379127e+00 -5.728379127e+00 +3.8089e+00 -1.2667e+00
828 +7.010043850e-03 +7.010043850e-03 -5.752989956e+00 -5.752989956e+00 +3.6675e+00 -1.3115e+00
1057 +2.499581745e-03 +2.499581745e-03 -5.757500418e+00 -5.757500418e+00 +3.6815e+00 -1.3421e+00
1788 +2.612118767e-05 +2.612118767e-05 -5.759973879e+00 -5.759973879e+00 +3.4983e+00 -1.3887e+00
5052 +2.151701040e-11 +2.151701040e-11 -5.760000000e+00 -5.760000000e+00 +3.4098e+00 -1.4109e+00
% function evaluation | noise-free fitness - Fopt (-4.986500000000e+02) | best noise-free fitness - Fopt | measured fitness | best measured fitness | x1 | x2...
1 +1.923167903e+00 +1.923167903e+00 -4.967268321e+02 -4.967268321e+02 -4.4807e+00 -2.2194e+00
125 +4.821542656e-01 +4.821542656e-01 -4.981678457e+02 -4.981678457e+02 -7.4299e-01 +1.1697e+00
295 +3.302608413e-01 +3.302608413e-01 -4.983197392e+02 -4.983197392e+02 -8.1872e-01 +1.5715e+00
319 +1.606323693e-01 +1.606323693e-01 -4.984893676e+02 -4.984893676e+02 -1.9203e+00 +8.7488e-01
415 +1.363163550e-01 +1.363163550e-01 -4.985136836e+02 -4.985136836e+02 -7.1891e-01 +1.5715e+00
622 +2.858309246e-02 +2.858309246e-02 -4.986214169e+02 -4.986214169e+02 -6.7946e-01 +1.3845e+00
822 +1.498913105e-02 +1.498913105e-02 -4.986350109e+02 -4.986350109e+02 -1.5815e+00 +1.0050e+00
870 +6.723310299e-03 +6.723310299e-03 -4.986432767e+02 -4.986432767e+02 -8.2938e-01 +1.3193e+00
910 +3.890492110e-03 +3.890492110e-03 -4.986461095e+02 -4.986461095e+02 -8.5156e-01 +1.3193e+00
1070 +8.445804870e-04 +8.445804870e-04 -4.986491554e+02 -4.986491554e+02 -9.7320e-01 +1.2603e+00
1180 +4.520600048e-04 +4.520600048e-04 -4.986495479e+02 -4.986495479e+02 -1.2558e+00 +1.0858e+00
1369 +2.387397465e-04 +2.387397465e-04 -4.986497613e+02 -4.986497613e+02 -1.3269e+00 +1.1051e+00
1982 +1.765119515e-05 +1.765119515e-05 -4.986499823e+02 -4.986499823e+02 -1.1681e+00 +1.1923e+00
2910 +3.136590294e-07 +3.136590294e-07 -4.986499997e+02 -4.986499997e+02 -1.1592e+00 +1.1836e+00
3390 +7.486977438e-08 +7.486977438e-08 -4.986499999e+02 -4.986499999e+02 -1.1592e+00 +1.1805e+00
4022 +4.136666121e-09 +4.136666121e-09 -4.986500000e+02 -4.986500000e+02 -1.1745e+00 +1.1722e+00
% function evaluation | noise-free fitness - Fopt (-4.286000000000e+01) | best noise-free fitness - Fopt | measured fitness | best measured fitness | x1 | x2...
1 +4.042695878e+00 +4.042695878e+00 -3.881730412e+01 -3.881730412e+01 -3.4225e+00 +8.6643e-01
6 +2.040934756e+00 +2.040934756e+00 -4.081906524e+01 -4.081906524e+01 -1.7309e+00 -2.1326e+00
81 +1.392814200e+00 +1.392814200e+00 -4.146718580e+01 -4.146718580e+01 -4.4684e+00 -2.8416e+00
128 +4.649676232e-04 +4.649676232e-04 -4.285953503e+01 -4.285953503e+01 +2.5446e+00 -1.0763e+00
968 +1.595935316e-04 +1.595935316e-04 -4.285984041e+01 -4.285984041e+01 +2.5238e+00 -1.0763e+00
1953 +3.063615033e-06 +3.063615033e-06 -4.285999694e+01 -4.285999694e+01 +2.3986e+00 -1.0557e+00
4813 +4.697657019e-07 +4.697657019e-07 -4.285999953e+01 -4.285999953e+01 +2.3923e+00 -1.0452e+00
6584 +5.106747381e-08 +5.106747381e-08 -4.285999995e+01 -4.285999995e+01 +2.4445e+00 -1.0668e+00
8082 +1.155686391e-08 +1.155686391e-08 -4.285999999e+01 -4.285999999e+01 +2.4305e+00 -1.0617e+00
10082 +2.957307288e-09 +2.957307288e-09 -4.286000000e+01 -4.286000000e+01 +2.4305e+00 -1.0608e+00
