% function evaluation | noise-free fitness - Fopt (1.491500000000e+02) | best noise-free fitness - Fopt | measured fitness | best measured fitness | x1 | x2...
1 +1.239264415e+05 +1.239264415e+05 +1.240755915e+05 +1.240755915e+05 +3.1472e+00 +4.0579e+00 -3.7301e+00 +4.1338e+00 +1.3236e+00
2 +1.269121829e+04 +1.269121829e+04 +1.284036829e+04 +1.284036829e+04 -4.0246e+00 -2.2150e+00 +4.6882e-01 +4.5751e+00 +4.6489e+00
10 +4.793761073e+03 +4.793761073e+03 +4.942911073e+03 +4.942911073e+03 -1.0236e-01 -5.4414e-01 +1.4631e+00 +2.0936e+00 +2.5469e+00
16 +3.713437024e+03 +3.713437024e+03 +3.862587024e+03 +3.862587024e+03 -1.5002e+00 -3.0340e+00 -2.4892e+00 +1.1604e+00 -2.6711e-01
40 +4.506107790e+02 +4.506107790e+02 +5.997607790e+02 +5.997607790e+02 -1.9365e+00 +8.5087e-02 +1.0772e-01 +3.1763e+00 +2.9483e+00
131 +3.922327316e+02 +3.922327316e+02 +5.413827316e+02 +5.413827316e+02 -1.9052e+00 -7.1661e-01 -6.4781e-01 -3.7388e-01 -8.1002e-01
179 +1.215955579e+02 +1.215955579e+02 +2.707455579e+02 +2.707455579e+02 -4.0999e-01 -4.6050e-01 +2.3539e-01 +3.2089e+00 +1.6584e+00
350 +5.023676290e+01 +5.023676290e+01 +1.993867629e+02 +1.993867629e+02 -1.7148e-01 -5.3094e-02 +6.0221e-01 +3.2160e+00 +2.2445e+00
416 +2.870729487e+01 +2.870729487e+01 +1.778572949e+02 +1.778572949e+02 -1.5817e-01 -1.2025e-01 +5.5785e-01 +3.2229e+00 +2.1480e+00
600 +2.242057498e+01 +2.242057498e+01 +1.715705750e+02 +1.715705750e+02 -2.0903e+00 -8.5272e-02 +5.5624e-01 +3.5092e+00 +3.4010e+00
960 +1.266379102e+01 +1.266379102e+01 +1.618137910e+02 +1.618137910e+02 -2.1304e+00 -1.8731e-01 +6.3763e-01 +3.5258e+00 +3.4248e+00
1306 +8.620779244e+00 +8.620779244e+00 +1.577707792e+02 +1.577707792e+02 -2.1563e+00 -1.3272e-01 +6.3418e-01 +3.5097e+00 +3.3234e+00
3408 +6.306837826e+00 +6.306837826e+00 +1.554568378e+02 +1.554568378e+02 -2.1513e+00 -1.4623e-01 +5.1956e-01 +3.0799e+00 +1.2318e+00
4031 +2.583015017e+00 +2.583015017e+00 +1.517330150e+02 +1.517330150e+02 +3.6895e-02 -1.3484e-01 +5.4912e-01 +3.2285e+00 +1.9091e+00
4191 +2.464702448e+00 +2.464702448e+00 +1.516147024e+02 +1.516147024e+02 +4.5735e-02 -1.3462e-01 +5.4958e-01 +3.2299e+00 +1.9134e+00
% function evaluation | noise-free fitness - Fopt (-1.000000000000e+03) | best noise-free fitness - Fopt | measured fitness | best measured fitness | x1 | x2...
1 +4.160686357e+05 +4.160686357e+05 +4.150686357e+05 +4.150686357e+05 +3.1472e+00 +4.0579e+00 -3.7301e+00 +4.1338e+00 +1.3236e+00
2 +1.947826079e+05 +1.947826079e+05 +1.937826079e+05 +1.937826079e+05 -4.0246e+00 -2.2150e+00 +4.6882e-01 +4.5751e+00 +4.6489e+00
3 +4.857834284e+04 +4.857834284e+04 +4.757834284e+04 +4.757834284e+04 -3.4239e+00 +4.7059e+00 +4.5717e+00 -1.4624e-01 +3.0028e+00
11 +9.135453049e+02 +9.135453049e+02 -8.645469510e+01 -8.645469510e+01 -2.2397e+00 +1.7970e+00 +1.5510e+00 -3.3739e+00 -3.8100e+00
98 +5.473019270e+02 +5.473019270e+02 -4.526980730e+02 -4.526980730e+02 -2.2458e+00 +1.1883e+00 +1.1907e+00 -3.1955e+00 -1.3218e+00
131 +2.279302001e+01 +2.279302001e+01 -9.772069800e+02 -9.772069800e+02 -3.0269e+00 +9.1620e-01 +1.0407e+00 -2.6873e+00 -2.8145e+00
317 +1.073526622e+01 +1.073526622e+01 -9.892647338e+02 -9.892647338e+02 -3.0709e+00 +6.6958e-01 +7.6365e-01 -2.4284e+00 -2.7562e+00
441 +8.014400895e+00 +8.014400895e+00 -9.919855991e+02 -9.919855991e+02 -3.1978e+00 +8.4459e-01 +9.1227e-01 -2.4172e+00 -2.9713e+00
621 +5.941684723e+00 +5.941684723e+00 -9.940583153e+02 -9.940583153e+02 -3.2226e+00 +5.7472e-01 +8.8774e-01 -2.4095e+00 -2.9966e+00
647 +3.205551911e+00 +3.205551911e+00 -9.967944481e+02 -9.967944481e+02 -3.2050e+00 +6.3663e-01 +8.3687e-01 -2.4364e+00 -3.0816e+00
893 +2.505372742e+00 +2.505372742e+00 -9.974946273e+02 -9.974946273e+02 -3.1799e+00 +6.4291e-01 +8.2342e-01 -2.4341e+00 -3.0528e+00
1408 +1.539077167e+00 +1.539077167e+00 -9.984609228e+02 -9.984609228e+02 -3.0708e+00 +7.7623e-01 +8.8498e-01 -2.4390e+00 -2.9993e+00
2165 +9.990135733e-01 +9.990135733e-01 -9.990009864e+02 -9.990009864e+02 -2.9975e+00 +8.8921e-01 +1.0266e+00 -2.3069e+00 -3.0072e+00
2591 +6.250303776e-01 +6.250303776e-01 -9.993749696e+02 -9.993749696e+02 -2.9574e+00 +9.6265e-01 +1.1548e+00 -2.1685e+00 -2.9049e+00
2843 +3.825292098e-01 +3.825292098e-01 -9.996174708e+02 -9.996174708e+02 -2.9158e+00 +1.0407e+00 +1.2478e+00 -2.0288e+00 -2.7726e+00
3132 +2.440779021e-01 +2.440779021e-01 -9.997559221e+02 -9.997559221e+02 -2.9068e+00 +1.0705e+00 +1.3093e+00 -1.9420e+00 -2.6748e+00
3453 +1.531502168e-01 +1.531502168e-01 -9.998468498e+02 -9.998468498e+02 -2.8995e+00 +1.0969e+00 +1.3709e+00 -1.8327e+00 -2.5287e+00
3727 +9.666072667e-02 +9.666072667e-02 -9.999033393e+02 -9.999033393e+02 -2.8824e+00 +1.1203e+00 +1.4216e+00 -1.7444e+00 -2.4086e+00
4327 +6.304740501e-02 +6.304740501e-02 -9.999369526e+02 -9.999369526e+02 -2.8740e+00 +1.1234e+00 +1.4261e+00 -1.7444e+00 -2.3988e+00
% function evaluation | noise-free fitness - Fopt (9.862000000000e+01) | best noise-free fitness - Fopt | measured fitness | best measured fitness | x1 | x2...
1 +5.393891409e+05 +5.393891409e+05 +5.394877609e+05 +5.394877609e+05 +3.1472e+00 +4.0579e+00 -3.7301e+00 +4.1338e+00 +1.3236e+00
2 +3.209507309e+05 +3.209507309e+05 +3.210493509e+05 +3.210493509e+05 -4.0246e+00 -2.2150e+00 +4.6882e-01 +4.5751e+00 +4.6489e+00
3 +2.026236693e+05 +2.026236693e+05 +2.027222893e+05 +2.027222893e+05 -3.4239e+00 +4.7059e+00 +4.5717e+00 -1.4624e-01 +3.0028e+00
4 +1.096339259e+05 +1.096339259e+05 +1.097325459e+05 +1.097325459e+05 -3.5811e+00 -7.8239e-01 +4.1574e+00 +2.9221e+00 +4.5949e+00
7 +6.600345071e+04 +6.600345071e+04 +6.610207071e+04 +6.610207071e+04 +2.0605e+00 -4.6817e+00 -2.2308e+00 -4.5383e+00 -4.0287e+00
11 +2.671849234e+04 +2.671849234e+04 +2.681711234e+04 +2.681711234e+04 -2.2397e+00 +1.7970e+00 +1.5510e+00 -3.3739e+00 -3.8100e+00
20 +1.376667800e+04 +1.376667800e+04 +1.386529800e+04 +1.386529800e+04 -3.7009e+00 +6.8824e-01 -3.0609e-01 -4.8810e+00 -1.6288e+00
32 +8.773638703e+03 +8.773638703e+03 +8.872258703e+03 +8.872258703e+03 -1.0747e-01 -1.6228e+00 +4.0005e+00 -1.3075e+00 -3.8880e+00
37 +3.124717905e+03 +3.124717905e+03 +3.223337905e+03 +3.223337905e+03 +4.7009e-01 -2.0368e+00 +2.4469e+00 -3.1104e+00 +1.8678e+00
75 +1.714288960e+03 +1.714288960e+03 +1.812908960e+03 +1.812908960e+03 -1.6522e+00 -2.4681e+00 +2.2119e+00 -3.8460e+00 -3.5698e+00
115 +1.515981702e+03 +1.515981702e+03 +1.614601702e+03 +1.614601702e+03 -7.5627e-01 -3.3637e+00 +1.3160e+00 -2.9500e+00 -2.6738e+00
117 +5.965138063e+02 +5.965138063e+02 +6.951338063e+02 +6.951338063e+02 -9.7666e-01 -2.8087e+00 +2.3789e+00 -4.2398e+00 +1.4516e+00
127 +3.673101474e+02 +3.673101474e+02 +4.659301474e+02 +4.659301474e+02 -9.3954e-01 -1.9168e+00 +7.6923e-01 -3.5842e+00 -1.4151e+00
166 +2.260246852e+02 +2.260246852e+02 +3.246446852e+02 +3.246446852e+02 -1.4226e+00 -1.5687e+00 +2.4852e+00 -2.4452e+00 -7.0052e-01
246 +9.375834499e+01 +9.375834499e+01 +1.923783450e+02 +1.923783450e+02 -1.5695e+00 -2.1925e+00 +2.1340e+00 -3.3710e+00 -2.3145e-01
286 +4.579885442e+01 +4.579885442e+01 +1.444188544e+02 +1.444188544e+02 -9.9957e-01 -1.8845e+00 +1.5746e+00 -3.3060e+00 -5.9561e-01
293 +3.592685776e+01 +3.592685776e+01 +1.345468578e+02 +1.345468578e+02 -9.6135e-01 -1.9124e+00 +1.6390e+00 -3.4131e+00 +1.3141e-01
304 +1.770943630e+01 +1.770943630e+01 +1.163294363e+02 +1.163294363e+02 -1.5895e+00 -2.1614e+00 +1.2675e+00 -3.4070e+00 -2.7072e-01
378 +8.070383406e+00 +8.070383406e+00 +1.066903834e+02 +1.066903834e+02 -1.8447e+00 -2.2844e+00 +1.4070e+00 -3.1320e+00 -1.6897e-01
699 +5.793347370e+00 +5.793347370e+00 +1.044133474e+02 +1.044133474e+02 -1.7346e+00 -2.1603e+00 +1.3254e+00 -3.1476e+00 -9.3830e-02
931 +3.925180713e+00 +3.925180713e+00 +1.025451807e+02 +1.025451807e+02 -1.3926e+00 -1.9448e+00 +1.5610e+00 -3.2669e+00 -8.0817e-02
1452 +2.374404889e+00 +2.374404889e+00 +1.009944049e+02 +1.009944049e+02 -1.1503e+00 -1.7562e+00 +1.6018e+00 -3.1903e+00 -1.1339e-01
1933 +1.566432979e+00 +1.566432979e+00 +1.001864330e+02 +1.001864330e+02 -1.0257e+00 -1.5537e+00 +1.8372e+00 -3.0783e+00 -8.6329e-02
2046 +9.983154334e-01 +9.983154334e-01 +9.961831543e+01 +9.961831543e+01 -9.6400e-01 -1.4313e+00 +1.9547e+00 -2.9820e+00 -3.3187e-02
2394 +6.130304787e-01 +6.130304787e-01 +9.923303048e+01 +9.923303048e+01 -8.9467e-01 -1.3393e+00 +2.0836e+00 -2.8121e+00 +9.5216e-02
2570 +3.776590169e-01 +3.776590169e-01 +9.899765902e+01 +9.899765902e+01 -8.8825e-01 -1.3067e+00 +2.1555e+00 -2.7086e+00 +1.6170e-01
2644 +2.470905373e-01 +2.470905373e-01 +9.886709054e+01 +9.886709054e+01 -8.7238e-01 -1.2727e+00 +2.2208e+00 -2.6168e+00 +2.7080e-01
3005 +1.583944499e-01 +1.583944499e-01 +9.877839445e+01 +9.877839445e+01 -8.4956e-01 -1.2347e+00 +2.2836e+00 -2.5258e+00 +3.8443e-01
3228 +9.983762208e-02 +9.983762208e-02 +9.871983762e+01 +9.871983762e+01 -8.3651e-01 -1.2176e+00 +2.3120e+00 -2.4705e+00 +4.6919e-01
3365 +5.916276401e-02 +5.916276401e-02 +9.867916276e+01 +9.867916276e+01 -8.2400e-01 -1.1941e+00 +2.3540e+00 -2.3956e+00 +5.8416e-01
3497 +3.952025688e-02 +3.952025688e-02 +9.865952026e+01 +9.865952026e+01 -8.2301e-01 -1.1847e+00 +2.3786e+00 -2.3465e+00 +6.6437e-01
3768 +2.490955568e-02 +2.490955568e-02 +9.864490956e+01 +9.864490956e+01 -8.1988e-01 -1.1792e+00 +2.3893e+00 -2.3280e+00 +7.0262e-01
4233 +1.558660779e-02 +1.558660779e-02 +9.863558661e+01 +9.863558661e+01 -8.1897e-01 -1.1738e+00 +2.3988e+00 -2.3101e+00 +7.4009e-01
4363 +9.769810775e-03 +9.769810775e-03 +9.862976981e+01 +9.862976981e+01 -8.1617e-01 -1.1681e+00 +2.4082e+00 -2.2916e+00 +7.7282e-01
4494 +6.281016189e-03 +6.281016189e-03 +9.862628102e+01 +9.862628102e+01 -8.1334e-01 -1.1610e+00 +2.4200e+00 -2.2677e+00 +8.1506e-01
% function evaluation | noise-free fitness - Fopt (-4.715000000000e+01) | best noise-free fitness - Fopt | measured fitness | best measured fitness | x1 | x2...
1 +4.392427496e+05 +4.392427496e+05 +4.391955996e+05 +4.391955996e+05 +3.1472e+00 +4.0579e+00 -3.7301e+00 +4.1338e+00 +1.3236e+00
2 +3.324723873e+05 +3.324723873e+05 +3.324252373e+05 +3.324252373e+05 -4.0246e+00 -2.2150e+00 +4.6882e-01 +4.5751e+00 +4.6489e+00
4 +2.345992423e+05 +2.345992423e+05 +2.345520923e+05 +2.345520923e+05 -3.5811e+00 -7.8239e-01 +4.1574e+00 +2.9221e+00 +4.5949e+00
6 +1.121929430e+05 +1.121929430e+05 +1.121457930e+05 +1.121457930e+05 +2.5774e+00 +2.4313e+00 -1.0777e+00 +1.5548e+00 -3.2881e+00
7 +3.049027626e+04 +3.049027626e+04 +3.044312626e+04 +3.044312626e+04 +2.0605e+00 -4.6817e+00 -2.2308e+00 -4.5383e+00 -4.0287e+00
20 +6.869495985e+03 +6.869495985e+03 +6.822345985e+03 +6.822345985e+03 -3.7009e+00 +6.8824e-01 -3.0609e-01 -4.8810e+00 -1.6288e+00
87 +5.182077315e+03 +5.182077315e+03 +5.134927315e+03 +5.134927315e+03 +6.0461e-02 -2.6817e+00 -2.3077e-01 -4.7700e+00 -2.0287e+00
126 +3.167898878e+03 +3.167898878e+03 +3.120748878e+03 +3.120748878e+03 +3.9544e-03 +1.9868e-01 -3.8743e-02 -1.4452e+00 -1.4533e+00
131 +1.688004163e+03 +1.688004163e+03 +1.640854163e+03 +1.640854163e+03 -2.3281e+00 +2.6217e-01 -1.4490e+00 -4.0000e+00 -1.2152e+00
150 +8.033397524e+02 +8.033397524e+02 +7.561897524e+02 +7.561897524e+02 -2.9459e+00 -3.3941e-01 -7.8547e-01 -3.4794e+00 -1.5810e+00
188 +4.016309928e+02 +4.016309928e+02 +3.544809928e+02 +3.544809928e+02 -2.5986e+00 -3.0708e-01 -1.9066e+00 -3.5014e+00 -5.5352e-01
222 +1.842931330e+02 +1.842931330e+02 +1.371431330e+02 +1.371431330e+02 -2.0215e+00 -7.9004e-01 -1.9409e+00 -3.1079e+00 -1.2847e+00
244 +1.330300394e+02 +1.330300394e+02 +8.588003941e+01 +8.588003941e+01 -1.2863e+00 -8.6977e-01 -1.6589e+00 -2.9588e+00 -8.3244e-01
294 +1.460122088e+01 +1.460122088e+01 -3.254877912e+01 -3.254877912e+01 -2.1059e+00 -1.3308e+00 -1.8410e+00 -3.3009e+00 -6.0446e-01
413 +9.935893331e+00 +9.935893331e+00 -3.721410667e+01 -3.721410667e+01 -2.1389e+00 -1.2307e+00 -1.7217e+00 -3.1584e+00 -5.0863e-01
465 +6.207140889e+00 +6.207140889e+00 -4.094285911e+01 -4.094285911e+01 -2.0324e+00 -1.3450e+00 -1.9995e+00 -3.3656e+00 -3.3435e-01
3361 +3.979308591e+00 +3.979308591e+00 -4.317069141e+01 -4.317069141e+01 -2.2680e+00 -9.1947e-01 -1.4107e+00 -2.6947e+00 -7.7972e-03
% function evaluation | noise-free fitness - Fopt (3.752000000000e+01) | best noise-free fitness - Fopt | measured fitness | best measured fitness | x1 | x2...
1 +5.636861960e+05 +5.636861960e+05 +5.637237160e+05 +5.637237160e+05 +3.1472e+00 +4.0579e+00 -3.7301e+00 +4.1338e+00 +1.3236e+00
2 +3.119836403e+05 +3.119836403e+05 +3.120211603e+05 +3.120211603e+05 -4.0246e+00 -2.2150e+00 +4.6882e-01 +4.5751e+00 +4.6489e+00
4 +1.263051856e+05 +1.263051856e+05 +1.263427056e+05 +1.263427056e+05 -3.5811e+00 -7.8239e-01 +4.1574e+00 +2.9221e+00 +4.5949e+00
7 +5.253022806e+04 +5.253022806e+04 +5.256774806e+04 +5.256774806e+04 +2.0605e+00 -4.6817e+00 -2.2308e+00 -4.5383e+00 -4.0287e+00
13 +3.303869935e+04 +3.303869935e+04 +3.307621935e+04 +3.307621935e+04 +2.5127e+00 -2.4490e+00 +5.9571e-02 +1.9908e+00 +3.9090e+00
15 +1.893611161e+03 +1.893611161e+03 +1.931131161e+03 +1.931131161e+03 +3.4072e+00 -2.4572e+00 +3.1428e+00 -2.5648e+00 +4.2926e+00
37 +1.355823891e+02 +1.355823891e+02 +1.731023891e+02 +1.731023891e+02 +4.7009e-01 -2.0368e+00 +2.4469e+00 -3.1104e+00 +1.8678e+00
182 +2.500408064e+01 +2.500408064e+01 +6.252408064e+01 +6.252408064e+01 +1.2026e+00 -2.5757e+00 +2.0797e+00 -2.1079e+00 +2.2393e+00
283 +1.442477532e+01 +1.442477532e+01 +5.194477532e+01 +5.194477532e+01 +2.1243e+00 -2.2941e+00 +2.3919e+00 -2.3015e+00 +2.2520e+00
317 +7.174935108e+00 +7.174935108e+00 +4.469493511e+01 +4.469493511e+01 +9.6365e-01 -2.6125e+00 +1.9738e+00 -2.3270e+00 +2.0044e+00
397 +5.970837950e+00 +5.970837950e+00 +4.349083795e+01 +4.349083795e+01 +8.3012e-01 -2.5408e+00 +2.0106e+00 -2.4606e+00 +1.9174e+00
% function evaluation | noise-free fitness - Fopt (-4.257500000000e+02) | best noise-free fitness - Fopt | measured fitness | best measured fitness | x1 | x2...
1 +2.763637562e+05 +2.763637562e+05 +2.759380062e+05 +2.759380062e+05 +3.1472e+00 +4.0579e+00 -3.7301e+00 +4.1338e+00 +1.3236e+00
2 +2.417434148e+05 +2.417434148e+05 +2.413176648e+05 +2.413176648e+05 -4.0246e+00 -2.2150e+00 +4.6882e-01 +4.5751e+00 +4.6489e+00
6 +9.951222424e+04 +9.951222424e+04 +9.908647424e+04 +9.908647424e+04 +2.5774e+00 +2.4313e+00 -1.0777e+00 +1.5548e+00 -3.2881e+00
10 +6.090278660e+04 +6.090278660e+04 +6.047703660e+04 +6.047703660e+04 -1.0236e-01 -5.4414e-01 +1.4631e+00 +2.0936e+00 +2.5469e+00
12 +2.836936761e+04 +2.836936761e+04 +2.794361761e+04 +2.794361761e+04 -1.6359e-02 +4.5974e+00 -1.5961e+00 +8.5268e-01 -2.7619e+00
17 +1.305987803e+04 +1.305987803e+04 +1.263412803e+04 +1.263412803e+04 -1.4834e+00 +3.3083e+00 +8.5264e-01 +4.9724e-01 +4.1719e+00
27 +5.332126692e+03 +5.332126692e+03 +4.906376692e+03 +4.906376692e+03 -6.8586e-01 +4.1065e+00 -3.1815e+00 -2.3620e+00 -3.5446e+00
57 +3.681458949e+03 +3.681458949e+03 +3.255708949e+03 +3.255708949e+03 -1.1904e+00 +4.3083e+00 -1.4736e-01 -5.0276e-01 +3.1719e+00
130 +6.102205335e+02 +6.102205335e+02 +1.844705335e+02 +1.844705335e+02 -2.0655e+00 +2.4559e+00 -8.5425e-01 -9.0635e-01 +3.1363e+00
142 +3.896551661e+02 +3.896551661e+02 -3.609483394e+01 -3.609483394e+01 -1.9802e+00 +6.2971e-01 -1.0274e+00 -1.1079e+00 +3.4815e+00
209 +2.243687118e+01 +2.243687118e+01 -4.033131288e+02 -4.033131288e+02 -1.6911e+00 +2.5729e+00 -2.3448e+00 -2.0480e+00 +1.4404e+00
343 +1.537589723e+01 +1.537589723e+01 -4.103741028e+02 -4.103741028e+02 -1.6204e+00 +2.4984e+00 -2.3399e+00 -2.0281e+00 +1.5687e+00
456 +8.123861497e+00 +8.123861497e+00 -4.176261385e+02 -4.176261385e+02 -1.5327e+00 +2.4528e+00 -2.1340e+00 -2.1831e+00 +1.5001e+00
487 +5.385045814e+00 +5.385045814e+00 -4.203649542e+02 -4.203649542e+02 -1.5602e+00 +2.5834e+00 -2.1981e+00 -2.0950e+00 +1.5018e+00
719 +3.314988503e+00 +3.314988503e+00 -4.224350115e+02 -4.224350115e+02 -1.5541e+00 +2.5805e+00 -2.1568e+00 -2.1135e+00 +1.4610e+00
949 +2.277713481e+00 +2.277713481e+00 -4.234722865e+02 -4.234722865e+02 -1.4838e+00 +2.5924e+00 -2.1123e+00 -2.0600e+00 +1.4244e+00
1091 +1.522580201e+00 +1.522580201e+00 -4.242274198e+02 -4.242274198e+02 -1.4725e+00 +2.6238e+00 -2.1710e+00 -2.1527e+00 +1.3781e+00
1306 +8.010817318e-01 +8.010817318e-01 -4.249489183e+02 -4.249489183e+02 -1.4624e+00 +2.6271e+00 -2.1156e+00 -2.1370e+00 +1.3917e+00
1791 +6.193249854e-01 +6.193249854e-01 -4.251306750e+02 -4.251306750e+02 -1.4304e+00 +2.6687e+00 -2.0529e+00 -2.0854e+00 +1.4117e+00
2256 +3.939967982e-01 +3.939967982e-01 -4.253560032e+02 -4.253560032e+02 -1.4021e+00 +2.7300e+00 -1.9734e+00 -1.9979e+00 +1.5031e+00
2448 +2.369302790e-01 +2.369302790e-01 -4.255130697e+02 -4.255130697e+02 -1.3780e+00 +2.7726e+00 -1.8928e+00 -1.8806e+00 +1.6365e+00
2606 +1.580920585e-01 +1.580920585e-01 -4.255919079e+02 -4.255919079e+02 -1.3580e+00 +2.8059e+00 -1.8445e+00 -1.7947e+00 +1.7614e+00
2727 +9.916312953e-02 +9.916312953e-02 -4.256508369e+02 -4.256508369e+02 -1.3557e+00 +2.8130e+00 -1.8245e+00 -1.7519e+00 +1.8212e+00
2803 +5.805247457e-02 +5.805247457e-02 -4.256919475e+02 -4.256919475e+02 -1.3457e+00 +2.8408e+00 -1.7740e+00 -1.6703e+00 +1.9491e+00
2888 +3.876847586e-02 +3.876847586e-02 -4.257112315e+02 -4.257112315e+02 -1.3430e+00 +2.8444e+00 -1.7651e+00 -1.6484e+00 +1.9861e+00
2962 +1.929343448e-02 +1.929343448e-02 -4.257307066e+02 -4.257307066e+02 -1.3373e+00 +2.8551e+00 -1.7420e+00 -1.6036e+00 +2.0613e+00
3005 +1.542110553e-02 +1.542110553e-02 -4.257345789e+02 -4.257345789e+02 -1.3353e+00 +2.8576e+00 -1.7360e+00 -1.5931e+00 +2.0809e+00
3100 +9.121332388e-03 +9.121332388e-03 -4.257408787e+02 -4.257408787e+02 -1.3328e+00 +2.8632e+00 -1.7229e+00 -1.5650e+00 +2.1292e+00
3168 +5.503084625e-03 +5.503084625e-03 -4.257444969e+02 -4.257444969e+02 -1.3314e+00 +2.8661e+00 -1.7140e+00 -1.5453e+00 +2.1676e+00
3249 +3.566299961e-03 +3.566299961e-03 -4.257464337e+02 -4.257464337e+02 -1.3293e+00 +2.8690e+00 -1.7069e+00 -1.5329e+00 +2.1915e+00
3369 +2.430678468e-03 +2.430678468e-03 -4.257475693e+02 -4.257475693e+02 -1.3291e+00 +2.8706e+00 -1.7020e+00 -1.5246e+00 +2.2089e+00
3481 +1.360653714e-03 +1.360653714e-03 -4.257486393e+02 -4.257486393e+02 -1.3284e+00 +2.8737e+00 -1.6973e+00 -1.5164e+00 +2.2250e+00
3609 +9.579970288e-04 +9.579970288e-04 -4.257490420e+02 -4.257490420e+02 -1.3270e+00 +2.8765e+00 -1.6926e+00 -1.5075e+00 +2.2422e+00
3682 +6.022636077e-04 +6.022636077e-04 -4.257493977e+02 -4.257493977e+02 -1.3264e+00 +2.8768e+00 -1.6925e+00 -1.5077e+00 +2.2423e+00
3721 +3.629179031e-04 +3.629179031e-04 -4.257496371e+02 -4.257496371e+02 -1.3268e+00 +2.8764e+00 -1.6932e+00 -1.5082e+00 +2.2420e+00
3768 +2.434813600e-04 +2.434813600e-04 -4.257497565e+02 -4.257497565e+02 -1.3262e+00 +2.8766e+00 -1.6937e+00 -1.5091e+00 +2.2415e+00
3806 +1.315169679e-04 +1.315169679e-04 -4.257498685e+02 -4.257498685e+02 -1.3259e+00 +2.8780e+00 -1.6909e+00 -1.5028e+00 +2.2533e+00
3907 +9.951462664e-05 +9.951462664e-05 -4.257499005e+02 -4.257499005e+02 -1.3256e+00 +2.8783e+00 -1.6904e+00 -1.5021e+00 +2.2549e+00
4076 +6.027310286e-05 +6.027310286e-05 -4.257499397e+02 -4.257499397e+02 -1.3254e+00 +2.8787e+00 -1.6896e+00 -1.5007e+00 +2.2576e+00
4245 +3.893013849e-05 +3.893013849e-05 -4.257499611e+02 -4.257499611e+02 -1.3250e+00 +2.8791e+00 -1.6888e+00 -1.4992e+00 +2.2604e+00
4318 +2.292026812e-05 +2.292026812e-05 -4.257499771e+02 -4.257499771e+02 -1.3251e+00 +2.8788e+00 -1.6893e+00 -1.5000e+00 +2.2589e+00
4369 +1.503487670e-05 +1.503487670e-05 -4.257499850e+02 -4.257499850e+02 -1.3251e+00 +2.8788e+00 -1.6891e+00 -1.4996e+00 +2.2596e+00
4575 +9.743450107e-06 +9.743450107e-06 -4.257499903e+02 -4.257499903e+02 -1.3248e+00 +2.8793e+00 -1.6883e+00 -1.4979e+00 +2.2630e+00
4644 +5.916755470e-06 +5.916755470e-06 -4.257499941e+02 -4.257499941e+02 -1.3250e+00 +2.8791e+00 -1.6886e+00 -1.4986e+00 +2.2617e+00
4758 +3.611650698e-06 +3.611650698e-06 -4.257499964e+02 -4.257499964e+02 -1.3249e+00 +2.8792e+00 -1.6884e+00 -1.4980e+00 +2.2628e+00
4803 +2.475827614e-06 +2.475827614e-06 -4.257499975e+02 -4.257499975e+02 -1.3249e+00 +2.8792e+00 -1.6882e+00 -1.4977e+00 +2.2634e+00
4881 +1.274928593e-06 +1.274928593e-06 -4.257499987e+02 -4.257499987e+02 -1.3249e+00 +2.8793e+00 -1.6880e+00 -1.4974e+00 +2.2641e+00
4922 +8.200839261e-07 +8.200839261e-07 -4.257499992e+02 -4.257499992e+02 -1.3249e+00 +2.8793e+00 -1.6881e+00 -1.4975e+00 +2.2641e+00
4961 +6.159388590e-07 +6.159388590e-07 -4.257499994e+02 -4.257499994e+02 -1.3248e+00 +2.8793e+00 -1.6880e+00 -1.4973e+00 +2.2644e+00
% function evaluation | noise-free fitness - Fopt (-2.209000000000e+02) | best noise-free fitness - Fopt | measured fitness | best measured fitness | x1 | x2...
1 +1.136098122e+05 +1.136098122e+05 +1.133889122e+05 +1.133889122e+05 +3.1472e+00 +4.0579e+00 -3.7301e+00 +4.1338e+00 +1.3236e+00
2 +2.275609914e+04 +2.275609914e+04 +2.253519914e+04 +2.253519914e+04 -4.0246e+00 -2.2150e+00 +4.6882e-01 +4.5751e+00 +4.6489e+00
16 +1.309155184e+03 +1.309155184e+03 +1.088255184e+03 +1.088255184e+03 -1.5002e+00 -3.0340e+00 -2.4892e+00 +1.1604e+00 -2.6711e-01
56 +6.176342350e+02 +6.176342350e+02 +3.967342350e+02 +3.967342350e+02 -7.7347e-01 -2.3304e+00 -2.7877e+00 +1.5182e+00 -8.1105e-01
126 +3.006949527e+02 +3.006949527e+02 +7.979495267e+01 +7.979495267e+01 -4.2260e-01 -5.6868e-01 -2.0777e+00 +1.7728e+00 -2.8813e-01
139 +1.354350462e+02 +1.354350462e+02 -8.546495382e+01 -8.546495382e+01 -1.2415e+00 -1.5008e+00 -2.4653e+00 +1.2855e+00 +1.6760e+00
183 +6.645163321e+00 +6.645163321e+00 -2.142548367e+02 -2.142548367e+02 -1.6362e+00 -8.9613e-01 -2.3807e+00 +8.3230e-01 +5.2378e-01
375 +5.603442137e+00 +5.603442137e+00 -2.152965579e+02 -2.152965579e+02 -1.6714e+00 -8.5601e-01 -2.3454e+00 +9.9077e-01 +4.6085e-01
3881 +3.980110122e+00 +3.980110122e+00 -2.169198899e+02 -2.169198899e+02 -1.9862e+00 -4.0430e-01 -1.8359e+00 +1.4840e+00 +8.3944e-01
% function evaluation | noise-free fitness - Fopt (-3.594800000000e+02) | best noise-free fitness - Fopt | measured fitness | best measured fitness | x1 | x2...
1 +6.712949410e+05 +6.712949410e+05 +6.709354610e+05 +6.709354610e+05 +3.1472e+00 +4.0579e+00 -3.7301e+00 +4.1338e+00 +1.3236e+00
2 +8.128974164e+04 +8.128974164e+04 +8.093026164e+04 +8.093026164e+04 -4.0246e+00 -2.2150e+00 +4.6882e-01 +4.5751e+00 +4.6489e+00
4 +1.753133662e+04 +1.753133662e+04 +1.717185662e+04 +1.717185662e+04 -3.5811e+00 -7.8239e-01 +4.1574e+00 +2.9221e+00 +4.5949e+00
19 +1.301916062e+04 +1.301916062e+04 +1.265968062e+04 +1.265968062e+04 -4.2415e+00 -4.4605e+00 +3.0798e-01 +2.7917e+00 +4.3401e+00
44 +7.000327069e+03 +7.000327069e+03 +6.640847069e+03 +6.640847069e+03 -4.1636e+00 -1.4599e+00 +3.3719e+00 +2.4253e+00 +4.4664e+00
59 +4.290775495e+03 +4.290775495e+03 +3.931295495e+03 +3.931295495e+03 -4.8122e+00 -4.9286e+00 +1.0037e+00 +1.9433e+00 +4.3219e+00
84 +2.381040298e+03 +2.381040298e+03 +2.021560298e+03 +2.021560298e+03 -4.8009e+00 -2.4599e+00 +2.3719e+00 +1.8945e+00 +4.3256e+00
124 +5.855252812e+02 +5.855252812e+02 +2.260452812e+02 +2.260452812e+02 -4.3967e+00 -2.7386e+00 +1.3719e+00 +8.9454e-01 +4.4710e+00
162 +2.166886117e+02 +2.166886117e+02 -1.427913883e+02 -1.427913883e+02 -4.2881e+00 -3.4108e+00 +2.6820e-01 +5.7507e-01 +3.0133e+00
263 +1.510980185e+02 +1.510980185e+02 -2.083819815e+02 -2.083819815e+02 -3.6475e+00 -3.2469e+00 +4.6287e-01 +1.5009e-01 +4.8503e-01
281 +9.161458765e+01 +9.161458765e+01 -2.678654124e+02 -2.678654124e+02 -3.6304e+00 -2.9421e+00 +1.9618e+00 -1.4273e+00 -3.9579e-01
333 +4.512817604e+01 +4.512817604e+01 -3.143518240e+02 -3.143518240e+02 -4.4512e+00 -3.1406e+00 +1.0907e+00 -1.6077e+00 -5.2955e-01
340 +3.729314636e+01 +3.729314636e+01 -3.221868536e+02 -3.221868536e+02 -4.1379e+00 -3.4726e+00 +1.0891e+00 -9.2848e-01 -3.5315e-01
416 +1.764627836e+01 +1.764627836e+01 -3.418337216e+02 -3.418337216e+02 -4.0898e+00 -3.3745e+00 +1.5683e+00 -8.5923e-01 -8.2670e-01
444 +9.788186595e+00 +9.788186595e+00 -3.496918134e+02 -3.496918134e+02 -4.1981e+00 -3.5552e+00 +1.4515e+00 -1.0941e+00 -9.4929e-01
615 +4.458847654e+00 +4.458847654e+00 -3.550211523e+02 -3.550211523e+02 -4.0000e+00 -3.4889e+00 +1.3585e+00 -1.1561e+00 -8.8243e-01
1727 +3.962860947e+00 +3.962860947e+00 -3.555171391e+02 -3.555171391e+02 -3.8782e+00 -3.4797e+00 +1.3417e+00 -1.2128e+00 -8.9631e-01
2157 +2.503781553e+00 +2.503781553e+00 -3.569762184e+02 -3.569762184e+02 -3.3378e+00 -3.1468e+00 +1.4343e+00 -1.1916e+00 -9.1221e-01
2647 +1.559582728e+00 +1.559582728e+00 -3.579204173e+02 -3.579204173e+02 -3.1151e+00 -2.8593e+00 +1.7045e+00 -1.1093e+00 -8.9879e-01
3020 +9.804977881e-01 +9.804977881e-01 -3.584995022e+02 -3.584995022e+02 -3.0443e+00 -2.7434e+00 +1.8751e+00 -9.4185e-01 -8.5477e-01
3641 +6.211441948e-01 +6.211441948e-01 -3.588588558e+02 -3.588588558e+02 -2.9986e+00 -2.6779e+00 +2.0040e+00 -7.7663e-01 -7.2789e-01
4046 +3.942099550e-01 +3.942099550e-01 -3.590857900e+02 -3.590857900e+02 -2.9620e+00 -2.6171e+00 +2.0945e+00 -6.3785e-01 -5.8955e-01
% function evaluation | noise-free fitness - Fopt (2.748000000000e+01) | best noise-free fitness - Fopt | measured fitness | best measured fitness | x1 | x2...
1 +2.250437873e+05 +2.250437873e+05 +2.250712673e+05 +2.250712673e+05 +3.1472e+00 +4.0579e+00 -3.7301e+00 +4.1338e+00 +1.3236e+00
3 +7.651675463e+04 +7.651675463e+04 +7.654423463e+04 +7.654423463e+04 -3.4239e+00 +4.7059e+00 +4.5717e+00 -1.4624e-01 +3.0028e+00
6 +4.567391240e+04 +4.567391240e+04 +4.570139240e+04 +4.570139240e+04 +2.5774e+00 +2.4313e+00 -1.0777e+00 +1.5548e+00 -3.2881e+00
11 +2.428025548e+04 +2.428025548e+04 +2.430773548e+04 +2.430773548e+04 -2.2397e+00 +1.7970e+00 +1.5510e+00 -3.3739e+00 -3.8100e+00
17 +1.257499815e+04 +1.257499815e+04 +1.260247815e+04 +1.260247815e+04 -1.4834e+00 +3.3083e+00 +8.5264e-01 +4.9724e-01 +4.1719e+00
37 +9.308082489e+03 +9.308082489e+03 +9.335562489e+03 +9.335562489e+03 +4.7009e-01 -2.0368e+00 +2.4469e+00 -3.1104e+00 +1.8678e+00
57 +3.352830654e+03 +3.352830654e+03 +3.380310654e+03 +3.380310654e+03 -4.8340e-01 +2.9611e+00 -1.4736e-01 -5.0276e-01 +3.1719e+00
77 +1.630331029e+03 +1.630331029e+03 +1.657811029e+03 +1.657811029e+03 +1.4701e+00 -1.0368e+00 +1.5529e+00 -2.4753e+00 +1.4236e+00
95 +1.221993648e+03 +1.221993648e+03 +1.249473648e+03 +1.249473648e+03 +2.8559e+00 -4.5718e-01 +1.1428e+00 -1.5362e+00 +2.2926e+00
97 +1.566727339e+02 +1.566727339e+02 +1.841527339e+02 +1.841527339e+02 +5.1660e-01 +1.9611e+00 +7.8341e-01 -1.5028e+00 +2.1719e+00
138 +7.853322299e+01 +7.853322299e+01 +1.060132230e+02 +1.060132230e+02 +8.5839e-01 +1.0717e+00 -2.6195e-02 -2.1955e+00 +1.6782e+00
217 +2.151461970e+01 +2.151461970e+01 +4.899461970e+01 +4.899461970e+01 +9.4338e-01 +1.4184e+00 +8.7274e-01 -2.0038e+00 +1.7130e+00
342 +9.416281251e+00 +9.416281251e+00 +3.689628125e+01 +3.689628125e+01 +1.1980e+00 +1.3929e+00 +7.6277e-01 -2.5721e+00 +1.5619e+00
371 +4.794683340e+00 +4.794683340e+00 +3.227468334e+01 +3.227468334e+01 +1.4180e+00 +1.0340e+00 +6.4494e-01 -2.4698e+00 +1.4994e+00
1405 +3.955756806e+00 +3.955756806e+00 +3.143575681e+01 +3.143575681e+01 +1.7841e+00 +1.0527e+00 +6.0790e-01 -2.5038e+00 +1.4932e+00
2169 +2.276480416e+00 +2.276480416e+00 +2.975648042e+01 +2.975648042e+01 +2.2299e+00 +1.3915e+00 +7.3418e-01 -2.4326e+00 +1.5264e+00
2343 +1.517627297e+00 +1.517627297e+00 +2.899762730e+01 +2.899762730e+01 +2.3904e+00 +1.6148e+00 +9.2362e-01 -2.3538e+00 +1.5340e+00
2404 +9.453303298e-01 +9.453303298e-01 +2.842533033e+01 +2.842533033e+01 +2.4725e+00 +1.7354e+00 +1.1076e+00 -2.2219e+00 +1.5821e+00
2583 +6.140088469e-01 +6.140088469e-01 +2.809400885e+01 +2.809400885e+01 +2.5240e+00 +1.8345e+00 +1.2660e+00 -2.0539e+00 +1.7002e+00
2766 +3.974537637e-01 +3.974537637e-01 +2.787745376e+01 +2.787745376e+01 +2.5466e+00 +1.8737e+00 +1.3199e+00 -1.9687e+00 +1.7731e+00
3366 +2.507277917e-01 +2.507277917e-01 +2.773072779e+01 +2.773072779e+01 +2.5649e+00 +1.9093e+00 +1.3766e+00 -1.8626e+00 +1.8790e+00
4681 +1.580066154e-01 +1.580066154e-01 +2.763800662e+01 +2.763800662e+01 +2.5857e+00 +1.9465e+00 +1.4285e+00 -1.7873e+00 +1.9916e+00
% function evaluation | noise-free fitness - Fopt (3.609000000000e+01) | best noise-free fitness - Fopt | measured fitness | best measured fitness | x1 | x2...
1 +3.150648968e+04 +3.150648968e+04 +3.154257968e+04 +3.154257968e+04 +3.1472e+00 +4.0579e+00 -3.7301e+00 +4.1338e+00 +1.3236e+00
6 +7.765648774e+03 +7.765648774e+03 +7.801738774e+03 +7.801738774e+03 +2.5774e+00 +2.4313e+00 -1.0777e+00 +1.5548e+00 -3.2881e+00
40 +3.685810373e+03 +3.685810373e+03 +3.721900373e+03 +3.721900373e+03 -1.9365e+00 +8.5087e-02 +1.0772e-01 +3.1763e+00 +2.9483e+00
81 +2.450217358e+03 +2.450217358e+03 +2.486307358e+03 +2.486307358e+03 +1.6932e+00 +2.2816e+00 -1.7301e+00 +3.0584e+00 +2.8301e-01
82 +1.499938798e+03 +1.499938798e+03 +1.536028798e+03 +1.536028798e+03 -2.0246e+00 -2.1502e-01 -6.9428e-01 +2.8140e+00 +2.6489e+00
90 +9.777015629e+02 +9.777015629e+02 +1.013791563e+03 +1.013791563e+03 -1.0236e-01 +1.0082e+00 -5.3687e-01 +3.0185e+00 +1.8382e+00
97 +1.252550084e+02 +1.252550084e+02 +1.613450084e+02 +1.613450084e+02 -1.4834e+00 +1.3083e+00 -1.1474e+00 +2.4972e+00 +2.1719e+00
196 +7.990007196e+01 +7.990007196e+01 +1.159900720e+02 +1.159900720e+02 -1.9060e-01 +1.4179e+00 -1.6828e+00 +2.4600e+00 +1.7600e+00
223 +5.483536447e+01 +5.483536447e+01 +9.092536447e+01 +9.092536447e+01 -9.2241e-01 +8.3821e-01 -2.3494e+00 +1.9057e+00 +1.5238e+00
251 +3.714139059e+01 +3.714139059e+01 +7.323139059e+01 +7.323139059e+01 -1.3342e+00 +1.2558e+00 -2.4639e+00 +1.4828e+00 +1.0764e+00
253 +2.323433456e+01 +2.323433456e+01 +5.932433456e+01 +5.932433456e+01 -1.5980e+00 +1.6634e+00 -1.6208e+00 +2.1573e+00 +1.1406e+00
362 +1.340758538e+01 +1.340758538e+01 +4.949758538e+01 +4.949758538e+01 -1.3717e+00 +1.5682e+00 -1.7749e+00 +1.9427e+00 +1.0488e+00
421 +7.624155800e+00 +7.624155800e+00 +4.371415580e+01 +4.371415580e+01 -1.3388e+00 +1.3949e+00 -1.7890e+00 +1.9208e+00 +1.1953e+00
523 +5.755567993e+00 +5.755567993e+00 +4.184556799e+01 +4.184556799e+01 -1.3631e+00 +1.4124e+00 -1.7502e+00 +1.9670e+00 +1.1823e+00
1743 +3.977247122e+00 +3.977247122e+00 +4.006724712e+01 +4.006724712e+01 -1.3808e+00 +1.4730e+00 -1.6769e+00 +2.0172e+00 +1.1256e+00
% function evaluation | noise-free fitness - Fopt (-5.791000000000e+01) | best noise-free fitness - Fopt | measured fitness | best measured fitness | x1 | x2...
1 +3.101219025e+04 +3.101219025e+04 +3.095428025e+04 +3.095428025e+04 +3.1472e+00 +4.0579e+00 -3.7301e+00 +4.1338e+00 +1.3236e+00
6 +2.483771946e+03 +2.483771946e+03 +2.425861946e+03 +2.425861946e+03 +2.5774e+00 +2.4313e+00 -1.0777e+00 +1.5548e+00 -3.2881e+00
50 +4.501190405e+02 +4.501190405e+02 +3.922090405e+02 +3.922090405e+02 +8.9764e-01 +4.5586e-01 +4.6313e-01 +1.1302e+00 +1.5469e+00
97 +1.902661797e+02 +1.902661797e+02 +1.323561797e+02 +1.323561797e+02 +5.1660e-01 +1.4962e+00 -3.8741e-01 +1.9989e+00 +2.1719e+00
121 +1.225627235e+02 +1.225627235e+02 +6.465272349e+01 +6.465272349e+01 +1.3270e+00 +1.6110e+00 -7.9689e-01 +1.8308e+00 +1.7394e+00
282 +9.839721936e+01 +9.839721936e+01 +4.048721936e+01 +4.048721936e+01 +7.5583e-01 +1.7185e+00 -5.6845e-01 +1.4330e+00 +1.4120e+00
288 +4.906848100e+01 +4.906848100e+01 -8.841518995e+00 -8.841518995e+00 +1.5428e+00 +1.7257e+00 -3.6138e-01 +1.5362e+00 +1.5337e+00
338 +2.870951377e+01 +2.870951377e+01 -2.920048623e+01 -2.920048623e+01 +7.3876e-01 +2.3188e+00 +4.5113e-01 +8.3620e-01 +9.5064e-01
351 +1.593317419e+01 +1.593317419e+01 -4.197682581e+01 -4.197682581e+01 +1.8525e+00 +1.7924e+00 +2.7832e-01 +1.0057e+00 +8.0704e-01
374 +1.008419081e+01 +1.008419081e+01 -4.782580919e+01 -4.782580919e+01 +1.1485e+00 +1.7289e+00 +3.4906e-01 +1.0759e+00 +9.3745e-01
422 +9.787196496e+00 +9.787196496e+00 -4.812280350e+01 -4.812280350e+01 +8.5709e-01 +1.9011e+00 +3.6435e-01 +1.3206e+00 +1.1007e+00
545 +5.072177413e+00 +5.072177413e+00 -5.283782259e+01 -5.283782259e+01 +1.2346e+00 +1.7662e+00 +2.3494e-01 +1.2632e+00 +1.0256e+00
885 +3.814807069e+00 +3.814807069e+00 -5.409519293e+01 -5.409519293e+01 +1.7242e+00 +1.8403e+00 +2.2597e-01 +1.1374e+00 +1.0689e+00
1829 +2.463749277e+00 +2.463749277e+00 -5.544625072e+01 -5.544625072e+01 +2.3274e+00 +2.6677e+00 +1.1662e+00 +2.1370e+00 +2.0361e+00
1911 +1.427873279e+00 +1.427873279e+00 -5.648212672e+01 -5.648212672e+01 +2.3597e+00 +2.7001e+00 +1.2141e+00 +2.2085e+00 +2.0731e+00
2190 +9.903173692e-01 +9.903173692e-01 -5.691968263e+01 -5.691968263e+01 +2.3408e+00 +2.6998e+00 +1.1960e+00 +2.1989e+00 +2.0626e+00
2211 +6.120141000e-01 +6.120141000e-01 -5.729798590e+01 -5.729798590e+01 +2.3720e+00 +2.7232e+00 +1.1999e+00 +2.1707e+00 +2.0421e+00
2381 +3.613200317e-01 +3.613200317e-01 -5.754867997e+01 -5.754867997e+01 +2.3473e+00 +2.7300e+00 +1.1748e+00 +2.1649e+00 +2.0330e+00
2567 +1.184826923e-01 +1.184826923e-01 -5.779151731e+01 -5.779151731e+01 +2.3781e+00 +2.7540e+00 +1.2032e+00 +2.1957e+00 +2.0655e+00
2623 +3.526843088e-02 +3.526843088e-02 -5.787473157e+01 -5.787473157e+01 +2.3774e+00 +2.7319e+00 +1.1676e+00 +2.1564e+00 +1.9993e+00
2797 +1.107386842e-02 +1.107386842e-02 -5.789892613e+01 -5.789892613e+01 +2.3782e+00 +2.7369e+00 +1.1770e+00 +2.1678e+00 +2.0119e+00
2863 +9.658186745e-03 +9.658186745e-03 -5.790034181e+01 -5.790034181e+01 +2.3740e+00 +2.7317e+00 +1.1744e+00 +2.1691e+00 +2.0089e+00
2941 +5.558898802e-03 +5.558898802e-03 -5.790444110e+01 -5.790444110e+01 +2.3730e+00 +2.7380e+00 +1.1779e+00 +2.1721e+00 +2.0176e+00
2965 +2.717612290e-03 +2.717612290e-03 -5.790728239e+01 -5.790728239e+01 +2.3749e+00 +2.7363e+00 +1.1758e+00 +2.1689e+00 +2.0122e+00
3030 +1.810307047e-03 +1.810307047e-03 -5.790818969e+01 -5.790818969e+01 +2.3738e+00 +2.7359e+00 +1.1753e+00 +2.1691e+00 +2.0113e+00
3155 +5.197896275e-04 +5.197896275e-04 -5.790948021e+01 -5.790948021e+01 +2.3751e+00 +2.7362e+00 +1.1760e+00 +2.1713e+00 +2.0125e+00
3266 +3.295115481e-04 +3.295115481e-04 -5.790967049e+01 -5.790967049e+01 +2.3755e+00 +2.7362e+00 +1.1752e+00 +2.1702e+00 +2.0105e+00
3383 +2.408563589e-04 +2.408563589e-04 -5.790975914e+01 -5.790975914e+01 +2.3746e+00 +2.7360e+00 +1.1750e+00 +2.1706e+00 +2.0116e+00
3471 +1.273973784e-04 +1.273973784e-04 -5.790987260e+01 -5.790987260e+01 +2.3749e+00 +2.7361e+00 +1.1748e+00 +2.1698e+00 +2.0101e+00
3495 +6.791915401e-05 +6.791915401e-05 -5.790993208e+01 -5.790993208e+01 +2.3753e+00 +2.7364e+00 +1.1750e+00 +2.1701e+00 +2.0104e+00
3496 +6.141300389e-05 +6.141300389e-05 -5.790993859e+01 -5.790993859e+01 +2.3753e+00 +2.7364e+00 +1.1749e+00 +2.1700e+00 +2.0101e+00
3549 +3.441204231e-05 +3.441204231e-05 -5.790996559e+01 -5.790996559e+01 +2.3750e+00 +2.7365e+00 +1.1751e+00 +2.1702e+00 +2.0106e+00
3586 +1.966689623e-05 +1.966689623e-05 -5.790998033e+01 -5.790998033e+01 +2.3751e+00 +2.7365e+00 +1.1750e+00 +2.1701e+00 +2.0104e+00
3631 +1.583922911e-05 +1.583922911e-05 -5.790998416e+01 -5.790998416e+01 +2.3752e+00 +2.7367e+00 +1.1752e+00 +2.1704e+00 +2.0108e+00
3744 +9.835068383e-06 +9.835068383e-06 -5.790999016e+01 -5.790999016e+01 +2.3752e+00 +2.7367e+00 +1.1752e+00 +2.1702e+00 +2.0106e+00
3965 +5.613688494e-06 +5.613688494e-06 -5.790999439e+01 -5.790999439e+01 +2.3752e+00 +2.7368e+00 +1.1752e+00 +2.1702e+00 +2.0107e+00
4252 +3.979343688e-06 +3.979343688e-06 -5.790999602e+01 -5.790999602e+01 +2.3752e+00 +2.7368e+00 +1.1752e+00 +2.1703e+00 +2.0108e+00
% function evaluation | noise-free fitness - Fopt (-3.349100000000e+02) | best noise-free fitness - Fopt | measured fitness | best measured fitness | x1 | x2...
1 +1.993307222e+05 +1.993307222e+05 +1.989958122e+05 +1.989958122e+05 +3.1472e+00 +4.0579e+00 -3.7301e+00 +4.1338e+00 +1.3236e+00
2 +2.772770747e+03 +2.772770747e+03 +2.437860747e+03 +2.437860747e+03 -4.0246e+00 -2.2150e+00 +4.6882e-01 +4.5751e+00 +4.6489e+00
40 +6.546794734e+02 +6.546794734e+02 +3.197694734e+02 +3.197694734e+02 -1.9365e+00 +8.5087e-02 +1.0772e-01 +3.1763e+00 +2.9483e+00
42 +4.836001887e+02 +4.836001887e+02 +1.486901887e+02 +1.486901887e+02 -3.0246e+00 -1.2150e+00 +3.0572e-01 +3.8140e+00 +3.6489e+00
82 +3.735849955e+02 +3.735849955e+02 +3.867499551e+01 +3.867499551e+01 -2.1287e+00 -3.1908e-01 +1.5960e-01 +3.1322e+00 +2.7530e+00
96 +1.933835949e+02 +1.933835949e+02 -1.415264051e+02 -1.415264051e+02 -2.3870e+00 -1.0340e+00 -4.8916e-01 +3.1604e+00 +1.7329e+00
210 +1.486791738e+02 +1.486791738e+02 -1.862308262e+02 -1.862308262e+02 -2.1980e+00 -1.0095e+00 -2.6083e-01 +2.9080e+00 +1.2060e+00
250 +6.974497542e+01 +6.974497542e+01 -2.651650246e+02 -2.651650246e+02 -1.7412e+00 -7.3719e-01 +2.6210e-01 +2.4660e+00 +4.9380e-01
272 +5.761968910e+01 +5.761968910e+01 -2.772903109e+02 -2.772903109e+02 -2.4139e+00 -1.2221e+00 +3.3840e-01 +2.3115e+00 +5.6284e-01
324 +3.812569075e+01 +3.812569075e+01 -2.967843093e+02 -2.967843093e+02 -2.5068e+00 -1.0557e+00 -4.8396e-02 +1.2208e+00 -3.5117e-01
370 +2.510025440e+01 +2.510025440e+01 -3.098097456e+02 -3.098097456e+02 -2.3704e+00 -1.2173e+00 +1.0597e-01 +1.8127e+00 +2.0647e-01
465 +1.416648624e+01 +1.416648624e+01 -3.207435138e+02 -3.207435138e+02 -3.2531e+00 -1.0114e+00 +2.3251e-01 +1.6246e+00 -2.4988e-02
793 +9.001756093e+00 +9.001756093e+00 -3.259082439e+02 -3.259082439e+02 -2.9594e+00 -1.0019e+00 +7.4414e-02 +1.5501e+00 -2.8275e-01
834 +6.167243605e+00 +6.167243605e+00 -3.287427564e+02 -3.287427564e+02 -3.1064e+00 -1.0878e+00 +8.6306e-02 +1.5875e+00 -2.9775e-01
2088 +3.964099512e+00 +3.964099512e+00 -3.309459005e+02 -3.309459005e+02 -2.6121e+00 -1.2539e+00 +2.1607e-02 +1.6896e+00 -2.7929e-01
2521 +2.499092829e+00 +2.499092829e+00 -3.324109072e+02 -3.324109072e+02 -2.0835e+00 -9.0042e-01 +1.0726e-01 +1.6726e+00 -2.4144e-01
3305 +1.449044173e+00 +1.449044173e+00 -3.334609558e+02 -3.334609558e+02 -1.8871e+00 -6.2941e-01 +3.8810e-01 +1.8082e+00 -2.0047e-01
3482 +9.447462189e-01 +9.447462189e-01 -3.339652538e+02 -3.339652538e+02 -1.8477e+00 -5.4463e-01 +5.1421e-01 +1.9197e+00 -1.9311e-01
% function evaluation | noise-free fitness - Fopt (-4.670000000000e+01) | best noise-free fitness - Fopt | measured fitness | best measured fitness | x1 | x2...
1 +3.598956738e+05 +3.598956738e+05 +3.598489738e+05 +3.598489738e+05 +3.1472e+00 +4.0579e+00 -3.7301e+00 +4.1338e+00 +1.3236e+00
6 +8.538989096e+04 +8.538989096e+04 +8.534319096e+04 +8.534319096e+04 +2.5774e+00 +2.4313e+00 -1.0777e+00 +1.5548e+00 -3.2881e+00
7 +6.188476723e+04 +6.188476723e+04 +6.183806723e+04 +6.183806723e+04 +2.0605e+00 -4.6817e+00 -2.2308e+00 -4.5383e+00 -4.0287e+00
17 +3.563687011e+04 +3.563687011e+04 +3.559017011e+04 +3.559017011e+04 -1.4834e+00 +3.3083e+00 +8.5264e-01 +4.9724e-01 +4.1719e+00
20 +2.008054073e+04 +2.008054073e+04 +2.003384073e+04 +2.003384073e+04 -3.7009e+00 +6.8824e-01 -3.0609e-01 -4.8810e+00 -1.6288e+00
57 +8.144519891e+03 +8.144519891e+03 +8.097819891e+03 +8.097819891e+03 -2.4834e+00 +2.3083e+00 -1.4736e-01 -5.0276e-01 +3.1719e+00
73 +6.206208859e+03 +6.206208859e+03 +6.159508859e+03 +6.159508859e+03 +1.8025e+00 -1.0261e-01 -1.5831e+00 -1.9609e+00 -3.0355e+00
97 +9.974835407e+02 +9.974835407e+02 +9.507835407e+02 +9.507835407e+02 -1.4834e+00 +1.3083e+00 -1.1474e+00 -1.5028e+00 +2.1719e+00
137 +4.187416026e+02 +4.187416026e+02 +3.720416026e+02 +3.720416026e+02 -5.9154e-01 +4.1642e-01 -2.0392e+00 -2.3946e+00 +1.2801e+00
182 +3.814520297e+02 +3.814520297e+02 +3.347520297e+02 +3.347520297e+02 -9.8018e-01 +1.2206e+00 -2.4592e+00 -2.1079e+00 +2.0209e+00
189 +1.161224234e+02 +1.161224234e+02 +6.942242345e+01 +6.942242345e+01 -4.6969e-01 +7.7209e-01 -2.2350e+00 -2.7475e+00 -9.8192e-01
269 +9.088744997e+01 +9.088744997e+01 +4.418744997e+01 +4.418744997e+01 -5.9684e-01 +7.7582e-01 -2.3523e+00 -2.8083e+00 -8.5477e-01
295 +2.711815194e+01 +2.711815194e+01 -1.958184806e+01 -1.958184806e+01 -1.0340e+00 +2.2970e-01 -3.7808e+00 -3.2422e+00 -1.2929e+00
337 +1.903178046e+01 +1.903178046e+01 -2.766821954e+01 -2.766821954e+01 -1.1553e+00 +8.1025e-02 -3.4106e+00 -3.2768e+00 -1.6056e+00
382 +1.378869763e+01 +1.378869763e+01 -3.291130237e+01 -3.291130237e+01 -1.0676e+00 +1.6903e-01 -3.2429e+00 -3.2472e+00 -1.4064e+00
507 +8.906479497e+00 +8.906479497e+00 -3.779352050e+01 -3.779352050e+01 -9.1985e-01 +1.6786e-01 -3.4630e+00 -3.3711e+00 -1.5608e+00
653 +4.945372818e+00 +4.945372818e+00 -4.175462718e+01 -4.175462718e+01 -8.7470e-01 +9.6528e-02 -3.4374e+00 -3.5837e+00 -1.5329e+00
2194 +3.901553622e+00 +3.901553622e+00 -4.279844638e+01 -4.279844638e+01 -6.1570e-01 +8.0263e-02 -3.3611e+00 -3.5337e+00 -1.5076e+00
2916 +2.481354752e+00 +2.481354752e+00 -4.421864525e+01 -4.421864525e+01 -5.4974e-02 +4.3058e-01 -3.2585e+00 -3.5698e+00 -1.5191e+00
3760 +1.583715927e+00 +1.583715927e+00 -4.511628407e+01 -4.511628407e+01 +1.1932e-01 +6.8220e-01 -2.9972e+00 -3.4301e+00 -1.5378e+00
% function evaluation | noise-free fitness - Fopt (-9.308000000000e+01) | best noise-free fitness - Fopt | measured fitness | best measured fitness | x1 | x2...
1 +2.981650196e+05 +2.981650196e+05 +2.980719396e+05 +2.980719396e+05 +3.1472e+00 +4.0579e+00 -3.7301e+00 +4.1338e+00 +1.3236e+00
2 +5.760401000e+03 +5.760401000e+03 +5.667321000e+03 +5.667321000e+03 -4.0246e+00 -2.2150e+00 +4.6882e-01 +4.5751e+00 +4.6489e+00
16 +4.238365771e+02 +4.238365771e+02 +3.307565771e+02 +3.307565771e+02 -1.5002e+00 -3.0340e+00 -2.4892e+00 +1.1604e+00 -2.6711e-01
103 +3.562785052e+02 +3.562785052e+02 +2.631985052e+02 +2.631985052e+02 -2.3091e+00 -2.1618e+00 -1.7103e+00 +2.1334e+00 -1.4762e+00
143 +8.828163861e+01 +8.828163861e+01 -4.798361392e+00 -4.798361392e+00 -1.8533e+00 -2.5702e+00 -7.1026e-01 +1.1334e+00 -1.4729e+00
182 +2.171918548e+01 +2.171918548e+01 -7.136081452e+01 -7.136081452e+01 -2.6914e+00 -2.8454e+00 -1.3043e+00 +1.1190e+00 -1.5185e+00
347 +1.304094177e+01 +1.304094177e+01 -8.003905823e+01 -8.003905823e+01 -2.3225e+00 -2.6481e+00 -1.4727e+00 +8.0879e-01 -1.5264e+00
416 +9.430116083e+00 +9.430116083e+00 -8.364988392e+01 -8.364988392e+01 -2.4260e+00 -2.6902e+00 -1.3927e+00 +1.0635e+00 -1.6053e+00
570 +4.793888586e+00 +4.793888586e+00 -8.828611141e+01 -8.828611141e+01 -2.3162e+00 -2.7997e+00 -1.4700e+00 +9.7994e-01 -1.7164e+00
603 +3.819118006e+00 +3.819118006e+00 -8.926088199e+01 -8.926088199e+01 -1.4581e+00 -2.2190e+00 -1.2837e+00 +1.0941e+00 -1.7163e+00
665 +2.226969031e+00 +2.226969031e+00 -9.085303097e+01 -9.085303097e+01 -1.5813e+00 -2.4010e+00 -1.3520e+00 +9.5910e-01 -1.7494e+00
1435 +7.918912787e-01 +7.918912787e-01 -9.228810872e+01 -9.228810872e+01 -1.3679e+00 -2.0511e+00 -9.7135e-01 +1.2278e+00 -1.6829e+00
2083 +5.849092999e-01 +5.849092999e-01 -9.249509070e+01 -9.249509070e+01 -1.3427e+00 -2.0008e+00 -8.9504e-01 +1.3192e+00 -1.6208e+00
2546 +3.895197184e-01 +3.895197184e-01 -9.269048028e+01 -9.269048028e+01 -1.3289e+00 -1.9638e+00 -8.1905e-01 +1.4165e+00 -1.5253e+00
2723 +2.499607058e-01 +2.499607058e-01 -9.283003929e+01 -9.283003929e+01 -1.2970e+00 -1.9123e+00 -7.4525e-01 +1.5539e+00 -1.3774e+00
3068 +1.528783506e-01 +1.528783506e-01 -9.292712165e+01 -9.292712165e+01 -1.2839e+00 -1.8910e+00 -6.8821e-01 +1.6428e+00 -1.2649e+00
3281 +9.568667389e-02 +9.568667389e-02 -9.298431333e+01 -9.298431333e+01 -1.2689e+00 -1.8662e+00 -6.4929e-01 +1.7028e+00 -1.1719e+00
3453 +5.756344801e-02 +5.756344801e-02 -9.302243655e+01 -9.302243655e+01 -1.2627e+00 -1.8549e+00 -6.2702e-01 +1.7418e+00 -1.0959e+00
3562 +3.752853050e-02 +3.752853050e-02 -9.304247147e+01 -9.304247147e+01 -1.2567e+00 -1.8426e+00 -6.0126e-01 +1.7824e+00 -1.0311e+00
4134 +2.404926741e-02 +2.404926741e-02 -9.305595073e+01 -9.305595073e+01 -1.2537e+00 -1.8352e+00 -5.8087e-01 +1.8243e+00 -9.5025e-01
4323 +1.509665797e-02 +1.509665797e-02 -9.306490334e+01 -9.306490334e+01 -1.2456e+00 -1.8188e+00 -5.5664e-01 +1.8650e+00 -8.8145e-01
4492 +8.594445977e-03 +8.594445977e-03 -9.307140555e+01 -9.307140555e+01 -1.2490e+00 -1.8226e+00 -5.6050e-01 +1.8612e+00 -8.8386e-01
4538 +5.831414817e-03 +5.831414817e-03 -9.307416859e+01 -9.307416859e+01 -1.2475e+00 -1.8186e+00 -5.5430e-01 +1.8723e+00 -8.6528e-01
4562 +3.619084792e-03 +3.619084792e-03 -9.307638092e+01 -9.307638092e+01 -1.2470e+00 -1.8159e+00 -5.4937e-01 +1.8821e+00 -8.4752e-01
4601 +1.688409772e-03 +1.688409772e-03 -9.307831159e+01 -9.307831159e+01 -1.2474e+00 -1.8138e+00 -5.4492e-01 +1.8920e+00 -8.2842e-01
4643 +1.500938312e-03 +1.500938312e-03 -9.307849906e+01 -9.307849906e+01 -1.2476e+00 -1.8131e+00 -5.4338e-01 +1.8957e+00 -8.2133e-01
% function evaluation | noise-free fitness - Fopt (4.168000000000e+01) | best noise-free fitness - Fopt | measured fitness | best measured fitness | x1 | x2...
1 +2.611478247e+05 +2.611478247e+05 +2.611895047e+05 +2.611895047e+05 +3.1472e+00 +4.0579e+00 -3.7301e+00 +4.1338e+00 +1.3236e+00
2 +7.021815433e+04 +7.021815433e+04 +7.025983433e+04 +7.025983433e+04 -4.0246e+00 -2.2150e+00 +4.6882e-01 +4.5751e+00 +4.6489e+00
4 +3.419747396e+04 +3.419747396e+04 +3.423915396e+04 +3.423915396e+04 -3.5811e+00 -7.8239e-01 +4.1574e+00 +2.9221e+00 +4.5949e+00
9 +1.029132671e+04 +1.029132671e+04 +1.033300671e+04 +1.033300671e+04 -6.1256e-01 -1.1844e+00 +2.6552e+00 +2.9520e+00 -3.1313e+00
10 +1.226521425e+03 +1.226521425e+03 +1.268201425e+03 +1.268201425e+03 -1.0236e-01 -5.4414e-01 +1.4631e+00 +2.0936e+00 +2.5469e+00
22 +2.639525904e+02 +2.639525904e+02 +3.056325904e+02 +3.056325904e+02 +1.0198e+00 -2.3703e+00 +1.5408e+00 +1.8921e+00 +2.4815e+00
89 +1.118462792e+02 +1.118462792e+02 +1.535262792e+02 +1.535262792e+02 +4.3220e-01 -3.1844e+00 +1.6571e+00 +9.8178e-01 -1.1313e+00
168 +6.466665122e+01 +6.466665122e+01 +1.063466512e+02 +1.063466512e+02 +3.5983e-02 -2.0517e+00 +1.3516e+00 +5.0222e-01 -6.5554e-01
262 +3.191561096e+01 +3.191561096e+01 +7.359561096e+01 +7.359561096e+01 -3.9920e-01 -1.5255e+00 +1.4516e+00 +2.1959e-01 -1.1005e+00
297 +1.598352884e+01 +1.598352884e+01 +5.766352884e+01 +5.766352884e+01 +1.1469e-01 -2.2005e+00 +8.5597e-01 +1.8766e-01 -1.7728e+00
342 +1.176420503e+01 +1.176420503e+01 +5.344420503e+01 +5.344420503e+01 -2.5191e-01 -1.7636e+00 +1.2895e+00 +1.7929e-01 -1.3454e+00
415 +7.866720231e+00 +7.866720231e+00 +4.954672023e+01 +4.954672023e+01 +8.3179e-02 -2.0799e+00 +9.7753e-01 -6.9880e-02 -1.5958e+00
591 +4.859840852e+00 +4.859840852e+00 +4.653984085e+01 +4.653984085e+01 +2.1451e-01 -2.2112e+00 +8.7993e-01 +1.0094e-02 -1.5206e+00
2521 +3.962617967e+00 +3.962617967e+00 +4.564261797e+01 +4.564261797e+01 +7.5554e-01 -2.3974e+00 +8.0990e-01 +3.5510e-02 -1.5433e+00
4201 +2.508974678e+00 +2.508974678e+00 +4.418897468e+01 +4.418897468e+01 +1.2261e+00 -2.0916e+00 +9.1342e-01 +3.7890e-02 -1.5134e+00
