% function evaluation | noise-free fitness - Fopt (1.238300000000e+02) | best noise-free fitness - Fopt | measured fitness | best measured fitness | x1 | x2...
1 +2.264503053e+03 +2.264503053e+03 +2.388333053e+03 +2.388333053e+03 +3.1472e+00 +4.0579e+00
10 +1.399947896e+03 +1.399947896e+03 +1.523777896e+03 +1.523777896e+03 +2.9221e+00 +4.5949e+00
13 +7.552078495e+02 +7.552078495e+02 +8.790378495e+02 +8.790378495e+02 +1.7874e+00 +2.5774e+00
21 +6.620267330e+01 +6.620267330e+01 +1.900326733e+02 +1.900326733e+02 -6.1256e-01 -1.1844e+00
48 +5.929098993e+00 +5.929098993e+00 +1.297590990e+02 +1.297590990e+02 +2.4747e+00 +5.7528e+00
66 +2.123474845e+00 +2.123474845e+00 +1.259534748e+02 +1.259534748e+02 +1.0207e+00 +3.2012e+00
114 +3.075281453e-03 +3.075281453e-03 +1.238330753e+02 +1.238330753e+02 -2.8193e-02 +7.2173e-01
1070 +1.534330972e-03 +1.534330972e-03 +1.238315343e+02 +1.238315343e+02 -3.7771e-02 +6.8567e-01
1092 +4.456284569e-04 +4.456284569e-04 +1.238304456e+02 +1.238304456e+02 -2.0537e-02 +7.4136e-01
1205 +1.864920513e-04 +1.864920513e-04 +1.238301865e+02 +1.238301865e+02 -3.1684e-02 +6.9866e-01
1361 +4.806389303e-05 +4.806389303e-05 +1.238300481e+02 +1.238300481e+02 -3.0026e-02 +7.0771e-01
1489 +1.709727067e-05 +1.709727067e-05 +1.238300171e+02 +1.238300171e+02 -3.1702e-02 +7.0129e-01
1617 +9.573944808e-06 +9.573944808e-06 +1.238300096e+02 +1.238300096e+02 -3.1969e-02 +6.9989e-01
1683 +4.070921975e-06 +4.070921975e-06 +1.238300041e+02 +1.238300041e+02 -3.0287e-02 +7.0600e-01
1783 +2.725747535e-06 +2.725747535e-06 +1.238300027e+02 +1.238300027e+02 -3.0522e-02 +7.0511e-01
1798 +1.581697759e-06 +1.581697759e-06 +1.238300016e+02 +1.238300016e+02 -3.0321e-02 +7.0576e-01
1988 +7.253236873e-07 +7.253236873e-07 +1.238300007e+02 +1.238300007e+02 -3.0299e-02 +7.0577e-01
2020 +2.357899120e-08 +2.357899120e-08 +1.238300000e+02 +1.238300000e+02 -3.0156e-02 +7.0614e-01
2256 +6.217675264e-09 +6.217675264e-09 +1.238300000e+02 +1.238300000e+02 -3.0096e-02 +7.0634e-01
2305 +3.382126579e-09 +3.382126579e-09 +1.238300000e+02 +1.238300000e+02 -3.0096e-02 +7.0635e-01
2335 +1.739437039e-09 +1.739437039e-09 +1.238300000e+02 +1.238300000e+02 -3.0054e-02 +7.0648e-01
2412 +1.021263074e-09 +1.021263074e-09 +1.238300000e+02 +1.238300000e+02 -3.0057e-02 +7.0648e-01
2475 +1.688533757e-10 +1.688533757e-10 +1.238300000e+02 +1.238300000e+02 -3.0068e-02 +7.0644e-01
2589 +2.448530267e-11 +2.448530267e-11 +1.238300000e+02 +1.238300000e+02 -3.0058e-02 +7.0648e-01
2591 +8.952838471e-13 +8.952838471e-13 +1.238300000e+02 +1.238300000e+02 -3.0061e-02 +7.0647e-01
2964 +1.847411113e-13 +1.847411113e-13 +1.238300000e+02 +1.238300000e+02 -3.0061e-02 +7.0647e-01
2977 +2.842170943e-14 +2.842170943e-14 +1.238300000e+02 +1.238300000e+02 -3.0061e-02 +7.0647e-01
3076 +0.000000000e+00 +0.000000000e+00 +1.238300000e+02 +1.238300000e+02 -3.0061e-02 +7.0647e-01
% function evaluation | noise-free fitness - Fopt (4.751000000000e+01) | best noise-free fitness - Fopt | measured fitness | best measured fitness | x1 | x2...
1 +9.628089331e+04 +9.628089331e+04 +9.632840331e+04 +9.632840331e+04 +3.1472e+00 +4.0579e+00
2 +2.645762527e+03 +2.645762527e+03 +2.693272527e+03 +2.693272527e+03 -3.7301e+00 +4.1338e+00
3 +1.102537564e+03 +1.102537564e+03 +1.150047564e+03 +1.150047564e+03 +1.3236e+00 -4.0246e+00
4 +4.406218752e+02 +4.406218752e+02 +4.881318752e+02 +4.881318752e+02 -2.2150e+00 +4.6882e-01
14 +9.666043995e-01 +9.666043995e-01 +4.847660440e+01 +4.847660440e+01 +2.4313e+00 -1.0777e+00
40 +2.150186726e-01 +2.150186726e-01 +4.772501867e+01 +4.772501867e+01 +1.1604e+00 -2.6711e-01
239 +1.478178543e-01 +1.478178543e-01 +4.765781785e+01 +4.765781785e+01 +1.2938e+00 -3.6804e-01
264 +1.348110325e-02 +1.348110325e-02 +4.752348110e+01 +4.752348110e+01 +5.2505e-01 +6.8787e-03
757 +2.577817273e-03 +2.577817273e-03 +4.751257782e+01 +4.751257782e+01 +7.9462e-01 -1.0314e-01
916 +8.876714345e-04 +8.876714345e-04 +4.751088767e+01 +4.751088767e+01 +7.5756e-01 -8.6839e-02
963 +5.606911586e-04 +5.606911586e-04 +4.751056069e+01 +4.751056069e+01 +6.7405e-01 -4.9848e-02
1030 +3.780409529e-04 +3.780409529e-04 +4.751037804e+01 +4.751037804e+01 +7.2907e-01 -7.4081e-02
1117 +1.141219582e-04 +1.141219582e-04 +4.751011412e+01 +4.751011412e+01 +6.8344e-01 -5.4655e-02
1146 +3.094132597e-05 +3.094132597e-05 +4.751003094e+01 +4.751003094e+01 +7.1560e-01 -6.8842e-02
1154 +7.052008350e-06 +7.052008350e-06 +4.751000705e+01 +4.751000705e+01 +7.0966e-01 -6.6256e-02
1421 +2.974202758e-06 +2.974202758e-06 +4.751000297e+01 +4.751000297e+01 +7.0292e-01 -6.3218e-02
1474 +1.103916027e-06 +1.103916027e-06 +4.751000110e+01 +4.751000110e+01 +7.0308e-01 -6.3323e-02
1523 +9.071221996e-08 +9.071221996e-08 +4.751000009e+01 +4.751000009e+01 +7.0370e-01 -6.3648e-02
1632 +4.946558363e-08 +4.946558363e-08 +4.751000005e+01 +4.751000005e+01 +7.0441e-01 -6.3937e-02
1784 +5.595524044e-11 +5.595524044e-11 +4.751000000e+01 +4.751000000e+01 +7.0420e-01 -6.3857e-02
2272 +1.271871497e-12 +1.271871497e-12 +4.751000000e+01 +4.751000000e+01 +7.0422e-01 -6.3863e-02
2574 +1.065814104e-13 +1.065814104e-13 +4.751000000e+01 +4.751000000e+01 +7.0422e-01 -6.3864e-02
2633 +3.552713679e-14 +3.552713679e-14 +4.751000000e+01 +4.751000000e+01 +7.0422e-01 -6.3864e-02
2695 +2.131628207e-14 +2.131628207e-14 +4.751000000e+01 +4.751000000e+01 +7.0422e-01 -6.3864e-02
2842 +1.421085472e-14 +1.421085472e-14 +4.751000000e+01 +4.751000000e+01 +7.0422e-01 -6.3864e-02
2997 +7.105427358e-15 +7.105427358e-15 +4.751000000e+01 +4.751000000e+01 +7.0422e-01 -6.3864e-02
3134 +0.000000000e+00 +0.000000000e+00 +4.751000000e+01 +4.751000000e+01 +7.0422e-01 -6.3864e-02
% function evaluation | noise-free fitness - Fopt (5.534000000000e+01) | best noise-free fitness - Fopt | measured fitness | best measured fitness | x1 | x2...
1 +4.497250559e+04 +4.497250559e+04 +4.502784559e+04 +4.502784559e+04 +3.1472e+00 +4.0579e+00
2 +1.563178168e+03 +1.563178168e+03 +1.618518168e+03 +1.618518168e+03 -3.7301e+00 +4.1338e+00
4 +1.823010079e+02 +1.823010079e+02 +2.376410079e+02 +2.376410079e+02 -2.2150e+00 +4.6882e-01
23 +1.361563707e+02 +1.361563707e+02 +1.914963707e+02 +1.914963707e+02 -3.1313e+00 -1.0236e-01
32 +1.041712026e+01 +1.041712026e+01 +6.575712026e+01 +6.575712026e+01 +5.9571e-02 +1.9908e+00
73 +1.921548766e+00 +1.921548766e+00 +5.726154877e+01 +5.726154877e+01 +2.1746e-02 -7.8495e-02
118 +4.502670691e-01 +4.502670691e-01 +5.579026707e+01 +5.579026707e+01 +4.2717e-02 -1.9689e-01
390 +1.920267315e-01 +1.920267315e-01 +5.553202673e+01 +5.553202673e+01 -8.1307e-01 -1.7460e-01
418 +1.199737744e-01 +1.199737744e-01 +5.545997377e+01 +5.545997377e+01 -6.2549e-01 -2.1702e-01
423 +3.713462715e-02 +3.713462715e-02 +5.537713463e+01 +5.537713463e+01 -5.9855e-01 -2.1069e-01
487 +7.588298971e-04 +7.588298971e-04 +5.534075883e+01 +5.534075883e+01 -6.2334e-01 -2.0087e-01
727 +3.692808021e-04 +3.692808021e-04 +5.534036928e+01 +5.534036928e+01 -6.6890e-01 -2.0087e-01
953 +1.804248608e-04 +1.804248608e-04 +5.534018042e+01 +5.534018042e+01 -6.4941e-01 -2.0083e-01
1040 +7.717744136e-05 +7.717744136e-05 +5.534007718e+01 +5.534007718e+01 -6.8244e-01 -1.9993e-01
1227 +1.681896617e-05 +1.681896617e-05 +5.534001682e+01 +5.534001682e+01 -6.8043e-01 -1.9944e-01
1293 +9.016475268e-06 +9.016475268e-06 +5.534000902e+01 +5.534000902e+01 -6.7988e-01 -1.9951e-01
1419 +5.918835171e-06 +5.918835171e-06 +5.534000592e+01 +5.534000592e+01 -6.8377e-01 -1.9950e-01
1450 +2.230858037e-06 +2.230858037e-06 +5.534000223e+01 +5.534000223e+01 -6.7987e-01 -1.9958e-01
1523 +1.287516632e-06 +1.287516632e-06 +5.534000129e+01 +5.534000129e+01 -6.7601e-01 -1.9976e-01
1533 +4.837864509e-07 +4.837864509e-07 +5.534000048e+01 +5.534000048e+01 -6.7988e-01 -1.9964e-01
1609 +1.426261704e-07 +1.426261704e-07 +5.534000014e+01 +5.534000014e+01 -6.7884e-01 -1.9967e-01
1696 +7.879303610e-08 +7.879303610e-08 +5.534000008e+01 +5.534000008e+01 -6.7821e-01 -1.9972e-01
1706 +9.688172042e-09 +9.688172042e-09 +5.534000001e+01 +5.534000001e+01 -6.7841e-01 -1.9969e-01
1817 +2.837552415e-09 +2.837552415e-09 +5.534000000e+01 +5.534000000e+01 -6.7821e-01 -1.9970e-01
1856 +2.478230954e-09 +2.478230954e-09 +5.534000000e+01 +5.534000000e+01 -6.7824e-01 -1.9970e-01
2019 +1.571230257e-09 +1.571230257e-09 +5.534000000e+01 +5.534000000e+01 -6.7830e-01 -1.9970e-01
2035 +6.145626230e-10 +6.145626230e-10 +5.534000000e+01 +5.534000000e+01 -6.7832e-01 -1.9970e-01
2048 +1.368718472e-10 +1.368718472e-10 +5.534000000e+01 +5.534000000e+01 -6.7835e-01 -1.9970e-01
2108 +6.857447943e-11 +6.857447943e-11 +5.534000000e+01 +5.534000000e+01 -6.7830e-01 -1.9970e-01
2266 +3.422684358e-11 +3.422684358e-11 +5.534000000e+01 +5.534000000e+01 -6.7831e-01 -1.9970e-01
2390 +2.316369319e-11 +2.316369319e-11 +5.534000000e+01 +5.534000000e+01 -6.7831e-01 -1.9970e-01
2417 +5.769607014e-12 +5.769607014e-12 +5.534000000e+01 +5.534000000e+01 -6.7832e-01 -1.9970e-01
2516 +1.776356839e-13 +1.776356839e-13 +5.534000000e+01 +5.534000000e+01 -6.7832e-01 -1.9970e-01
2748 +1.065814104e-13 +1.065814104e-13 +5.534000000e+01 +5.534000000e+01 -6.7832e-01 -1.9970e-01
2754 +8.526512829e-14 +8.526512829e-14 +5.534000000e+01 +5.534000000e+01 -6.7832e-01 -1.9970e-01
2839 +2.131628207e-14 +2.131628207e-14 +5.534000000e+01 +5.534000000e+01 -6.7832e-01 -1.9970e-01
2891 +7.105427358e-15 +7.105427358e-15 +5.534000000e+01 +5.534000000e+01 -6.7832e-01 -1.9970e-01
2919 +0.000000000e+00 +0.000000000e+00 +5.534000000e+01 +5.534000000e+01 -6.7832e-01 -1.9970e-01
% function evaluation | noise-free fitness - Fopt (-9.033000000000e+01) | best noise-free fitness - Fopt | measured fitness | best measured fitness | x1 | x2...
1 +6.814084032e+04 +6.814084032e+04 +6.805051032e+04 +6.805051032e+04 +3.1472e+00 +4.0579e+00
2 +1.631443094e+04 +1.631443094e+04 +1.622410094e+04 +1.622410094e+04 -3.7301e+00 +4.1338e+00
3 +1.557161741e+04 +1.557161741e+04 +1.548128741e+04 +1.548128741e+04 +1.3236e+00 -4.0246e+00
4 +5.058012531e+02 +5.058012531e+02 +4.154712531e+02 +4.154712531e+02 -2.2150e+00 +4.6882e-01
21 +2.021097936e+01 +2.021097936e+01 -7.011902064e+01 -7.011902064e+01 -6.1256e-01 -1.1844e+00
150 +6.584993624e+00 +6.584993624e+00 -8.374500638e+01 -8.374500638e+01 -1.4723e+00 -1.7078e+00
164 +6.183556542e+00 +6.183556542e+00 -8.414644346e+01 -8.414644346e+01 -1.6242e+00 -1.6811e+00
263 +2.017904094e+00 +2.017904094e+00 -8.831209591e+01 -8.831209591e+01 +2.6681e-01 -9.3086e-01
321 +9.823531448e-01 +9.823531448e-01 -8.934764686e+01 -8.934764686e+01 +3.9980e-01 -4.4997e-01
400 +4.260032526e-01 +4.260032526e-01 -8.990399675e+01 -8.990399675e+01 +2.6073e-01 -8.6864e-02
517 +1.067309030e-01 +1.067309030e-01 -9.022326910e+01 -9.022326910e+01 +5.1543e-02 +1.8971e-01
826 +3.566088546e-02 +3.566088546e-02 -9.029433911e+01 -9.029433911e+01 -3.9090e-01 +5.3256e-01
882 +2.128328412e-02 +2.128328412e-02 -9.030871672e+01 -9.030871672e+01 -3.8661e-01 +5.2733e-01
978 +2.509487756e-03 +2.509487756e-03 -9.032749051e+01 -9.032749051e+01 -3.5127e-01 +4.9643e-01
1459 +1.279459918e-03 +1.279459918e-03 -9.032872054e+01 -9.032872054e+01 -3.7673e-01 +5.1350e-01
1578 +7.393415360e-04 +7.393415360e-04 -9.032926066e+01 -9.032926066e+01 -3.9100e-01 +5.2284e-01
1718 +6.302571884e-04 +6.302571884e-04 -9.032936974e+01 -9.032936974e+01 -3.9284e-01 +5.2356e-01
% function evaluation | noise-free fitness - Fopt (6.561000000000e+01) | best noise-free fitness - Fopt | measured fitness | best measured fitness | x1 | x2...
1 +1.968852209e+04 +1.968852209e+04 +1.975413209e+04 +1.975413209e+04 +3.1472e+00 +4.0579e+00
3 +2.203889783e+03 +2.203889783e+03 +2.269499783e+03 +2.269499783e+03 +1.3236e+00 -4.0246e+00
8 +1.826580077e+02 +1.826580077e+02 +2.482680077e+02 +2.482680077e+02 +3.0028e+00 -3.5811e+00
14 +8.302315974e+01 +8.302315974e+01 +1.486331597e+02 +1.486331597e+02 +2.4313e+00 -1.0777e+00
21 +3.455583540e+00 +3.455583540e+00 +6.906558354e+01 +6.906558354e+01 -6.1256e-01 -1.1844e+00
137 +1.288194937e+00 +1.288194937e+00 +6.689819494e+01 +6.689819494e+01 +5.3481e-01 +5.8077e-01
162 +9.105777332e-01 +9.105777332e-01 +6.652057773e+01 +6.652057773e+01 -7.3918e-01 -2.3242e+00
238 +4.559082936e-02 +4.559082936e-02 +6.565559083e+01 +6.565559083e+01 -5.1805e-01 -1.0666e+00
531 +3.446661121e-02 +3.446661121e-02 +6.564446661e+01 +6.564446661e+01 -5.0099e-01 -9.6279e-01
748 +1.559211423e-02 +1.559211423e-02 +6.562559211e+01 +6.562559211e+01 -4.4895e-01 -7.4336e-01
897 +4.364322656e-03 +4.364322656e-03 +6.561436432e+01 +6.561436432e+01 -4.3683e-01 -7.0823e-01
1082 +3.487868418e-03 +3.487868418e-03 +6.561348787e+01 +6.561348787e+01 -4.3578e-01 -7.0692e-01
1111 +9.631884696e-05 +9.631884696e-05 +6.561009632e+01 +6.561009632e+01 -4.0218e-01 -5.8915e-01
1316 +4.939309363e-06 +4.939309363e-06 +6.561000494e+01 +6.561000494e+01 -3.9980e-01 -5.7962e-01
1496 +1.980205525e-06 +1.980205525e-06 +6.561000198e+01 +6.561000198e+01 -3.9993e-01 -5.7990e-01
1648 +4.452163438e-07 +4.452163438e-07 +6.561000045e+01 +6.561000045e+01 -4.0047e-01 -5.8175e-01
1658 +4.352730798e-08 +4.352730798e-08 +6.561000004e+01 +6.561000004e+01 -4.0079e-01 -5.8282e-01
1818 +2.946745781e-08 +2.946745781e-08 +6.561000003e+01 +6.561000003e+01 -4.0084e-01 -5.8294e-01
1826 +1.371584801e-08 +1.371584801e-08 +6.561000001e+01 +6.561000001e+01 -4.0080e-01 -5.8284e-01
1838 +8.600196111e-09 +8.600196111e-09 +6.561000001e+01 +6.561000001e+01 -4.0071e-01 -5.8252e-01
1918 +3.507096835e-10 +3.507096835e-10 +6.561000000e+01 +6.561000000e+01 -4.0073e-01 -5.8257e-01
2260 +7.655387435e-11 +7.655387435e-11 +6.561000000e+01 +6.561000000e+01 -4.0073e-01 -5.8257e-01
2293 +4.327205261e-11 +4.327205261e-11 +6.561000000e+01 +6.561000000e+01 -4.0074e-01 -5.8259e-01
2414 +1.777777925e-11 +1.777777925e-11 +6.561000000e+01 +6.561000000e+01 -4.0073e-01 -5.8259e-01
2419 +5.712763596e-12 +5.712763596e-12 +6.561000000e+01 +6.561000000e+01 -4.0073e-01 -5.8259e-01
2455 +3.851141628e-12 +3.851141628e-12 +6.561000000e+01 +6.561000000e+01 -4.0073e-01 -5.8259e-01
2481 +1.918465387e-12 +1.918465387e-12 +6.561000000e+01 +6.561000000e+01 -4.0073e-01 -5.8259e-01
2595 +6.110667528e-13 +6.110667528e-13 +6.561000000e+01 +6.561000000e+01 -4.0074e-01 -5.8259e-01
2632 +1.563194019e-13 +1.563194019e-13 +6.561000000e+01 +6.561000000e+01 -4.0073e-01 -5.8259e-01
2762 +8.526512829e-14 +8.526512829e-14 +6.561000000e+01 +6.561000000e+01 -4.0073e-01 -5.8259e-01
2843 +4.263256415e-14 +4.263256415e-14 +6.561000000e+01 +6.561000000e+01 -4.0073e-01 -5.8259e-01
2850 +2.842170943e-14 +2.842170943e-14 +6.561000000e+01 +6.561000000e+01 -4.0073e-01 -5.8259e-01
2977 +1.421085472e-14 +1.421085472e-14 +6.561000000e+01 +6.561000000e+01 -4.0073e-01 -5.8259e-01
3005 +0.000000000e+00 +0.000000000e+00 +6.561000000e+01 +6.561000000e+01 -4.0073e-01 -5.8259e-01
% function evaluation | noise-free fitness - Fopt (-2.900800000000e+02) | best noise-free fitness - Fopt | measured fitness | best measured fitness | x1 | x2...
1 +2.607389667e+04 +2.607389667e+04 +2.578381667e+04 +2.578381667e+04 +3.1472e+00 +4.0579e+00
3 +1.852988998e+04 +1.852988998e+04 +1.823980998e+04 +1.823980998e+04 +1.3236e+00 -4.0246e+00
4 +7.708865170e-01 +7.708865170e-01 -2.893091135e+02 -2.893091135e+02 -2.2150e+00 +4.6882e-01
241 +3.302503329e-01 +3.302503329e-01 -2.897497497e+02 -2.897497497e+02 -3.4806e-02 +1.6172e-01
282 +2.370505436e-01 +2.370505436e-01 -2.898429495e+02 -2.898429495e+02 +1.1571e-01 +1.1356e-01
482 +6.314254202e-02 +6.314254202e-02 -2.900168575e+02 -2.900168575e+02 -1.1373e+00 +4.2385e-01
537 +4.431916584e-02 +4.431916584e-02 -2.900356808e+02 -2.900356808e+02 -3.2331e-01 +2.7102e-01
701 +1.815301120e-03 +1.815301120e-03 -2.900781847e+02 -2.900781847e+02 -5.5367e-01 +3.3223e-01
1038 +1.047016783e-03 +1.047016783e-03 -2.900789530e+02 -2.900789530e+02 -6.0100e-01 +3.3856e-01
1086 +1.108281372e-04 +1.108281372e-04 -2.900798892e+02 -2.900798892e+02 -6.3997e-01 +3.4741e-01
1277 +7.958528676e-05 +7.958528676e-05 -2.900799204e+02 -2.900799204e+02 -5.9881e-01 +3.3963e-01
1287 +2.303445495e-05 +2.303445495e-05 -2.900799770e+02 -2.900799770e+02 -6.2623e-01 +3.4458e-01
1293 +9.051205836e-06 +9.051205836e-06 -2.900799909e+02 -2.900799909e+02 -6.1287e-01 +3.4215e-01
1346 +3.966447707e-06 +3.966447707e-06 -2.900799960e+02 -2.900799960e+02 -6.1643e-01 +3.4298e-01
1450 +2.108235890e-06 +2.108235890e-06 -2.900799979e+02 -2.900799979e+02 -6.1778e-01 +3.4322e-01
1671 +9.698478607e-07 +9.698478607e-07 -2.900799990e+02 -2.900799990e+02 -6.2033e-01 +3.4362e-01
1712 +3.200890433e-07 +3.200890433e-07 -2.900799997e+02 -2.900799997e+02 -6.1710e-01 +3.4301e-01
1734 +1.667139031e-07 +1.667139031e-07 -2.900799998e+02 -2.900799998e+02 -6.1736e-01 +3.4308e-01
1969 +3.285720140e-09 +3.285720140e-09 -2.900800000e+02 -2.900800000e+02 -6.1820e-01 +3.4323e-01
2109 +4.671392162e-10 +4.671392162e-10 -2.900800000e+02 -2.900800000e+02 -6.1826e-01 +3.4324e-01
2260 +1.094804247e-10 +1.094804247e-10 -2.900800000e+02 -2.900800000e+02 -6.1820e-01 +3.4323e-01
2390 +7.258904589e-11 +7.258904589e-11 -2.900800000e+02 -2.900800000e+02 -6.1822e-01 +3.4323e-01
2463 +2.438582669e-11 +2.438582669e-11 -2.900800000e+02 -2.900800000e+02 -6.1822e-01 +3.4324e-01
2567 +1.648459147e-12 +1.648459147e-12 -2.900800000e+02 -2.900800000e+02 -6.1821e-01 +3.4323e-01
2744 +9.094947018e-13 +9.094947018e-13 -2.900800000e+02 -2.900800000e+02 -6.1822e-01 +3.4323e-01
2819 +3.979039320e-13 +3.979039320e-13 -2.900800000e+02 -2.900800000e+02 -6.1822e-01 +3.4323e-01
2828 +5.684341886e-14 +5.684341886e-14 -2.900800000e+02 -2.900800000e+02 -6.1822e-01 +3.4323e-01
2920 +0.000000000e+00 +0.000000000e+00 -2.900800000e+02 -2.900800000e+02 -6.1822e-01 +3.4323e-01
% function evaluation | noise-free fitness - Fopt (2.510000000000e+01) | best noise-free fitness - Fopt | measured fitness | best measured fitness | x1 | x2...
1 +1.058668732e+04 +1.058668732e+04 +1.061178732e+04 +1.061178732e+04 +3.1472e+00 +4.0579e+00
4 +3.397604602e+02 +3.397604602e+02 +3.648604602e+02 +3.648604602e+02 -2.2150e+00 +4.6882e-01
17 +6.556226100e+01 +6.556226100e+01 +9.066226100e+01 +9.066226100e+01 -2.2308e+00 -4.5383e+00
23 +3.704929472e+01 +3.704929472e+01 +6.214929472e+01 +6.214929472e+01 -3.1313e+00 -1.0236e-01
40 +2.375044259e+01 +2.375044259e+01 +4.885044259e+01 +4.885044259e+01 +1.1604e+00 -2.6711e-01
115 +9.211012483e+00 +9.211012483e+00 +3.431101248e+01 +3.431101248e+01 -1.1442e+00 +2.0214e-02
183 +9.468914101e-01 +9.468914101e-01 +2.604689141e+01 +2.604689141e+01 +6.6409e-01 -1.0236e-01
383 +9.988066272e-02 +9.988066272e-02 +2.519988066e+01 +2.519988066e+01 -1.1329e+00 +1.5386e-01
426 +4.498261092e-02 +4.498261092e-02 +2.514498261e+01 +2.514498261e+01 -1.0974e+00 +1.4345e-01
562 +2.927554234e-02 +2.927554234e-02 +2.512927554e+01 +2.512927554e+01 -1.0896e+00 +1.4889e-01
571 +1.252220237e-02 +1.252220237e-02 +2.511252220e+01 +2.511252220e+01 -5.0375e-01 +1.9626e-01
799 +5.843668932e-04 +5.843668932e-04 +2.510058437e+01 +2.510058437e+01 -6.2902e-01 +1.8817e-01
912 +4.588463430e-05 +4.588463430e-05 +2.510004588e+01 +2.510004588e+01 -6.6727e-01 +1.8633e-01
926 +2.808510433e-05 +2.808510433e-05 +2.510002809e+01 +2.510002809e+01 -6.9379e-01 +1.8487e-01
1085 +4.405942704e-06 +4.405942704e-06 +2.510000441e+01 +2.510000441e+01 -6.8458e-01 +1.8543e-01
1131 +9.525163058e-07 +9.525163058e-07 +2.510000095e+01 +2.510000095e+01 -6.8173e-01 +1.8547e-01
1260 +3.160070463e-07 +3.160070463e-07 +2.510000032e+01 +2.510000032e+01 -6.8347e-01 +1.8540e-01
1541 +1.238841989e-07 +1.238841989e-07 +2.510000012e+01 +2.510000012e+01 -6.8297e-01 +1.8545e-01
1604 +9.472383766e-09 +9.472383766e-09 +2.510000001e+01 +2.510000001e+01 -6.8215e-01 +1.8549e-01
1618 +5.460911723e-09 +5.460911723e-09 +2.510000001e+01 +2.510000001e+01 -6.8230e-01 +1.8548e-01
1878 +1.506016645e-09 +1.506016645e-09 +2.510000000e+01 +2.510000000e+01 -6.8226e-01 +1.8548e-01
1887 +4.638067708e-10 +4.638067708e-10 +2.510000000e+01 +2.510000000e+01 -6.8239e-01 +1.8547e-01
2048 +9.620748642e-11 +9.620748642e-11 +2.510000000e+01 +2.510000000e+01 -6.8234e-01 +1.8547e-01
2107 +6.009059916e-11 +6.009059916e-11 +2.510000000e+01 +2.510000000e+01 -6.8236e-01 +1.8547e-01
2117 +2.287947609e-12 +2.287947609e-12 +2.510000000e+01 +2.510000000e+01 -6.8235e-01 +1.8547e-01
2130 +1.918465387e-13 +1.918465387e-13 +2.510000000e+01 +2.510000000e+01 -6.8235e-01 +1.8547e-01
2375 +7.105427358e-14 +7.105427358e-14 +2.510000000e+01 +2.510000000e+01 -6.8235e-01 +1.8547e-01
2575 +3.907985047e-14 +3.907985047e-14 +2.510000000e+01 +2.510000000e+01 -6.8235e-01 +1.8547e-01
2695 +2.486899575e-14 +2.486899575e-14 +2.510000000e+01 +2.510000000e+01 -6.8235e-01 +1.8547e-01
2762 +7.105427358e-15 +7.105427358e-15 +2.510000000e+01 +2.510000000e+01 -6.8235e-01 +1.8547e-01
2871 +3.552713679e-15 +3.552713679e-15 +2.510000000e+01 +2.510000000e+01 -6.8235e-01 +1.8547e-01
2888 +0.000000000e+00 +0.000000000e+00 +2.510000000e+01 +2.510000000e+01 -6.8235e-01 +1.8547e-01
% function evaluation | noise-free fitness - Fopt (-8.756000000000e+01) | best noise-free fitness - Fopt | measured fitness | best measured fitness | x1 | x2...
1 +8.188675418e+04 +8.188675418e+04 +8.179919418e+04 +8.179919418e+04 +3.1472e+00 +4.0579e+00
2 +3.617928088e+03 +3.617928088e+03 +3.530368088e+03 +3.530368088e+03 -3.7301e+00 +4.1338e+00
3 +2.014125024e+03 +2.014125024e+03 +1.926565024e+03 +1.926565024e+03 +1.3236e+00 -4.0246e+00
4 +2.026694130e+02 +2.026694130e+02 +1.151094130e+02 +1.151094130e+02 -2.2150e+00 +4.6882e-01
21 +3.370486409e+01 +3.370486409e+01 -5.385513591e+01 -5.385513591e+01 -6.1256e-01 -1.1844e+00
53 +6.074013770e+00 +6.074013770e+00 -8.148598623e+01 -8.148598623e+01 -6.3742e-01 +2.5774e+00
58 +3.572863414e+00 +3.572863414e+00 -8.398713659e+01 -8.398713659e+01 -6.9934e-01 +3.0078e+00
103 +1.309983953e+00 +1.309983953e+00 -8.625001605e+01 -8.625001605e+01 -1.0563e-02 +8.3922e-01
114 +6.547362391e-01 +6.547362391e-01 -8.690526376e+01 -8.690526376e+01 -2.8793e-01 +1.8135e+00
117 +5.223219221e-01 +5.223219221e-01 -8.703767808e+01 -8.703767808e+01 -2.1387e-02 +9.6016e-01
136 +1.894568099e-01 +1.894568099e-01 -8.737054319e+01 -8.737054319e+01 +1.6346e-01 -9.7861e-02
259 +3.323262859e-02 +3.323262859e-02 -8.752676737e+01 -8.752676737e+01 +1.3047e-01 +4.4068e-01
349 +2.680908611e-03 +2.680908611e-03 -8.755731909e+01 -8.755731909e+01 +6.2619e-02 +7.3639e-01
405 +1.243853027e-04 +1.243853027e-04 -8.755987561e+01 -8.755987561e+01 +6.6799e-02 +7.2772e-01
635 +6.007056827e-05 +6.007056827e-05 -8.755993993e+01 -8.755993993e+01 +7.6091e-02 +6.8683e-01
739 +2.036799232e-05 +2.036799232e-05 -8.755997963e+01 -8.755997963e+01 +7.4522e-02 +6.9385e-01
791 +6.348550272e-07 +6.348550272e-07 -8.755999937e+01 -8.755999937e+01 +7.2506e-02 +7.0284e-01
1069 +4.383144727e-07 +4.383144727e-07 -8.755999956e+01 -8.755999956e+01 +7.2610e-02 +7.0230e-01
1073 +2.520729083e-07 +2.520729083e-07 -8.755999975e+01 -8.755999975e+01 +7.2108e-02 +7.0442e-01
1182 +2.102499650e-07 +2.102499650e-07 -8.755999979e+01 -8.755999979e+01 +7.2313e-02 +7.0345e-01
1287 +1.182650777e-07 +1.182650777e-07 -8.755999988e+01 -8.755999988e+01 +7.2285e-02 +7.0373e-01
1316 +9.908131915e-08 +9.908131915e-08 -8.755999990e+01 -8.755999990e+01 +7.2274e-02 +7.0377e-01
1357 +2.638908825e-08 +2.638908825e-08 -8.755999997e+01 -8.755999997e+01 +7.2308e-02 +7.0359e-01
1435 +1.476199429e-08 +1.476199429e-08 -8.755999999e+01 -8.755999999e+01 +7.2307e-02 +7.0355e-01
1523 +9.388287481e-09 +9.388287481e-09 -8.755999999e+01 -8.755999999e+01 +7.2391e-02 +7.0320e-01
1567 +5.470965903e-09 +5.470965903e-09 -8.755999999e+01 -8.755999999e+01 +7.2323e-02 +7.0348e-01
1584 +2.442718028e-09 +2.442718028e-09 -8.756000000e+01 -8.756000000e+01 +7.2365e-02 +7.0331e-01
1632 +1.218197099e-09 +1.218197099e-09 -8.756000000e+01 -8.756000000e+01 +7.2363e-02 +7.0332e-01
1736 +2.157065637e-10 +2.157065637e-10 -8.756000000e+01 -8.756000000e+01 +7.2349e-02 +7.0338e-01
1955 +8.668621376e-12 +8.668621376e-12 -8.756000000e+01 -8.756000000e+01 +7.2347e-02 +7.0339e-01
2101 +8.526512829e-13 +8.526512829e-13 -8.756000000e+01 -8.756000000e+01 +7.2345e-02 +7.0340e-01
2212 +3.979039320e-13 +3.979039320e-13 -8.756000000e+01 -8.756000000e+01 +7.2345e-02 +7.0340e-01
2218 +0.000000000e+00 +0.000000000e+00 -8.756000000e+01 -8.756000000e+01 +7.2346e-02 +7.0340e-01
% function evaluation | noise-free fitness - Fopt (6.007000000000e+01) | best noise-free fitness - Fopt | measured fitness | best measured fitness | x1 | x2...
1 +4.230388061e+04 +4.230388061e+04 +4.236395061e+04 +4.236395061e+04 +3.1472e+00 +4.0579e+00
2 +2.581493746e+02 +2.581493746e+02 +3.182193746e+02 +3.182193746e+02 -3.7301e+00 +4.1338e+00
6 +2.263599214e+02 +2.263599214e+02 +2.864299214e+02 +2.864299214e+02 -3.4239e+00 +4.7059e+00
23 +1.166746024e+01 +1.166746024e+01 +7.173746024e+01 +7.173746024e+01 -3.1313e+00 -1.0236e-01
73 +1.923629941e+00 +1.923629941e+00 +6.199362994e+01 +6.199362994e+01 +2.1746e-02 -7.8495e-02
240 +8.790782434e-01 +8.790782434e-01 +6.094907824e+01 +6.094907824e+01 +5.4784e-01 +1.7551e-01
374 +5.337869692e-01 +5.337869692e-01 +6.060378697e+01 +6.060378697e+01 -7.8769e-01 -2.6072e-01
501 +2.518644250e-01 +2.518644250e-01 +6.032186442e+01 +6.032186442e+01 +2.3156e-01 -9.9647e-02
728 +2.497641508e-01 +2.497641508e-01 +6.031976415e+01 +6.031976415e+01 +2.2627e-01 -9.1304e-02
752 +4.709332918e-02 +4.709332918e-02 +6.011709333e+01 +6.011709333e+01 -2.4643e-01 -2.2441e-01
842 +3.887448758e-02 +3.887448758e-02 +6.010887449e+01 +6.010887449e+01 -2.4795e-01 -2.3094e-01
1153 +2.253327402e-02 +2.253327402e-02 +6.009253327e+01 +6.009253327e+01 -3.4348e-01 -2.4741e-01
1744 +1.582121460e-02 +1.582121460e-02 +6.008582121e+01 +6.008582121e+01 -3.8323e-01 -2.5181e-01
% function evaluation | noise-free fitness - Fopt (-1.366300000000e+02) | best noise-free fitness - Fopt | measured fitness | best measured fitness | x1 | x2...
1 +2.807301120e+03 +2.807301120e+03 +2.670671120e+03 +2.670671120e+03 +3.1472e+00 +4.0579e+00
5 +1.984532451e+03 +1.984532451e+03 +1.847902451e+03 +1.847902451e+03 +4.5751e+00 +4.6489e+00
13 +1.298223694e+03 +1.298223694e+03 +1.161593694e+03 +1.161593694e+03 +1.7874e+00 +2.5774e+00
21 +1.211655412e+02 +1.211655412e+02 -1.546445879e+01 -1.546445879e+01 -6.1256e-01 -1.1844e+00
32 +2.618891898e+01 +2.618891898e+01 -1.104410810e+02 -1.104410810e+02 +5.9571e-02 +1.9908e+00
40 +1.501749019e+01 +1.501749019e+01 -1.216125098e+02 -1.216125098e+02 +1.1604e+00 -2.6711e-01
44 +2.775459053e-01 +2.775459053e-01 -1.363524541e+02 -1.363524541e+02 -1.1399e-01 +1.9158e+00
216 +8.077682530e-02 +8.077682530e-02 -1.365492232e+02 -1.365492232e+02 -1.8726e-01 +1.3707e+00
478 +3.618257969e-03 +3.618257969e-03 -1.366263817e+02 -1.366263817e+02 -2.1991e-01 +6.0281e-01
847 +3.167169843e-04 +3.167169843e-04 -1.366296833e+02 -1.366296833e+02 -2.2309e-01 +6.9394e-01
1021 +2.325196444e-04 +2.325196444e-04 -1.366297675e+02 -1.366297675e+02 -2.2193e-01 +6.9285e-01
1107 +7.555169350e-05 +7.555169350e-05 -1.366299244e+02 -1.366299244e+02 -2.2218e-01 +6.8169e-01
1172 +4.217140423e-05 +4.217140423e-05 -1.366299578e+02 -1.366299578e+02 -2.2231e-01 +6.6354e-01
1206 +1.735241599e-05 +1.735241599e-05 -1.366299826e+02 -1.366299826e+02 -2.2267e-01 +6.7692e-01
1245 +1.088013576e-05 +1.088013576e-05 -1.366299891e+02 -1.366299891e+02 -2.2247e-01 +6.6510e-01
1316 +5.500621768e-06 +5.500621768e-06 -1.366299945e+02 -1.366299945e+02 -2.2263e-01 +6.7310e-01
1340 +4.069592592e-07 +4.069592592e-07 -1.366299996e+02 -1.366299996e+02 -2.2252e-01 +6.7043e-01
1482 +1.169887582e-07 +1.169887582e-07 -1.366299999e+02 -1.366299999e+02 -2.2254e-01 +6.7192e-01
1562 +4.165210044e-08 +4.165210044e-08 -1.366300000e+02 -1.366300000e+02 -2.2254e-01 +6.7072e-01
1601 +3.323884812e-08 +3.323884812e-08 -1.366300000e+02 -1.366300000e+02 -2.2255e-01 +6.7119e-01
1715 +1.845609177e-08 +1.845609177e-08 -1.366300000e+02 -1.366300000e+02 -2.2254e-01 +6.7133e-01
1717 +1.361908630e-08 +1.361908630e-08 -1.366300000e+02 -1.366300000e+02 -2.2255e-01 +6.7111e-01
1734 +1.311377673e-10 +1.311377673e-10 -1.366300000e+02 -1.366300000e+02 -2.2254e-01 +6.7115e-01
1870 +6.338041203e-11 +6.338041203e-11 -1.366300000e+02 -1.366300000e+02 -2.2254e-01 +6.7118e-01
1959 +3.402078619e-11 +3.402078619e-11 -1.366300000e+02 -1.366300000e+02 -2.2254e-01 +6.7118e-01
2029 +5.627498467e-12 +5.627498467e-12 -1.366300000e+02 -1.366300000e+02 -2.2254e-01 +6.7117e-01
2069 +2.842170943e-13 +2.842170943e-13 -1.366300000e+02 -1.366300000e+02 -2.2254e-01 +6.7117e-01
2255 +1.705302566e-13 +1.705302566e-13 -1.366300000e+02 -1.366300000e+02 -2.2254e-01 +6.7117e-01
2337 +1.136868377e-13 +1.136868377e-13 -1.366300000e+02 -1.366300000e+02 -2.2254e-01 +6.7117e-01
2349 +5.684341886e-14 +5.684341886e-14 -1.366300000e+02 -1.366300000e+02 -2.2254e-01 +6.7117e-01
2472 +2.842170943e-14 +2.842170943e-14 -1.366300000e+02 -1.366300000e+02 -2.2254e-01 +6.7117e-01
2492 +0.000000000e+00 +0.000000000e+00 -1.366300000e+02 -1.366300000e+02 -2.2254e-01 +6.7117e-01
% function evaluation | noise-free fitness - Fopt (1.639300000000e+02) | best noise-free fitness - Fopt | measured fitness | best measured fitness | x1 | x2...
1 +2.262051348e+03 +2.262051348e+03 +2.425981348e+03 +2.425981348e+03 +3.1472e+00 +4.0579e+00
4 +6.624982870e+00 +6.624982870e+00 +1.705549829e+02 +1.705549829e+02 -2.2150e+00 +4.6882e-01
192 +2.425191469e+00 +2.425191469e+00 +1.663551915e+02 +1.663551915e+02 +5.9571e-02 +3.8862e-01
200 +6.413356304e-01 +6.413356304e-01 +1.645713356e+02 +1.645713356e+02 +1.2458e-01 -3.5571e-01
356 +2.507486783e-01 +2.507486783e-01 +1.641807487e+02 +1.641807487e+02 +1.6151e-01 +6.2746e-02
546 +4.967427496e-02 +4.967427496e-02 +1.639796743e+02 +1.639796743e+02 +9.2906e-02 -3.0593e-01
633 +2.476863962e-02 +2.476863962e-02 +1.639547686e+02 +1.639547686e+02 +5.4016e-02 -4.3177e-01
939 +1.252918198e-02 +1.252918198e-02 +1.639425292e+02 +1.639425292e+02 -4.7048e-03 -6.2028e-01
1018 +4.688926228e-03 +4.688926228e-03 +1.639346889e+02 +1.639346889e+02 +2.2171e-03 -5.9400e-01
1037 +3.825445657e-03 +3.825445657e-03 +1.639338254e+02 +1.639338254e+02 +1.8138e-03 -5.9335e-01
1139 +1.970305573e-03 +1.970305573e-03 +1.639319703e+02 +1.639319703e+02 -1.0587e-02 -6.2028e-01
1370 +1.519309865e-03 +1.519309865e-03 +1.639315193e+02 +1.639315193e+02 -1.1963e-02 -6.2628e-01
% function evaluation | noise-free fitness - Fopt (-5.002000000000e+01) | best noise-free fitness - Fopt | measured fitness | best measured fitness | x1 | x2...
1 +6.393748783e+02 +6.393748783e+02 +5.893548783e+02 +5.893548783e+02 +3.1472e+00 +4.0579e+00
5 +5.176205900e+02 +5.176205900e+02 +4.676005900e+02 +4.676005900e+02 +4.5751e+00 +4.6489e+00
9 +3.160537442e+01 +3.160537442e+01 -1.841462558e+01 -1.841462558e+01 -7.8239e-01 +4.1574e+00
24 +5.787690257e-01 +5.787690257e-01 -4.944123097e+01 -4.944123097e+01 -5.4414e-01 +1.4631e+00
253 +2.248155031e-03 +2.248155031e-03 -5.001775184e+01 -5.001775184e+01 -3.5958e-01 +5.5933e-01
606 +8.810760990e-04 +8.810760990e-04 -5.001911892e+01 -5.001911892e+01 -3.5879e-01 +5.4519e-01
615 +5.184627591e-04 +5.184627591e-04 -5.001948154e+01 -5.001948154e+01 -3.6573e-01 +5.7287e-01
839 +3.780602637e-05 +3.780602637e-05 -5.001996219e+01 -5.001996219e+01 -3.6911e-01 +5.9000e-01
950 +1.424890424e-05 +1.424890424e-05 -5.001998575e+01 -5.001998575e+01 -3.6975e-01 +5.9338e-01
1124 +6.034364851e-06 +6.034364851e-06 -5.001999397e+01 -5.001999397e+01 -3.7295e-01 +6.0689e-01
1131 +2.616286359e-06 +2.616286359e-06 -5.001999738e+01 -5.001999738e+01 -3.7092e-01 +5.9816e-01
1239 +1.075937107e-06 +1.075937107e-06 -5.001999892e+01 -5.001999892e+01 -3.7135e-01 +5.9993e-01
1272 +3.386083876e-07 +3.386083876e-07 -5.001999966e+01 -5.001999966e+01 -3.7159e-01 +6.0122e-01
1346 +1.250269079e-07 +1.250269079e-07 -5.001999987e+01 -5.001999987e+01 -3.7162e-01 +6.0117e-01
1464 +7.358443810e-08 +7.358443810e-08 -5.001999993e+01 -5.001999993e+01 -3.7176e-01 +6.0188e-01
1499 +3.336269572e-08 +3.336269572e-08 -5.001999997e+01 -5.001999997e+01 -3.7163e-01 +6.0125e-01
1617 +2.597545290e-09 +2.597545290e-09 -5.002000000e+01 -5.002000000e+01 -3.7167e-01 +6.0146e-01
1762 +9.320402228e-10 +9.320402228e-10 -5.002000000e+01 -5.002000000e+01 -3.7168e-01 +6.0151e-01
1805 +5.672262660e-10 +5.672262660e-10 -5.002000000e+01 -5.002000000e+01 -3.7168e-01 +6.0151e-01
1814 +3.925109127e-10 +3.925109127e-10 -5.002000000e+01 -5.002000000e+01 -3.7168e-01 +6.0151e-01
1886 +6.412648190e-11 +6.412648190e-11 -5.002000000e+01 -5.002000000e+01 -3.7169e-01 +6.0152e-01
2120 +4.812505949e-11 +4.812505949e-11 -5.002000000e+01 -5.002000000e+01 -3.7169e-01 +6.0153e-01
2246 +3.272049298e-11 +3.272049298e-11 -5.002000000e+01 -5.002000000e+01 -3.7169e-01 +6.0153e-01
2281 +1.336530886e-11 +1.336530886e-11 -5.002000000e+01 -5.002000000e+01 -3.7169e-01 +6.0153e-01
2377 +8.093081760e-12 +8.093081760e-12 -5.002000000e+01 -5.002000000e+01 -3.7169e-01 +6.0153e-01
2434 +4.583000646e-12 +4.583000646e-12 -5.002000000e+01 -5.002000000e+01 -3.7169e-01 +6.0153e-01
2460 +6.252776075e-13 +6.252776075e-13 -5.002000000e+01 -5.002000000e+01 -3.7169e-01 +6.0154e-01
2480 +2.202682481e-13 +2.202682481e-13 -5.002000000e+01 -5.002000000e+01 -3.7169e-01 +6.0154e-01
2594 +4.973799150e-14 +4.973799150e-14 -5.002000000e+01 -5.002000000e+01 -3.7169e-01 +6.0154e-01
2801 +0.000000000e+00 +0.000000000e+00 -5.002000000e+01 -5.002000000e+01 -3.7169e-01 +6.0154e-01
% function evaluation | noise-free fitness - Fopt (5.888600000000e+02) | best noise-free fitness - Fopt | measured fitness | best measured fitness | x1 | x2...
1 +1.607755160e+04 +1.607755160e+04 +1.666641160e+04 +1.666641160e+04 +3.1472e+00 +4.0579e+00
3 +3.294418594e+02 +3.294418594e+02 +9.183018594e+02 +9.183018594e+02 +1.3236e+00 -4.0246e+00
24 +8.824384434e+01 +8.824384434e+01 +6.771038443e+02 +6.771038443e+02 -5.4414e-01 +1.4631e+00
30 +2.190520670e+00 +2.190520670e+00 +5.910505207e+02 +5.910505207e+02 +8.5268e-01 -2.7619e+00
134 +1.543764948e+00 +1.543764948e+00 +5.904037649e+02 +5.904037649e+02 +3.5135e-01 -2.1351e-01
162 +6.820778947e-01 +6.820778947e-01 +5.895420779e+02 +5.895420779e+02 +8.2300e-01 -2.8679e+00
164 +6.160196919e-01 +6.160196919e-01 +5.894760197e+02 +5.894760197e+02 +8.2111e-01 -2.7332e+00
293 +3.036152903e-01 +3.036152903e-01 +5.891636153e+02 +5.891636153e+02 +7.2508e-01 -2.0312e+00
380 +6.328406843e-02 +6.328406843e-02 +5.889232841e+02 +5.889232841e+02 +2.7278e-01 -1.6590e-01
393 +5.360505954e-02 +5.360505954e-02 +5.889136051e+02 +5.889136051e+02 +5.5273e-01 -1.0990e+00
553 +3.901532812e-02 +3.901532812e-02 +5.888990153e+02 +5.888990153e+02 +2.7561e-01 -1.9634e-01
661 +1.744570376e-02 +1.744570376e-02 +5.888774457e+02 +5.888774457e+02 +3.2164e-01 -3.1017e-01
888 +1.654568354e-03 +1.654568354e-03 +5.888616546e+02 +5.888616546e+02 +3.9455e-01 -5.1574e-01
1103 +1.351488252e-03 +1.351488252e-03 +5.888613515e+02 +5.888613515e+02 +4.0629e-01 -5.6285e-01
1117 +4.162854848e-04 +4.162854848e-04 +5.888604163e+02 +5.888604163e+02 +3.9937e-01 -5.3425e-01
1215 +1.703352428e-04 +1.703352428e-04 +5.888601703e+02 +5.888601703e+02 +4.1941e-01 -6.0080e-01
1271 +5.850918683e-06 +5.850918683e-06 +5.888600059e+02 +5.888600059e+02 +4.1320e-01 -5.7981e-01
1646 +2.944160656e-06 +2.944160656e-06 +5.888600029e+02 +5.888600029e+02 +4.1271e-01 -5.7795e-01
1650 +1.256786391e-07 +1.256786391e-07 +5.888600001e+02 +5.888600001e+02 +4.1191e-01 -5.7543e-01
2010 +3.338243459e-08 +3.338243459e-08 +5.888600000e+02 +5.888600000e+02 +4.1180e-01 -5.7510e-01
2147 +1.709395292e-09 +1.709395292e-09 +5.888600000e+02 +5.888600000e+02 +4.1174e-01 -5.7493e-01
2306 +1.462012733e-09 +1.462012733e-09 +5.888600000e+02 +5.888600000e+02 +4.1170e-01 -5.7482e-01
2317 +1.323314791e-10 +1.323314791e-10 +5.888600000e+02 +5.888600000e+02 +4.1172e-01 -5.7488e-01
2540 +1.125499693e-11 +1.125499693e-11 +5.888600000e+02 +5.888600000e+02 +4.1172e-01 -5.7488e-01
2726 +8.640199667e-12 +8.640199667e-12 +5.888600000e+02 +5.888600000e+02 +4.1172e-01 -5.7488e-01
2761 +3.069544618e-12 +3.069544618e-12 +5.888600000e+02 +5.888600000e+02 +4.1172e-01 -5.7488e-01
2803 +9.094947018e-13 +9.094947018e-13 +5.888600000e+02 +5.888600000e+02 +4.1172e-01 -5.7488e-01
3051 +5.684341886e-13 +5.684341886e-13 +5.888600000e+02 +5.888600000e+02 +4.1172e-01 -5.7488e-01
3082 +1.136868377e-13 +1.136868377e-13 +5.888600000e+02 +5.888600000e+02 +4.1172e-01 -5.7488e-01
3554 +0.000000000e+00 +0.000000000e+00 +5.888600000e+02 +5.888600000e+02 +4.1172e-01 -5.7488e-01
% function evaluation | noise-free fitness - Fopt (-3.294000000000e+01) | best noise-free fitness - Fopt | measured fitness | best measured fitness | x1 | x2...
1 +9.779470661e+04 +9.779470661e+04 +9.776176661e+04 +9.776176661e+04 +3.1472e+00 +4.0579e+00
2 +4.400935213e+00 +4.400935213e+00 -2.853906479e+01 -2.853906479e+01 -3.7301e+00 +4.1338e+00
141 +1.514868407e+00 +1.514868407e+00 -3.142513159e+01 -3.142513159e+01 +3.1803e-01 -1.5879e-01
149 +2.663445556e-01 +2.663445556e-01 -3.267365544e+01 -3.267365544e+01 +1.6079e-01 -2.8921e-03
245 +2.197628590e-01 +2.197628590e-01 -3.272023714e+01 -3.272023714e+01 +2.1104e-01 -6.9383e-02
451 +1.262809883e-01 +1.262809883e-01 -3.281371901e+01 -3.281371901e+01 +1.4268e-01 +8.8532e-02
474 +7.831192297e-02 +7.831192297e-02 -3.286168808e+01 -3.286168808e+01 -1.9495e-01 +6.7551e-01
503 +3.526208932e-02 +3.526208932e-02 -3.290473791e+01 -3.290473791e+01 -5.7047e-02 +4.6325e-01
562 +4.916368764e-03 +4.916368764e-03 -3.293508363e+01 -3.293508363e+01 -1.5880e-01 +5.9819e-01
756 +2.070311008e-03 +2.070311008e-03 -3.293792969e+01 -3.293792969e+01 -1.6175e-01 +6.0910e-01
810 +8.784870605e-04 +8.784870605e-04 -3.293912151e+01 -3.293912151e+01 -2.2455e-01 +6.9722e-01
812 +4.650436793e-05 +4.650436793e-05 -3.293995350e+01 -3.293995350e+01 -2.1372e-01 +6.8069e-01
1088 +4.907545623e-06 +4.907545623e-06 -3.293999509e+01 -3.293999509e+01 -2.0730e-01 +6.7135e-01
1397 +3.784600189e-06 +3.784600189e-06 -3.293999622e+01 -3.293999622e+01 -2.0754e-01 +6.7165e-01
1513 +9.581729543e-07 +9.581729543e-07 -3.293999904e+01 -3.293999904e+01 -2.1005e-01 +6.7520e-01
1590 +2.258629976e-07 +2.258629976e-07 -3.293999977e+01 -3.293999977e+01 -2.1058e-01 +6.7585e-01
1647 +5.917533485e-08 +5.917533485e-08 -3.293999994e+01 -3.293999994e+01 -2.1040e-01 +6.7562e-01
1830 +8.956568820e-09 +8.956568820e-09 -3.293999999e+01 -3.293999999e+01 -2.1011e-01 +6.7520e-01
1947 +4.454356883e-09 +4.454356883e-09 -3.294000000e+01 -3.294000000e+01 -2.1013e-01 +6.7524e-01
2071 +3.826983175e-11 +3.826983175e-11 -3.294000000e+01 -3.294000000e+01 -2.1008e-01 +6.7517e-01
2525 +2.103206498e-12 +2.103206498e-12 -3.294000000e+01 -3.294000000e+01 -2.1009e-01 +6.7518e-01
2543 +4.405364962e-13 +4.405364962e-13 -3.294000000e+01 -3.294000000e+01 -2.1009e-01 +6.7518e-01
2748 +2.913225217e-13 +2.913225217e-13 -3.294000000e+01 -3.294000000e+01 -2.1009e-01 +6.7518e-01
2776 +2.131628207e-13 +2.131628207e-13 -3.294000000e+01 -3.294000000e+01 -2.1009e-01 +6.7518e-01
2842 +9.237055565e-14 +9.237055565e-14 -3.294000000e+01 -3.294000000e+01 -2.1009e-01 +6.7518e-01
2881 +3.552713679e-14 +3.552713679e-14 -3.294000000e+01 -3.294000000e+01 -2.1009e-01 +6.7518e-01
2889 +1.421085472e-14 +1.421085472e-14 -3.294000000e+01 -3.294000000e+01 -2.1009e-01 +6.7518e-01
2911 +7.105427358e-15 +7.105427358e-15 -3.294000000e+01 -3.294000000e+01 -2.1009e-01 +6.7518e-01
3023 +0.000000000e+00 +0.000000000e+00 -3.294000000e+01 -3.294000000e+01 -2.1009e-01 +6.7518e-01
% function evaluation | noise-free fitness - Fopt (-1.116200000000e+02) | best noise-free fitness - Fopt | measured fitness | best measured fitness | x1 | x2...
1 +2.754081353e+04 +2.754081353e+04 +2.742919353e+04 +2.742919353e+04 +3.1472e+00 +4.0579e+00
2 +1.444885665e+04 +1.444885665e+04 +1.433723665e+04 +1.433723665e+04 -3.7301e+00 +4.1338e+00
3 +1.991025114e+03 +1.991025114e+03 +1.879405114e+03 +1.879405114e+03 +1.3236e+00 -4.0246e+00
8 +1.152965316e+03 +1.152965316e+03 +1.041345316e+03 +1.041345316e+03 +3.0028e+00 -3.5811e+00
14 +8.468473599e+00 +8.468473599e+00 -1.031515264e+02 -1.031515264e+02 +2.4313e+00 -1.0777e+00
61 +3.735017229e+00 +3.735017229e+00 -1.078849828e+02 -1.078849828e+02 -4.4025e-01 -1.1844e+00
261 +2.254504393e+00 +2.254504393e+00 -1.093654956e+02 -1.093654956e+02 -3.5853e-01 -4.6044e-01
366 +1.326048633e+00 +1.326048633e+00 -1.102939514e+02 -1.102939514e+02 -2.8651e-01 -1.6490e-01
367 +4.570866458e-01 +4.570866458e-01 -1.111629134e+02 -1.111629134e+02 -3.6144e-01 -7.7102e-01
382 +2.194196114e-01 +2.194196114e-01 -1.114005804e+02 -1.114005804e+02 -3.7658e-01 -1.5733e+00
427 +1.383895824e-02 +1.383895824e-02 -1.116061610e+02 -1.116061610e+02 -3.3479e-01 -7.4867e-01
539 +3.685702339e-03 +3.685702339e-03 -1.116163143e+02 -1.116163143e+02 -3.2267e-01 -7.0597e-01
798 +7.255343965e-05 +7.255343965e-05 -1.116199274e+02 -1.116199274e+02 -3.1649e-01 -6.4473e-01
1090 +9.040956868e-06 +9.040956868e-06 -1.116199910e+02 -1.116199910e+02 -3.1602e-01 -6.3865e-01
1269 +4.875553742e-06 +4.875553742e-06 -1.116199951e+02 -1.116199951e+02 -3.1449e-01 -6.2813e-01
1325 +3.253917654e-06 +3.253917654e-06 -1.116199967e+02 -1.116199967e+02 -3.1461e-01 -6.2902e-01
1410 +8.942936915e-07 +8.942936915e-07 -1.116199991e+02 -1.116199991e+02 -3.1492e-01 -6.3151e-01
1488 +1.366986027e-07 +1.366986027e-07 -1.116199999e+02 -1.116199999e+02 -3.1514e-01 -6.3300e-01
1523 +1.226837298e-09 +1.226837298e-09 -1.116200000e+02 -1.116200000e+02 -3.1516e-01 -6.3301e-01
1799 +5.493347999e-10 +5.493347999e-10 -1.116200000e+02 -1.116200000e+02 -3.1515e-01 -6.3294e-01
2103 +2.832223345e-11 +2.832223345e-11 -1.116200000e+02 -1.116200000e+02 -3.1516e-01 -6.3298e-01
2411 +6.465938895e-12 +6.465938895e-12 -1.116200000e+02 -1.116200000e+02 -3.1516e-01 -6.3299e-01
2452 +1.037392394e-12 +1.037392394e-12 -1.116200000e+02 -1.116200000e+02 -3.1516e-01 -6.3299e-01
2500 +2.131628207e-13 +2.131628207e-13 -1.116200000e+02 -1.116200000e+02 -3.1516e-01 -6.3299e-01
2550 +2.842170943e-14 +2.842170943e-14 -1.116200000e+02 -1.116200000e+02 -3.1516e-01 -6.3299e-01
2637 +1.421085472e-14 +1.421085472e-14 -1.116200000e+02 -1.116200000e+02 -3.1516e-01 -6.3299e-01
2953 +0.000000000e+00 +0.000000000e+00 -1.116200000e+02 -1.116200000e+02 -3.1516e-01 -6.3299e-01
